   4.5467625899280578E-02 -4.4100719424460429E-02
   4.1870503597122306E-02 -4.4820143884892083E-02
   3.8273381294964028E-02 -4.4820143884892083E-02
   3.4676258992805756E-02 -4.3381294964028774E-02
   3.1798561151079138E-02 -4.2589928057553954E-02
   2.8201438848920863E-02 -4.4820143884892083E-02
   2.4532374100719425E-02 -4.6978417266187053E-02
   2.0935251798561153E-02 -4.7697841726618707E-02
   1.9496402877697841E-02 -4.4028776978417263E-02
   2.3093525179856116E-02 -4.1151079136690645E-02
   2.5971223021582734E-02 -3.8273381294964028E-02
   2.2374100719424458E-02 -3.8273381294964028E-02
   1.8776978417266187E-02 -3.9712230215827329E-02
   1.5179856115107913E-02 -4.1151079136690645E-02
   1.1582733812949638E-02 -4.4028776978417263E-02
   7.9856115107913676E-03 -4.5467625899280578E-02
   4.3812949640287769E-03 -4.4028776978417263E-02
   4.3741007194244607E-03 -4.0431654676258998E-02
   7.2661870503597124E-03 -3.7553956834532373E-02
   1.0863309352517985E-02 -3.5395683453237410E-02
   1.3741007194244604E-02 -3.1798561151079138E-02
   1.4460431654676257E-02 -2.8201438848920863E-02
   1.1582733812949638E-02 -3.0359712230215826E-02
   7.9856115107913676E-03 -3.3237410071942447E-02
   4.3669064748201444E-03 -3.4676258992805756E-02
   7.6258992805755391E-04 -3.6115107913669064E-02
  -2.8345323741007190E-03 -3.7553956834532373E-02
  -6.4388489208633088E-03 -3.9712230215827329E-02
  -1.0071942446043165E-02 -4.0431654676258998E-02
  -1.3669064748201438E-02 -4.1870503597122306E-02
  -1.7266187050359712E-02 -4.2589928057553954E-02
  -2.0863309352517984E-02 -4.3309352517985608E-02
  -2.4460431654676255E-02 -4.4748201438848917E-02
  -2.8057553956834534E-02 -4.4028776978417263E-02
  -2.8776978417266189E-02 -4.0431654676258998E-02
  -2.5179856115107910E-02 -3.7553956834532373E-02
  -2.3741007194244601E-02 -3.5395683453237410E-02
  -2.5179856115107910E-02 -3.6834532374100719E-02
  -2.8057553956834534E-02 -3.6834532374100719E-02
  -3.0215827338129497E-02 -3.6834532374100719E-02
  -3.2374100719424460E-02 -3.6834532374100719E-02
  -3.5971223021582732E-02 -3.8992805755395682E-02
  -3.8848920863309357E-02 -4.2589928057553954E-02
  -4.2446043165467628E-02 -4.6187050359712233E-02
  -4.6043165467625900E-02 -4.6187050359712233E-02
  -4.9640287769784172E-02 -4.6187050359712233E-02
  -5.3309352517985610E-02 -4.8345323741007189E-02
  -5.6906474820143889E-02 -4.9784172661870497E-02
  -6.0503597122302154E-02 -4.9064748201438850E-02
  -6.4100719424460426E-02 -4.9784172661870497E-02
  -6.7697841726618704E-02 -4.9784172661870497E-02
  -7.1294964028776969E-02 -5.1942446043165467E-02
  -7.4820143884892082E-02 -4.9784172661870497E-02
  -7.5539568345323743E-02 -4.6187050359712233E-02
  -7.5539568345323743E-02 -4.2589928057553954E-02
  -7.4100719424460434E-02 -3.8920863309352523E-02
  -7.1942446043165464E-02 -3.5323741007194244E-02
  -6.9856115107913674E-02 -3.1726618705035972E-02
  -6.6978417266187057E-02 -2.8129496402877697E-02
  -6.5539568345323734E-02 -2.4532374100719425E-02
  -6.2661870503597131E-02 -2.0935251798561153E-02
  -5.9064748201438852E-02 -1.8705035971223020E-02
  -5.5467625899280573E-02 -1.7266187050359712E-02
  -5.1870503597122301E-02 -1.5107913669064749E-02
  -4.8273381294964030E-02 -1.3669064748201438E-02
  -4.4676258992805751E-02 -1.3669064748201438E-02
  -4.1079136690647479E-02 -1.1510791366906475E-02
  -4.1079136690647479E-02 -7.9136690647482015E-03
  -3.9640287769784170E-02 -4.3093525179856117E-03
  -3.6762589928057553E-02 -6.9928057553956841E-04
  -3.3165467625899281E-02  7.4100719424460436E-04
  -3.3165467625899281E-02  4.3525179856115101E-03
  -3.4604316546762590E-02  7.9856115107913676E-03
  -3.6043165467625898E-02  1.1582733812949638E-02
  -3.6762589928057553E-02  1.5179856115107913E-02
  -3.8201438848920855E-02  1.8776978417266187E-02
  -4.1798561151079140E-02  2.1654676258992804E-02
  -4.4748201438848917E-02  2.5323741007194242E-02
  -4.7625899280575541E-02  2.8920863309352514E-02
  -4.9784172661870497E-02  3.2517985611510786E-02
  -5.1223021582733806E-02  3.6115107913669064E-02
  -5.4820143884892085E-02  3.9064748201438841E-02
  -5.6978417266187055E-02  4.2661870503597120E-02
  -6.0575539568345320E-02  4.4820143884892083E-02
  -6.2014388489208622E-02  4.8417266187050362E-02
  -6.4964028776978405E-02  5.0575539568345325E-02
  -6.7122302158273389E-02  5.4172661870503597E-02
  -6.7122302158273389E-02  5.7841726618705028E-02
  -6.4964028776978405E-02  6.1438848920863300E-02
  -6.1366906474820140E-02  6.2877697841726615E-02
  -5.7769784172661862E-02  6.5035971223021571E-02
  -5.4172661870503597E-02  6.5755395683453233E-02
  -5.0503597122302152E-02  6.5755395683453233E-02
  -4.6906474820143880E-02  6.3597122302158277E-02
  -4.3309352517985608E-02  6.2158273381294968E-02
  -3.9712230215827329E-02  6.1438848920863300E-02
  -3.6834532374100719E-02  6.2877697841726615E-02
  -3.6115107913669064E-02  6.6474820143884894E-02
  -3.2517985611510786E-02  6.6474820143884894E-02
  -2.8920863309352514E-02  6.2877697841726615E-02
  -2.6043165467625896E-02  5.9208633093525184E-02
  -2.3884892086330933E-02  5.5611510791366905E-02
  -2.0935251798561153E-02  5.2733812949640288E-02
  -1.8057553956834532E-02  5.0575539568345325E-02
  -1.5899280575539569E-02  4.6978417266187053E-02
  -1.2302158273381294E-02  4.5467625899280578E-02
  -9.4244604316546764E-03  4.1870503597122306E-02
  -7.2661870503597124E-03  3.8273381294964028E-02
  -3.6474820143884892E-03  3.6834532374100719E-02
  -7.6978417266187061E-04  3.6834532374100719E-02
   2.1151079136690646E-03  3.9712230215827329E-02
   5.7194244604316545E-03  3.8992805755395682E-02
   9.3525179856115102E-03  3.7553956834532373E-02
   1.2949640287769784E-02  3.6834532374100719E-02
   1.6546762589928057E-02  3.5395683453237410E-02
   1.5107913669064749E-02  3.8273381294964028E-02
   1.1510791366906475E-02  4.0431654676258998E-02
   7.8417266187050371E-03  4.2589928057553954E-02
   4.2661870503597123E-03  4.4748201438848917E-02
   6.6187050359712229E-04  4.6906474820143880E-02
  -2.9424460431654673E-03  4.9856115107913664E-02
  -6.5539568345323743E-03  5.2733812949640288E-02
  -1.0143884892086329E-02  5.5611510791366905E-02
  -1.3741007194244604E-02  5.7769784172661862E-02
  -1.7410071942446041E-02  6.0647482014388486E-02
  -2.1007194244604316E-02  6.3525179856115110E-02
  -2.4604316546762588E-02  6.5755395683453233E-02
  -2.8201438848920863E-02  6.7913669064748203E-02
  -3.1798561151079138E-02  7.0791366906474820E-02
  -3.2517985611510786E-02  7.4100719424460434E-02
  -2.9640287769784175E-02  7.6978417266187052E-02
  -2.6043165467625896E-02  7.5539568345323743E-02
  -2.2446043165467625E-02  7.4820143884892082E-02
  -1.8848920863309353E-02  7.3381294964028773E-02
  -1.5251798561151081E-02  7.1510791366906468E-02
  -1.1654676258992806E-02  6.9352517985611511E-02
  -7.9856115107913676E-03  6.5683453237410067E-02
  -4.4028776978417266E-03  6.2805755395683449E-02
  -7.9856115107913666E-04  6.1366906474820140E-02
   2.8057553956834531E-03  6.0647482014388486E-02
   6.4172661870503600E-03  5.7769784172661862E-02
   1.0000000000000000E-02  5.4892086330935251E-02
   1.3597122302158274E-02  5.2733812949640288E-02
   1.7266187050359712E-02  5.2733812949640288E-02
   2.0863309352517984E-02  5.1223021582733806E-02
   2.4460431654676255E-02  4.9784172661870497E-02
   2.8057553956834534E-02  4.6906474820143880E-02
   3.1654676258992806E-02  4.4748201438848917E-02
   3.5251798561151085E-02  4.4748201438848917E-02
   3.8848920863309357E-02  4.6187050359712233E-02
   4.0287769784172658E-02  4.4748201438848917E-02
   4.3884892086330930E-02  4.3309352517985608E-02
   4.6043165467625900E-02  4.4028776978417263E-02
   4.4604316546762592E-02  4.6187050359712233E-02
   4.2446043165467628E-02  4.8345323741007189E-02
   4.1726618705035967E-02  5.0503597122302152E-02
   3.9568345323741011E-02  5.3381294964028776E-02
   3.8129496402877695E-02  5.5611510791366905E-02
   3.8848920863309357E-02  5.7769784172661862E-02
   4.0287769784172658E-02  5.7769784172661862E-02
   4.3165467625899276E-02  5.7050359712230207E-02
   4.5323741007194246E-02  5.5611510791366905E-02
   4.7482014388489202E-02  5.3381294964028776E-02
   4.8920863309352511E-02  5.2661870503597122E-02
   5.1798561151079135E-02  5.1942446043165467E-02
   5.4748201438848919E-02  5.1223021582733806E-02
   5.9784172661870506E-02  4.9064748201438850E-02
