   6.4532374100719422E-02 -5.1007194244604315E-02
   6.1654676258992805E-02 -5.3884892086330932E-02
   5.7985611510791367E-02 -5.6762589928057550E-02
   5.5107913669064749E-02 -5.9640287769784167E-02
   5.4388489208633095E-02 -6.3237410071942432E-02
   5.4388489208633095E-02 -6.6834532374100711E-02
   5.4388489208633095E-02 -7.0431654676258976E-02
   5.5827338129496404E-02 -7.4100719424460434E-02
   5.5107913669064749E-02 -7.7697841726618713E-02
   5.1510791366906471E-02 -8.1294964028776964E-02
   4.7841726618705040E-02 -8.3453237410071934E-02
   4.4244604316546761E-02 -8.6330935251798552E-02
   4.0647482014388489E-02 -8.7769784172661860E-02
   3.7769784172661872E-02 -8.5611510791366904E-02
   3.4892086330935247E-02 -8.2014388489208639E-02
   3.1294964028776975E-02 -8.1294964028776964E-02
   2.7697841726618704E-02 -8.3453237410071934E-02
   2.7697841726618704E-02 -8.7050359712230213E-02
   2.6978417266187049E-02 -9.0647482014388492E-02
   2.4028776978417262E-02 -9.3525179856115109E-02
   2.0431654676258990E-02 -9.4964028776978418E-02
   1.6834532374100718E-02 -9.7841726618705022E-02
   1.3956834532374101E-02 -9.5683453237410079E-02
   1.3237410071942445E-02 -9.2086330935251801E-02
   1.1079136690647482E-02 -8.8489208633093522E-02
   7.4820143884892091E-03 -8.5611510791366904E-02
   5.3453237410071939E-03 -8.2014388489208639E-02
   6.0791366906474817E-03 -7.8417266187050361E-02
   8.9928057553956831E-03 -7.5539568345323743E-02
   1.2589928057553955E-02 -7.2661870503597126E-02
   1.4028776978417267E-02 -6.8848920863309362E-02
   1.4028776978417267E-02 -6.5251798561151084E-02
   1.4028776978417267E-02 -6.1582733812949646E-02
   1.3309352517985611E-02 -5.8705035971223021E-02
   9.7122302158273392E-03 -5.5827338129496404E-02
   6.1294964028776973E-03 -5.3669064748201434E-02
   3.9784172661870504E-03 -5.0000000000000003E-02
   2.5467625899280575E-03 -4.6402877697841724E-02
   1.8345323741007192E-03 -4.2805755395683452E-02
  -1.7625899280575539E-03 -3.9856115107913669E-02
  -5.3669064748201436E-03 -3.9856115107913669E-02
  -8.9928057553956831E-03 -4.1294964028776984E-02
  -1.2589928057553955E-02 -4.3453237410071940E-02
  -1.4748201438848920E-02 -4.7050359712230219E-02
  -1.7625899280575542E-02 -5.0647482014388484E-02
  -2.1223021582733814E-02 -5.2805755395683454E-02
  -2.4100719424460432E-02 -5.1366906474820138E-02
  -2.5539568345323740E-02 -4.7697841726618707E-02
  -2.8417266187050361E-02 -4.4100719424460429E-02
  -3.2014388489208630E-02 -4.0503597122302150E-02
  -3.5611510791366909E-02 -3.8992805755395682E-02
  -3.7769784172661872E-02 -3.5395683453237410E-02
  -3.7769784172661872E-02 -3.1798561151079138E-02
  -3.5611510791366909E-02 -2.8201438848920863E-02
  -3.2733812949640284E-02 -2.4604316546762588E-02
  -3.0575539568345321E-02 -2.1007194244604316E-02
  -2.9856115107913670E-02 -1.7410071942446041E-02
  -2.9784172661870500E-02 -1.3741007194244604E-02
  -2.6906474820143883E-02 -1.0863309352517985E-02
  -2.3309352517985611E-02 -8.7050359712230203E-03
  -1.9712230215827339E-02 -6.5899280575539565E-03
  -1.6115107913669068E-02 -4.4388489208633088E-03
  -1.2517985611510790E-02 -1.5611510791366907E-03
  -1.0287769784172661E-02  2.0359712230215827E-03
  -9.5683453237410069E-03  5.6474820143884892E-03
  -1.0287769784172661E-02  9.2805755395683458E-03
  -1.3165467625899280E-02  1.1438848920863307E-02
  -1.3884892086330935E-02  1.5035971223021583E-02
  -1.3165467625899280E-02  1.8633093525179858E-02
  -1.4604316546762589E-02  2.2302158273381296E-02
  -1.8201438848920864E-02  2.4460431654676255E-02
  -2.1798561151079136E-02  2.7338129496402876E-02
  -2.4676258992805757E-02  3.0287769784172660E-02
  -2.7553956834532375E-02  3.3884892086330935E-02
  -2.7553956834532375E-02  3.7482014388489207E-02
  -2.6115107913669063E-02  4.1079136690647479E-02
  -2.4676258992805757E-02  4.4676258992805751E-02
  -2.6043165467625896E-02  4.8345323741007189E-02
  -2.7482014388489209E-02  5.1942446043165467E-02
  -2.6043165467625896E-02  5.5539568345323739E-02
  -2.3165467625899279E-02  5.7697841726618695E-02
  -1.9568345323741004E-02  5.9136690647482018E-02
  -1.5971223021582735E-02  5.8417266187050357E-02
  -1.2374100719424460E-02  5.7625899280575536E-02
  -8.7769784172661864E-03  5.6187050359712228E-02
  -5.1654676258992803E-03  5.2589928057553956E-02
  -3.0071942446043163E-03  4.8920863309352511E-02
  -1.3021582733812950E-04  4.6762589928057555E-02
   3.4748201438848923E-03  4.6762589928057555E-02
   7.0791366906474817E-03  4.6762589928057555E-02
   1.0647482014388488E-02  4.5251798561151080E-02
   1.4244604316546764E-02  4.1654676258992801E-02
   1.7122302158273379E-02  3.8057553956834536E-02
   2.0000000000000000E-02  3.7266187050359716E-02
   2.2949640287769784E-02  4.0863309352517981E-02
   2.4388489208633096E-02  4.4532374100719425E-02
   2.5107913669064751E-02  4.8129496402877690E-02
   2.5827338129496401E-02  5.1726618705035976E-02
   2.7985611510791368E-02  5.4604316546762587E-02
   3.0863309352517986E-02  5.8201438848920858E-02
   3.2374100719424460E-02  6.1798561151079137E-02
   3.2374100719424460E-02  6.5395683453237416E-02
   3.3093525179856115E-02  6.8992805755395681E-02
   3.5251798561151085E-02  7.2661870503597126E-02
   3.8848920863309357E-02  7.5539568345323743E-02
   4.2446043165467628E-02  7.6978417266187052E-02
   4.6043165467625900E-02  7.8417266187050361E-02
   4.9712230215827338E-02  8.0575539568345331E-02
   5.2589928057553956E-02  8.3453237410071934E-02
   5.4028776978417264E-02  8.7050359712230213E-02
   5.6906474820143889E-02  9.0647482014388492E-02
   6.0503597122302154E-02  9.2086330935251801E-02
   6.4100719424460426E-02  9.3525179856115109E-02
   6.7697841726618704E-02  9.4244604316546771E-02
   7.1366906474820135E-02  9.4244604316546771E-02
   7.4820143884892082E-02  9.3525179856115109E-02
   7.7697841726618713E-02  9.0647482014388492E-02
   7.7697841726618713E-02  8.7050359712230213E-02
   7.7697841726618713E-02  8.3453237410071934E-02
   7.8417266187050361E-02  7.9856115107913669E-02
   7.8417266187050361E-02  7.6258992805755391E-02
   7.7697841726618713E-02  7.2661870503597126E-02
   7.7697841726618713E-02  6.8848920863309362E-02
   7.7697841726618713E-02  6.5251798561151084E-02
   7.7697841726618713E-02  6.1582733812949646E-02
   7.7697841726618713E-02  5.7985611510791367E-02
   7.9136690647482022E-02  5.5107913669064749E-02
