   4.6762589928057555E-02 -4.5323741007194246E-02
   4.3884892086330930E-02 -4.7482014388489202E-02
   3.9568345323741011E-02 -4.7482014388489202E-02
   3.8129496402877695E-02 -5.1798561151079135E-02
   3.8848920863309357E-02 -5.6115107913669068E-02
   3.9568345323741011E-02 -6.0431654676258995E-02
   3.9568345323741011E-02 -6.4748201438848921E-02
   3.5971223021582732E-02 -6.6187050359712229E-02
   3.3812949640287769E-02 -6.1870503597122296E-02
   3.2374100719424460E-02 -5.7553956834532377E-02
   3.0215827338129497E-02 -5.3237410071942444E-02
   2.8776978417266189E-02 -4.8920863309352511E-02
   2.5899280575539568E-02 -4.4604316546762592E-02
   2.3741007194244601E-02 -4.1007194244604320E-02
   2.3021582733812950E-02 -3.6690647482014387E-02
   1.8705035971223020E-02 -3.4532374100719423E-02
   1.4388489208633094E-02 -3.6690647482014387E-02
   1.0071942446043165E-02 -3.8129496402877695E-02
   7.1942446043165471E-03 -4.1007194244604320E-02
   7.1942446043165471E-03 -4.5323741007194246E-02
   6.4748201438848919E-03 -4.9640287769784172E-02
   2.1582733812949640E-03 -5.0359712230215820E-02
  -2.1582733812949640E-03 -4.8920863309352511E-02
  -3.5971223021582736E-03 -5.2517985611510790E-02
  -6.4748201438848919E-03 -5.5395683453237407E-02
  -1.0791366906474819E-02 -5.3956834532374098E-02
  -1.5107913669064749E-02 -5.1079136690647481E-02
  -1.8705035971223020E-02 -5.2517985611510790E-02
  -2.3021582733812950E-02 -5.3237410071942444E-02
  -2.7338129496402876E-02 -5.2517985611510790E-02
  -3.1654676258992806E-02 -5.0359712230215820E-02
  -3.3093525179856115E-02 -4.6043165467625900E-02
  -3.3093525179856115E-02 -4.1726618705035967E-02
  -3.5971223021582732E-02 -3.7410071942446041E-02
  -3.4532374100719423E-02 -3.3093525179856115E-02
  -3.0215827338129497E-02 -3.0215827338129497E-02
  -2.6618705035971222E-02 -2.8057553956834534E-02
  -2.2302158273381296E-02 -2.6618705035971222E-02
  -1.8705035971223020E-02 -2.3021582733812950E-02
  -1.5827338129496403E-02 -1.8705035971223020E-02
  -1.4388489208633094E-02 -1.4388489208633094E-02
  -1.0791366906474819E-02 -1.0791366906474819E-02
  -9.3525179856115102E-03 -6.4748201438848919E-03
  -6.4748201438848919E-03 -2.1582733812949640E-03
  -6.4748201438848919E-03  2.1582733812949640E-03
  -7.1942446043165471E-03  5.7553956834532375E-03
  -1.0071942446043165E-02  1.0071942446043165E-02
  -1.0071942446043165E-02  1.4388489208633094E-02
  -1.0791366906474819E-02  1.8705035971223020E-02
  -1.2949640287769784E-02  2.3021582733812950E-02
  -1.7266187050359712E-02  2.3741007194244601E-02
  -2.1582733812949638E-02  2.5899280575539568E-02
  -2.4460431654676255E-02  3.0215827338129497E-02
  -2.6618705035971222E-02  3.4532374100719423E-02
  -2.7338129496402876E-02  3.8848920863309357E-02
  -2.5179856115107910E-02  4.3165467625899276E-02
  -2.0863309352517984E-02  4.7482014388489202E-02
  -1.6546762589928057E-02  5.1798561151079135E-02
  -1.4388489208633094E-02  5.6115107913669068E-02
  -1.5107913669064749E-02  6.0431654676258995E-02
  -1.6546762589928057E-02  6.4748201438848921E-02
  -1.7985611510791366E-02  6.9064748201438847E-02
  -1.8705035971223020E-02  7.3381294964028773E-02
  -1.5107913669064749E-02  7.4100719424460434E-02
  -1.1510791366906475E-02  7.7697841726618713E-02
  -7.1942446043165471E-03  7.5539568345323743E-02
  -2.8776978417266188E-03  7.2661870503597126E-02
   1.4388489208633094E-03  7.0503597122302170E-02
   5.7553956834532375E-03  6.7625899280575538E-02
   1.0071942446043165E-02  6.3309352517985612E-02
   1.4388489208633094E-02  6.0431654676258995E-02
   1.6546762589928057E-02  6.4028776978417259E-02
   2.0863309352517984E-02  6.4028776978417259E-02
   2.5179856115107910E-02  6.3309352517985612E-02
   2.9496402877697839E-02  6.1151079136690642E-02
   3.3812949640287769E-02  5.9712230215827340E-02
   3.8129496402877695E-02  5.7553956834532377E-02
   4.1726618705035967E-02  5.4676258992805753E-02
   4.6043165467625900E-02  5.1079136690647481E-02
   5.0359712230215820E-02  4.9640287769784172E-02
   5.4676258992805753E-02  4.8920863309352511E-02
