   7.4800000000000005E-02 -4.2815384615384616E-02
   7.4646153846153848E-02 -4.2943589743589743E-02
   7.4441025641025643E-02 -4.2930769230769231E-02
   7.4248717948717957E-02 -4.2930769230769231E-02
   7.4017948717948728E-02 -4.2969230769230773E-02
   7.3851282051282066E-02 -4.3071794871794876E-02
   7.3594871794871800E-02 -4.3200000000000009E-02
   7.3441025641025656E-02 -4.3302564102564105E-02
   7.3197435897435909E-02 -4.3289743589743593E-02
   7.2774358974358980E-02 -4.3225641025641019E-02
   7.2441025641025641E-02 -4.3084615384615388E-02
   7.2274358974358979E-02 -4.2969230769230773E-02
   7.2094871794871798E-02 -4.2815384615384616E-02
   7.1851282051282050E-02 -4.2738461538461538E-02
   7.1607692307692317E-02 -4.2584615384615380E-02
   7.1248717948717954E-02 -4.2443589743589749E-02
   7.0864102564102568E-02 -4.2353846153846166E-02
   7.0453846153846159E-02 -4.2238461538461551E-02
   6.9902564102564110E-02 -4.2110256410256411E-02
   6.9517948717948724E-02 -4.2135897435897442E-02
   6.9069230769230772E-02 -4.1969230769230766E-02
   6.8556410256410266E-02 -4.1815384615384615E-02
   6.8069230769230771E-02 -4.1635897435897434E-02
   6.7620512820512818E-02 -4.1546153846153844E-02
   6.7248717948717951E-02 -4.1546153846153844E-02
   6.6902564102564108E-02 -4.1558974358974356E-02
   6.6556410256410251E-02 -4.1469230769230772E-02
   6.6158974358974360E-02 -4.1315384615384615E-02
   6.5748717948717950E-02 -4.1238461538461536E-02
   6.5441025641025649E-02 -4.1187179487179489E-02
   6.5043589743589758E-02 -4.1033333333333331E-02
   6.4530769230769239E-02 -4.0815384615384614E-02
   6.4043589743589743E-02 -4.0700000000000000E-02
   6.3761538461538467E-02 -4.0700000000000000E-02
   6.3441025641025647E-02 -4.0789743589743591E-02
   6.3146153846153852E-02 -4.0853846153846157E-02
   6.2864102564102575E-02 -4.0879487179487181E-02
   6.2415384615384616E-02 -4.0853846153846157E-02
   6.1710256410256410E-02 -4.0687179487179488E-02
   6.1517948717948710E-02 -4.0725641025641024E-02
   6.1325641025641024E-02 -4.0738461538461536E-02
   6.0851282051282048E-02 -4.0584615384615386E-02
   6.0287179487179481E-02 -4.0482051282051276E-02
   5.9915384615384613E-02 -4.0456410256410259E-02
   5.9466666666666675E-02 -4.0379487179487174E-02
   5.9069230769230770E-02 -4.0315384615384614E-02
   5.8735897435897438E-02 -4.0200000000000000E-02
   5.8620512820512810E-02 -3.9994871794871795E-02
   5.8364102564102564E-02 -3.9879487179487180E-02
   5.8146153846153847E-02 -3.9866666666666661E-02
   5.7710256410256407E-02 -3.9879487179487180E-02
   5.7287179487179478E-02 -3.9738461538461535E-02
   5.6876923076923082E-02 -3.9571794871794873E-02
   5.6594871794871791E-02 -3.9405128205128211E-02
   5.6312820512820515E-02 -3.9161538461538463E-02
   5.5876923076923081E-02 -3.8917948717948715E-02
   5.5415384615384602E-02 -3.8687179487179486E-02
   5.5171794871794869E-02 -3.8558974358974360E-02
   5.4864102564102568E-02 -3.8443589743589746E-02
   5.4338461538461530E-02 -3.8469230769230769E-02
   5.3851282051282048E-02 -3.8366666666666667E-02
   5.3620512820512820E-02 -3.8264102564102564E-02
   5.3261538461538457E-02 -3.8161538461538462E-02
   5.2928205128205126E-02 -3.8084615384615383E-02
   5.2582051282051276E-02 -3.7994871794871793E-02
   5.2210256410256409E-02 -3.8020512820512824E-02
   5.1800000000000006E-02 -3.7982051282051281E-02
   5.1287179487179486E-02 -3.7879487179487178E-02
   5.0889743589743588E-02 -3.7815384615384619E-02
   5.0543589743589745E-02 -3.7969230769230769E-02
   5.0248717948717950E-02 -3.8071794871794871E-02
   4.9812820512820516E-02 -3.8046153846153848E-02
   4.9338461538461525E-02 -3.7841025641025643E-02
   4.8812820512820515E-02 -3.7520512820512816E-02
   4.8543589743589743E-02 -3.7392307692307697E-02
   4.8248717948717948E-02 -3.7379487179487178E-02
   4.7864102564102569E-02 -3.7264102564102564E-02
   4.7594871794871797E-02 -3.7289743589743594E-02
   4.7274358974358964E-02 -3.7251282051282052E-02
   4.6953846153846159E-02 -3.7135897435897437E-02
   4.6838461538461544E-02 -3.7084615384615389E-02
   4.6402564102564110E-02 -3.6892307692307690E-02
   4.5646153846153850E-02 -3.6546153846153853E-02
   4.4953846153846143E-02 -3.6212820512820515E-02
   4.4723076923076928E-02 -3.6200000000000003E-02
   4.4376923076923078E-02 -3.6238461538461539E-02
   4.3953846153846156E-02 -3.6264102564102563E-02
   4.3376923076923077E-02 -3.6135897435897436E-02
   4.2787179487179479E-02 -3.6007692307692310E-02
   4.2094871794871785E-02 -3.5802564102564105E-02
   4.1338461538461546E-02 -3.5520512820512821E-02
   4.0915384615384624E-02 -3.5302564102564105E-02
   4.0620512820512808E-02 -3.4930769230769231E-02
   4.0543589743589743E-02 -3.4751282051282056E-02
   4.0364102564102562E-02 -3.4712820512820514E-02
   3.9876923076923067E-02 -3.4700000000000002E-02
   3.9376923076923073E-02 -3.4482051282051278E-02
   3.9120512820512827E-02 -3.4238461538461537E-02
   3.8800000000000008E-02 -3.3994871794871796E-02
   3.8325641025641025E-02 -3.3802564102564103E-02
   3.7825641025641017E-02 -3.3687179487179482E-02
   3.7697435897435905E-02 -3.3507692307692308E-02
   3.7607692307692300E-02 -3.3405128205128205E-02
   3.7441025641025645E-02 -3.3482051282051284E-02
   3.7082051282051283E-02 -3.3353846153846158E-02
   3.6735897435897433E-02 -3.3174358974358976E-02
   3.6364102564102566E-02 -3.2994871794871795E-02
   3.5953846153846156E-02 -3.2828205128205140E-02
   3.5646153846153848E-02 -3.2738461538461543E-02
   3.5094871794871793E-02 -3.2494871794871795E-02
   3.4428205128205130E-02 -3.2212820512820511E-02
   3.3876923076923075E-02 -3.2033333333333330E-02
   3.3466666666666665E-02 -3.1943589743589747E-02
   3.3120512820512815E-02 -3.1828205128205125E-02
   3.2799999999999996E-02 -3.1879487179487180E-02
   3.2376923076923074E-02 -3.1764102564102566E-02
   3.1825641025641026E-02 -3.1520512820512818E-02
   3.1235897435897435E-02 -3.1264102564102558E-02
   3.0889743589743592E-02 -3.1123076923076927E-02
   3.0505128205128205E-02 -3.0866666666666664E-02
   3.0197435897435898E-02 -3.0738461538461530E-02
   3.0005128205128205E-02 -3.0764102564102568E-02
   2.9748717948717945E-02 -3.0776923076923084E-02
   2.9441025641025638E-02 -3.0828205128205135E-02
   2.9223076923076921E-02 -3.0789743589743585E-02
   2.8774358974358968E-02 -3.0635897435897428E-02
   2.8197435897435896E-02 -3.0328205128205128E-02
   2.7658974358974360E-02 -2.9879487179487178E-02
   2.7248717948717950E-02 -2.9700000000000001E-02
   2.6851282051282056E-02 -2.9623076923076926E-02
   2.6492307692307693E-02 -2.9494871794871796E-02
   2.5761538461538461E-02 -2.9212820512820516E-02
   2.5569230769230768E-02 -2.8969230769230771E-02
   2.5582051282051280E-02 -2.8764102564102566E-02
   2.5261538461538460E-02 -2.8751282051282055E-02
   2.4928205128205129E-02 -2.8610256410256420E-02
   2.4479487179487187E-02 -2.8366666666666662E-02
   2.4107692307692313E-02 -2.7943589743589743E-02
   2.3812820512820514E-02 -2.7789743589743589E-02
   2.3697435897435892E-02 -2.7892307692307692E-02
   2.3505128205128203E-02 -2.7879487179487177E-02
   2.3184615384615383E-02 -2.7789743589743589E-02
   2.2812820512820513E-02 -2.7725641025641023E-02
   2.2428205128205123E-02 -2.7687179487179487E-02
   2.2171794871794871E-02 -2.7597435897435896E-02
   2.2005128205128201E-02 -2.7443589743589743E-02
   2.1825641025641027E-02 -2.7251282051282053E-02
   2.1261538461538464E-02 -2.6982051282051289E-02
   2.0735897435897432E-02 -2.6764102564102565E-02
   2.0274358974358975E-02 -2.6597435897435899E-02
   1.9748717948717947E-02 -2.6379487179487182E-02
   1.9530769230769230E-02 -2.6148717948717943E-02
   1.9287179487179489E-02 -2.5943589743589741E-02
   1.8812820512820513E-02 -2.5533333333333331E-02
   1.8351282051282052E-02 -2.5200000000000000E-02
   1.7851282051282051E-02 -2.4841025641025642E-02
   1.7441025641025641E-02 -2.4520512820512822E-02
   1.7082051282051283E-02 -2.4264102564102566E-02
   1.6723076923076920E-02 -2.4084615384615381E-02
   1.6364102564102565E-02 -2.3994871794871794E-02
   1.5889743589743589E-02 -2.3738461538461542E-02
   1.5633333333333332E-02 -2.3494871794871801E-02
   1.5299999999999999E-02 -2.3238461538461534E-02
   1.4735897435897436E-02 -2.3033333333333329E-02
   1.4543589743589746E-02 -2.2828205128205128E-02
   1.4184615384615388E-02 -2.2469230769230769E-02
   1.3876923076923077E-02 -2.2225641025641032E-02
   1.3646153846153848E-02 -2.2212820512820513E-02
   1.3274358974358977E-02 -2.2187179487179489E-02
   1.2915384615384615E-02 -2.2148717948717950E-02
   1.2364102564102567E-02 -2.1751282051282052E-02
   1.2158974358974362E-02 -2.1405128205128205E-02
   1.1864102564102565E-02 -2.1110256410256413E-02
   1.1556410256410255E-02 -2.0712820512820512E-02
   1.1171794871794869E-02 -2.0417948717948720E-02
   1.0723076923076922E-02 -2.0251282051282050E-02
   1.0287179487179486E-02 -2.0123076923076924E-02
   9.8256410256410218E-03 -1.9994871794871794E-02
   9.4794871794871786E-03 -1.9789743589743589E-02
   9.2871794871794890E-03 -1.9366666666666667E-02
   9.2487179487179497E-03 -1.8982051282051281E-02
   8.9923076923076935E-03 -1.8725641025641025E-02
   8.5179487179487170E-03 -1.8507692307692308E-02
   7.9153846153846141E-03 -1.8110256410256410E-02
   7.6333333333333357E-03 -1.7751282051282055E-02
   7.3512820512820504E-03 -1.7315384615384618E-02
   6.8256410256410261E-03 -1.6789743589743587E-02
   6.5051282051282067E-03 -1.6520512820512822E-02
   6.0948717948717951E-03 -1.6264102564102566E-02
   5.7358974358974347E-03 -1.5917948717948719E-02
   5.5051282051282058E-03 -1.5751282051282053E-02
   5.3897435897435897E-03 -1.5725641025641026E-02
   5.1846153846153847E-03 -1.5674358974358978E-02
   4.7487179487179492E-03 -1.5405128205128208E-02
   4.5307692307692306E-03 -1.5123076923076925E-02
   4.3384615384615393E-03 -1.4892307692307693E-02
   3.7743589743589744E-03 -1.4892307692307693E-02
   3.1974358974358971E-03 -1.4828205128205126E-02
   2.9153846153846144E-03 -1.4751282051282051E-02
   2.3769230769230764E-03 -1.4520512820512822E-02
   2.1076923076923082E-03 -1.4084615384615388E-02
   1.9538461538461537E-03 -1.3648717948717947E-02
   1.6846153846153838E-03 -1.3071794871794872E-02
   1.2615384615384602E-03 -1.2738461538461537E-02
   9.0256410256410241E-04 -1.2546153846153848E-02
   6.3333333333333340E-04 -1.2264102564102567E-02
   4.6666666666666645E-04 -1.1764102564102564E-02
   4.1538461538461521E-04 -1.1174358974358973E-02
   2.7435897435897430E-04 -1.0700000000000001E-02
   3.0769230769230049E-05 -1.0212820512820513E-02
  -2.1282051282051290E-04 -9.7897435897435891E-03
  -6.4871794871794886E-04 -9.3794871794871809E-03
  -1.1871794871794873E-03 -9.0589743589743598E-03
  -1.6102564102564105E-03 -8.7897435897435899E-03
  -1.9820512820512819E-03 -8.5205128205128201E-03
  -2.5589743589743592E-03 -8.2384615384615383E-03
  -2.9307692307692307E-03 -7.9820512820512838E-03
  -3.2128205128205130E-03 -7.4307692307692304E-03
  -3.5333333333333336E-03 -6.9692307692307692E-03
  -3.9051282051282051E-03 -6.4948717948717944E-03
  -4.1743589743589750E-03 -6.1743589743589750E-03
  -4.5717948717948721E-03 -5.6358974358974362E-03
  -4.8025641025641027E-03 -4.8794871794871795E-03
  -4.8025641025641027E-03 -4.2897435897435894E-03
  -4.5076923076923080E-03 -3.4307692307692312E-03
  -4.4692307692307687E-03 -2.7384615384615386E-03
  -4.0846153846153845E-03 -1.9692307692307691E-03
  -4.1102564102564101E-03 -1.6743589743589745E-03
  -4.1615384615384622E-03 -1.2000000000000001E-03
  -4.2769230769230775E-03 -5.7179487179487200E-04
  -4.4564102564102568E-03  9.4871794871794531E-05
  -4.4564102564102568E-03  8.5128205128205117E-04
  -4.4564102564102568E-03  1.6974358974358966E-03
  -4.8794871794871795E-03  2.7102564102564103E-03
  -4.9564102564102564E-03  2.9153846153846144E-03
  -4.8153846153846155E-03  3.7102564102564103E-03
  -4.7897435897435899E-03  4.4282051282051281E-03
  -4.7256410256410258E-03  4.9923076923076935E-03
  -4.7000000000000002E-03  5.7743589743589740E-03
  -4.6743589743589746E-03  6.6205128205128212E-03
  -4.5205128205128200E-03  7.3897435897435932E-03
  -4.1871794871794869E-03  8.2615384615384608E-03
  -3.9307692307692307E-03  9.1974358974358985E-03
  -3.8410256410256411E-03  1.0158974358974360E-02
  -3.7769230769230770E-03  1.1287179487179487E-02
  -3.6743589743589745E-03  1.2210256410256413E-02
  -3.8282051282051283E-03  1.3056410256410257E-02
  -3.7769230769230770E-03  1.3620512820512820E-02
  -3.5333333333333336E-03  1.4223076923076927E-02
  -3.4820512820512824E-03  1.4812820512820514E-02
  -3.3923076923076927E-03  1.5223076923076924E-02
  -3.3794871794871799E-03  1.5607692307692310E-02
  -3.4179487179487184E-03  1.6005128205128203E-02
  -3.4307692307692312E-03  1.6364102564102565E-02
  -3.5974358974358977E-03  1.6735897435897432E-02
  -3.5461538461538464E-03  1.7287179487179487E-02
  -3.3923076923076927E-03  1.7851282051282051E-02
  -3.1615384615384617E-03  1.8312820512820509E-02
  -2.6230769230769233E-03  1.8620512820512823E-02
  -2.4692307692307696E-03  1.9005128205128199E-02
  -2.3153846153846154E-03  1.9492307692307691E-02
  -2.1358974358974361E-03  1.9915384615384616E-02
  -1.9179487179487179E-03  2.0364102564102562E-02
  -1.5333333333333336E-03  2.1223076923076921E-02
  -1.4179487179487183E-03  2.1556410256410256E-02
  -1.1743589743589745E-03  2.2171794871794871E-02
  -8.1538461538461582E-04  2.2864102564102564E-02
  -3.4102564102564056E-04  2.3517948717948715E-02
   6.9230769230768912E-05  2.4184615384615381E-02
   3.7692307692307634E-04  2.4697435897435900E-02
   9.4102564102564084E-04  2.5376923076923075E-02
   1.4025641025641029E-03  2.6210256410256417E-02
   1.7743589743589743E-03  2.6658974358974352E-02
   1.9025641025641024E-03  2.6902564102564107E-02
   2.4923076923076917E-03  2.7684615384615384E-02
   2.6846153846153847E-03  2.8107692307692306E-02
   3.0692307692307690E-03  2.8735897435897433E-02
   3.3512820512820508E-03  2.9389743589743590E-02
   4.0051282051282045E-03  3.0120512820512819E-02
   4.1076923076923070E-03  3.0158974358974355E-02
   4.1333333333333326E-03  3.0517948717948717E-02
   3.9666666666666670E-03  3.1094871794871796E-02
   3.9410256410256413E-03  3.1594871794871797E-02
   4.3128205128205119E-03  3.2146153846153852E-02
   4.8000000000000004E-03  3.2556410256410255E-02
   5.6461538461538476E-03  3.3043589743589744E-02
   6.1717948717948719E-03  3.3325641025641027E-02
   6.6717948717948724E-03  3.3505128205128208E-02
   7.4025641025640999E-03  3.4094871794871792E-02
   7.8384615384615424E-03  3.4594871794871793E-02
   8.3641025641025633E-03  3.5325641025641029E-02
   9.4666666666666666E-03  3.6325641025641023E-02
   9.8000000000000014E-03  3.6966666666666662E-02
   1.0287179487179486E-02  3.7466666666666662E-02
   1.0787179487179487E-02  3.7864102564102560E-02
   1.1466666666666668E-02  3.8684615384615387E-02
   1.2069230769230768E-02  3.9210256410256411E-02
   1.2761538461538461E-02  3.9761538461538466E-02
   1.3364102564102557E-02  4.0197435897435900E-02
   1.4197435897435896E-02  4.0748717948717948E-02
   1.4838461538461538E-02  4.1428205128205130E-02
   1.5505128205128208E-02  4.2043589743589745E-02
   1.6171794871794872E-02  4.2684615384615383E-02
   1.7197435897435893E-02  4.3633333333333336E-02
   1.8043589743589748E-02  4.4325641025641023E-02
   1.9210256410256411E-02  4.4902564102564102E-02
   2.0441025641025640E-02  4.5274358974358976E-02
   2.1569230769230775E-02  4.6274358974358977E-02
   2.2543589743589745E-02  4.7017948717948718E-02
   2.3569230769230766E-02  4.7646153846153845E-02
   2.4684615384615381E-02  4.8530769230769225E-02
   2.5428205128205126E-02  4.9146153846153846E-02
   2.6197435897435895E-02  4.9607692307692311E-02
   2.6902564102564107E-02  4.9979487179487192E-02
   2.7697435897435896E-02  5.0402564102564100E-02
   2.8466666666666661E-02  5.0620512820512831E-02
   2.9069230769230771E-02  5.0915384615384605E-02
   2.9492307692307693E-02  5.1351282051282039E-02
   3.0120512820512819E-02  5.2082051282051282E-02
   3.0658974358974356E-02  5.2428205128205126E-02
   3.1005128205128206E-02  5.2466666666666668E-02
   3.1287179487179489E-02  5.2441025641025645E-02
   3.1658974358974357E-02  5.2799999999999993E-02
   3.2094871794871790E-02  5.3223076923076929E-02
   3.2530769230769231E-02  5.3338461538461529E-02
   3.3030769230769232E-02  5.3556410256410260E-02
   3.3287179487179484E-02  5.3979487179487168E-02
   3.3658974358974358E-02  5.4376923076923073E-02
   3.4120512820512823E-02  5.4556410256410247E-02
   3.4453846153846154E-02  5.4812820512820506E-02
   3.5017948717948714E-02  5.5146153846153845E-02
   3.5697435897435896E-02  5.5056410256410268E-02
   3.6274358974358975E-02  5.5184615384615374E-02
   3.6569230769230771E-02  5.5466666666666671E-02
   3.6569230769230771E-02  5.5800000000000009E-02
   3.6633333333333330E-02  5.6287179487179491E-02
   3.7030769230769228E-02  5.6569230769230767E-02
   3.7453846153846150E-02  5.6646153846153853E-02
   3.8017948717948724E-02  5.6620512820512822E-02
   3.8261538461538465E-02  5.6953846153846154E-02
   3.8851282051282049E-02  5.7158974358974358E-02
   3.9389743589743585E-02  5.7171794871794884E-02
   3.9787179487179476E-02  5.7197435897435901E-02
   4.0210256410256398E-02  5.7556410256410249E-02
   4.0646153846153846E-02  5.7543589743589751E-02
   4.0838461538461539E-02  5.7671794871794864E-02
   4.1069230769230768E-02  5.8030769230769226E-02
   4.1530769230769232E-02  5.8184615384615390E-02
   4.1723076923076925E-02  5.8287179487179493E-02
   4.1941025641025642E-02  5.8620512820512810E-02
   4.2235897435897431E-02  5.8851282051282053E-02
   4.2620512820512824E-02  5.9043589743589746E-02
   4.2838461538461527E-02  5.9261538461538477E-02
   4.3274358974358974E-02  5.9402564102564108E-02
   4.3966666666666668E-02  5.9428205128205132E-02
   4.4197435897435904E-02  5.9812820512820504E-02
   4.4594871794871795E-02  6.0082051282051276E-02
   4.4966666666666669E-02  6.0325641025641023E-02
   4.5261538461538464E-02  6.0492307692307686E-02
   4.5569230769230765E-02  6.0761538461538457E-02
   4.5902564102564103E-02  6.0953846153846157E-02
   4.6223076923076922E-02  6.1069230769230771E-02
   4.7082051282051278E-02  6.1069230769230771E-02
   4.7235897435897435E-02  6.1094871794871795E-02
   4.7646153846153845E-02  6.1312820512820505E-02
   4.7876923076923074E-02  6.1505128205128205E-02
   4.8517948717948726E-02  6.1941025641025639E-02
   4.9107692307692304E-02  6.2312820512820506E-02
   4.9735897435897430E-02  6.2761538461538466E-02
   5.0210256410256407E-02  6.2838461538461551E-02
   5.0800000000000005E-02  6.2902564102564118E-02
   5.1248717948717944E-02  6.3184615384615381E-02
   5.1697435897435903E-02  6.3505128205128214E-02
   5.2171794871794866E-02  6.3723076923076938E-02
   5.2389743589743583E-02  6.3928205128205143E-02
   5.2710256410256416E-02  6.4261538461538467E-02
   5.2953846153846150E-02  6.4607692307692324E-02
   5.3428205128205127E-02  6.4620512820512829E-02
   5.3838461538461536E-02  6.4684615384615382E-02
   5.4120512820512827E-02  6.4966666666666673E-02
   5.4069230769230765E-02  6.5146153846153854E-02
   5.4300000000000001E-02  6.5441025641025649E-02
   5.4453846153846158E-02  6.5517948717948721E-02
   5.5158974358974371E-02  6.5671794871794878E-02
   5.6043589743589743E-02  6.5710256410256407E-02
   5.6351282051282044E-02  6.5825641025641035E-02
   5.6735897435897423E-02  6.6043589743589759E-02
   5.7248717948717956E-02  6.5992307692307697E-02
   5.7620512820512823E-02  6.5825641025641035E-02
   5.7812820512820509E-02  6.6171794871794878E-02
   5.8094871794871800E-02  6.6505128205128217E-02
   5.8582051282051281E-02  6.6671794871794879E-02
   5.9299999999999999E-02  6.6979487179487179E-02
   5.9646153846153842E-02  6.7184615384615384E-02
   5.9441025641025637E-02  6.7453846153846156E-02
   5.9671794871794866E-02  6.7812820512820518E-02
   6.0030769230769228E-02  6.8017948717948723E-02
   6.0543589743589747E-02  6.8274358974358976E-02
   6.1069230769230771E-02  6.8248717948717952E-02
   6.1505128205128205E-02  6.8184615384615399E-02
   6.2235897435897435E-02  6.8197435897435904E-02
   6.3312820512820528E-02  6.8441025641025638E-02
   6.4607692307692324E-02  6.8953846153846157E-02
   6.5428205128205144E-02  6.9594871794871796E-02
   6.5210256410256420E-02  6.9825641025641039E-02
   6.5056410256410263E-02  7.0094871794871810E-02
   6.4761538461538468E-02  7.0530769230769244E-02
   6.4671794871794877E-02  7.0800000000000002E-02
   6.4735897435897444E-02  7.1043589743589750E-02
   6.4825641025641034E-02  7.1158974358974364E-02
   6.4941025641025649E-02  7.1133333333333340E-02
   6.5107692307692311E-02  7.0979487179487183E-02
   6.5287179487179492E-02  7.0774358974358978E-02
   6.5364102564102564E-02  7.0633333333333340E-02
   6.5505128205128202E-02  7.0505128205128220E-02
   6.5620512820512830E-02  7.0351282051282049E-02
   6.5787179487179492E-02  7.0197435897435906E-02
   6.6158974358974360E-02  7.0466666666666677E-02
   6.6428205128205131E-02  7.0582051282051278E-02
   6.6607692307692312E-02  7.0671794871794882E-02
   6.6902564102564108E-02  7.0748717948717954E-02
   6.7479487179487180E-02  7.0825641025641026E-02
   6.7864102564102566E-02  7.0902564102564111E-02
   6.8197435897435904E-02  7.1261538461538473E-02
   6.8594871794871809E-02  7.1325641025641040E-02
   6.9248717948717967E-02  7.1505128205128207E-02
   6.9633333333333339E-02  7.1915384615384617E-02
   7.0005128205128206E-02  7.2043589743589750E-02
   7.0453846153846159E-02  7.2069230769230774E-02
   7.0902564102564111E-02  7.2158974358974365E-02
   7.1287179487179497E-02  7.2248717948717955E-02
   7.1646153846153846E-02  7.2389743589743594E-02
   7.2107692307692317E-02  7.2787179487179499E-02
   7.2633333333333341E-02  7.3030769230769246E-02
   7.3133333333333342E-02  7.3197435897435909E-02
   7.3338461538461547E-02  7.3312820512820509E-02
   7.3864102564102571E-02  7.3479487179487185E-02
   7.4505128205128210E-02  7.3620512820512823E-02
   7.4902564102564115E-02  7.3671794871794885E-02
   7.5364102564102572E-02  7.3864102564102571E-02
   7.5710256410256416E-02  7.4082051282051295E-02
   7.6312820512820512E-02  7.4402564102564100E-02
   7.6928205128205127E-02  7.4684615384615391E-02
   7.7582051282051270E-02  7.4876923076923077E-02
   7.8171794871794861E-02  7.5030769230769234E-02
   7.8710256410256418E-02  7.5120512820512825E-02
   7.9094871794871804E-02  7.5351282051282067E-02
   7.9364102564102576E-02  7.5517948717948730E-02
   7.9684615384615395E-02  7.5761538461538477E-02
   8.0043589743589758E-02  7.6094871794871802E-02
   8.0466666666666659E-02  7.6300000000000007E-02
   8.0787179487179492E-02  7.6351282051282054E-02
   8.1030769230769240E-02  7.6428205128205140E-02
   8.1274358974359015E-02  7.6505128205128212E-02
   8.1812820512820503E-02  7.6543589743589754E-02
   8.2530769230769241E-02  7.6658974358974369E-02
   8.2902564102564108E-02  7.6851282051282069E-02
   8.3274358974358989E-02  7.6902564102564103E-02
   8.3812820512820518E-02  7.6966666666666669E-02
   8.4235897435897475E-02  7.7146153846153864E-02
   8.4658974358974404E-02  7.7261538461538479E-02
   8.5043589743589748E-02  7.7376923076923065E-02
   8.5582051282051264E-02  7.7441025641025646E-02
   8.6107692307692316E-02  7.7569230769230765E-02
   8.6979487179487183E-02  7.7607692307692308E-02
   8.7735897435897423E-02  7.7941025641025632E-02
   8.8530769230769232E-02  7.8184615384615366E-02
   8.9043589743589752E-02  7.8364102564102575E-02
   8.9684615384615390E-02  7.8569230769230766E-02
   9.0351282051282095E-02  7.8748717948717989E-02
   9.0979487179487187E-02  7.8838461538461552E-02
   9.1735897435897426E-02  7.8774358974358971E-02
