   5.0620512820512831E-02 -3.7366666666666666E-02
   5.0466666666666660E-02 -3.7456410256410257E-02
   5.0274358974358967E-02 -3.7571794871794871E-02
   5.0082051282051294E-02 -3.7597435897435902E-02
   4.9902564102564106E-02 -3.7623076923076926E-02
   4.9735897435897430E-02 -3.7597435897435902E-02
   4.9466666666666666E-02 -3.7469230769230769E-02
   4.9223076923076925E-02 -3.7341025641025642E-02
   4.9056410256410249E-02 -3.7251282051282052E-02
   4.8556410256410255E-02 -3.6994871794871792E-02
   4.8274358974358979E-02 -3.6879487179487178E-02
   4.7889743589743586E-02 -3.6751282051282051E-02
   4.7594871794871797E-02 -3.6610256410256413E-02
   4.7171794871794862E-02 -3.6456410256410256E-02
   4.6761538461538459E-02 -3.6276923076923075E-02
   4.6402564102564110E-02 -3.6110256410256412E-02
   4.5838461538461543E-02 -3.5866666666666665E-02
   4.5184615384615379E-02 -3.5661538461538460E-02
   4.4646153846153842E-02 -3.5546153846153845E-02
   4.4248717948717944E-02 -3.5443589743589743E-02
   4.3812820512820511E-02 -3.5302564102564105E-02
   4.3517948717948722E-02 -3.5161538461538459E-02
   4.3120512820512831E-02 -3.5071794871794876E-02
   4.2620512820512824E-02 -3.4969230769230773E-02
   4.1915384615384611E-02 -3.4738461538461544E-02
   4.1351282051282044E-02 -3.4482051282051278E-02
   4.0953846153846153E-02 -3.4276923076923073E-02
   4.0658974358974365E-02 -3.3815384615384615E-02
   3.9992307692307695E-02 -3.3533333333333332E-02
   3.9210256410256411E-02 -3.3264102564102567E-02
   3.8248717948717939E-02 -3.3187179487179481E-02
   3.7517948717948717E-02 -3.2969230769230772E-02
   3.6915384615384614E-02 -3.2725641025641024E-02
   3.6351282051282054E-02 -3.2469230769230764E-02
   3.5966666666666668E-02 -3.2276923076923078E-02
   3.5646153846153848E-02 -3.2161538461538464E-02
   3.5235897435897431E-02 -3.2110256410256409E-02
   3.4864102564102564E-02 -3.2046153846153842E-02
   3.4389743589743588E-02 -3.1879487179487180E-02
   3.4107692307692304E-02 -3.1699999999999999E-02
   3.3953846153846154E-02 -3.1494871794871794E-02
   3.3735897435897437E-02 -3.1315384615384620E-02
   3.3556410256410256E-02 -3.0969230769230766E-02
   3.3261538461538460E-02 -3.0879487179487190E-02
   3.2966666666666665E-02 -3.0789743589743585E-02
   3.2505128205128200E-02 -3.0635897435897428E-02
   3.1979487179487176E-02 -3.0405128205128213E-02
   3.1441025641025640E-02 -3.0110256410256411E-02
   3.0966666666666663E-02 -2.9815384615384615E-02
   3.0569230769230772E-02 -2.9571794871794874E-02
   3.0158974358974355E-02 -2.9366666666666662E-02
   2.9723076923076928E-02 -2.9212820512820516E-02
   2.9312820512820512E-02 -2.9110256410256413E-02
   2.8928205128205119E-02 -2.9200000000000004E-02
   2.8710256410256402E-02 -2.9020512820512823E-02
   2.8453846153846149E-02 -2.8866666666666665E-02
   2.8248717948717944E-02 -2.8841025641025642E-02
   2.7838461538461538E-02 -2.8700000000000003E-02
   2.7543589743589746E-02 -2.8520512820512815E-02
   2.7312820512820513E-02 -2.8417948717948709E-02
   2.7030769230769233E-02 -2.8251282051282047E-02
   2.6710256410256400E-02 -2.7815384615384617E-02
   2.6338461538461533E-02 -2.7623076923076924E-02
   2.6005128205128212E-02 -2.7533333333333333E-02
   2.5748717948717945E-02 -2.7507692307692306E-02
   2.5517948717948716E-02 -2.7456410256410255E-02
   2.5235897435897436E-02 -2.7392307692307691E-02
   2.4864102564102566E-02 -2.7264102564102565E-02
   2.4479487179487187E-02 -2.7058974358974360E-02
   2.4171794871794865E-02 -2.6853846153846155E-02
   2.3761538461538459E-02 -2.6507692307692312E-02
   2.3479487179487175E-02 -2.6315384615384615E-02
   2.3223076923076923E-02 -2.6199999999999994E-02
   2.2735897435897434E-02 -2.5956410256410257E-02
   2.2492307692307693E-02 -2.5751282051282052E-02
   2.2312820512820512E-02 -2.5648717948717949E-02
   2.2082051282051283E-02 -2.5571794871794871E-02
   2.1658974358974358E-02 -2.5417948717948717E-02
   2.1453846153846153E-02 -2.5328205128205130E-02
   2.1223076923076921E-02 -2.5110256410256410E-02
   2.0941025641025637E-02 -2.4866666666666665E-02
   2.0582051282051286E-02 -2.4661538461538464E-02
   2.0338461538461538E-02 -2.4546153846153846E-02
   2.0030769230769230E-02 -2.4341025641025645E-02
   1.9915384615384616E-02 -2.4199999999999999E-02
   1.9479487179487179E-02 -2.4007692307692310E-02
   1.9223076923076923E-02 -2.3892307692307692E-02
   1.8876923076923083E-02 -2.3738461538461542E-02
   1.8543589743589741E-02 -2.3584615384615388E-02
   1.8197435897435894E-02 -2.3366666666666668E-02
   1.7864102564102563E-02 -2.3225641025641033E-02
   1.7607692307692307E-02 -2.3084615384615381E-02
   1.7376923076923078E-02 -2.2917948717948722E-02
   1.7030769230769231E-02 -2.2751282051282053E-02
   1.6735897435897432E-02 -2.2558974358974360E-02
   1.6428205128205128E-02 -2.2366666666666667E-02
   1.6235897435897435E-02 -2.2225641025641032E-02
   1.5953846153846152E-02 -2.2071794871794871E-02
   1.5774358974358974E-02 -2.1969230769230769E-02
   1.5658974358974360E-02 -2.1879487179487182E-02
   1.5479487179487180E-02 -2.1789743589743591E-02
   1.5184615384615385E-02 -2.1635897435897437E-02
   1.5082051282051282E-02 -2.1507692307692308E-02
   1.4902564102564105E-02 -2.1366666666666669E-02
   1.4633333333333333E-02 -2.1225641025641031E-02
   1.4351282051282053E-02 -2.1135897435897433E-02
   1.4069230769230773E-02 -2.1020512820512822E-02
   1.3800000000000002E-02 -2.0905128205128208E-02
   1.3479487179487182E-02 -2.0738461538461539E-02
   1.3158974358974359E-02 -2.0546153846153846E-02
   1.2851282051282052E-02 -2.0341025641025641E-02
   1.2505128205128205E-02 -2.0110256410256412E-02
   1.2223076923076927E-02 -1.9866666666666668E-02
   1.1992307692307693E-02 -1.9623076923076924E-02
   1.1838461538461539E-02 -1.9405128205128207E-02
   1.1697435897435897E-02 -1.9212820512820514E-02
   1.1415384615384617E-02 -1.9071794871794868E-02
   1.1171794871794869E-02 -1.9007692307692309E-02
   1.0915384615384615E-02 -1.8917948717948718E-02
   1.0684615384615384E-02 -1.8789743589743592E-02
   1.0505128205128209E-02 -1.8687179487179489E-02
   1.0210256410256411E-02 -1.8558974358974360E-02
   1.0030769230769234E-02 -1.8405128205128206E-02
   9.9794871794871825E-03 -1.8187179487179482E-02
   9.7743589743589775E-03 -1.8033333333333332E-02
   9.5692307692307691E-03 -1.7892307692307693E-02
   9.4153846153846154E-03 -1.7738461538461536E-02
   9.2230769230769206E-03 -1.7610256410256410E-02
   8.8897435897435911E-03 -1.7443589743589741E-02
   8.4538461538461555E-03 -1.7174358974358976E-02
   8.3000000000000001E-03 -1.7110256410256409E-02
   8.1461538461538464E-03 -1.7058974358974362E-02
   7.8769230769230782E-03 -1.6982051282051283E-02
   7.5692307692307708E-03 -1.6841025641025638E-02
   7.4923076923076922E-03 -1.6558974358974361E-02
   7.4282051282051290E-03 -1.6417948717948716E-02
   7.2487179487179480E-03 -1.6302564102564109E-02
   6.9794871794871816E-03 -1.6135897435897436E-02
   6.7230769230769202E-03 -1.5982051282051282E-02
   6.4923076923076948E-03 -1.5751282051282053E-02
   6.2871794871794864E-03 -1.5610256410256410E-02
   6.1333333333333327E-03 -1.5456410256410254E-02
   5.9410256410256431E-03 -1.5341025641025638E-02
   5.6846153846153834E-03 -1.5123076923076925E-02
   5.5179487179487178E-03 -1.4943589743589744E-02
   5.3641025641025641E-03 -1.4828205128205126E-02
   5.1333333333333318E-03 -1.4674358974358970E-02
   4.8256410256410261E-03 -1.4302564102564105E-02
   4.4794871794871793E-03 -1.3956410256410258E-02
   4.3000000000000000E-03 -1.3699999999999999E-02
   4.0692307692307694E-03 -1.3417948717948719E-02
   3.8512820512820512E-03 -1.3212820512820515E-02
   3.6333333333333335E-03 -1.3071794871794872E-02
   3.4538461538461541E-03 -1.2905128205128206E-02
   3.2999999999999995E-03 -1.2725641025641025E-02
   3.1589743589743586E-03 -1.2584615384615383E-02
   2.7487179487179487E-03 -1.2635897435897435E-02
   2.5692307692307703E-03 -1.2494871794871795E-02
   2.3641025641025636E-03 -1.2161538461538461E-02
   2.1461538461538467E-03 -1.1917948717948717E-02
   1.9794871794871793E-03 -1.1828205128205127E-02
   1.7871794871794871E-03 -1.1738461538461540E-02
   1.6076923076923078E-03 -1.1597435897435898E-02
   1.5435897435897429E-03 -1.1417948717948717E-02
   1.5179487179487181E-03 -1.1200000000000000E-02
   1.4153846153846148E-03 -1.1020512820512819E-02
   1.1205128205128210E-03 -1.0866666666666669E-02
   8.5128205128205117E-04 -1.0648717948717950E-02
   6.7179487179487227E-04 -1.0430769230769231E-02
   4.7948717948717925E-04 -1.0212820512820513E-02
   2.4871794871794868E-04 -9.9435897435897428E-03
   1.0769230769230734E-04 -9.6487179487179491E-03
   1.7948717948717673E-05 -9.4307692307692304E-03
  -1.1025641025641042E-04 -9.2256410256410255E-03
  -2.6410256410256414E-04 -9.0461538461538461E-03
  -4.4358974358974347E-04 -8.8794871794871805E-03
  -6.6153846153846167E-04 -8.6615384615384618E-03
  -8.7948717948717987E-04 -8.4564102564102569E-03
  -1.0333333333333336E-03 -8.2512820512820519E-03
  -1.2897435897435898E-03 -7.8538461538461540E-03
  -1.4564102564102565E-03 -7.5461538461538465E-03
  -1.5333333333333336E-03 -7.2769230769230767E-03
  -1.6871794871794873E-03 -7.0076923076923085E-03
  -1.8923076923076925E-03 -6.6999999999999994E-03
  -2.0846153846153853E-03 -6.3282051282051287E-03
  -2.2384615384615386E-03 -6.1102564102564101E-03
  -2.2641025641025642E-03 -5.6487179487179490E-03
  -2.4692307692307696E-03 -5.2897435897435903E-03
  -2.6615384615384617E-03 -4.9564102564102564E-03
  -2.7641025641025642E-03 -4.6871794871794874E-03
  -2.7897435897435898E-03 -4.4820512820512824E-03
  -2.8923076923076923E-03 -4.1743589743589750E-03
  -3.0717948717948721E-03 -3.8025641025641026E-03
  -3.1743589743589745E-03 -3.5846153846153849E-03
  -3.2384615384615381E-03 -3.4692307692307696E-03
  -3.3666666666666667E-03 -3.1871794871794873E-03
  -3.5333333333333336E-03 -2.7641025641025642E-03
  -3.7256410256410258E-03 -2.1487179487179489E-03
  -3.8025641025641026E-03 -1.4692307692307693E-03
  -3.7256410256410258E-03 -1.0846153846153848E-03
  -3.8666666666666671E-03 -5.2051282051282033E-04
  -4.0076923076923076E-03 -2.0512820512820322E-05
  -4.1230769230769229E-03  4.2820512820512802E-04
  -4.2000000000000006E-03  7.2307692307692307E-04
  -4.3923076923076928E-03  1.2487179487179491E-03
  -4.6102564102564105E-03  1.8000000000000000E-03
  -4.8153846153846155E-03  2.2999999999999995E-03
  -4.7769230769230770E-03  2.9666666666666665E-03
  -4.7769230769230770E-03  3.2999999999999995E-03
  -4.7512820512820514E-03  3.5948717948717950E-03
  -4.7384615384615386E-03  4.0051282051282045E-03
  -4.7384615384615386E-03  4.3256410256410256E-03
  -4.6871794871794874E-03  4.6974358974358980E-03
  -4.6358974358974361E-03  4.9794871794871815E-03
  -4.6102564102564105E-03  5.3769230769230760E-03
  -4.6615384615384618E-03  5.6333333333333322E-03
  -4.7384615384615386E-03  6.0051282051282063E-03
  -4.7897435897435899E-03  6.4538461538461555E-03
  -4.8025641025641027E-03  6.7487179487179475E-03
  -4.7897435897435899E-03  7.0820512820512806E-03
  -4.7769230769230770E-03  7.3897435897435932E-03
  -4.7256410256410258E-03  7.5307692307692315E-03
  -4.5846153846153849E-03  7.8384615384615424E-03
  -4.3666666666666671E-03  8.3000000000000001E-03
  -4.2384615384615382E-03  8.6461538461538468E-03
  -4.0974358974358973E-03  9.0435897435897448E-03
  -3.9435897435897435E-03  9.4025641025641000E-03
  -3.7769230769230770E-03  9.9025641025641056E-03
  -3.8153846153846155E-03  1.0646153846153847E-02
  -3.5974358974358977E-03  1.1441025641025643E-02
  -3.5461538461538464E-03  1.2069230769230768E-02
  -3.5846153846153849E-03  1.2646153846153847E-02
  -3.4435897435897440E-03  1.3120512820512820E-02
  -3.4564102564102568E-03  1.3441025641025643E-02
  -3.3538461538461539E-03  1.3748717948717950E-02
  -3.3282051282051282E-03  1.3825641025641025E-02
  -3.3282051282051282E-03  1.4030769230769234E-02
  -3.3666666666666667E-03  1.4325641025641026E-02
  -3.2897435897435903E-03  1.4556410256410258E-02
  -3.2384615384615381E-03  1.4761538461538463E-02
  -3.2641025641025642E-03  1.4992307692307692E-02
  -3.2641025641025642E-03  1.5146153846153846E-02
  -3.2128205128205130E-03  1.5441025641025641E-02
  -3.1102564102564105E-03  1.5902564102564101E-02
  -2.8794871794871795E-03  1.6210256410256408E-02
  -2.7384615384615386E-03  1.6646153846153845E-02
  -2.5717948717948720E-03  1.7274358974358976E-02
  -2.4307692307692311E-03  1.7582051282051283E-02
  -2.2128205128205129E-03  1.8005128205128205E-02
  -2.1230769230769233E-03  1.8300000000000004E-02
  -1.9948717948717947E-03  1.8864102564102564E-02
  -1.8410256410256410E-03  1.9376923076923076E-02
  -1.7000000000000001E-03  1.9569230769230773E-02
  -1.4179487179487183E-03  1.9979487179487179E-02
  -1.2256410256410257E-03  2.0299999999999999E-02
  -9.4358974358974392E-04  2.0620512820512825E-02
  -6.2307692307692368E-04  2.1107692307692303E-02
  -4.3076923076923066E-04  2.1530769230769232E-02
  -8.4615384615384804E-05  2.2043589743589744E-02
   1.2051282051282015E-04  2.2364102564102564E-02
   3.6410256410256353E-04  2.3030769230769230E-02
   6.2051282051282059E-04  2.3376923076923069E-02
   1.2102564102564098E-03  2.4300000000000002E-02
   1.8128205128205128E-03  2.4941025641025641E-02
   2.1461538461538467E-03  2.5415384615384614E-02
   2.3641025641025636E-03  2.5838461538461536E-02
   2.5948717948717933E-03  2.6146153846153843E-02
   2.8769230769230768E-03  2.6287179487179482E-02
   3.1205128205128202E-03  2.6594871794871799E-02
   3.2871794871794867E-03  2.6966666666666670E-02
   3.5435897435897438E-03  2.7325641025641025E-02
   3.8000000000000000E-03  2.7556410256410258E-02
   4.0692307692307694E-03  2.7787179487179486E-02
   4.3769230769230769E-03  2.8030769230769231E-02
   4.5307692307692306E-03  2.8299999999999999E-02
   4.8769230769230790E-03  2.8761538461538456E-02
   5.1333333333333318E-03  2.9248717948717945E-02
   5.5564102564102571E-03  2.9761538461538457E-02
   6.1076923076923088E-03  3.0338461538461543E-02
   6.5051282051282067E-03  3.0761538461538458E-02
   7.0435897435897447E-03  3.1287179487179489E-02
   7.4282051282051290E-03  3.1851282051282050E-02
   7.7487179487179484E-03  3.2146153846153852E-02
   8.0051282051282029E-03  3.2364102564102562E-02
   8.2743589743589710E-03  3.2697435897435893E-02
   8.5435897435897443E-03  3.2851282051282051E-02
   8.8000000000000005E-03  3.3017948717948713E-02
   8.9923076923076935E-03  3.3235897435897437E-02
   9.2102564102564156E-03  3.3441025641025642E-02
   9.3769230769230761E-03  3.3569230769230768E-02
   9.5820512820512811E-03  3.3787179487179485E-02
   9.8256410256410218E-03  3.3966666666666666E-02
   1.0043589743589740E-02  3.4120512820512823E-02
   1.0197435897435896E-02  3.4171794871794871E-02
   1.0287179487179486E-02  3.4351282051282052E-02
   1.0543589743589741E-02  3.4671794871794871E-02
   1.0774358974358971E-02  3.4979487179487179E-02
   1.0876923076923081E-02  3.5069230769230769E-02
   1.1043589743589740E-02  3.5415384615384619E-02
   1.1338461538461539E-02  3.5748717948717951E-02
   1.1812820512820512E-02  3.5966666666666668E-02
   1.2300000000000004E-02  3.6325641025641023E-02
   1.2556410256410256E-02  3.6607692307692306E-02
   1.2800000000000001E-02  3.6902564102564102E-02
   1.3069230769230769E-02  3.7248717948717945E-02
   1.3351282051282056E-02  3.7556410256410253E-02
   1.3671794871794868E-02  3.7697435897435905E-02
   1.3915384615384619E-02  3.7761538461538458E-02
   1.4120512820512824E-02  3.7825641025641017E-02
   1.4312820512820514E-02  3.8030769230769236E-02
   1.4582051282051282E-02  3.8261538461538465E-02
   1.4735897435897436E-02  3.8428205128205127E-02
   1.5043589743589743E-02  3.8748717948717946E-02
   1.5376923076923078E-02  3.9338461538461544E-02
   1.5671794871794868E-02  3.9658974358974364E-02
   1.6005128205128203E-02  3.9902564102564098E-02
   1.6312820512820510E-02  4.0082051282051286E-02
   1.6684615384615385E-02  4.0338461538461545E-02
   1.6825641025641030E-02  4.0723076923076924E-02
   1.7184615384615385E-02  4.1274358974358973E-02
   1.7543589743589744E-02  4.1658974358974366E-02
   1.7902564102564102E-02  4.2082051282051287E-02
   1.8223076923076922E-02  4.2261538461538461E-02
   1.8582051282051280E-02  4.2376923076923076E-02
   1.8928205128205134E-02  4.2582051282051281E-02
   1.9184615384615387E-02  4.2761538461538469E-02
   1.9569230769230773E-02  4.3069230769230769E-02
   1.9851282051282049E-02  4.3364102564102565E-02
   2.0056410256410258E-02  4.3607692307692306E-02
   2.0325641025641026E-02  4.3851282051282053E-02
   2.0530769230769231E-02  4.3799999999999999E-02
   2.0799999999999999E-02  4.3889743589743596E-02
   2.0928205128205129E-02  4.4017948717948716E-02
   2.1056410256410252E-02  4.4300000000000006E-02
   2.1248717948717948E-02  4.4505128205128204E-02
   2.1543589743589740E-02  4.4800000000000000E-02
   2.1812820512820512E-02  4.5171794871794860E-02
   2.2133333333333335E-02  4.5505128205128205E-02
   2.2389743589743591E-02  4.5774358974358983E-02
   2.2646153846153840E-02  4.5941025641025632E-02
   2.2992307692307690E-02  4.6158974358974363E-02
   2.3274358974358970E-02  4.6364102564102568E-02
   2.3607692307692305E-02  4.6582051282051284E-02
   2.3889743589743596E-02  4.6761538461538459E-02
   2.4312820512820514E-02  4.6953846153846159E-02
   2.4505128205128207E-02  4.7197435897435892E-02
   2.4671794871794873E-02  4.7479487179487169E-02
   2.4889743589743590E-02  4.7761538461538473E-02
   2.5184615384615385E-02  4.8069230769230774E-02
   2.5543589743589744E-02  4.8248717948717948E-02
   2.5710256410256409E-02  4.8466666666666665E-02
   2.5876923076923075E-02  4.8697435897435887E-02
   2.6248717948717949E-02  4.8979487179487177E-02
   2.6505128205128205E-02  4.9094871794871792E-02
   2.7005128205128206E-02  4.9146153846153846E-02
   2.7287179487179489E-02  4.9312820512820509E-02
   2.7543589743589746E-02  4.9556410256410256E-02
   2.7723076923076923E-02  4.9620512820512816E-02
   2.8005128205128203E-02  4.9723076923076918E-02
   2.8171794871794865E-02  4.9864102564102564E-02
   2.8479487179487173E-02  5.0107692307692304E-02
   2.8787179487179480E-02  5.0351282051282052E-02
   2.9261538461538464E-02  5.0556410256410257E-02
   2.9530769230769228E-02  5.0646153846153848E-02
   2.9941025641025645E-02  5.0748717948717943E-02
   3.0261538461538465E-02  5.0889743589743588E-02
   3.0620512820512820E-02  5.1082051282051268E-02
   3.1094871794871796E-02  5.1453846153846142E-02
   3.1658974358974357E-02  5.1941025641025637E-02
   3.2171794871794869E-02  5.2376923076923071E-02
   3.2607692307692303E-02  5.2710256410256416E-02
   3.3235897435897437E-02  5.2825641025641024E-02
   3.3697435897435894E-02  5.3120512820512826E-02
   3.4197435897435895E-02  5.3338461538461529E-02
   3.4530769230769233E-02  5.3453846153846157E-02
   3.4876923076923076E-02  5.3594871794871789E-02
