   4.9479487179487185E-02 -3.8007692307692312E-02
   4.9274358974358966E-02 -3.7917948717948721E-02
   4.9056410256410249E-02 -3.7841025641025643E-02
   4.8812820512820515E-02 -3.7776923076923076E-02
   4.8569230769230767E-02 -3.7700000000000004E-02
   4.8197435897435907E-02 -3.7571794871794871E-02
   4.7684615384615374E-02 -3.7379487179487178E-02
   4.7389743589743578E-02 -3.7251282051282052E-02
   4.7107692307692302E-02 -3.7046153846153847E-02
   4.6851282051282056E-02 -3.6930769230769232E-02
   4.6517948717948725E-02 -3.6776923076923075E-02
   4.6223076923076922E-02 -3.6584615384615382E-02
   4.5928205128205127E-02 -3.6379487179487177E-02
   4.5530769230769222E-02 -3.6200000000000003E-02
   4.5389743589743577E-02 -3.6161538461538460E-02
   4.5171794871794860E-02 -3.6174358974358972E-02
   4.4864102564102566E-02 -3.6148717948717948E-02
   4.4594871794871795E-02 -3.6084615384615382E-02
   4.4235897435897432E-02 -3.5956410256410255E-02
   4.3928205128205125E-02 -3.5879487179487177E-02
   4.3543589743589746E-02 -3.5738461538461538E-02
   4.3223076923076927E-02 -3.5610256410256412E-02
   4.3082051282051288E-02 -3.5392307692307695E-02
   4.2799999999999998E-02 -3.5174358974358978E-02
   4.2517948717948721E-02 -3.5020512820512821E-02
   4.2146153846153854E-02 -3.4802564102564104E-02
   4.1633333333333335E-02 -3.4571794871794868E-02
   4.1287179487179484E-02 -3.4341025641025646E-02
   4.1056410256410256E-02 -3.4084615384615387E-02
   4.0941025641025641E-02 -3.3700000000000001E-02
   4.0569230769230774E-02 -3.3520512820512820E-02
   4.0184615384615381E-02 -3.3328205128205120E-02
   3.9761538461538466E-02 -3.3200000000000000E-02
   3.9261538461538459E-02 -3.3097435897435905E-02
   3.8505128205128199E-02 -3.3084615384615379E-02
   3.8146153846153837E-02 -3.3174358974358976E-02
   3.7658974358974355E-02 -3.3174358974358976E-02
   3.7287179487179481E-02 -3.3148717948717960E-02
   3.6979487179487180E-02 -3.3251282051282048E-02
   3.6723076923076921E-02 -3.3289743589743584E-02
   3.6453846153846156E-02 -3.3341025641025639E-02
   3.6197435897435896E-02 -3.3430769230769229E-02
   3.6005128205128203E-02 -3.3482051282051284E-02
   3.5735897435897439E-02 -3.3507692307692308E-02
   3.5171794871794872E-02 -3.3264102564102567E-02
   3.4658974358974359E-02 -3.2982051282051277E-02
   3.4402564102564100E-02 -3.2623076923076928E-02
   3.4210256410256407E-02 -3.2148717948717945E-02
   3.3953846153846154E-02 -3.1725641025641023E-02
   3.3671794871794870E-02 -3.1289743589743589E-02
   3.3517948717948720E-02 -3.0802564102564101E-02
   3.3235897435897437E-02 -3.0635897435897428E-02
   3.2697435897435893E-02 -3.0494871794871793E-02
   3.2261538461538460E-02 -3.0417948717948715E-02
   3.1953846153846152E-02 -3.0328205128205128E-02
   3.1633333333333333E-02 -3.0187179487179486E-02
   3.1376923076923073E-02 -3.0084615384615383E-02
   3.0966666666666663E-02 -2.9917948717948718E-02
   3.0505128205128205E-02 -2.9776923076923072E-02
   3.0210256410256410E-02 -2.9712820512820513E-02
   2.9735897435897433E-02 -2.9648717948717949E-02
   2.9453846153846150E-02 -2.9623076923076926E-02
   2.8941025641025638E-02 -2.9751282051282052E-02
   2.8453846153846149E-02 -2.9533333333333335E-02
   2.8069230769230763E-02 -2.9212820512820516E-02
   2.7594871794871793E-02 -2.8725641025641031E-02
   2.7171794871794875E-02 -2.8469230769230764E-02
   2.6697435897435905E-02 -2.8251282051282047E-02
   2.6389743589743584E-02 -2.7789743589743589E-02
   2.5774358974358973E-02 -2.7482051282051282E-02
   2.5146153846153846E-02 -2.7148717948717951E-02
   2.4402564102564105E-02 -2.6674358974358978E-02
   2.3633333333333340E-02 -2.6187179487179493E-02
   2.2864102564102564E-02 -2.5828205128205124E-02
   2.2223076923076922E-02 -2.5520512820512820E-02
   2.1505128205128204E-02 -2.5200000000000000E-02
   2.0902564102564102E-02 -2.4866666666666665E-02
   2.0364102564102562E-02 -2.4546153846153846E-02
   1.9928205128205128E-02 -2.4289743589743593E-02
   1.9543589743589742E-02 -2.4084615384615381E-02
   1.9158974358974359E-02 -2.3879487179487180E-02
   1.8607692307692308E-02 -2.3597435897435903E-02
   1.7864102564102563E-02 -2.3225641025641033E-02
   1.7210256410256409E-02 -2.2815384615384612E-02
   1.6633333333333326E-02 -2.2507692307692308E-02
   1.6223076923076923E-02 -2.2302564102564103E-02
   1.5902564102564101E-02 -2.2071794871794871E-02
   1.5594871794871795E-02 -2.1815384615384615E-02
   1.5223076923076924E-02 -2.1546153846153847E-02
   1.4800000000000002E-02 -2.1353846153846154E-02
   1.4299999999999998E-02 -2.1071794871794870E-02
   1.3941025641025640E-02 -2.0853846153846157E-02
   1.3697435897435899E-02 -2.0725641025641027E-02
   1.3261538461538462E-02 -2.0443589743589743E-02
   1.3030769230769229E-02 -2.0174358974358975E-02
   1.2748717948717949E-02 -1.9892307692307692E-02
   1.2325641025641029E-02 -1.9610256410256412E-02
   1.1825641025641024E-02 -1.9328205128205132E-02
   1.1082051282051282E-02 -1.8892307692307694E-02
   1.0594871794871796E-02 -1.8610256410256411E-02
   1.0120512820512823E-02 -1.8225641025641025E-02
   9.8256410256410218E-03 -1.7930769230769233E-02
   9.1205128205128216E-03 -1.7405128205128205E-02
   8.3512820512820513E-03 -1.6930769230769232E-02
   7.9666666666666670E-03 -1.6546153846153842E-02
   7.7230769230769245E-03 -1.6392307692307692E-02
   7.3256410256410266E-03 -1.6187179487179487E-02
   6.8641025641025671E-03 -1.5917948717948719E-02
   6.5948717948717973E-03 -1.5789743589743593E-02
   6.2871794871794864E-03 -1.5623076923076925E-02
   5.9025641025641038E-03 -1.5366666666666666E-02
   5.5692307692307690E-03 -1.5148717948717945E-02
   5.2487179487179497E-03 -1.4982051282051281E-02
   4.8512820512820517E-03 -1.4789743589743590E-02
   4.5564102564102579E-03 -1.4546153846153846E-02
   4.3256410256410256E-03 -1.4315384615384614E-02
   4.1333333333333326E-03 -1.4199999999999999E-02
   3.9025641025641025E-03 -1.3802564102564099E-02
   3.7743589743589744E-03 -1.3482051282051280E-02
   3.5307692307692310E-03 -1.3071794871794872E-02
   3.1461538461538458E-03 -1.2661538461538458E-02
   2.5564102564102566E-03 -1.2494871794871795E-02
   2.1589743589743595E-03 -1.2123076923076920E-02
   1.8128205128205128E-03 -1.1738461538461540E-02
   1.5435897435897429E-03 -1.1174358974358973E-02
   1.2615384615384602E-03 -1.0597435897435899E-02
   1.1333333333333330E-03 -1.0238461538461538E-02
   9.4102564102564084E-04 -9.8923076923076916E-03
   6.4615384615384621E-04 -9.4948717948717936E-03
   4.1538461538461521E-04 -9.2256410256410255E-03
   2.9999999999999992E-04 -8.9307692307692317E-03
   3.0769230769230049E-05 -8.5846153846153850E-03
  -2.6410256410256414E-04 -8.1487179487179495E-03
  -4.9487179487179471E-04 -7.9435897435897445E-03
  -6.4871794871794886E-04 -7.6487179487179490E-03
  -9.6923076923076997E-04 -7.3025641025641023E-03
  -1.3666666666666666E-03 -6.9051282051282043E-03
  -1.6230769230769233E-03 -6.4692307692307688E-03
  -1.7641025641025640E-03 -6.2769230769230775E-03
  -2.0205128205128204E-03 -5.9692307692307692E-03
  -2.0846153846153853E-03 -5.3153846153846159E-03
  -2.1358974358974361E-03 -4.9692307692307692E-03
  -2.3153846153846154E-03 -4.7128205128205130E-03
  -2.5333333333333336E-03 -4.3025641025641031E-03
  -2.7512820512820514E-03 -3.9820512820512820E-03
  -2.9564102564102563E-03 -3.5461538461538464E-03
  -3.1743589743589745E-03 -3.1487179487179489E-03
  -3.3410256410256411E-03 -2.8282051282051282E-03
  -3.5205128205128208E-03 -2.5589743589743592E-03
  -3.8153846153846155E-03 -2.1487179487179489E-03
  -3.9435897435897435E-03 -1.8025641025641026E-03
  -3.9692307692307700E-03 -1.4564102564102565E-03
  -3.8282051282051283E-03 -1.1358974358974361E-03
  -3.7897435897435898E-03 -9.0512820512820549E-04
  -3.8538461538461539E-03 -6.2307692307692368E-04
  -3.9051282051282051E-03 -3.1538461538461494E-04
  -3.9692307692307700E-03  9.4871794871794531E-05
  -4.1230769230769229E-03  5.0512820512820487E-04
  -4.2128205128205126E-03  9.0256410256410241E-04
  -4.2641025641025638E-03  1.3000000000000004E-03
  -4.3410256410256406E-03  1.7358974358974359E-03
  -4.4948717948717944E-03  2.2487179487179483E-03
  -4.6102564102564105E-03  2.8128205128205128E-03
  -4.6871794871794874E-03  3.2358974358974364E-03
  -4.6615384615384618E-03  3.7102564102564103E-03
  -4.6487179487179489E-03  4.1333333333333326E-03
  -4.6230769230769233E-03  4.5307692307692306E-03
  -4.5974358974358986E-03  5.0179487179487173E-03
  -4.6102564102564105E-03  5.4923076923076922E-03
  -4.6358974358974361E-03  5.9794871794871789E-03
  -4.6358974358974361E-03  6.4153846153846162E-03
  -4.5076923076923080E-03  6.8641025641025671E-03
  -4.4051282051282056E-03  7.2999999999999992E-03
  -4.2641025641025638E-03  7.6846153846153870E-03
  -4.0589743589743588E-03  8.0179487179487200E-03
  -3.8923076923076927E-03  8.4923076923076931E-03
  -3.7897435897435898E-03  8.9025641025641047E-03
  -3.7512820512820514E-03  9.2102564102564156E-03
  -3.6871794871794874E-03  9.7230769230769246E-03
  -3.6871794871794874E-03  1.0094871794871792E-02
  -3.7641025641025642E-03  1.0441025641025640E-02
  -3.7256410256410258E-03  1.0902564102564107E-02
  -3.7000000000000002E-03  1.1300000000000003E-02
  -3.6102564102564105E-03  1.1761538461538460E-02
  -3.5205128205128208E-03  1.2479487179487181E-02
  -3.4564102564102568E-03  1.3171794871794871E-02
  -3.3794871794871799E-03  1.3735897435897435E-02
  -3.2128205128205130E-03  1.4094871794871794E-02
  -3.2000000000000002E-03  1.4710256410256412E-02
  -3.0974358974358977E-03  1.5184615384615385E-02
  -2.8794871794871795E-03  1.5569230769230771E-02
  -2.7512820512820514E-03  1.5941025641025640E-02
  -2.7128205128205130E-03  1.6402564102564104E-02
  -2.6487179487179489E-03  1.6876923076923081E-02
  -2.5076923076923080E-03  1.7582051282051283E-02
  -2.3153846153846154E-03  1.8146153846153843E-02
  -2.1230769230769233E-03  1.8633333333333328E-02
  -1.7769230769230770E-03  1.9133333333333336E-02
  -1.5589743589743592E-03  1.9505128205128206E-02
  -1.3025641025641026E-03  1.9992307692307691E-02
  -9.1794871794871787E-04  2.0505128205128204E-02
  -6.3589743589743649E-04  2.1082051282051279E-02
  -1.4871794871794885E-04  2.1825641025641027E-02
   8.2051282051281722E-05  2.2184615384615386E-02
   3.1282051282051273E-04  2.2671794871794871E-02
   5.8205128205128173E-04  2.3184615384615383E-02
   9.9230769230769207E-04  2.3774358974358971E-02
   1.3897435897435900E-03  2.4492307692307685E-02
   2.0307692307692305E-03  2.5107692307692307E-02
   2.3897435897435892E-03  2.5517948717948716E-02
   2.8000000000000000E-03  2.6094871794871792E-02
   3.1076923076923074E-03  2.6671794871794868E-02
   3.5948717948717950E-03  2.7184615384615377E-02
   3.9666666666666670E-03  2.7505128205128206E-02
   4.4666666666666674E-03  2.8043589743589743E-02
   4.7871794871794885E-03  2.8453846153846149E-02
   5.1333333333333318E-03  2.8838461538461535E-02
   5.4538461538461546E-03  2.9441025641025638E-02
   5.8128205128205133E-03  3.0069230769230765E-02
   6.4025641025641008E-03  3.0799999999999994E-02
   7.0051282051282020E-03  3.1274358974358971E-02
   7.4282051282051290E-03  3.1582051282051278E-02
   7.6846153846153870E-03  3.2005128205128207E-02
   8.0307692307692320E-03  3.2594871794871791E-02
   8.3128205128205120E-03  3.2825641025641027E-02
   8.6717948717948707E-03  3.3120512820512815E-02
   8.9923076923076935E-03  3.3351282051282051E-02
   9.1589743589743627E-03  3.3646153846153846E-02
   9.6589743589743579E-03  3.4223076923076926E-02
   9.8897435897435885E-03  3.4441025641025642E-02
   1.0094871794871792E-02  3.4774358974358974E-02
   1.0261538461538463E-02  3.5274358974358974E-02
   1.0607692307692309E-02  3.5543589743589746E-02
   1.0902564102564107E-02  3.5582051282051282E-02
   1.1210256410256412E-02  3.5607692307692305E-02
   1.1505128205128204E-02  3.5979487179487173E-02
   1.1928205128205133E-02  3.6697435897435897E-02
   1.2376923076923079E-02  3.7017948717948716E-02
   1.2569230769230772E-02  3.7082051282051283E-02
   1.2941025641025642E-02  3.7223076923076928E-02
   1.3274358974358977E-02  3.7569230769230764E-02
   1.3428205128205131E-02  3.7748717948717952E-02
   1.3723076923076923E-02  3.7902564102564103E-02
   1.3915384615384619E-02  3.8069230769230765E-02
   1.4133333333333336E-02  3.8223076923076922E-02
   1.4364102564102565E-02  3.8376923076923086E-02
   1.4556410256410258E-02  3.8594871794871803E-02
   1.4851282051282054E-02  3.8992307692307694E-02
   1.5120512820512822E-02  3.9248717948717940E-02
   1.5697435897435896E-02  3.9697435897435893E-02
   1.5941025641025640E-02  3.9799999999999995E-02
   1.6235897435897435E-02  4.0146153846153838E-02
   1.6492307692307692E-02  4.0505128205128201E-02
   1.6633333333333326E-02  4.0864102564102563E-02
   1.7082051282051283E-02  4.1030769230769225E-02
   1.7543589743589744E-02  4.1274358974358973E-02
   1.7710256410256409E-02  4.1646153846153847E-02
   1.7941025641025642E-02  4.2017948717948714E-02
   1.8133333333333331E-02  4.2094871794871785E-02
   1.8466666666666669E-02  4.2197435897435888E-02
   1.8992307692307690E-02  4.2351282051282045E-02
   1.9441025641025639E-02  4.2479487179487178E-02
   1.9787179487179490E-02  4.2723076923076926E-02
   1.9992307692307691E-02  4.2799999999999998E-02
   2.0389743589743589E-02  4.3043589743589745E-02
   2.0774358974358975E-02  4.3415384615384606E-02
   2.1107692307692303E-02  4.3735897435897439E-02
   2.1325641025641020E-02  4.3992307692307699E-02
   2.1582051282051283E-02  4.4376923076923078E-02
   2.2107692307692311E-02  4.4800000000000000E-02
   2.2748717948717950E-02  4.5017948717948716E-02
   2.3030769230769230E-02  4.5248717948717945E-02
   2.3428205128205124E-02  4.5723076923076929E-02
   2.3735897435897442E-02  4.6005128205128205E-02
   2.4146153846153848E-02  4.6364102564102568E-02
   2.4415384615384617E-02  4.6582051282051284E-02
   2.4812820512820515E-02  4.6710256410256411E-02
