   5.0530769230769226E-02 -3.7879487179487178E-02
   5.0287179487179492E-02 -3.7828205128205131E-02
   4.9979487179487192E-02 -3.7789743589743588E-02
   4.9723076923076918E-02 -3.7725641025641028E-02
   4.9428205128205123E-02 -3.7635897435897438E-02
   4.8941025641025648E-02 -3.7507692307692311E-02
   4.8543589743589743E-02 -3.7353846153846154E-02
   4.8082051282051293E-02 -3.7174358974358973E-02
   4.7620512820512828E-02 -3.7033333333333335E-02
   4.7184615384615380E-02 -3.6892307692307690E-02
   4.6761538461538459E-02 -3.6738461538461539E-02
   4.6556410256410254E-02 -3.6546153846153853E-02
   4.6274358974358977E-02 -3.6302564102564105E-02
   4.5915384615384615E-02 -3.6135897435897436E-02
   4.5466666666666676E-02 -3.5930769230769231E-02
   4.4979487179487188E-02 -3.5700000000000003E-02
   4.4338461538461535E-02 -3.5443589743589743E-02
   4.3928205128205125E-02 -3.5276923076923081E-02
   4.3620512820512811E-02 -3.5046153846153852E-02
   4.3274358974358974E-02 -3.4879487179487176E-02
   4.2838461538461527E-02 -3.4815384615384616E-02
   4.2466666666666660E-02 -3.4776923076923073E-02
   4.2146153846153854E-02 -3.4661538461538466E-02
   4.1697435897435894E-02 -3.4520512820512821E-02
   4.1082051282051286E-02 -3.4251282051282049E-02
   4.0748717948717948E-02 -3.3917948717948718E-02
   4.0274358974358972E-02 -3.3700000000000001E-02
   3.9710256410256405E-02 -3.3443589743589741E-02
   3.9223076923076923E-02 -3.3225641025641024E-02
   3.8556410256410260E-02 -3.3097435897435905E-02
   3.7928205128205120E-02 -3.3046153846153850E-02
   3.7312820512820512E-02 -3.2815384615384614E-02
   3.6684615384615385E-02 -3.2623076923076928E-02
   3.6030769230769234E-02 -3.2328205128205126E-02
   3.5479487179487179E-02 -3.2110256410256409E-02
   3.4992307692307691E-02 -3.1866666666666668E-02
   3.4453846153846154E-02 -3.1610256410256408E-02
   3.4030769230769232E-02 -3.1392307692307692E-02
   3.3633333333333335E-02 -3.0905128205128207E-02
   3.3197435897435901E-02 -3.0699999999999998E-02
   3.2710256410256405E-02 -3.0482051282051281E-02
   3.2415384615384617E-02 -3.0341025641025639E-02
   3.1812820512820514E-02 -3.0097435897435895E-02
   3.1197435897435899E-02 -2.9853846153846154E-02
   3.0799999999999994E-02 -2.9712820512820513E-02
   3.0300000000000001E-02 -2.9571794871794874E-02
   2.9735897435897433E-02 -2.9366666666666662E-02
   2.9300000000000000E-02 -2.9161538461538464E-02
   2.8748717948717951E-02 -2.9264102564102567E-02
   2.8364102564102558E-02 -2.9058974358974362E-02
   2.8158974358974354E-02 -2.8905128205128208E-02
   2.7838461538461538E-02 -2.8738461538461532E-02
   2.7415384615384616E-02 -2.8533333333333331E-02
   2.6825641025641028E-02 -2.8264102564102563E-02
   2.6466666666666663E-02 -2.7892307692307692E-02
   2.6056410256410263E-02 -2.7699999999999999E-02
   2.5594871794871788E-02 -2.7520512820512821E-02
   2.5146153846153846E-02 -2.7328205128205128E-02
   2.4748717948717951E-02 -2.7161538461538463E-02
   2.4261538461538470E-02 -2.6866666666666667E-02
   2.3851282051282046E-02 -2.6507692307692312E-02
   2.3530769230769234E-02 -2.6225641025641028E-02
   2.3158974358974356E-02 -2.6046153846153840E-02
   2.2684615384615379E-02 -2.5815384615384622E-02
   2.2338461538461540E-02 -2.5623076923076925E-02
   2.1812820512820512E-02 -2.5379487179487181E-02
   2.1223076923076921E-02 -2.5020512820512826E-02
   2.0723076923076920E-02 -2.4764102564102563E-02
   2.0184615384615384E-02 -2.4417948717948720E-02
   1.9505128205128206E-02 -2.4020512820512825E-02
   1.9005128205128199E-02 -2.3789743589743593E-02
   1.8517948717948721E-02 -2.3571794871794872E-02
   1.8043589743589748E-02 -2.3328205128205135E-02
   1.7684615384615385E-02 -2.3123076923076923E-02
   1.7338461538461539E-02 -2.2892307692307691E-02
   1.6979487179487177E-02 -2.2687179487179486E-02
   1.6492307692307692E-02 -2.2430769230769230E-02
   1.5864102564102565E-02 -2.2007692307692308E-02
   1.5633333333333332E-02 -2.1853846153846154E-02
   1.5146153846153846E-02 -2.1623076923076925E-02
   1.4761538461538463E-02 -2.1443589743589744E-02
   1.4415384615384616E-02 -2.1276923076923079E-02
   1.3992307692307691E-02 -2.0982051282051283E-02
   1.3658974358974363E-02 -2.0776923076923078E-02
   1.3261538461538462E-02 -2.0469230769230771E-02
   1.3184615384615383E-02 -2.0302564102564102E-02
   1.2992307692307694E-02 -2.0046153846153845E-02
   1.2633333333333335E-02 -1.9776923076923077E-02
   1.2146153846153843E-02 -1.9456410256410258E-02
   1.1607692307692307E-02 -1.9135897435897435E-02
   1.0992307692307692E-02 -1.8738461538461541E-02
   1.0646153846153847E-02 -1.8494871794871789E-02
   1.0351282051282053E-02 -1.8264102564102568E-02
   1.0082051282051281E-02 -1.8084615384615383E-02
   9.8512820512820527E-03 -1.7917948717948717E-02
   9.5692307692307691E-03 -1.7597435897435901E-02
   9.2871794871794890E-03 -1.7366666666666669E-02
   8.9410256410256423E-03 -1.7200000000000000E-02
   8.4410256410256419E-03 -1.6956410256410259E-02
   7.9282051282051295E-03 -1.6661538461538464E-02
   7.5051282051282059E-03 -1.6379487179487180E-02
   7.2230769230769241E-03 -1.6084615384615385E-02
   6.9666666666666679E-03 -1.5892307692307695E-02
   6.6589743589743570E-03 -1.5610256410256410E-02
   6.3256410256410257E-03 -1.5456410256410254E-02
   5.9666666666666670E-03 -1.5251282051282051E-02
   5.6333333333333322E-03 -1.5007692307692307E-02
   5.3512820512820521E-03 -1.4815384615384614E-02
   5.1461538461538454E-03 -1.4648717948717948E-02
   4.7615384615384612E-03 -1.4135897435897436E-02
   4.3256410256410256E-03 -1.3776923076923074E-02
   3.8641025641025640E-03 -1.3251282051282053E-02
   3.4923076923076926E-03 -1.2879487179487175E-02
   3.1717948717948715E-03 -1.2546153846153848E-02
   2.8512820512820512E-03 -1.2289743589743591E-02
   2.5435897435897438E-03 -1.1802564102564101E-02
   2.3128205128205123E-03 -1.1328205128205126E-02
   2.1974358974358979E-03 -1.0956410256410257E-02
   2.0435897435897433E-03 -1.0469230769230771E-02
   1.8897435897435896E-03 -1.0264102564102564E-02
   1.6076923076923078E-03 -9.9435897435897428E-03
   1.1974358974358979E-03 -9.6358974358974371E-03
   1.0051282051282049E-03 -9.4435897435897424E-03
   6.8461538461538508E-04 -9.0974358974358974E-03
   2.8717948717948711E-04 -8.6871794871794875E-03
   6.9230769230768912E-05 -8.3153846153846134E-03
  -2.0000000000000009E-04 -7.9820512820512838E-03
  -4.4358974358974347E-04 -7.6230769230769234E-03
  -7.6410256410256372E-04 -7.2641025641025647E-03
  -1.0974358974358976E-03 -6.8923076923076924E-03
  -1.3538461538461538E-03 -6.5589743589743593E-03
  -1.6743589743589745E-03 -6.1358974358974357E-03
  -1.8666666666666669E-03 -5.6743589743589746E-03
  -2.0205128205128204E-03 -5.2897435897435903E-03
  -2.1358974358974361E-03 -4.6487179487179489E-03
  -2.2897435897435898E-03 -4.3538461538461543E-03
  -2.5076923076923080E-03 -3.9307692307692307E-03
  -2.7000000000000001E-03 -3.5846153846153849E-03
  -2.8794871794871795E-03 -3.2256410256410258E-03
  -3.0461538461538464E-03 -2.8923076923076923E-03
  -3.1230769230769229E-03 -2.6358974358974361E-03
  -3.2384615384615381E-03 -2.3025641025641026E-03
  -3.3410256410256411E-03 -1.9307692307692309E-03
  -3.3666666666666667E-03 -1.4435897435897437E-03
  -3.3538461538461539E-03 -9.1794871794871787E-04
  -3.5717948717948721E-03 -5.3333333333333314E-04
  -3.6871794871794874E-03 -2.0000000000000009E-04
  -3.8025641025641026E-03  2.4871794871794868E-04
  -3.8794871794871799E-03  6.5897435897435946E-04
  -3.8666666666666671E-03  1.0692307692307698E-03
  -3.8538461538461539E-03  1.3384615384615388E-03
  -3.9564102564102564E-03  1.8000000000000000E-03
  -3.9692307692307700E-03  2.4025641025641020E-03
  -4.0589743589743588E-03  2.8256410256410256E-03
  -4.0846153846153845E-03  3.1333333333333330E-03
  -4.3282051282051287E-03  3.3641025641025636E-03
  -4.3282051282051287E-03  3.6461538461538463E-03
  -4.2769230769230775E-03  4.0692307692307694E-03
  -4.2641025641025638E-03  4.4538461538461537E-03
  -4.1871794871794869E-03  4.9282051282051303E-03
  -4.1615384615384622E-03  5.1205128205128198E-03
  -4.2512820512820518E-03  5.3641025641025641E-03
  -4.2897435897435894E-03  5.6717948717948715E-03
  -4.2641025641025638E-03  6.0435897435897456E-03
  -4.3153846153846150E-03  6.5179487179487187E-03
  -4.3025641025641031E-03  6.8641025641025671E-03
  -4.2128205128205126E-03  7.3128205128205129E-03
  -3.9692307692307700E-03  7.7871794871794877E-03
  -3.8923076923076927E-03  8.3384615384615394E-03
  -3.7256410256410258E-03  8.7743589743589714E-03
  -3.6102564102564105E-03  9.1846153846153831E-03
  -3.5205128205128208E-03  9.6333333333333340E-03
  -3.5461538461538464E-03  9.9794871794871825E-03
  -3.5846153846153849E-03  1.0364102564102565E-02
  -3.5333333333333336E-03  1.0902564102564107E-02
  -3.5076923076923080E-03  1.1402564102564102E-02
  -3.4435897435897440E-03  1.1928205128205133E-02
  -3.3410256410256411E-03  1.2594871794871792E-02
  -3.2128205128205130E-03  1.3146153846153844E-02
  -3.0589743589743588E-03  1.3646153846153848E-02
  -2.8666666666666667E-03  1.3992307692307691E-02
  -2.8153846153846154E-03  1.4441025641025644E-02
  -2.7512820512820514E-03  1.4864102564102566E-02
  -2.7000000000000001E-03  1.5235897435897436E-02
  -2.8410256410256410E-03  1.5684615384615384E-02
  -2.7256410256410258E-03  1.6043589743589742E-02
  -2.6102564102564105E-03  1.6389743589743589E-02
  -2.4820512820512824E-03  1.6684615384615385E-02
  -2.1615384615384621E-03  1.7351282051282051E-02
  -1.9051282051282053E-03  1.8107692307692307E-02
  -1.7384615384615386E-03  1.8851282051282049E-02
  -1.5461538461538464E-03  1.9466666666666663E-02
  -1.3025641025641026E-03  1.9915384615384616E-02
  -9.5641025641025673E-04  2.0517948717948722E-02
  -8.0256410256410345E-04  2.0799999999999999E-02
  -6.2307692307692368E-04  2.0966666666666665E-02
  -4.5641025641025628E-04  2.1312820512820511E-02
  -4.3076923076923066E-04  2.1915384615384614E-02
  -2.8974358974358976E-04  2.2223076923076922E-02
  -7.1794871794871994E-05  2.2569230769230769E-02
   2.1025641025641025E-04  2.3248717948717947E-02
   5.5641025641025611E-04  2.3799999999999995E-02
   9.9230769230769207E-04  2.4479487179487187E-02
   1.4538461538461532E-03  2.4992307692307692E-02
   1.8897435897435896E-03  2.5607692307692307E-02
   2.1717948717948723E-03  2.5979487179487181E-02
   2.6205128205128206E-03  2.6505128205128205E-02
   3.1333333333333330E-03  2.7107692307692308E-02
   3.5435897435897438E-03  2.7582051282051281E-02
   4.0435897435897438E-03  2.8171794871794865E-02
   4.5948717948717955E-03  2.8748717948717951E-02
   5.0820512820512805E-03  2.9633333333333331E-02
   5.7102564102564108E-03  3.0312820512820512E-02
   6.0435897435897456E-03  3.0851282051282049E-02
   6.5564102564102580E-03  3.1261538461538459E-02
   6.7487179487179475E-03  3.1466666666666664E-02
   7.0435897435897447E-03  3.1838461538461538E-02
   7.3769230769230778E-03  3.2171794871794869E-02
   7.6333333333333357E-03  3.2479487179487176E-02
   7.8769230769230782E-03  3.2915384615384610E-02
   8.2358974358974369E-03  3.3364102564102563E-02
   8.4153846153846145E-03  3.3492307692307689E-02
   8.7871794871794886E-03  3.3774358974358973E-02
   9.0307692307692346E-03  3.4133333333333335E-02
   9.5051282051282077E-03  3.4633333333333335E-02
   9.9025641025641056E-03  3.5120512820512817E-02
   1.0428205128205128E-02  3.5684615384615384E-02
   1.1210256410256412E-02  3.6441025641025644E-02
   1.1851282051282056E-02  3.7005128205128204E-02
   1.2492307692307690E-02  3.7428205128205133E-02
   1.3184615384615383E-02  3.7966666666666662E-02
   1.3684615384615384E-02  3.8325641025641025E-02
   1.4120512820512824E-02  3.8582051282051284E-02
   1.4543589743589746E-02  3.9017948717948725E-02
   1.4876923076923078E-02  3.9441025641025647E-02
   1.5210256410256412E-02  3.9787179487179476E-02
   1.5530769230769232E-02  4.0056410256410255E-02
   1.6056410256410254E-02  4.0864102564102563E-02
   1.6607692307692313E-02  4.1235897435897444E-02
   1.7056410256410255E-02  4.1569230769230775E-02
   1.7312820512820508E-02  4.2069230769230768E-02
   1.7735897435897437E-02  4.2402564102564107E-02
   1.8094871794871792E-02  4.2569230769230762E-02
   1.8594871794871792E-02  4.2799999999999998E-02
   1.8864102564102564E-02  4.2928205128205124E-02
   1.9235897435897438E-02  4.3184615384615384E-02
   1.9492307692307691E-02  4.3376923076923077E-02
   1.9915384615384616E-02  4.3697435897435896E-02
   2.0299999999999999E-02  4.4017948717948716E-02
   2.0556410256410255E-02  4.4043589743589746E-02
   2.0876923076923078E-02  4.4466666666666675E-02
   2.1338461538461535E-02  4.5069230769230771E-02
   2.1876923076923079E-02  4.5582051282051284E-02
   2.2287179487179488E-02  4.5941025641025632E-02
   2.2851282051282056E-02  4.6210256410256417E-02
   2.3261538461538465E-02  4.6299999999999994E-02
   2.3646153846153841E-02  4.6466666666666663E-02
   2.4171794871794865E-02  4.6838461538461544E-02
   2.4684615384615381E-02  4.7158974358974350E-02
   2.5210256410256409E-02  4.7479487179487169E-02
   2.5505128205128205E-02  4.7800000000000002E-02
   2.5889743589743587E-02  4.8094871794871791E-02
   2.6197435897435895E-02  4.8274358974358979E-02
   2.6556410256410250E-02  4.8466666666666665E-02
   2.6851282051282056E-02  4.8633333333333341E-02
   2.7210256410256411E-02  4.8851282051282044E-02
   2.7620512820512821E-02  4.9056410256410249E-02
   2.7889743589743589E-02  4.9287179487179485E-02
   2.8325641025641023E-02  4.9825641025641021E-02
   2.8697435897435904E-02  5.0261538461538455E-02
   2.9043589743589740E-02  5.0466666666666660E-02
   2.9428205128205126E-02  5.0620512820512831E-02
   2.9838461538461536E-02  5.0825641025641029E-02
   3.0364102564102567E-02  5.1107692307692305E-02
   3.0838461538461537E-02  5.1530769230769227E-02
   3.1620512820512821E-02  5.2146153846153842E-02
   3.2325641025641026E-02  5.2658974358974348E-02
   3.3197435897435901E-02  5.2953846153846150E-02
   3.3851282051282051E-02  5.3364102564102560E-02
   3.4415384615384612E-02  5.3761538461538465E-02
   3.5120512820512817E-02  5.4197435897435899E-02
   3.5646153846153848E-02  5.4543589743589735E-02
   3.6299999999999999E-02  5.4941025641025640E-02
   3.6710256410256409E-02  5.5197435897435899E-02
   3.7274358974358969E-02  5.5453846153846145E-02
   3.7723076923076922E-02  5.5671794871794876E-02
   3.8005128205128205E-02  5.5915384615384610E-02
   3.8671794871794875E-02  5.6171794871794870E-02
   3.9235897435897442E-02  5.6530769230769225E-02
   3.9774358974358978E-02  5.6902564102564113E-02
   4.0402564102564105E-02  5.7299999999999990E-02
   4.0902564102564105E-02  5.7735897435897424E-02
   4.1376923076923075E-02  5.7979487179487185E-02
   4.1812820512820509E-02  5.8171794871794864E-02
   4.2210256410256400E-02  5.8338461538461533E-02
   4.2953846153846155E-02  5.8633333333333336E-02
   4.3338461538461548E-02  5.8799999999999998E-02
   4.4146153846153842E-02  5.9158974358974346E-02
   4.4710256410256409E-02  5.9466666666666675E-02
   4.5133333333333345E-02  5.9864102564102566E-02
   4.5633333333333324E-02  6.0107692307692313E-02
   4.5966666666666670E-02  6.0325641025641023E-02
   4.6479487179487182E-02  6.0556410256410252E-02
   4.6889743589743585E-02  6.0710256410256409E-02
   4.7556410256410268E-02  6.0941025641025638E-02
   4.8312820512820508E-02  6.1274358974358963E-02
   4.9197435897435908E-02  6.1710256410256410E-02
   4.9889743589743588E-02  6.2005128205128206E-02
   5.0530769230769226E-02  6.2351282051282049E-02
   5.1338461538461541E-02  6.2800000000000009E-02
   5.2300000000000013E-02  6.3364102564102576E-02
   5.2928205128205126E-02  6.3594871794871791E-02
