   9.2851282051282055E-02 -4.7276923076923084E-02
   9.2735897435897427E-02 -4.7379487179487187E-02
   9.2505128205128198E-02 -4.7456410256410259E-02
   9.2223076923076935E-02 -4.7482051282051289E-02
   9.2017948717948730E-02 -4.7482051282051289E-02
   9.1864102564102559E-02 -4.7507692307692299E-02
   9.1723076923076935E-02 -4.7558974358974361E-02
   9.1543589743589754E-02 -4.7648717948717945E-02
   9.1364102564102573E-02 -4.7687179487179487E-02
   9.1107692307692320E-02 -4.7725641025641030E-02
   9.0953846153846163E-02 -4.7764102564102566E-02
   9.0825641025641016E-02 -4.7841025641025652E-02
   9.0325641025641029E-02 -4.7905128205128204E-02
   9.0146153846153862E-02 -4.8046153846153850E-02
   8.9953846153846190E-02 -4.8084615384615385E-02
   8.9684615384615390E-02 -4.8058974358974368E-02
   8.9415384615384605E-02 -4.8046153846153850E-02
   8.9146153846153833E-02 -4.8046153846153850E-02
   8.8838461538461547E-02 -4.8071794871794866E-02
   8.8620512820512823E-02 -4.8123076923076928E-02
   8.8287179487179498E-02 -4.8251282051282054E-02
   8.8146153846153832E-02 -4.8289743589743597E-02
   8.7979487179487184E-02 -4.8353846153846157E-02
   8.7761538461538474E-02 -4.8417948717948717E-02
   8.7556410256410269E-02 -4.8494871794871802E-02
   8.7312820512820521E-02 -4.8546153846153857E-02
   8.7082051282051293E-02 -4.8571794871794874E-02
   8.6812820512820521E-02 -4.8648717948717946E-02
   8.6479487179487183E-02 -4.8879487179487181E-02
   8.6056410256410268E-02 -4.9097435897435898E-02
   8.5710256410256411E-02 -4.9225641025641025E-02
   8.5428205128205134E-02 -4.9276923076923072E-02
   8.5107692307692301E-02 -4.9341025641025646E-02
   8.4774358974358963E-02 -4.9392307692307701E-02
   8.4441025641025666E-02 -4.9456410256410246E-02
   8.4069230769230799E-02 -4.9507692307692301E-02
   8.3620512820512818E-02 -4.9725641025641025E-02
   8.3338461538461542E-02 -4.9853846153846151E-02
   8.3300000000000013E-02 -5.0071794871794882E-02
   8.2838461538461555E-02 -5.0148717948717954E-02
   8.2530769230769241E-02 -5.0238461538461544E-02
   8.2210256410256408E-02 -5.0328205128205128E-02
   8.1889743589743602E-02 -5.0443589743589749E-02
   8.1479487179487206E-02 -5.0558974358974364E-02
   8.1094871794871792E-02 -5.0738461538461538E-02
   8.0992307692307697E-02 -5.0802564102564111E-02
   8.0607692307692311E-02 -5.0866666666666678E-02
   8.0197435897435901E-02 -5.1058974358974357E-02
   7.9787179487179491E-02 -5.1187179487179484E-02
   7.9146153846153852E-02 -5.1289743589743586E-02
   7.8761538461538480E-02 -5.1456410256410262E-02
   7.8300000000000008E-02 -5.1635897435897436E-02
   7.7902564102564104E-02 -5.1815384615384624E-02
   7.7633333333333346E-02 -5.1930769230769225E-02
   7.7376923076923065E-02 -5.2058974358974372E-02
   7.6851282051282069E-02 -5.2276923076923075E-02
   7.6594871794871802E-02 -5.2417948717948720E-02
   7.6338461538461549E-02 -5.2558974358974352E-02
   7.6030769230769235E-02 -5.2725641025641028E-02
   7.5479487179487187E-02 -5.2917948717948728E-02
   7.4915384615384620E-02 -5.3148717948717943E-02
   7.4479487179487186E-02 -5.3276923076923076E-02
   7.4082051282051295E-02 -5.3430769230769233E-02
   7.3735897435897438E-02 -5.3558974358974366E-02
   7.3287179487179499E-02 -5.3700000000000012E-02
   7.3082051282051280E-02 -5.3789743589743581E-02
   7.3133333333333342E-02 -5.3982051282051288E-02
   7.2864102564102570E-02 -5.4084615384615391E-02
   7.2594871794871799E-02 -5.4200000000000005E-02
   7.2300000000000003E-02 -5.4341025641025650E-02
   7.1915384615384617E-02 -5.4456410256410251E-02
   7.1735897435897450E-02 -5.4507692307692306E-02
   7.1415384615384617E-02 -5.4546153846153848E-02
   7.1261538461538473E-02 -5.4430769230769220E-02
   7.0979487179487183E-02 -5.4264102564102565E-02
   7.0812820512820521E-02 -5.4123076923076920E-02
   7.0607692307692316E-02 -5.3930769230769227E-02
   7.0441025641025654E-02 -5.3802564102564114E-02
   7.0287179487179496E-02 -5.3623076923076926E-02
   7.0312820512820520E-02 -5.3469230769230762E-02
   7.0364102564102568E-02 -5.3212820512820516E-02
   7.0376923076923073E-02 -5.2982051282051287E-02
   7.0351282051282049E-02 -5.2802564102564113E-02
   7.0146153846153844E-02 -5.2469230769230775E-02
   7.0184615384615387E-02 -5.2264102564102570E-02
   7.0146153846153844E-02 -5.2020512820512829E-02
   7.0146153846153844E-02 -5.1815384615384624E-02
   7.0120512820512820E-02 -5.1623076923076924E-02
   7.0197435897435906E-02 -5.1238461538461545E-02
   7.0248717948717954E-02 -5.0853846153846152E-02
   7.0389743589743592E-02 -5.0482051282051292E-02
   7.0505128205128220E-02 -5.0123076923076930E-02
   7.0633333333333340E-02 -4.9802564102564111E-02
   7.0851282051282063E-02 -4.9520512820512820E-02
   7.1043589743589750E-02 -4.9187179487179482E-02
   7.1287179487179497E-02 -4.8917948717948724E-02
   7.1543589743589750E-02 -4.8712820512820505E-02
   7.1851282051282050E-02 -4.8494871794871802E-02
   7.2133333333333341E-02 -4.8238461538461543E-02
   7.2723076923076932E-02 -4.8046153846153850E-02
   7.2966666666666666E-02 -4.7776923076923078E-02
   7.3184615384615390E-02 -4.7623076923076928E-02
   7.3556410256410257E-02 -4.7456410256410259E-02
   7.3838461538461547E-02 -4.7341025641025644E-02
   7.4094871794871800E-02 -4.7276923076923084E-02
   7.4466666666666681E-02 -4.7225641025641023E-02
   7.4748717948717958E-02 -4.7148717948717951E-02
   7.5030769230769234E-02 -4.7097435897435896E-02
   7.5325641025641030E-02 -4.6982051282051282E-02
   7.5620512820512825E-02 -4.6815384615384606E-02
   7.5582051282051296E-02 -4.6584615384615384E-02
   7.5812820512820525E-02 -4.6494871794871787E-02
   7.6171794871794887E-02 -4.6276923076923084E-02
   7.6453846153846164E-02 -4.6212820512820510E-02
   7.6774358974358983E-02 -4.6123076923076926E-02
   7.7107692307692308E-02 -4.6058974358974367E-02
   7.7338461538461536E-02 -4.6020512820512824E-02
   7.7710256410256418E-02 -4.5982051282051281E-02
   7.7992307692307708E-02 -4.5751282051282045E-02
   7.8107692307692350E-02 -4.5712820512820516E-02
   7.8466666666666671E-02 -4.5584615384615383E-02
   7.8800000000000023E-02 -4.5507692307692311E-02
   7.9107692307692309E-02 -4.5379487179487185E-02
   7.9466666666666658E-02 -4.5264102564102564E-02
   7.9723076923076924E-02 -4.5187179487179478E-02
   7.9787179487179491E-02 -4.5058974358974366E-02
   7.9710256410256419E-02 -4.4982051282051287E-02
   7.9479487179487190E-02 -4.4917948717948707E-02
   7.9223076923076910E-02 -4.4930769230769232E-02
   7.8979487179487176E-02 -4.4892307692307704E-02
   7.8646153846153852E-02 -4.4776923076923089E-02
   7.8300000000000008E-02 -4.4700000000000004E-02
   7.7992307692307708E-02 -4.4571794871794884E-02
   7.7812820512820499E-02 -4.4546153846153839E-02
   7.7569230769230765E-02 -4.4558974358974358E-02
   7.7351282051282069E-02 -4.4584615384615382E-02
   7.7107692307692308E-02 -4.4623076923076925E-02
   7.7005128205128212E-02 -4.4597435897435901E-02
   7.6800000000000007E-02 -4.4546153846153839E-02
   7.6543589743589754E-02 -4.4417948717948727E-02
   7.6107692307692307E-02 -4.4238461538461539E-02
   7.5710256410256416E-02 -4.4097435897435894E-02
   7.5530769230769235E-02 -4.3917948717948720E-02
   7.5210256410256415E-02 -4.3661538461538460E-02
   7.4876923076923077E-02 -4.3469230769230767E-02
   7.4620512820512824E-02 -4.3328205128205122E-02
   7.4146153846153848E-02 -4.3110256410256405E-02
   7.3864102564102571E-02 -4.2930769230769231E-02
   7.3543589743589752E-02 -4.2776923076923087E-02
   7.3184615384615390E-02 -4.2623076923076923E-02
   7.2787179487179499E-02 -4.2546153846153845E-02
   7.2453846153846160E-02 -4.2610256410256411E-02
   7.2248717948717955E-02 -4.2712820512820514E-02
   7.2017948717948727E-02 -4.2815384615384616E-02
   7.1710256410256412E-02 -4.2930769230769231E-02
   7.1415384615384617E-02 -4.3071794871794876E-02
   7.1210256410256412E-02 -4.3110256410256405E-02
   7.0774358974358978E-02 -4.3135897435897436E-02
   7.0389743589743592E-02 -4.3289743589743593E-02
   7.0133333333333339E-02 -4.3328205128205122E-02
   6.9953846153846158E-02 -4.3353846153846153E-02
   6.9594871794871796E-02 -4.3302564102564105E-02
   6.9146153846153843E-02 -4.3302564102564105E-02
   6.8723076923076928E-02 -4.3341025641025641E-02
   6.8517948717948723E-02 -4.3315384615384624E-02
   6.8120512820512832E-02 -4.3328205128205122E-02
   6.7787179487179494E-02 -4.3353846153846153E-02
   6.7607692307692313E-02 -4.3405128205128207E-02
   6.7120512820512832E-02 -4.3379487179487183E-02
   6.6787179487179493E-02 -4.3379487179487183E-02
   6.6582051282051288E-02 -4.3520512820512829E-02
   6.6325641025641036E-02 -4.3610256410256412E-02
   6.5928205128205131E-02 -4.3674358974358972E-02
   6.5594871794871806E-02 -4.3751282051282044E-02
   6.5312820512820516E-02 -4.3905128205128201E-02
   6.5043589743589758E-02 -4.3956410256410262E-02
   6.4800000000000010E-02 -4.4110256410256406E-02
   6.4607692307692324E-02 -4.4212820512820522E-02
   6.4325641025641034E-02 -4.4289743589743580E-02
   6.3876923076923081E-02 -4.4392307692307696E-02
   6.3402564102564105E-02 -4.4443589743589744E-02
   6.3069230769230780E-02 -4.4507692307692297E-02
   6.2825641025641032E-02 -4.4661538461538461E-02
   6.2556410256410261E-02 -4.4661538461538461E-02
   6.2248717948717953E-02 -4.4764102564102563E-02
   6.1876923076923072E-02 -4.4956410256410263E-02
   6.1607692307692315E-02 -4.5110256410256407E-02
   6.1402564102564110E-02 -4.5212820512820509E-02
   6.1197435897435905E-02 -4.5289743589743581E-02
   6.0812820512820519E-02 -4.5469230769230769E-02
   6.0517948717948723E-02 -4.5469230769230769E-02
   6.0133333333333323E-02 -4.5571794871794871E-02
   5.9748717948717937E-02 -4.5674358974358974E-02
   5.9441025641025637E-02 -4.5789743589743588E-02
   5.9197435897435903E-02 -4.5828205128205131E-02
   5.8864102564102572E-02 -4.5943589743589745E-02
   5.8543589743589738E-02 -4.6148717948717950E-02
   5.8146153846153847E-02 -4.6251282051282053E-02
   5.7902564102564100E-02 -4.6328205128205124E-02
   5.7543589743589751E-02 -4.6430769230769227E-02
   5.7082051282051287E-02 -4.6507692307692299E-02
   5.6748717948717949E-02 -4.6546153846153841E-02
   5.6248717948717948E-02 -4.6584615384615384E-02
   5.5774358974358978E-02 -4.6558974358974360E-02
   5.5735897435897436E-02 -4.6417948717948715E-02
   5.5825641025641026E-02 -4.6148717948717950E-02
   5.6043589743589743E-02 -4.5751282051282045E-02
   5.6210256410256412E-02 -4.5533333333333342E-02
   5.6517948717948720E-02 -4.5084615384615383E-02
   5.6684615384615382E-02 -4.4841025641025649E-02
   5.6838461538461553E-02 -4.4571794871794884E-02
   5.7120512820512816E-02 -4.4251282051282051E-02
   5.7364102564102563E-02 -4.3917948717948720E-02
   5.7748717948717949E-02 -4.3635897435897443E-02
   5.8184615384615390E-02 -4.3417948717948726E-02
   5.8697435897435896E-02 -4.3123076923076924E-02
   5.9056410256410258E-02 -4.2994871794871804E-02
   5.9453846153846156E-02 -4.2764102564102568E-02
   5.9543589743589732E-02 -4.2443589743589749E-02
   5.9966666666666661E-02 -4.2187179487179483E-02
   6.0415384615384614E-02 -4.1917948717948718E-02
   6.0761538461538457E-02 -4.1738461538461537E-02
   6.1184615384615386E-02 -4.1584615384615387E-02
   6.1428205128205134E-02 -4.1469230769230772E-02
   6.1941025641025639E-02 -4.1353846153846151E-02
   6.2351282051282049E-02 -4.1225641025641024E-02
   6.2915384615384623E-02 -4.1238461538461536E-02
   6.3364102564102576E-02 -4.1046153846153843E-02
   6.3697435897435900E-02 -4.0892307692307693E-02
   6.4069230769230767E-02 -4.0776923076923079E-02
   6.4210256410256419E-02 -4.0751282051282055E-02
   6.3415384615384623E-02 -4.0558974358974362E-02
   6.2876923076923080E-02 -4.0469230769230771E-02
   6.2235897435897435E-02 -4.0276923076923071E-02
   6.1941025641025639E-02 -4.0238461538461542E-02
   6.1492307692307686E-02 -4.0187179487179488E-02
   6.1197435897435905E-02 -4.0161538461538457E-02
   6.0825641025641024E-02 -4.0135897435897440E-02
   5.9915384615384613E-02 -4.0148717948717952E-02
   5.9530769230769227E-02 -4.0187179487179488E-02
   5.9197435897435903E-02 -4.0200000000000000E-02
   5.8838461538461541E-02 -4.0174358974358969E-02
   5.8505128205128210E-02 -4.0135897435897440E-02
   5.8210256410256407E-02 -4.0212820512820512E-02
   5.7902564102564100E-02 -4.0353846153846157E-02
   5.7582051282051294E-02 -4.0533333333333338E-02
   5.7287179487179478E-02 -4.0623076923076921E-02
   5.6889743589743587E-02 -4.0712820512820512E-02
   5.6582051282051279E-02 -4.0841025641025638E-02
   5.6248717948717948E-02 -4.0969230769230772E-02
   5.5812820512820507E-02 -4.1135897435897434E-02
   5.5376923076923074E-02 -4.1289743589743591E-02
   5.4966666666666671E-02 -4.1443589743589741E-02
   5.4658974358974363E-02 -4.1520512820512820E-02
   5.4364102564102561E-02 -4.1623076923076929E-02
   5.4005128205128212E-02 -4.1712820512820513E-02
   5.3825641025641024E-02 -4.1789743589743591E-02
   5.3594871794871789E-02 -4.1789743589743591E-02
   5.3325641025641031E-02 -4.1853846153846151E-02
   5.3120512820512826E-02 -4.1892307692307694E-02
   5.2864102564102566E-02 -4.1751282051282049E-02
   5.2530769230769242E-02 -4.1610256410256410E-02
   5.2107692307692306E-02 -4.1456410256410253E-02
   5.1684615384615391E-02 -4.1341025641025639E-02
   5.1338461538461541E-02 -4.1212820512820512E-02
   5.0979487179487179E-02 -4.1097435897435898E-02
   5.0594871794871800E-02 -4.1071794871794874E-02
   5.0069230769230762E-02 -4.1174358974358977E-02
   4.9812820512820516E-02 -4.1276923076923079E-02
   4.9517948717948713E-02 -4.1264102564102567E-02
   4.9094871794871792E-02 -4.1366666666666670E-02
   4.8582051282051286E-02 -4.1507692307692308E-02
   4.8133333333333334E-02 -4.1764102564102561E-02
   4.7671794871794869E-02 -4.1969230769230766E-02
   4.7171794871794862E-02 -4.2097435897435899E-02
   4.6838461538461544E-02 -4.2187179487179483E-02
   4.6274358974358977E-02 -4.2200000000000001E-02
   4.5953846153846158E-02 -4.2302564102564104E-02
   4.5569230769230765E-02 -4.2392307692307681E-02
   4.5133333333333345E-02 -4.2533333333333333E-02
   4.4735897435897440E-02 -4.2674358974358971E-02
   4.4210256410256402E-02 -4.2866666666666671E-02
   4.3902564102564101E-02 -4.3148717948717948E-02
   4.3543589743589746E-02 -4.3482051282051286E-02
   4.3223076923076927E-02 -4.3930769230769232E-02
   4.2787179487179479E-02 -4.4238461538461539E-02
   4.2389743589743588E-02 -4.4379487179487184E-02
   4.2030769230769226E-02 -4.4558974358974358E-02
   4.1505128205128201E-02 -4.4661538461538461E-02
   4.1184615384615382E-02 -4.4738461538461546E-02
   4.0812820512820508E-02 -4.4700000000000004E-02
   4.0274358974358972E-02 -4.4738461538461546E-02
   3.9735897435897435E-02 -4.4687179487179485E-02
   3.9146153846153837E-02 -4.4558974358974358E-02
   3.8684615384615387E-02 -4.4392307692307696E-02
   3.7979487179487181E-02 -4.4199999999999996E-02
   3.7556410256410253E-02 -4.4020512820512822E-02
   3.7620512820512819E-02 -4.3764102564102562E-02
   3.7671794871794867E-02 -4.3405128205128207E-02
   3.7582051282051283E-02 -4.3097435897435907E-02
   3.7453846153846150E-02 -4.2610256410256411E-02
   3.7402564102564102E-02 -4.2264102564102561E-02
   3.7441025641025645E-02 -4.1917948717948718E-02
   3.7517948717948717E-02 -4.1494871794871796E-02
   3.7517948717948717E-02 -4.1033333333333331E-02
   3.7812820512820519E-02 -4.0712820512820512E-02
   3.8261538461538465E-02 -4.0353846153846157E-02
   3.8530769230769230E-02 -4.0020512820512825E-02
   3.8658974358974363E-02 -3.9853846153846156E-02
   3.8441025641025646E-02 -3.9879487179487180E-02
   3.8107692307692308E-02 -3.9956410256410252E-02
   3.7889743589743577E-02 -4.0007692307692307E-02
   3.7671794871794867E-02 -4.0007692307692307E-02
   3.7402564102564102E-02 -3.9956410256410252E-02
   3.6902564102564102E-02 -3.9699999999999999E-02
   3.6633333333333330E-02 -3.9430769230769228E-02
   3.6530769230769228E-02 -3.9302564102564108E-02
   3.6274358974358975E-02 -3.9225641025641023E-02
   3.6069230769230770E-02 -3.9289743589743589E-02
   3.5748717948717951E-02 -3.9353846153846156E-02
   3.5441025641025636E-02 -3.9276923076923077E-02
   3.5107692307692312E-02 -3.9123076923076920E-02
   3.4953846153846155E-02 -3.8879487179487179E-02
   3.4748717948717950E-02 -3.8661538461538462E-02
   3.4479487179487178E-02 -3.8507692307692305E-02
   3.4107692307692304E-02 -3.8302564102564100E-02
   3.3864102564102563E-02 -3.8135897435897438E-02
   3.3543589743589744E-02 -3.7956410256410257E-02
   3.3389743589743587E-02 -3.7879487179487178E-02
   3.3389743589743587E-02 -3.7789743589743588E-02
   3.3620512820512823E-02 -3.7648717948717950E-02
   3.3864102564102563E-02 -3.7674358974358974E-02
   3.4223076923076926E-02 -3.7712820512820516E-02
   3.4479487179487178E-02 -3.7712820512820516E-02
   3.4812820512820510E-02 -3.7597435897435902E-02
   3.5082051282051281E-02 -3.7469230769230769E-02
   3.4787179487179486E-02 -3.7546153846153847E-02
   3.4530769230769233E-02 -3.7584615384615383E-02
   3.4171794871794871E-02 -3.7469230769230769E-02
   3.3928205128205130E-02 -3.7392307692307697E-02
   3.3658974358974358E-02 -3.7276923076923076E-02
   3.3492307692307689E-02 -3.7007692307692304E-02
   3.3351282051282051E-02 -3.6789743589743587E-02
   3.3223076923076925E-02 -3.6443589743589751E-02
   3.3376923076923075E-02 -3.6225641025641027E-02
   3.3364102564102563E-02 -3.5943589743589743E-02
   3.3389743589743587E-02 -3.5661538461538460E-02
   3.3517948717948720E-02 -3.5328205128205128E-02
   3.3633333333333335E-02 -3.5058974358974357E-02
   3.3799999999999997E-02 -3.4892307692307688E-02
   3.4056410256410256E-02 -3.4725641025641026E-02
   3.4441025641025642E-02 -3.4648717948717954E-02
   3.4697435897435895E-02 -3.4648717948717954E-02
   3.4774358974358974E-02 -3.4610256410256411E-02
   3.4902564102564107E-02 -3.4302564102564104E-02
   3.5043589743589745E-02 -3.3982051282051284E-02
   3.4915384615384612E-02 -3.4110256410256404E-02
   3.4723076923076919E-02 -3.4161538461538458E-02
   3.4441025641025642E-02 -3.3982051282051284E-02
   3.4299999999999997E-02 -3.3584615384615386E-02
   3.4261538461538461E-02 -3.3443589743589741E-02
   3.3966666666666666E-02 -3.3289743589743584E-02
   3.3761538461538461E-02 -3.3187179487179481E-02
   3.3671794871794870E-02 -3.3212820512820512E-02
   3.3441025641025642E-02 -3.3341025641025639E-02
   3.3184615384615382E-02 -3.3379487179487174E-02
   3.2941025641025641E-02 -3.3302564102564110E-02
   3.2735897435897436E-02 -3.3174358974358976E-02
   3.2441025641025641E-02 -3.2879487179487174E-02
   3.2287179487179483E-02 -3.2635897435897433E-02
   3.2197435897435893E-02 -3.2802564102564102E-02
   3.1928205128205128E-02 -3.2841025641025631E-02
   3.1633333333333333E-02 -3.2841025641025631E-02
   3.1274358974358971E-02 -3.2892307692307686E-02
   3.0966666666666663E-02 -3.2930769230769243E-02
   3.0633333333333332E-02 -3.2917948717948717E-02
   3.0453846153846158E-02 -3.2853846153846150E-02
   3.0210256410256410E-02 -3.2751282051282048E-02
   3.0017948717948717E-02 -3.2712820512820512E-02
   2.9800000000000000E-02 -3.2776923076923072E-02
   2.9338461538461535E-02 -3.2789743589743590E-02
   2.9158974358974361E-02 -3.2712820512820512E-02
   2.8864102564102566E-02 -3.2751282051282048E-02
   2.8505128205128204E-02 -3.2853846153846150E-02
   2.8235897435897432E-02 -3.2956410256410253E-02
   2.7953846153846152E-02 -3.3033333333333331E-02
   2.7594871794871793E-02 -3.3135897435897434E-02
   2.7210256410256411E-02 -3.3289743589743584E-02
   2.6851282051282056E-02 -3.3379487179487174E-02
   2.6351282051282048E-02 -3.3366666666666663E-02
   2.5902564102564099E-02 -3.3469230769230765E-02
   2.5274358974358972E-02 -3.3584615384615386E-02
   2.4723076923076924E-02 -3.3751282051282042E-02
   2.4274358974358971E-02 -3.3982051282051284E-02
   2.3953846153846159E-02 -3.4058974358974356E-02
   2.3517948717948715E-02 -3.4353846153846151E-02
   2.3005128205128202E-02 -3.4546153846153851E-02
   2.2671794871794871E-02 -3.4610256410256411E-02
   2.2158974358974366E-02 -3.4597435897435899E-02
   2.1735897435897433E-02 -3.4610256410256411E-02
   2.1223076923076921E-02 -3.4828205128205128E-02
   2.0889743589743586E-02 -3.4764102564102568E-02
   2.0274358974358975E-02 -3.5033333333333333E-02
   1.9787179487179490E-02 -3.5302564102564105E-02
   1.9364102564102561E-02 -3.5405128205128207E-02
   1.8876923076923083E-02 -3.5558974358974357E-02
   1.8556410256410256E-02 -3.5597435897435900E-02
   1.7800000000000000E-02 -3.5751282051282050E-02
   1.7158974358974358E-02 -3.5892307692307696E-02
   1.6671794871794869E-02 -3.6123076923076924E-02
   1.6197435897435893E-02 -3.6238461538461539E-02
   1.5671794871794868E-02 -3.6251282051282051E-02
   1.5325641025641027E-02 -3.6392307692307689E-02
   1.5184615384615385E-02 -3.6328205128205129E-02
   1.4902564102564105E-02 -3.6328205128205129E-02
   1.4517948717948719E-02 -3.6405128205128208E-02
   1.4171794871794876E-02 -3.6417948717948720E-02
   1.3748717948717950E-02 -3.6520512820512822E-02
   1.3453846153846151E-02 -3.6417948717948720E-02
   1.3300000000000005E-02 -3.6276923076923075E-02
   1.3210256410256411E-02 -3.5956410256410255E-02
   1.3171794871794871E-02 -3.5738461538461538E-02
   1.3184615384615383E-02 -3.5405128205128207E-02
   1.3428205128205131E-02 -3.4866666666666671E-02
   1.3723076923076923E-02 -3.4200000000000001E-02
   1.3748717948717950E-02 -3.3687179487179482E-02
   1.4223076923076927E-02 -3.3212820512820512E-02
   1.4620512820512821E-02 -3.2956410256410253E-02
   1.5030769230769231E-02 -3.2828205128205140E-02
   1.5505128205128208E-02 -3.2635897435897433E-02
   1.6120512820512821E-02 -3.2289743589743590E-02
   1.6735897435897432E-02 -3.2148717948717945E-02
   1.7005128205128204E-02 -3.1828205128205125E-02
   1.7171794871794873E-02 -3.1610256410256408E-02
   1.7364102564102566E-02 -3.1469230769230770E-02
   1.7633333333333334E-02 -3.1507692307692306E-02
   1.8043589743589748E-02 -3.1558974358974361E-02
   1.8325641025641024E-02 -3.1443589743589746E-02
   1.8556410256410256E-02 -3.1212820512820507E-02
   1.8876923076923083E-02 -3.0969230769230766E-02
   1.9223076923076923E-02 -3.0482051282051281E-02
   1.9941025641025643E-02 -3.0033333333333332E-02
   2.0389743589743589E-02 -3.0007692307692308E-02
   2.0928205128205129E-02 -2.9841025641025642E-02
   2.1620512820512826E-02 -2.9712820512820513E-02
   2.2274358974358976E-02 -2.9815384615384615E-02
   2.1492307692307689E-02 -2.7789743589743589E-02
   2.1376923076923071E-02 -2.7648717948717948E-02
   2.1146153846153846E-02 -2.7494871794871794E-02
   2.0735897435897432E-02 -2.7417948717948719E-02
   2.0312820512820511E-02 -2.7392307692307691E-02
   1.9902564102564101E-02 -2.7482051282051282E-02
   1.9479487179487179E-02 -2.7597435897435896E-02
   1.9146153846153851E-02 -2.7507692307692306E-02
   1.8787179487179489E-02 -2.7469230769230770E-02
   1.8235897435897434E-02 -2.7456410256410255E-02
   1.7941025641025642E-02 -2.7558974358974357E-02
   1.7594871794871795E-02 -2.7725641025641023E-02
   1.7338461538461539E-02 -2.7866666666666665E-02
   1.7069230769230771E-02 -2.8148717948717945E-02
   1.6799999999999999E-02 -2.8417948717948709E-02
   1.6466666666666664E-02 -2.8623076923076925E-02
   1.5979487179487183E-02 -2.8751282051282055E-02
   1.5646153846153844E-02 -2.8879487179487184E-02
   1.5094871794871794E-02 -2.8943589743589737E-02
   1.4492307692307695E-02 -2.9097435897435901E-02
   1.3787179487179486E-02 -2.9315384615384618E-02
   1.3223076923076926E-02 -2.9443589743589745E-02
   1.2941025641025642E-02 -2.9520512820512827E-02
   1.2402564102564101E-02 -2.9597435897435898E-02
   1.1979487179487181E-02 -2.9712820512820513E-02
   1.1646153846153848E-02 -2.9776923076923072E-02
   1.0915384615384615E-02 -2.9751282051282052E-02
   1.0415384615384616E-02 -2.9751282051282052E-02
   1.0082051282051281E-02 -2.9789743589743591E-02
   9.8384615384615372E-03 -2.9917948717948718E-02
   9.5051282051282077E-03 -3.0084615384615383E-02
   9.1333333333333318E-03 -3.0200000000000005E-02
   8.7743589743589714E-03 -3.0315384615384612E-02
   8.4923076923076931E-03 -3.0430769230769233E-02
   8.2615384615384608E-03 -3.0482051282051281E-02
   7.9025641025641039E-03 -3.0571794871794868E-02
   7.5179487179487196E-03 -3.0725641025641025E-02
   7.1205128205128216E-03 -3.0841025641025636E-02
   7.0051282051282020E-03 -3.1135897435897435E-02
   6.5948717948717973E-03 -3.1276923076923070E-02
   6.1205128205128207E-03 -3.1417948717948722E-02
   5.5051282051282058E-03 -3.1584615384615378E-02
   5.0564102564102566E-03 -3.1789743589743583E-02
   4.5692307692307699E-03 -3.1969230769230771E-02
   4.0179487179487182E-03 -3.2123076923076921E-02
   3.5179487179487182E-03 -3.2289743589743590E-02
   3.1076923076923074E-03 -3.2443589743589740E-02
   2.7230769230769231E-03 -3.2571794871794867E-02
   2.2615384615384602E-03 -3.2687179487179481E-02
   2.0051282051282049E-03 -3.2828205128205140E-02
   1.4025641025641029E-03 -3.3007692307692300E-02
   1.0051282051282049E-03 -3.3097435897435905E-02
   3.6410256410256353E-04 -3.3328205128205120E-02
  -1.3589743589743648E-04 -3.3558974358974362E-02
  -5.9743589743589719E-04 -3.3738461538461537E-02
  -1.1358974358974361E-03 -3.3917948717948718E-02
  -1.7897435897435898E-03 -3.4071794871794861E-02
  -2.3282051282051282E-03 -3.4251282051282049E-02
  -2.8666666666666667E-03 -3.4392307692307694E-02
  -3.5461538461538464E-03 -3.4584615384615380E-02
  -4.2512820512820518E-03 -3.4751282051282056E-02
  -5.0589743589743597E-03 -3.4930769230769231E-02
  -5.5589743589743593E-03 -3.5148717948717947E-02
  -6.1871794871794870E-03 -3.5443589743589743E-02
  -6.6743589743589737E-03 -3.5648717948717948E-02
  -7.2641025641025647E-03 -3.5892307692307696E-02
  -8.0846153846153845E-03 -3.5994871794871798E-02
  -8.4564102564102569E-03 -3.6110256410256412E-02
  -8.8282051282051292E-03 -3.6200000000000003E-02
  -9.1871794871794879E-03 -3.6353846153846153E-02
  -9.5974358974358978E-03 -3.6571794871794870E-02
  -9.9179487179487172E-03 -3.6712820512820515E-02
  -1.0315384615384615E-02 -3.6776923076923075E-02
  -1.0712820512820513E-02 -3.6635897435897437E-02
  -1.1058974358974358E-02 -3.6379487179487177E-02
  -1.1212820512820512E-02 -3.5994871794871798E-02
  -1.1200000000000000E-02 -3.5571794871794869E-02
  -1.1020512820512819E-02 -3.4917948717948719E-02
  -1.0892307692307694E-02 -3.4520512820512821E-02
  -1.0661538461538462E-02 -3.4007692307692301E-02
  -1.0456410256410257E-02 -3.3533333333333332E-02
  -1.0238461538461538E-02 -3.2982051282051277E-02
  -1.0007692307692308E-02 -3.2289743589743590E-02
  -9.8282051282051284E-03 -3.1699999999999999E-02
  -9.6615384615384610E-03 -3.1225641025641029E-02
  -9.5205128205128192E-03 -3.0879487179487190E-02
  -9.3410256410256416E-03 -3.0392307692307691E-02
  -9.2128205128205135E-03 -2.9841025641025642E-02
  -8.9692307692307710E-03 -2.9264102564102567E-02
  -8.6487179487179499E-03 -2.8725641025641031E-02
  -8.4692307692307688E-03 -2.8392307692307692E-02
  -8.3923076923076920E-03 -2.7930769230769235E-02
  -8.4307692307692313E-03 -2.7610256410256408E-02
  -8.4435897435897432E-03 -2.7302564102564104E-02
  -8.4820512820512825E-03 -2.6879487179487183E-02
  -8.5205128205128201E-03 -2.6623076923076923E-02
  -8.4435897435897432E-03 -2.6148717948717943E-02
  -8.3153846153846134E-03 -2.5635897435897434E-02
  -8.3410256410256407E-03 -2.5392307692307693E-02
  -8.5974358974358969E-03 -2.5071794871794874E-02
  -8.9179487179487180E-03 -2.4584615384615385E-02
  -9.0974358974358974E-03 -2.4123076923076924E-02
  -9.4179487179487167E-03 -2.3610256410256412E-02
  -9.6358974358974371E-03 -2.3212820512820514E-02
  -9.7641025641025635E-03 -2.2828205128205128E-02
  -9.8153846153846147E-03 -2.2558974358974360E-02
  -9.7897435897435891E-03 -2.2148717948717950E-02
  -9.7769230769230771E-03 -2.1905128205128205E-02
  -9.9179487179487172E-03 -2.1738461538461540E-02
  -9.8923076923076916E-03 -2.1417948717948720E-02
  -9.3538461538461553E-03 -2.0866666666666665E-02
  -8.9435897435897437E-03 -2.0276923076923078E-02
  -8.6102564102564106E-03 -1.9802564102564105E-02
  -8.1743589743589751E-03 -1.9046153846153848E-02
  -8.0589743589743589E-03 -1.8558974358974360E-02
  -8.2256410256410246E-03 -1.8776923076923076E-02
  -8.7128205128205131E-03 -1.9058974358974363E-02
  -9.0589743589743598E-03 -1.9225641025641026E-02
  -9.4820512820512817E-03 -1.9417948717948719E-02
  -1.0071794871794873E-02 -1.9558974358974360E-02
  -1.0597435897435899E-02 -1.9546153846153845E-02
  -1.1148717948717949E-02 -1.9597435897435896E-02
  -1.1558974358974359E-02 -1.9699999999999999E-02
  -1.1853846153846154E-02 -1.9828205128205129E-02
  -1.2405128205128206E-02 -1.9943589743589743E-02
  -1.2776923076923073E-02 -2.0174358974358975E-02
  -1.3135897435897433E-02 -2.0456410256410255E-02
  -1.3430769230769231E-02 -2.0661538461538460E-02
  -1.3853846153846156E-02 -2.0930769230769232E-02
  -1.4058974358974357E-02 -2.0930769230769232E-02
  -1.4443589743589743E-02 -2.1071794871794870E-02
  -1.5007692307692307E-02 -2.1238461538461539E-02
  -1.5469230769230768E-02 -2.1264102564102567E-02
  -1.6187179487179487E-02 -2.1289743589743591E-02
  -1.6725641025641030E-02 -2.1328205128205126E-02
  -1.7187179487179488E-02 -2.1366666666666669E-02
  -1.7687179487179489E-02 -2.1571794871794874E-02
  -1.8148717948717950E-02 -2.1738461538461540E-02
  -1.8674358974358974E-02 -2.1841025641025642E-02
  -1.9251282051282053E-02 -2.1956410256410257E-02
  -1.9789743589743589E-02 -2.2212820512820513E-02
  -2.0264102564102566E-02 -2.2443589743589749E-02
  -2.0879487179487181E-02 -2.2687179487179486E-02
  -2.1341025641025642E-02 -2.2853846153846155E-02
  -2.1687179487179489E-02 -2.3161538461538463E-02
  -2.1930769230769233E-02 -2.3430769230769234E-02
  -2.2251282051282052E-02 -2.3764102564102562E-02
  -2.2584615384615384E-02 -2.3982051282051275E-02
  -2.3020512820512828E-02 -2.4123076923076924E-02
  -2.3417948717948719E-02 -2.4225641025641027E-02
  -2.3853846153846156E-02 -2.4251282051282051E-02
  -2.4417948717948720E-02 -2.4251282051282051E-02
  -2.5148717948717949E-02 -2.4161538461538463E-02
  -2.6123076923076922E-02 -2.4123076923076924E-02
  -2.6148717948717943E-02 -2.3520512820512821E-02
  -2.6123076923076922E-02 -2.3264102564102565E-02
  -2.6148717948717943E-02 -2.2802564102564104E-02
  -2.6084615384615383E-02 -2.2289743589743585E-02
  -2.5994871794871789E-02 -2.1725641025641028E-02
  -2.5879487179487182E-02 -2.1110256410256413E-02
  -2.5828205128205124E-02 -2.0648717948717948E-02
  -2.5789743589743588E-02 -2.0199999999999999E-02
  -2.5687179487179485E-02 -1.9610256410256412E-02
  -2.5712820512820513E-02 -1.9123076923076923E-02
  -2.5661538461538465E-02 -1.8712820512820513E-02
  -2.5584615384615383E-02 -1.8366666666666670E-02
  -2.5546153846153847E-02 -1.8046153846153847E-02
  -2.5507692307692304E-02 -1.7571794871794871E-02
  -2.5469230769230768E-02 -1.7174358974358976E-02
  -2.5187179487179492E-02 -1.6905128205128208E-02
  -2.5148717948717949E-02 -1.6469230769230767E-02
  -2.5110256410256410E-02 -1.5917948717948719E-02
  -2.5046153846153846E-02 -1.5302564102564106E-02
  -2.4905128205128205E-02 -1.4764102564102563E-02
  -2.4828205128205130E-02 -1.4097435897435897E-02
  -2.4648717948717948E-02 -1.3699999999999999E-02
  -2.4597435897435897E-02 -1.3315384615384614E-02
  -2.4482051282051283E-02 -1.2828205128205124E-02
  -2.4276923076923078E-02 -1.2443589743589745E-02
  -2.4161538461538463E-02 -1.2225641025641025E-02
  -2.4084615384615381E-02 -1.1905128205128205E-02
  -2.3687179487179490E-02 -1.1661538461538461E-02
  -2.3366666666666668E-02 -1.1289743589743590E-02
  -2.3187179487179490E-02 -1.1097435897435897E-02
  -2.3110256410256411E-02 -1.0815384615384617E-02
  -2.3097435897435896E-02 -1.0456410256410257E-02
  -2.2994871794871793E-02 -1.0148717948717949E-02
  -2.2841025641025640E-02 -9.7641025641025635E-03
  -2.2764102564102561E-02 -9.5717948717948722E-03
  -2.2687179487179486E-02 -9.2641025641025648E-03
  -2.2571794871794872E-02 -8.8923076923076924E-03
  -2.2494871794871793E-02 -8.5461538461538457E-03
  -2.2417948717948718E-02 -8.2000000000000007E-03
  -2.2123076923076922E-02 -7.7128205128205122E-03
  -2.1994871794871796E-02 -7.0717948717948726E-03
  -2.1764102564102567E-02 -6.8025641025641018E-03
  -2.1469230769230772E-02 -6.4564102564102568E-03
  -2.0969230769230768E-02 -6.2000000000000006E-03
  -2.0610256410256409E-02 -6.1102564102564101E-03
  -2.0482051282051283E-02 -6.0589743589743589E-03
  -2.0251282051282050E-02 -5.9051282051282052E-03
  -1.9994871794871794E-02 -5.6230769230769233E-03
  -1.9738461538461538E-02 -5.3153846153846159E-03
  -1.9328205128205132E-02 -5.0461538461538460E-03
  -1.9161538461538462E-02 -4.6358974358974361E-03
  -1.8943589743589746E-02 -4.2256410256410262E-03
  -1.8699999999999998E-02 -3.9435897435897435E-03
  -1.8315384615384619E-02 -3.7256410256410258E-03
  -1.8097435897435898E-02 -3.6230769230769233E-03
  -1.7866666666666666E-02 -3.4564102564102568E-03
  -1.7623076923076929E-02 -3.2000000000000002E-03
  -1.7328205128205126E-02 -2.7769230769230770E-03
  -1.7110256410256409E-02 -2.3794871794871799E-03
  -1.6982051282051283E-02 -2.0974358974358977E-03
  -1.6917948717948720E-02 -1.7000000000000001E-03
  -1.6969230769230771E-02 -1.2897435897435898E-03
  -1.7289743589743591E-02 -7.5128205128205134E-04
  -1.7264102564102567E-02 -2.0000000000000009E-04
  -1.7341025641025642E-02  1.2051282051282015E-04
  -1.7507692307692307E-02  5.1794871794871812E-04
  -1.7610256410256410E-02  9.4102564102564084E-04
  -1.7520512820512819E-02  1.4025641025641029E-03
  -1.7443589743589741E-02  1.6974358974358966E-03
  -1.7392307692307693E-02  1.9923076923076921E-03
  -1.7033333333333334E-02  2.3256410256410251E-03
  -1.6943589743589740E-02  2.6589743589743591E-03
  -1.7007692307692310E-02  2.9538461538461537E-03
  -1.7212820512820515E-02  3.3769230769230764E-03
  -1.7379487179487181E-02  4.0051282051282045E-03
  -1.7623076923076929E-02  4.4153846153846162E-03
  -1.7789743589743588E-02  4.7487179487179492E-03
  -1.8007692307692308E-02  5.0692307692307686E-03
  -1.8097435897435898E-02  5.6461538461538476E-03
  -1.8123076923076922E-02  6.0948717948717951E-03
  -1.8174358974358974E-02  6.6333333333333331E-03
  -1.8315384615384619E-02  7.2743589743589753E-03
  -1.8289743589743588E-02  7.9282051282051295E-03
  -1.7879487179487182E-02  8.4538461538461555E-03
  -1.7558974358974359E-02  8.8769230769230739E-03
  -1.7200000000000000E-02  9.1076923076923114E-03
  -1.7315384615384618E-02  9.1974358974358985E-03
  -1.7635897435897437E-02  9.4153846153846154E-03
  -1.7853846153846154E-02  9.6205128205128203E-03
  -1.8058974358974363E-02  9.8512820512820527E-03
  -1.8353846153846155E-02  9.8641025641025646E-03
  -1.9071794871794868E-02  9.9923076923076910E-03
  -1.9546153846153845E-02  1.0158974358974360E-02
  -1.9969230769230770E-02  1.0351282051282053E-02
  -2.0302564102564102E-02  1.0620512820512821E-02
  -2.0648717948717948E-02  1.1017948717948716E-02
  -2.0892307692307693E-02  1.1569230769230771E-02
  -2.0956410256410259E-02  1.1966666666666667E-02
  -2.0866666666666665E-02  1.2235897435897435E-02
  -2.1020512820512822E-02  1.2594871794871792E-02
  -2.1007692307692311E-02  1.3069230769230769E-02
  -2.0969230769230768E-02  1.3851282051282053E-02
  -2.1046153846153846E-02  1.4197435897435896E-02
  -2.1212820512820516E-02  1.4415384615384616E-02
  -2.1700000000000001E-02  1.4671794871794869E-02
  -2.2046153846153847E-02  1.4825641025641026E-02
  -2.2341025641025643E-02  1.5069230769230771E-02
  -2.2584615384615384E-02  1.5505128205128208E-02
  -2.2674358974358974E-02  1.5992307692307688E-02
  -2.2661538461538462E-02  1.6517948717948712E-02
  -2.2623076923076923E-02  1.6941025641025641E-02
  -2.2635897435897435E-02  1.7466666666666669E-02
  -2.2674358974358974E-02  1.7864102564102563E-02
  -2.2815384615384612E-02  1.8351282051282052E-02
  -2.2917948717948722E-02  1.8851282051282049E-02
  -2.3148717948717947E-02  1.9197435897435902E-02
  -2.3725641025641026E-02  1.9517948717948722E-02
  -2.4058974358974361E-02  1.9838461538461541E-02
  -2.4405128205128208E-02  2.0120512820512821E-02
  -2.4841025641025642E-02  2.0505128205128204E-02
  -2.5264102564102563E-02  2.0941025641025637E-02
  -2.5635897435897434E-02  2.1312820512820511E-02
  -2.6046153846153840E-02  2.1979487179487181E-02
  -2.6251282051282045E-02  2.2389743589743591E-02
  -2.6110256410256411E-02  2.2825641025641025E-02
  -2.6148717948717943E-02  2.3466666666666663E-02
  -2.6123076923076922E-02  2.4235897435897425E-02
  -2.5994871794871789E-02  2.4735897435897432E-02
  -2.6071794871794875E-02  2.5428205128205126E-02
  -2.6033333333333339E-02  2.5761538461538461E-02
  -2.6212820512820513E-02  2.6235897435897430E-02
  -2.6392307692307694E-02  2.6620512820512823E-02
  -2.6443589743589745E-02  2.7158974358974360E-02
  -2.6405128205128203E-02  2.7774358974358974E-02
  -2.6225641025641028E-02  2.8466666666666661E-02
  -2.5892307692307690E-02  2.9005128205128204E-02
  -2.5161538461538461E-02  2.9364102564102566E-02
  -2.4661538461538464E-02  2.9658974358974355E-02
  -2.4199999999999999E-02  2.9735897435897433E-02
  -2.3828205128205129E-02  3.0056410256410253E-02
  -2.3520512820512821E-02  2.9876923076923072E-02
  -2.3315384615384616E-02  2.9748717948717945E-02
  -2.3084615384615381E-02  2.9569230769230764E-02
  -2.2789743589743588E-02  2.9300000000000000E-02
  -2.2353846153846155E-02  2.9120512820512819E-02
  -2.1943589743589745E-02  2.8941025641025638E-02
  -2.1430769230769232E-02  2.8864102564102566E-02
  -2.0930769230769232E-02  2.8748717948717951E-02
  -2.0687179487179488E-02  2.8761538461538456E-02
  -2.0417948717948720E-02  2.8825641025641023E-02
  -2.0264102564102566E-02  2.9056410256410259E-02
  -2.0071794871794869E-02  2.9312820512820512E-02
  -1.9712820512820514E-02  2.9505128205128205E-02
  -1.9392307692307691E-02  2.9761538461538457E-02
  -1.9276923076923077E-02  3.0017948717948717E-02
  -1.9469230769230770E-02  3.0133333333333338E-02
  -1.9623076923076924E-02  3.0210256410256410E-02
  -2.0046153846153845E-02  3.0684615384615387E-02
  -2.0328205128205133E-02  3.1017948717948718E-02
  -2.0469230769230771E-02  3.1402564102564104E-02
  -2.0533333333333334E-02  3.1812820512820514E-02
  -2.0520512820512822E-02  3.2235897435897436E-02
  -2.0482051282051283E-02  3.2646153846153846E-02
  -2.0328205128205133E-02  3.3107692307692310E-02
  -1.9982051282051282E-02  3.3594871794871792E-02
  -1.9212820512820514E-02  3.3876923076923075E-02
  -1.8738461538461541E-02  3.4146153846153847E-02
  -1.8392307692307690E-02  3.4402564102564100E-02
  -1.7994871794871792E-02  3.4684615384615383E-02
  -1.7635897435897437E-02  3.4825641025641021E-02
  -1.7328205128205126E-02  3.4941025641025643E-02
  -1.7020512820512822E-02  3.4941025641025643E-02
  -1.6738461538461535E-02  3.4928205128205124E-02
  -1.6341025641025641E-02  3.4812820512820510E-02
  -1.5738461538461541E-02  3.4620512820512817E-02
  -1.5135897435897433E-02  3.4415384615384612E-02
  -1.4635897435897436E-02  3.4351282051282052E-02
  -1.4097435897435897E-02  3.4415384615384612E-02
  -1.3623076923076924E-02  3.4428205128205130E-02
  -1.3071794871794872E-02  3.4466666666666666E-02
  -1.2571794871794871E-02  3.4505128205128202E-02
  -1.1841025641025642E-02  3.4556410256410257E-02
  -1.1212820512820512E-02  3.4646153846153847E-02
  -1.0546153846153847E-02  3.4671794871794871E-02
  -9.7641025641025635E-03  3.4723076923076919E-02
  -9.1358974358974367E-03  3.4723076923076919E-02
  -9.1358974358974367E-03  3.4838461538461540E-02
  -9.1871794871794879E-03  3.5005128205128209E-02
  -8.9179487179487180E-03  3.5171794871794872E-02
  -8.8666666666666668E-03  3.5402564102564101E-02
  -8.6999999999999994E-03  3.5799999999999998E-02
  -8.3666666666666663E-03  3.6338461538461535E-02
  -7.8538461538461540E-03  3.6851282051282047E-02
  -7.4435897435897441E-03  3.7312820512820512E-02
  -7.2641025641025647E-03  3.7530769230769236E-02
  -7.1358974358974366E-03  3.7812820512820519E-02
  -7.0461538461538461E-03  3.8248717948717939E-02
  -6.9820512820512829E-03  3.8646153846153844E-02
  -6.8410256410256411E-03  3.9120512820512827E-02
  -6.6743589743589737E-03  3.9505128205128200E-02
  -6.3666666666666663E-03  3.9966666666666664E-02
  -5.9564102564102564E-03  4.0376923076923088E-02
  -5.5461538461538465E-03  4.0697435897435907E-02
  -5.1230769230769238E-03  4.0851282051282051E-02
  -4.5589743589743593E-03  4.0992307692307682E-02
  -4.2128205128205126E-03  4.1197435897435887E-02
  -3.7897435897435898E-03  4.1338461538461546E-02
  -3.3794871794871799E-03  4.1582051282051280E-02
  -2.8923076923076923E-03  4.1915384615384611E-02
  -2.4692307692307696E-03  4.2235897435897431E-02
  -2.0589743589743592E-03  4.2607692307692305E-02
  -1.7897435897435898E-03  4.3171794871794872E-02
  -1.5717948717948720E-03  4.3671794871794865E-02
  -1.4307692307692309E-03  4.4300000000000006E-02
  -1.4179487179487183E-03  4.4966666666666669E-02
  -1.5717948717948720E-03  4.5274358974358976E-02
  -1.8794871794871797E-03  4.5582051282051284E-02
  -2.1743589743589745E-03  4.5864102564102567E-02
  -2.1615384615384621E-03  4.6223076923076922E-02
  -2.5846153846153849E-03  4.6748717948717940E-02
  -2.8538461538461539E-03  4.7235897435897435E-02
  -3.2000000000000002E-03  4.7710256410256398E-02
  -3.4564102564102568E-03  4.8274358974358979E-02
  -3.6615384615384617E-03  4.8774358974358972E-02
  -3.7256410256410258E-03  4.9338461538461525E-02
  -3.9820512820512820E-03  5.0005128205128209E-02
  -4.1230769230769229E-03  5.0620512820512831E-02
  -4.1487179487179485E-03  5.1133333333333336E-02
  -4.2000000000000006E-03  5.1582051282051275E-02
  -3.9051282051282051E-03  5.1710256410256401E-02
  -3.4435897435897440E-03  5.1787179487179487E-02
  -3.3794871794871799E-03  5.1633333333333330E-02
  -3.3538461538461539E-03  5.1376923076923084E-02
  -3.2641025641025642E-03  5.1082051282051268E-02
  -3.2128205128205130E-03  5.0787179487179486E-02
  -3.0333333333333336E-03  5.0838461538461534E-02
  -2.7256410256410258E-03  5.0915384615384605E-02
  -2.2769230769230774E-03  5.0966666666666667E-02
  -1.8538461538461541E-03  5.0928205128205131E-02
  -1.4051282051282053E-03  5.0876923076923063E-02
  -7.6410256410256372E-04  5.0787179487179486E-02
  -2.3846153846153852E-04  5.0812820512820503E-02
   3.2564102564102554E-04  5.0787179487179486E-02
   9.5384615384615365E-04  5.0671794871794858E-02
   1.6717948717948710E-03  5.0607692307692305E-02
   2.3769230769230764E-03  5.0723076923076933E-02
   2.9153846153846144E-03  5.0761538461538462E-02
   3.3512820512820508E-03  5.0735897435897431E-02
   3.8897435897435897E-03  5.0684615384615390E-02
   4.3000000000000000E-03  5.0620512820512831E-02
   4.7487179487179492E-03  5.0517948717948728E-02
   5.0051282051282054E-03  5.0376923076923083E-02
   5.5307692307692297E-03  5.0312820512820523E-02
   5.9282051282051277E-03  5.0287179487179492E-02
   6.2871794871794864E-03  5.0261538461538455E-02
   6.7615384615384629E-03  5.0261538461538455E-02
   7.4794871794871803E-03  5.0146153846153847E-02
   7.7230769230769245E-03  5.0325641025641028E-02
   8.3641025641025633E-03  5.0287179487179492E-02
   8.8512820512820518E-03  5.0274358974358967E-02
   9.1846153846153831E-03  5.0287179487179492E-02
   9.9794871794871825E-03  5.0364102564102557E-02
   1.0364102564102565E-02  5.0248717948717950E-02
   1.0799999999999999E-02  5.0184615384615390E-02
   1.1453846153846153E-02  5.0133333333333321E-02
   1.2146153846153843E-02  5.0030769230769219E-02
   1.3223076923076926E-02  4.9838461538461533E-02
   1.3774358974358974E-02  4.9800000000000004E-02
   1.4261538461538463E-02  4.9812820512820516E-02
   1.5082051282051282E-02  4.9543589743589744E-02
   1.5569230769230771E-02  4.9453846153846154E-02
   1.6043589743589742E-02  4.9223076923076925E-02
   1.6774358974358972E-02  4.9158974358974365E-02
   1.7402564102564102E-02  4.9056410256410249E-02
   1.7864102564102563E-02  4.8953846153846146E-02
   1.8300000000000004E-02  4.8889743589743587E-02
   1.8530769230769229E-02  4.8992307692307689E-02
   1.9133333333333336E-02  4.8825641025641027E-02
   1.9620512820512824E-02  4.8671794871794870E-02
   2.0325641025641026E-02  4.8441025641025641E-02
   2.1082051282051279E-02  4.8364102564102569E-02
   2.1325641025641020E-02  4.8428205128205122E-02
   2.1415384615384621E-02  4.8389743589743579E-02
   2.1671794871794874E-02  4.8223076923076924E-02
   2.1928205128205130E-02  4.8158974358974364E-02
   2.1979487179487181E-02  4.8517948717948726E-02
   2.2017948717948717E-02  4.8941025641025648E-02
   2.2184615384615386E-02  4.9492307692307683E-02
   2.2402564102564103E-02  5.0005128205128209E-02
   2.2697435897435891E-02  5.0299999999999997E-02
   2.2928205128205127E-02  5.0556410256410257E-02
   2.3082051282051281E-02  5.0800000000000005E-02
   2.2928205128205127E-02  5.1094871794871793E-02
   2.2505128205128205E-02  5.1505128205128203E-02
   2.2261538461538465E-02  5.1953846153846149E-02
   2.2005128205128201E-02  5.2415384615384614E-02
   2.1902564102564102E-02  5.2825641025641024E-02
   2.1979487179487181E-02  5.3235897435897427E-02
   2.2146153846153847E-02  5.3735897435897420E-02
   2.2441025641025642E-02  5.4146153846153830E-02
   2.2838461538461537E-02  5.4441025641025632E-02
   2.3197435897435895E-02  5.4607692307692308E-02
   2.3607692307692305E-02  5.4646153846153851E-02
   2.4043589743589742E-02  5.4671794871794861E-02
   2.4312820512820514E-02  5.4761538461538466E-02
   2.4543589743589736E-02  5.4851282051282063E-02
   2.4800000000000003E-02  5.5120512820512814E-02
   2.5005128205128204E-02  5.5287179487179490E-02
   2.5235897435897436E-02  5.5376923076923074E-02
   2.5517948717948716E-02  5.5389743589743586E-02
   2.5966666666666662E-02  5.5441025641025647E-02
   2.6402564102564099E-02  5.5428205128205128E-02
   2.7069230769230773E-02  5.5479487179487176E-02
   2.7607692307692309E-02  5.5364102564102576E-02
   2.8094871794871794E-02  5.5312820512820500E-02
   2.8530769230769235E-02  5.5261538461538473E-02
   2.8825641025641023E-02  5.5274358974358971E-02
   2.9338461538461535E-02  5.5184615384615374E-02
   2.9338461538461535E-02  5.5274358974358971E-02
   2.9274358974358976E-02  5.5556410256410248E-02
   2.9312820512820512E-02  5.5928205128205115E-02
   2.9389743589743590E-02  5.6248717948717948E-02
   2.9556410256410252E-02  5.6633333333333348E-02
   2.9915384615384615E-02  5.6953846153846154E-02
   3.0210256410256410E-02  5.7197435897435901E-02
   3.0235897435897441E-02  5.7441025641025635E-02
   3.0415384615384615E-02  5.7658974358974366E-02
   3.0620512820512820E-02  5.7876923076923069E-02
   3.0889743589743592E-02  5.7966666666666659E-02
   3.1235897435897435E-02  5.8030769230769226E-02
   3.1710256410256411E-02  5.8197435897435902E-02
   3.1876923076923074E-02  5.8325641025641035E-02
   3.2017948717948719E-02  5.8517948717948708E-02
   3.1992307692307688E-02  5.8774358974358967E-02
   3.2210256410256412E-02  5.9043589743589746E-02
   3.2133333333333333E-02  5.9428205128205132E-02
   3.2146153846153852E-02  5.9889743589743590E-02
   3.2210256410256412E-02  6.0351282051282047E-02
   3.2312820512820514E-02  6.0851282051282048E-02
   3.2517948717948719E-02  6.1543589743589734E-02
   3.2851282051282051E-02  6.2094871794871796E-02
   3.3158974358974358E-02  6.2415384615384616E-02
   3.3543589743589744E-02  6.2671794871794875E-02
   3.4133333333333335E-02  6.2812820512820514E-02
   3.4556410256410257E-02  6.2966666666666671E-02
   3.4941025641025643E-02  6.3184615384615381E-02
   3.5082051282051281E-02  6.3658974358974371E-02
   3.5569230769230763E-02  6.3992307692307696E-02
   3.6197435897435896E-02  6.4171794871794877E-02
   3.6979487179487180E-02  6.4274358974358972E-02
   3.7466666666666662E-02  6.4338461538461553E-02
   3.7928205128205120E-02  6.4351282051282058E-02
   3.7723076923076922E-02  6.4812820512820529E-02
   3.7671794871794867E-02  6.5492307692307697E-02
   3.7505128205128198E-02  6.6082051282051288E-02
   3.7402564102564102E-02  6.6505128205128217E-02
   3.7261538461538457E-02  6.7043589743589746E-02
   3.7094871794871795E-02  6.7761538461538470E-02
   3.6953846153846150E-02  6.8428205128205133E-02
   3.6812820512820511E-02  6.9069230769230772E-02
   3.6710256410256409E-02  6.9517948717948724E-02
   3.6556410256410259E-02  6.9505128205128205E-02
   3.6274358974358975E-02  6.9441025641025653E-02
   3.5876923076923070E-02  6.9376923076923086E-02
   3.5607692307692305E-02  6.9376923076923086E-02
   3.5710256410256408E-02  6.9697435897435905E-02
   3.6094871794871794E-02  6.9966666666666663E-02
   3.6556410256410259E-02  7.0094871794871810E-02
   3.7030769230769228E-02  7.0120512820512820E-02
   3.7505128205128198E-02  7.0146153846153844E-02
   3.8069230769230765E-02  7.0184615384615387E-02
   3.8774358974358977E-02  7.0171794871794868E-02
   3.9094871794871797E-02  7.0235897435897449E-02
   3.9864102564102562E-02  7.0082051282051291E-02
   4.0415384615384617E-02  7.0017948717948725E-02
   4.1005128205128208E-02  6.9941025641025639E-02
   4.1748717948717949E-02  6.9710256410256410E-02
   4.2197435897435888E-02  6.9569230769230772E-02
   4.2658974358974366E-02  6.9620512820512834E-02
   4.3158974358974360E-02  6.9453846153846172E-02
   4.3505128205128203E-02  6.9312820512820519E-02
   4.3723076923076927E-02  6.9274358974358977E-02
   4.4505128205128204E-02  6.9184615384615386E-02
   4.5107692307692300E-02  6.9069230769230772E-02
   4.5710256410256410E-02  6.8941025641025652E-02
   4.6530769230769223E-02  6.8864102564102567E-02
   4.7261538461538466E-02  6.8915384615384614E-02
   4.8107692307692303E-02  6.8825641025641038E-02
   4.8492307692307682E-02  6.8761538461538471E-02
   4.9184615384615382E-02  6.8697435897435905E-02
   5.0235897435897424E-02  6.8453846153846157E-02
   5.0748717948717943E-02  6.8453846153846157E-02
   5.0992307692307691E-02  6.8594871794871809E-02
   5.1594871794871787E-02  6.8543589743589747E-02
   5.1992307692307692E-02  6.8428205128205133E-02
   5.2428205128205126E-02  6.8274358974358976E-02
   5.3415384615384615E-02  6.8248717948717952E-02
   5.4235897435897427E-02  6.8197435897435904E-02
   5.5056410256410268E-02  6.8082051282051290E-02
   5.6017948717948712E-02  6.8094871794871795E-02
   5.6261538461538460E-02  6.8274358974358976E-02
   5.6710256410256406E-02  6.8402564102564109E-02
   5.7158974358974358E-02  6.8389743589743604E-02
   5.7787179487179492E-02  6.8364102564102566E-02
   5.8633333333333336E-02  6.8300000000000000E-02
   5.9428205128205132E-02  6.8261538461538471E-02
   5.9748717948717937E-02  6.8248717948717952E-02
   6.0094871794871794E-02  6.8351282051282061E-02
   6.0915384615384614E-02  6.8684615384615386E-02
   6.1646153846153857E-02  6.8812820512820519E-02
   6.2261538461538458E-02  6.8825641025641038E-02
   6.3338461538461552E-02  6.8838461538461543E-02
   6.4274358974358972E-02  6.8941025641025652E-02
   6.4094871794871805E-02  6.9107692307692314E-02
   6.3953846153846167E-02  6.9287179487179495E-02
   6.3799999999999996E-02  6.9658974358974377E-02
   6.3594871794871791E-02  6.9800000000000001E-02
   6.3517948717948733E-02  7.0171794871794868E-02
   6.3530769230769238E-02  7.0864102564102568E-02
   6.3658974358974371E-02  7.1005128205128207E-02
   6.3979487179487191E-02  7.1287179487179497E-02
   6.4210256410256419E-02  7.1402564102564098E-02
   6.4517948717948720E-02  7.1543589743589750E-02
   6.4864102564102563E-02  7.1697435897435907E-02
   6.5030769230769239E-02  7.1812820512820522E-02
   6.5017948717948734E-02  7.1979487179487184E-02
   6.5043589743589758E-02  7.2389743589743594E-02
   6.5082051282051287E-02  7.2825641025641041E-02
   6.5274358974358973E-02  7.3351282051282052E-02
   6.5479487179487178E-02  7.3774358974358981E-02
   6.5582051282051287E-02  7.3928205128205138E-02
   6.5299999999999997E-02  7.4325641025641043E-02
   6.5274358974358973E-02  7.4492307692307705E-02
   6.5235897435897444E-02  7.4864102564102572E-02
   6.5235897435897444E-02  7.5325641025641030E-02
   6.5223076923076939E-02  7.5633333333333330E-02
   6.5338461538461540E-02  7.6005128205128211E-02
   6.5582051282051287E-02  7.6543589743589754E-02
   6.5915384615384612E-02  7.6928205128205127E-02
   6.6248717948717964E-02  7.7146153846153864E-02
   6.6530769230769241E-02  7.7300000000000008E-02
   6.6389743589743588E-02  7.7210256410256417E-02
   6.6210256410256421E-02  7.7287179487179503E-02
   6.5953846153846155E-02  7.7351282051282069E-02
   6.5941025641025650E-02  7.7543589743589741E-02
   6.6120512820512817E-02  7.7864102564102575E-02
   6.6389743589743588E-02  7.8146153846153879E-02
   6.7043589743589746E-02  7.8325641025641032E-02
   6.7723076923076928E-02  7.8325641025641032E-02
   6.8171794871794880E-02  7.8261538461538466E-02
   6.8556410256410266E-02  7.8171794871794861E-02
   6.9056410256410267E-02  7.8069230769230780E-02
   6.9620512820512834E-02  7.7889743589743599E-02
   7.0235897435897449E-02  7.7774358974358970E-02
   7.0774358974358978E-02  7.7684615384615394E-02
   7.1312820512820521E-02  7.7710256410256418E-02
   7.1658974358974364E-02  7.7838461538461551E-02
   7.2005128205128222E-02  7.7902564102564104E-02
   7.2389743589743594E-02  7.7838461538461551E-02
   7.2787179487179499E-02  7.7748717948717946E-02
   7.3530769230769233E-02  7.7530769230769236E-02
   7.4389743589743595E-02  7.7300000000000008E-02
   7.4658974358974367E-02  7.7312820512820513E-02
   7.4838461538461548E-02  7.7492307692307708E-02
   7.5441025641025644E-02  7.7415384615384622E-02
   7.5979487179487187E-02  7.7287179487179503E-02
   7.6607692307692321E-02  7.7082051282051284E-02
   7.7146153846153864E-02  7.6876923076923079E-02
   7.7466666666666684E-02  7.6953846153846164E-02
   7.8056410256410261E-02  7.6812820512820526E-02
   7.8633333333333347E-02  7.6646153846153864E-02
   7.9300000000000009E-02  7.6428205128205140E-02
   7.9889743589743586E-02  7.6312820512820512E-02
   8.0633333333333376E-02  7.6235897435897440E-02
   8.1453846153846168E-02  7.6082051282051283E-02
   8.2107692307692312E-02  7.6248717948717959E-02
   8.3248717948717951E-02  7.6479487179487188E-02
   8.3325641025641037E-02  7.6774358974358983E-02
   8.3658974358974347E-02  7.7120512820512840E-02
   8.4197435897435904E-02  7.7492307692307708E-02
   8.4787179487179495E-02  7.7684615384615394E-02
   8.5351282051282076E-02  7.7800000000000008E-02
   8.6197435897435892E-02  7.7748717948717946E-02
   8.6428205128205149E-02  7.7787179487179503E-02
   8.6697435897435907E-02  7.7928205128205127E-02
   8.6966666666666678E-02  7.8107692307692350E-02
   8.7312820512820521E-02  7.8184615384615366E-02
   8.7851282051282051E-02  7.8223076923076909E-02
   8.8364102564102570E-02  7.8171794871794861E-02
   8.8761538461538475E-02  7.8171794871794861E-02
   8.9158974358974380E-02  7.8261538461538466E-02
   8.9543589743589738E-02  7.8300000000000008E-02
   8.9800000000000019E-02  7.8364102564102575E-02
   9.0069230769230776E-02  7.8582051282051271E-02
   9.0569230769230777E-02  7.8902564102564104E-02
   9.1223076923076921E-02  7.9005128205128214E-02
   9.1697435897435883E-02  7.9030769230769252E-02
   9.2210256410256417E-02  7.9082051282051286E-02
   9.2466666666666711E-02  7.9043589743589757E-02
   9.3825641025641046E-02  7.8979487179487176E-02
   9.8171794871794907E-02  8.0120512820512829E-02
   0.1023384615384615      8.1787179487179507E-02
   0.1025307692307692      8.2043589743589745E-02
   0.1028512820512821      8.2300000000000012E-02
   0.1032615384615385      8.2569230769230770E-02
   0.1036974358974359      8.2748717948717951E-02
   0.1041205128205128      8.2902564102564108E-02
   0.1044153846153846      8.2979487179487180E-02
   0.1045307692307692      8.3043589743589760E-02
   0.1045307692307692      8.3441025641025665E-02
   0.1045307692307692      8.4158974358974362E-02
   0.1048256410256410      8.4633333333333338E-02
   0.1052743589743590      8.5017948717948724E-02
   0.1057743589743590      8.5312820512820506E-02
   0.1062871794871795      8.5402564102564110E-02
   0.1067230769230769      8.5453846153846158E-02
   0.1075820512820513      8.5389743589743577E-02
   0.1082487179487180      8.5428205128205134E-02
   0.1088000000000000      8.5364102564102581E-02
   0.1093769230769231      8.5325641025641039E-02
   0.1098256410256410      8.5338461538461530E-02
   0.1104794871794872      8.5376923076923059E-02
   0.1110692307692308      8.5402564102564110E-02
   0.1116461538461539      8.5351282051282076E-02
   0.1116974358974359      8.5697435897435906E-02
   0.1120692307692308      8.6082051282051292E-02
   0.1125948717948718      8.6274358974358978E-02
   0.1130692307692308      8.6479487179487183E-02
   0.1135564102564103      8.6748717948717954E-02
   0.1140820512820513      8.6979487179487183E-02
   0.1146333333333333      8.7107692307692317E-02
   0.1150564102564103      8.7158974358974364E-02
   0.1156461538461539      8.7287179487179498E-02
   0.1160820512820513      8.7287179487179498E-02
   0.1166333333333333      8.7184615384615388E-02
   0.1173512820512820      8.7107692307692317E-02
   0.1181461538461539      8.7043589743589764E-02
   0.1187615384615385      8.7069230769230760E-02
   0.1194666666666667      8.7043589743589764E-02
   0.1201974358974359      8.7158974358974364E-02
   0.1209153846153846      8.7197435897435893E-02
   0.1216974358974359      8.7248717948717955E-02
   0.1223769230769231      8.7415384615384617E-02
   0.1229538461538462      8.7492307692307689E-02
   0.1238897435897436      8.7697435897435880E-02
   0.1246846153846154      8.7941025641025627E-02
   0.1254410256410256      8.8005128205128208E-02
   0.1260692307692308      8.8043589743589765E-02
   0.1281589743589743      8.8223076923076932E-02
   0.1354666666666667      8.9710256410256414E-02
   0.1397871794871795      9.0800000000000033E-02
   0.1401846153846154      9.1312820512820525E-02
   0.1403256410256410      9.1620512820512826E-02
   0.1404410256410256      9.1928205128205140E-02
   0.1406333333333333      9.2325641025641045E-02
   0.1408256410256410      9.2697435897435898E-02
   0.1412102564102564      9.2915384615384650E-02
   0.1416333333333333      9.3005128205128212E-02
   0.1420820512820513      9.2992307692307680E-02
   0.1426974358974359      9.2992307692307680E-02
   0.1435179487179487      9.3017948717948704E-02
   0.1443641025641026      9.2953846153846179E-02
   0.1451589743589744      9.2864102564102574E-02
   0.1458769230769231      9.2812820512820512E-02
   0.1464666666666667      9.2658974358974369E-02
   0.1470948717948718      9.2620512820512826E-02
   0.1475820512820513      9.2671794871794916E-02
