   4.7902564102564105E-02 -3.6917948717948720E-02
   4.7864102564102569E-02 -3.7020512820512823E-02
   4.7812820512820500E-02 -3.7174358974358973E-02
   4.7684615384615374E-02 -3.7379487179487178E-02
   4.7569230769230766E-02 -3.7520512820512816E-02
   4.7441025641025640E-02 -3.7661538461538462E-02
   4.7299999999999995E-02 -3.7802564102564107E-02
   4.7146153846153845E-02 -3.7943589743589745E-02
   4.6979487179487175E-02 -3.8071794871794871E-02
   4.6761538461538459E-02 -3.8161538461538462E-02
   4.6453846153846151E-02 -3.8276923076923076E-02
   4.6248717948717946E-02 -3.8315384615384619E-02
   4.6005128205128205E-02 -3.8366666666666667E-02
   4.5723076923076929E-02 -3.8405128205128203E-02
   4.5415384615384621E-02 -3.8417948717948722E-02
   4.5171794871794860E-02 -3.8417948717948722E-02
   4.4966666666666669E-02 -3.8379487179487179E-02
   4.4928205128205126E-02 -3.8315384615384619E-02
   4.4800000000000000E-02 -3.8020512820512824E-02
   4.4633333333333337E-02 -3.7802564102564107E-02
   4.4505128205128204E-02 -3.7597435897435902E-02
   4.4466666666666675E-02 -3.7161538461538461E-02
   4.4376923076923078E-02 -3.6879487179487178E-02
   4.4338461538461535E-02 -3.6546153846153853E-02
   4.4248717948717944E-02 -3.6264102564102563E-02
   4.4184615384615385E-02 -3.6084615384615382E-02
   4.4146153846153842E-02 -3.5943589743589743E-02
   4.4082051282051289E-02 -3.5764102564102562E-02
   4.3889743589743596E-02 -3.5674358974358972E-02
   4.3697435897435896E-02 -3.5751282051282050E-02
   4.3530769230769234E-02 -3.5841025641025641E-02
   4.3351282051282046E-02 -3.5905128205128208E-02
   4.3197435897435903E-02 -3.5982051282051279E-02
   4.2992307692307698E-02 -3.6007692307692310E-02
   4.2825641025641022E-02 -3.5982051282051279E-02
   4.2594871794871793E-02 -3.5879487179487177E-02
   4.2287179487179485E-02 -3.5687179487179491E-02
   4.2082051282051287E-02 -3.5584615384615388E-02
   4.1864102564102564E-02 -3.5533333333333333E-02
   4.1620512820512823E-02 -3.5456410256410255E-02
   4.1338461538461546E-02 -3.5328205128205128E-02
   4.1158974358974358E-02 -3.5225641025641026E-02
   4.0979487179487184E-02 -3.5084615384615388E-02
   4.0825641025641020E-02 -3.4982051282051285E-02
   4.0658974358974365E-02 -3.4994871794871790E-02
   4.0466666666666658E-02 -3.5020512820512821E-02
   4.0351282051282043E-02 -3.4905128205128207E-02
   4.0158974358974357E-02 -3.4738461538461544E-02
   3.9697435897435893E-02 -3.4712820512820514E-02
   3.9325641025641025E-02 -3.4738461538461544E-02
   3.9082051282051285E-02 -3.4892307692307688E-02
   3.8851282051282049E-02 -3.5135897435897435E-02
   3.8646153846153844E-02 -3.5379487179487183E-02
   3.8517948717948718E-02 -3.5482051282051286E-02
   3.8274358974358970E-02 -3.5623076923076924E-02
   3.8017948717948724E-02 -3.5623076923076924E-02
   3.7671794871794867E-02 -3.5520512820512821E-02
   3.7120512820512819E-02 -3.5302564102564105E-02
   3.6748717948717945E-02 -3.5007692307692309E-02
   3.6274358974358975E-02 -3.4571794871794868E-02
   3.5876923076923070E-02 -3.4123076923076930E-02
   3.5620512820512824E-02 -3.3802564102564103E-02
   3.5338461538461534E-02 -3.3533333333333332E-02
   3.5235897435897431E-02 -3.3623076923076922E-02
   3.5030769230769226E-02 -3.3789743589743591E-02
   3.4889743589743588E-02 -3.3917948717948718E-02
   3.4774358974358974E-02 -3.3982051282051284E-02
   3.4505128205128202E-02 -3.4084615384615387E-02
   3.4274358974358973E-02 -3.4110256410256404E-02
   3.4056410256410256E-02 -3.4046153846153844E-02
   3.3761538461538461E-02 -3.3853846153846151E-02
   3.3569230769230768E-02 -3.3700000000000001E-02
   3.3312820512820515E-02 -3.3443589743589741E-02
   3.3056410256410255E-02 -3.3097435897435905E-02
   3.2838461538461539E-02 -3.2623076923076928E-02
   3.2569230769230767E-02 -3.2328205128205126E-02
   3.2325641025641026E-02 -3.2110256410256409E-02
   3.2197435897435893E-02 -3.2058974358974361E-02
   3.1787179487179483E-02 -3.2097435897435897E-02
   3.1505128205128206E-02 -3.2110256410256409E-02
   3.1261538461538459E-02 -3.2084615384615385E-02
   3.1120512820512820E-02 -3.2020512820512818E-02
   3.0941025641025639E-02 -3.1943589743589747E-02
   3.0582051282051284E-02 -3.1789743589743583E-02
   3.0184615384615379E-02 -3.1648717948717951E-02
   2.9787179487179488E-02 -3.1482051282051275E-02
   2.9376923076923078E-02 -3.1302564102564108E-02
   2.9030769230769228E-02 -3.1135897435897435E-02
   2.8774358974358968E-02 -3.0994871794871801E-02
   2.8633333333333337E-02 -3.0815384615384619E-02
   2.8389743589743589E-02 -3.0751282051282049E-02
   2.8210256410256408E-02 -3.0635897435897428E-02
   2.8107692307692306E-02 -3.0687179487179479E-02
   2.8017948717948715E-02 -3.0879487179487190E-02
   2.7864102564102565E-02 -3.1097435897435903E-02
   2.7723076923076923E-02 -3.1200000000000006E-02
   2.7517948717948718E-02 -3.1328205128205132E-02
   2.7300000000000001E-02 -3.1417948717948722E-02
   2.7043589743589745E-02 -3.1533333333333323E-02
   2.6889743589743591E-02 -3.1597435897435897E-02
   2.6671794871794868E-02 -3.1610256410256408E-02
   2.6517948717948721E-02 -3.1584615384615378E-02
   2.6223076923076918E-02 -3.1456410256410258E-02
   2.5928205128205126E-02 -3.1328205128205132E-02
   2.5723076923076921E-02 -3.1161538461538456E-02
   2.5453846153846153E-02 -3.0930769230769237E-02
   2.5171794871794877E-02 -3.0879487179487190E-02
   2.4928205128205129E-02 -3.0674358974358974E-02
   2.4953846153846149E-02 -3.0482051282051281E-02
   2.4979487179487180E-02 -3.0225641025641025E-02
   2.4953846153846149E-02 -2.9879487179487178E-02
   2.4684615384615381E-02 -2.9597435897435898E-02
   2.4402564102564105E-02 -2.9302564102564110E-02
   2.4158974358974364E-02 -2.9020512820512823E-02
   2.3992307692307691E-02 -2.8789743589743583E-02
   2.3825641025641022E-02 -2.8520512820512815E-02
   2.3671794871794868E-02 -2.8584615384615382E-02
   2.3402564102564100E-02 -2.8802564102564106E-02
   2.3094871794871793E-02 -2.8982051282051287E-02
   2.2902564102564107E-02 -2.9097435897435901E-02
   2.2582051282051284E-02 -2.9161538461538464E-02
   2.2338461538461540E-02 -2.9187179487179488E-02
   2.2158974358974366E-02 -2.9200000000000004E-02
   2.2030769230769232E-02 -2.9251282051282058E-02
   2.1825641025641027E-02 -2.9366666666666662E-02
   2.1517948717948716E-02 -2.9558974358974359E-02
   2.1287179487179484E-02 -2.9687179487179489E-02
   2.1223076923076921E-02 -2.9802564102564103E-02
   2.1056410256410252E-02 -2.9802564102564103E-02
   2.0799999999999999E-02 -2.9764102564102564E-02
   2.0441025641025640E-02 -2.9661538461538461E-02
   2.0274358974358975E-02 -2.9764102564102564E-02
   2.0069230769230770E-02 -2.9802564102564103E-02
   1.9774358974358974E-02 -2.9725641025641025E-02
   1.9492307692307691E-02 -2.9597435897435898E-02
   1.9300000000000005E-02 -2.9430769230769233E-02
   1.9133333333333336E-02 -2.9174358974358976E-02
   1.8953846153846148E-02 -2.9020512820512823E-02
   1.8761538461538461E-02 -2.8712820512820515E-02
   1.8543589743589741E-02 -2.8417948717948709E-02
   1.8492307692307690E-02 -2.8161538461538460E-02
   1.8338461538461536E-02 -2.7776923076923074E-02
   1.8235897435897434E-02 -2.7494871794871794E-02
   1.8069230769230768E-02 -2.7148717948717951E-02
   1.7825641025641031E-02 -2.6841025641025643E-02
   1.7671794871794870E-02 -2.6571794871794872E-02
   1.7800000000000000E-02 -2.6353846153846151E-02
   1.7915384615384614E-02 -2.6174358974358977E-02
   1.7992307692307689E-02 -2.5841025641025639E-02
   1.8069230769230768E-02 -2.5597435897435898E-02
   1.8120512820512819E-02 -2.5174358974358976E-02
   1.8069230769230768E-02 -2.4930769230769232E-02
   1.7902564102564102E-02 -2.4853846153846153E-02
   1.7569230769230771E-02 -2.4841025641025642E-02
   1.7300000000000003E-02 -2.4841025641025642E-02
   1.6966666666666668E-02 -2.4789743589743590E-02
   1.6428205128205128E-02 -2.4712820512820512E-02
   1.5864102564102565E-02 -2.4584615384615385E-02
   1.5646153846153844E-02 -2.4738461538461539E-02
   1.5415384615384617E-02 -2.4917948717948724E-02
   1.5184615384615385E-02 -2.5046153846153846E-02
   1.4941025641025641E-02 -2.5148717948717949E-02
   1.4697435897435900E-02 -2.5148717948717949E-02
   1.4428205128205128E-02 -2.5058974358974358E-02
   1.4082051282051285E-02 -2.4917948717948724E-02
   1.3876923076923077E-02 -2.4828205128205130E-02
   1.3787179487179486E-02 -2.4879487179487181E-02
   1.3633333333333332E-02 -2.4994871794871795E-02
   1.3351282051282056E-02 -2.5097435897435898E-02
   1.2992307692307694E-02 -2.5174358974358976E-02
   1.2569230769230772E-02 -2.5071794871794874E-02
   1.2312820512820516E-02 -2.4828205128205130E-02
   1.2094871794871790E-02 -2.4482051282051283E-02
   1.1876923076923082E-02 -2.4033333333333330E-02
   1.1607692307692307E-02 -2.3661538461538463E-02
   1.1261538461538463E-02 -2.3366666666666668E-02
   1.1107692307692310E-02 -2.3238461538461534E-02
   1.1171794871794869E-02 -2.3058974358974360E-02
   1.1223076923076926E-02 -2.2930769230769230E-02
   1.1184615384615385E-02 -2.2623076923076923E-02
   1.1107692307692310E-02 -2.2328205128205127E-02
   1.1017948717948716E-02 -2.1994871794871796E-02
   1.0941025641025641E-02 -2.1648717948717949E-02
   1.0915384615384615E-02 -2.1341025641025642E-02
   1.0851282051282054E-02 -2.1110256410256413E-02
   1.0697435897435896E-02 -2.1135897435897433E-02
   1.0466666666666668E-02 -2.1251282051282051E-02
   1.0235897435897435E-02 -2.1341025641025642E-02
   1.0094871794871792E-02 -2.1341025641025642E-02
   9.9153846153846158E-03 -2.1289743589743591E-02
   9.6333333333333340E-03 -2.1174358974358976E-02
   9.3128205128205129E-03 -2.1007692307692311E-02
   9.0179487179487174E-03 -2.0751282051282054E-02
   8.9153846153846149E-03 -2.0533333333333334E-02
   8.6846153846153878E-03 -2.0341025641025641E-02
   8.3384615384615394E-03 -2.0071794871794869E-02
   8.2102564102564148E-03 -1.9866666666666668E-02
   8.0179487179487200E-03 -1.9648717948717948E-02
   7.8256410256410270E-03 -1.9302564102564104E-02
   7.6589743589743579E-03 -1.8866666666666667E-02
   7.5820512820512810E-03 -1.8392307692307690E-02
   7.5692307692307708E-03 -1.8058974358974363E-02
   7.6205128205128220E-03 -1.7700000000000004E-02
   7.5692307692307708E-03 -1.7289743589743591E-02
   7.5051282051282059E-03 -1.7212820512820515E-02
   7.3256410256410266E-03 -1.7276923076923075E-02
   7.1076923076923062E-03 -1.7405128205128205E-02
   6.9538461538461507E-03 -1.7520512820512819E-02
   6.7743589743589749E-03 -1.7597435897435901E-02
   6.5948717948717973E-03 -1.7635897435897437E-02
   6.4410256410256436E-03 -1.7623076923076929E-02
   6.1205128205128207E-03 -1.7430769230769232E-02
   5.7358974358974347E-03 -1.7148717948717949E-02
   5.4923076923076922E-03 -1.7007692307692310E-02
   5.3512820512820521E-03 -1.6905128205128208E-02
   4.9538461538461542E-03 -1.6687179487179488E-02
   4.5435897435897443E-03 -1.6507692307692310E-02
   4.4538461538461537E-03 -1.6199999999999999E-02
   4.4410256410256418E-03 -1.5892307692307695E-02
   4.3769230769230769E-03 -1.5661538461538463E-02
   4.3769230769230769E-03 -1.5494871794871790E-02
   4.4538461538461537E-03 -1.5020512820512819E-02
   4.5179487179487186E-03 -1.4661538461538460E-02
   4.5820512820512818E-03 -1.4225641025641021E-02
   4.6589743589743587E-03 -1.3789743589743589E-02
   4.7615384615384612E-03 -1.3392307692307691E-02
   4.4923076923076930E-03 -1.3264102564102567E-02
   4.2358974358974368E-03 -1.3199999999999998E-02
   4.0307692307692301E-03 -1.3161538461538462E-02
   3.9923076923076926E-03 -1.3212820512820515E-02
   3.8512820512820512E-03 -1.3520512820512821E-02
   3.7230769230769231E-03 -1.3815384615384617E-02
   3.4923076923076926E-03 -1.4110256410256409E-02
   3.2615384615384611E-03 -1.4341025641025641E-02
   3.0051282051282049E-03 -1.4546153846153846E-02
   2.7743589743589744E-03 -1.4635897435897436E-02
   2.4923076923076917E-03 -1.4764102564102563E-02
   2.1461538461538467E-03 -1.4905128205128208E-02
   1.9923076923076921E-03 -1.4994871794871795E-02
   1.7102564102564103E-03 -1.4815384615384614E-02
   1.2743589743589739E-03 -1.4866666666666665E-02
   9.2820512820512803E-04 -1.4930769230769228E-02
   4.4102564102564083E-04 -1.5046153846153846E-02
   1.0769230769230734E-04 -1.5084615384615382E-02
  -2.0000000000000009E-04 -1.5071794871794870E-02
  -4.6923076923076953E-04 -1.4969230769230768E-02
  -6.4871794871794886E-04 -1.4892307692307693E-02
  -8.0256410256410345E-04 -1.4700000000000000E-02
  -8.2820512820512863E-04 -1.4417948717948716E-02
  -1.0205128205128208E-03 -1.4225641025641021E-02
  -1.2512820512820514E-03 -1.3674358974358975E-02
  -1.4179487179487183E-03 -1.3071794871794872E-02
  -1.5846153846153848E-03 -1.2597435897435899E-02
  -1.7128205128205129E-03 -1.2187179487179489E-02
  -1.9948717948717947E-03 -1.2033333333333332E-02
  -2.3282051282051282E-03 -1.1879487179487178E-02
  -2.7128205128205130E-03 -1.1597435897435898E-02
  -2.9692307692307691E-03 -1.1225641025641024E-02
  -2.9820512820512820E-03 -1.0687179487179487E-02
  -2.9179487179487179E-03 -1.0161538461538461E-02
  -2.8538461538461539E-03 -9.8923076923076916E-03
  -2.8794871794871795E-03 -9.4820512820512817E-03
  -2.8410256410256410E-03 -9.3923076923076929E-03
  -2.6615384615384617E-03 -9.2641025641025648E-03
  -2.5205128205128208E-03 -9.1743589743589742E-03
  -2.4179487179487183E-03 -8.9564102564102573E-03
  -2.3282051282051282E-03 -8.7384615384615387E-03
  -2.2000000000000001E-03 -8.4435897435897432E-03
  -1.8923076923076925E-03 -8.1230769230769238E-03
  -1.6615384615384617E-03 -7.7769230769230771E-03
  -1.4435897435897437E-03 -7.4692307692307697E-03
  -1.3025641025641026E-03 -7.2641025641025647E-03
  -1.3025641025641026E-03 -6.9948717948717948E-03
  -1.2256410256410257E-03 -6.4948717948717944E-03
  -1.1487179487179489E-03 -6.0333333333333333E-03
  -1.2641025641025644E-03 -5.7128205128205130E-03
  -1.3538461538461538E-03 -5.4307692307692303E-03
  -1.5076923076923080E-03 -5.0974358974358973E-03
  -1.6230769230769233E-03 -4.8410256410256411E-03
  -1.7512820512820514E-03 -4.4692307692307687E-03
  -1.8153846153846156E-03 -4.4692307692307687E-03
  -2.0076923076923076E-03 -4.6743589743589746E-03
  -2.1358974358974361E-03 -4.7897435897435899E-03
  -2.2256410256410258E-03 -4.7512820512820514E-03
  -2.4820512820512824E-03 -4.4435897435897431E-03
  -2.7128205128205130E-03 -4.0846153846153845E-03
  -2.7384615384615386E-03 -3.7897435897435898E-03
  -2.8794871794871795E-03 -3.5205128205128208E-03
  -3.1615384615384617E-03 -3.2512820512820514E-03
  -3.3282051282051282E-03 -3.0333333333333336E-03
  -3.4179487179487184E-03 -2.7641025641025642E-03
  -3.4051282051282051E-03 -2.4564102564102568E-03
  -3.4051282051282051E-03 -2.1358974358974361E-03
  -3.3410256410256411E-03 -1.8282051282051284E-03
  -3.2128205128205130E-03 -1.5717948717948720E-03
  -3.1487179487179489E-03 -9.4358974358974392E-04
  -3.0076923076923076E-03 -3.7948717948717986E-04
  -2.9307692307692307E-03  5.6410256410256102E-05
  -2.9948717948717952E-03  3.5128205128205116E-04
  -3.0974358974358977E-03  4.7948717948717925E-04
  -3.2256410256410258E-03  6.2051282051282059E-04
  -3.3538461538461539E-03  8.1282051282051187E-04
  -3.3923076923076927E-03  1.0307692307692305E-03
  -3.3923076923076927E-03  1.2871794871794867E-03
  -3.4692307692307696E-03  1.7615384615384615E-03
  -3.3923076923076927E-03  2.1076923076923082E-03
  -3.2641025641025642E-03  2.4282051282051276E-03
  -3.1358974358974357E-03  2.9410256410256409E-03
  -3.3153846153846150E-03  3.4282051282051285E-03
  -3.4564102564102568E-03  3.8000000000000000E-03
  -3.5205128205128208E-03  4.1589743589743582E-03
  -3.5333333333333336E-03  4.4538461538461537E-03
  -3.5846153846153849E-03  4.8128205128205124E-03
  -3.6102564102564105E-03  5.2102564102564104E-03
  -3.6871794871794874E-03  5.4025641025641016E-03
  -3.9692307692307700E-03  5.7358974358974347E-03
  -4.1743589743589750E-03  6.0179487179487182E-03
  -4.4307692307692303E-03  6.2871794871794864E-03
  -4.6743589743589746E-03  6.5564102564102580E-03
  -4.8153846153846155E-03  6.8769230769230773E-03
  -4.9179487179487179E-03  7.1974358974358967E-03
  -5.0717948717948725E-03  7.4410256410256410E-03
  -5.2769230769230766E-03  7.6717948717948733E-03
  -5.3282051282051279E-03  7.8256410256410270E-03
  -5.1487179487179485E-03  7.9794871794871807E-03
  -4.9820512820512820E-03  8.1333333333333310E-03
  -4.7897435897435899E-03  8.2102564102564148E-03
  -4.7128205128205130E-03  8.2743589743589710E-03
  -4.5974358974358986E-03  8.3897435897435906E-03
  -4.4948717948717944E-03  8.6333333333333366E-03
  -4.3282051282051287E-03  8.9666666666666662E-03
  -4.0846153846153845E-03  9.2102564102564156E-03
  -3.8794871794871799E-03  9.3256410256410266E-03
  -3.5076923076923080E-03  9.5435897435897452E-03
  -3.3282051282051282E-03  9.8256410256410218E-03
  -3.6487179487179489E-03  1.0287179487179486E-02
  -3.8282051282051283E-03  1.0761538461538460E-02
  -3.7641025641025642E-03  1.1248717948717952E-02
  -3.7128205128205130E-03  1.1646153846153848E-02
  -3.5461538461538464E-03  1.2107692307692311E-02
  -3.3282051282051282E-03  1.2787179487179489E-02
  -3.2128205128205130E-03  1.3479487179487182E-02
  -3.1871794871794873E-03  1.4069230769230773E-02
  -3.2000000000000002E-03  1.4517948717948719E-02
  -2.9948717948717952E-03  1.5133333333333334E-02
  -3.0589743589743588E-03  1.5556410256410259E-02
  -2.9948717948717952E-03  1.6005128205128203E-02
  -3.1615384615384617E-03  1.6402564102564104E-02
  -3.3153846153846150E-03  1.6825641025641030E-02
  -3.3282051282051282E-03  1.7158974358974358E-02
  -3.2641025641025642E-03  1.7710256410256409E-02
  -3.2384615384615381E-03  1.8171794871794870E-02
  -3.2641025641025642E-03  1.8517948717948721E-02
  -3.6102564102564105E-03  1.8825641025641032E-02
  -3.8923076923076927E-03  1.9223076923076923E-02
  -4.0846153846153845E-03  1.9633333333333329E-02
  -4.2641025641025638E-03  1.9941025641025643E-02
  -4.4051282051282056E-03  2.0223076923076923E-02
  -4.4948717948717944E-03  2.0582051282051286E-02
  -4.5589743589743593E-03  2.0928205128205129E-02
  -4.4948717948717944E-03  2.1223076923076921E-02
  -4.3794871794871799E-03  2.1402564102564102E-02
  -4.2000000000000006E-03  2.1582051282051283E-02
  -3.9051282051282051E-03  2.1787179487179491E-02
  -3.4564102564102568E-03  2.2094871794871795E-02
  -3.2384615384615381E-03  2.2415384615384615E-02
  -3.0846153846153849E-03  2.2697435897435891E-02
  -3.0076923076923076E-03  2.2710256410256410E-02
  -2.6743589743589745E-03  2.2466666666666663E-02
  -2.4948717948717952E-03  2.2235897435897437E-02
  -2.3153846153846154E-03  2.2184615384615386E-02
  -1.8025641025641026E-03  2.2171794871794871E-02
  -1.5333333333333336E-03  2.2248717948717949E-02
  -1.2000000000000001E-03  2.2364102564102564E-02
  -8.4102564102564101E-04  2.2620512820512820E-02
  -5.4615384615384595E-04  2.2889743589743588E-02
  -2.3846153846153852E-04  2.3120512820512824E-02
   1.8461538461538507E-04  2.3569230769230766E-02
   5.6923076923076892E-04  2.3838461538461544E-02
   8.6410256410256311E-04  2.3992307692307691E-02
   9.4102564102564084E-04  2.4158974358974364E-02
   9.9230769230769207E-04  2.4505128205128207E-02
   1.1461538461538467E-03  2.5056410256410255E-02
   1.4025641025641029E-03  2.5543589743589744E-02
   1.5307692307692309E-03  2.5646153846153839E-02
   1.8256410256410256E-03  2.5812820512820512E-02
   1.9538461538461537E-03  2.5966666666666662E-02
   2.0179487179487177E-03  2.6210256410256417E-02
   1.9410256410256409E-03  2.6517948717948721E-02
   1.8256410256410256E-03  2.6941025641025643E-02
   1.8000000000000000E-03  2.7235897435897438E-02
   1.9666666666666665E-03  2.7530769230769230E-02
   2.1589743589743595E-03  2.7812820512820514E-02
   2.4794871794871789E-03  2.8197435897435896E-02
   2.6589743589743591E-03  2.8582051282051275E-02
   2.9538461538461537E-03  2.9056410256410259E-02
   3.2102564102564099E-03  2.9415384615384614E-02
   3.3641025641025636E-03  2.9864102564102560E-02
   3.7358974358974359E-03  3.0466666666666670E-02
   4.2358974358974368E-03  3.1184615384615387E-02
   4.6589743589743587E-03  3.1723076923076923E-02
   5.1333333333333318E-03  3.1979487179487176E-02
   5.2487179487179497E-03  3.2299999999999995E-02
   5.0051282051282054E-03  3.2684615384615388E-02
   4.9923076923076935E-03  3.3146153846153846E-02
   5.3000000000000009E-03  3.3441025641025642E-02
   5.6333333333333322E-03  3.3569230769230768E-02
   5.6589743589743596E-03  3.3594871794871792E-02
   5.6461538461538476E-03  3.3966666666666666E-02
   5.6974358974358989E-03  3.4261538461538461E-02
   5.8256410256410252E-03  3.4479487179487178E-02
   6.1076923076923088E-03  3.4594871794871793E-02
   6.2487179487179505E-03  3.4710256410256407E-02
   5.9923076923076943E-03  3.5017948717948714E-02
   5.8641025641025645E-03  3.5274358974358974E-02
   5.7487179487179484E-03  3.5556410256410251E-02
   5.8256410256410252E-03  3.6017948717948715E-02
   6.0564102564102575E-03  3.6274358974358975E-02
   6.4153846153846162E-03  3.6594871794871794E-02
   6.5692307692307699E-03  3.7043589743589740E-02
   6.6333333333333331E-03  3.7505128205128198E-02
   6.6589743589743570E-03  3.7953846153846164E-02
   6.6589743589743570E-03  3.8428205128205127E-02
   6.7358974358974338E-03  3.8800000000000008E-02
   7.2102564102564087E-03  3.9210256410256411E-02
   7.4538461538461546E-03  3.9428205128205128E-02
   7.7358974358974399E-03  3.9684615384615381E-02
   7.8641025641025680E-03  3.9864102564102562E-02
   8.0564102564102558E-03  4.0094871794871784E-02
   8.4666666666666657E-03  4.0671794871794863E-02
   8.6846153846153878E-03  4.1069230769230768E-02
   8.9410256410256423E-03  4.1325641025641027E-02
   9.3384615384615403E-03  4.1505128205128201E-02
   9.9153846153846158E-03  4.1582051282051280E-02
   1.0453846153846152E-02  4.1633333333333335E-02
   1.0851282051282054E-02  4.1710256410256406E-02
   1.1351282051282054E-02  4.1825641025641021E-02
   1.1633333333333334E-02  4.1889743589743580E-02
   1.2107692307692311E-02  4.2082051282051287E-02
   1.2505128205128205E-02  4.2300000000000004E-02
   1.2876923076923076E-02  4.2479487179487178E-02
   1.3235897435897434E-02  4.2569230769230762E-02
   1.3825641025641025E-02  4.2569230769230762E-02
   1.4479487179487180E-02  4.2466666666666660E-02
   1.5197435897435897E-02  4.2351282051282045E-02
   1.5825641025641029E-02  4.2210256410256400E-02
   1.6069230769230770E-02  4.2120512820512816E-02
   1.6453846153846152E-02  4.1915384615384611E-02
   1.6979487179487177E-02  4.2030769230769226E-02
   1.7248717948717952E-02  4.1979487179487185E-02
   1.7300000000000003E-02  4.2056410256410257E-02
   1.7364102564102566E-02  4.2338461538461547E-02
   1.7312820512820508E-02  4.2658974358974366E-02
   1.7338461538461539E-02  4.2812820512820524E-02
   1.7415384615384610E-02  4.3184615384615384E-02
   1.7056410256410255E-02  4.3376923076923077E-02
   1.6774358974358972E-02  4.3812820512820511E-02
   1.6774358974358972E-02  4.4274358974358975E-02
   1.6876923076923081E-02  4.4761538461538471E-02
   1.6966666666666668E-02  4.5248717948717945E-02
   1.7017948717948719E-02  4.5658974358974369E-02
   1.6787179487179480E-02  4.6402564102564110E-02
   1.6799999999999999E-02  4.7017948717948718E-02
   1.6915384615384617E-02  4.7658974358974371E-02
   1.6979487179487177E-02  4.8107692307692303E-02
   1.7312820512820508E-02  4.8556410256410255E-02
   1.8043589743589748E-02  4.8620512820512829E-02
   1.8941025641025643E-02  4.8479487179487184E-02
   1.9402564102564104E-02  4.8184615384615388E-02
   1.9851282051282049E-02  4.7825641025641026E-02
   1.9915384615384616E-02  4.7787179487179497E-02
   2.0056410256410258E-02  4.8223076923076924E-02
   2.0133333333333333E-02  4.8466666666666665E-02
   2.0338461538461538E-02  4.8838461538461532E-02
   2.0556410256410255E-02  4.9094871794871792E-02
   2.0915384615384613E-02  4.9312820512820509E-02
   2.1223076923076921E-02  4.9479487179487185E-02
   2.1569230769230775E-02  4.9889743589743588E-02
   2.1838461538461543E-02  5.0158974358974352E-02
   2.2069230769230768E-02  5.0415384615384612E-02
   2.2171794871794871E-02  5.0607692307692305E-02
   2.2402564102564103E-02  5.1133333333333336E-02
   2.2646153846153840E-02  5.1530769230769227E-02
   2.3043589743589742E-02  5.1607692307692306E-02
   2.3428205128205124E-02  5.1556410256410244E-02
   2.3902564102564097E-02  5.1030769230769234E-02
   2.4287179487179476E-02  5.0735897435897431E-02
   2.4453846153846156E-02  5.0492307692307697E-02
   2.4658974358974361E-02  5.0171794871794864E-02
   2.4825641025641026E-02  5.0453846153846155E-02
   2.4979487179487180E-02  5.0748717948717943E-02
   2.5389743589743594E-02  5.1197435897435896E-02
   2.5748717948717945E-02  5.1517948717948729E-02
   2.6082051282051284E-02  5.1723076923076934E-02
   2.6812820512820506E-02  5.2005128205128211E-02
   2.7671794871794872E-02  5.2030769230769235E-02
   2.8569230769230763E-02  5.1953846153846149E-02
   2.9171794871794873E-02  5.1902564102564108E-02
   2.9492307692307693E-02  5.1928205128205132E-02
   2.9735897435897433E-02  5.2069230769230763E-02
   3.0210256410256410E-02  5.2428205128205126E-02
   3.0517948717948717E-02  5.2723076923076921E-02
   3.1171794871794868E-02  5.3415384615384615E-02
   3.1441025641025640E-02  5.3735897435897420E-02
   3.1569230769230766E-02  5.3812820512820506E-02
   3.1787179487179483E-02  5.4376923076923073E-02
   3.2120512820512821E-02  5.4838461538461537E-02
   3.2530769230769231E-02  5.5082051282051285E-02
   3.2825641025641027E-02  5.5158974358974371E-02
   3.3056410256410255E-02  5.5248717948717947E-02
   3.3364102564102563E-02  5.5376923076923074E-02
   3.3723076923076925E-02  5.5569230769230774E-02
   3.4184615384615383E-02  5.5569230769230774E-02
   3.4633333333333335E-02  5.5415384615384602E-02
   3.4928205128205124E-02  5.5607692307692309E-02
   3.5197435897435896E-02  5.5774358974358978E-02
   3.5415384615384619E-02  5.5735897435897436E-02
   3.5787179487179487E-02  5.5633333333333333E-02
   3.6120512820512818E-02  5.5517948717948705E-02
   3.6607692307692306E-02  5.5376923076923074E-02
   3.7082051282051283E-02  5.5223076923076930E-02
