   0.1762615384615384     -5.5251282051282047E-02
   0.1759282051282051     -5.5302564102564108E-02
   0.1755435897435898     -5.5379487179487180E-02
   0.1752230769230769     -5.5430769230769235E-02
   0.1746846153846154     -5.5430769230769235E-02
   0.1742230769230769     -5.5482051282051269E-02
   0.1740179487179487     -5.5558974358974368E-02
   0.1737871794871795     -5.5712820512820525E-02
   0.1735179487179487     -5.5892307692307686E-02
   0.1732102564102564     -5.6020512820512833E-02
   0.1729153846153846     -5.6110256410256402E-02
   0.1725948717948718     -5.6200000000000007E-02
   0.1722487179487179     -5.6200000000000007E-02
   0.1717102564102564     -5.5905128205128204E-02
   0.1716846153846154     -5.5674358974358969E-02
   0.1716974358974359     -5.5276923076923064E-02
   0.1717487179487179     -5.4853846153846156E-02
   0.1717102564102564     -5.4353846153846148E-02
   0.1716589743589743     -5.4084615384615391E-02
   0.1715692307692308     -5.3853846153846155E-02
   0.1713769230769231     -5.4007692307692312E-02
   0.1712102564102564     -5.4174358974358988E-02
   0.1710179487179487     -5.4353846153846148E-02
   0.1707615384615384     -5.4507692307692306E-02
   0.1706076923076923     -5.4571794871794865E-02
   0.1704538461538462     -5.4661538461538456E-02
   0.1700564102564103     -5.4610256410256408E-02
   0.1698000000000000     -5.4648717948717951E-02
   0.1696205128205128     -5.4776923076923084E-02
   0.1693256410256410     -5.4892307692307699E-02
   0.1690948717948718     -5.4956410256410258E-02
   0.1688512820512821     -5.4930769230769227E-02
   0.1684794871794872     -5.4764102564102558E-02
   0.1681974358974359     -5.4507692307692306E-02
   0.1679794871794872     -5.4225641025641022E-02
   0.1678000000000000     -5.4071794871794872E-02
   0.1676974358974359     -5.3853846153846155E-02
   0.1675564102564103     -5.4033333333333343E-02
   0.1674025641025641     -5.4341025641025650E-02
   0.1672743589743590     -5.4623076923076927E-02
   0.1671589743589744     -5.4802564102564101E-02
   0.1669666666666667     -5.5046153846153849E-02
   0.1668384615384616     -5.5135897435897432E-02
   0.1665692307692308     -5.5251282051282047E-02
   0.1663384615384616     -5.5276923076923064E-02
   0.1661076923076923     -5.5212820512820518E-02
   0.1658769230769231     -5.4930769230769227E-02
   0.1656076923076923     -5.4725641025641029E-02
   0.1654794871794872     -5.4597435897435896E-02
   0.1652230769230769     -5.4469230769230763E-02
   0.1650307692307692     -5.4341025641025650E-02
   0.1648384615384615     -5.4058974358974360E-02
   0.1646205128205128     -5.3943589743589745E-02
   0.1643384615384616     -5.3943589743589745E-02
   0.1641076923076923     -5.4033333333333343E-02
   0.1640179487179487     -5.4123076923076920E-02
   0.1636974358974359     -5.4353846153846148E-02
   0.1635435897435897     -5.4443589743589753E-02
   0.1631846153846154     -5.4648717948717951E-02
   0.1631589743589743     -5.4725641025641029E-02
   0.1630179487179487     -5.4751282051282053E-02
   0.1628256410256410     -5.4699999999999999E-02
   0.1624794871794872     -5.4571794871794865E-02
   0.1621589743589744     -5.4430769230769220E-02
   0.1618512820512821     -5.4289743589743589E-02
   0.1615564102564102     -5.4187179487179486E-02
   0.1613000000000000     -5.4071794871794872E-02
   0.1612358974358974     -5.4276923076923091E-02
   0.1612230769230769     -5.4494871794871794E-02
   0.1611205128205128     -5.4699999999999999E-02
   0.1607358974358974     -5.4597435897435896E-02
   0.1605820512820513     -5.4405128205128210E-02
   0.1602743589743590     -5.4264102564102565E-02
   0.1600307692307692     -5.4276923076923091E-02
   0.1598384615384615     -5.4405128205128210E-02
   0.1595307692307692     -5.4571794871794865E-02
   0.1592615384615385     -5.4725641025641029E-02
   0.1587743589743590     -5.4610256410256408E-02
   0.1584410256410256     -5.4456410256410251E-02
   0.1579153846153846     -5.4071794871794872E-02
   0.1577615384615385     -5.3751282051282052E-02
   0.1575307692307692     -5.3353846153846148E-02
   0.1573641025641026     -5.3584615384615383E-02
   0.1570435897435897     -5.3982051282051288E-02
   0.1566589743589744     -5.4533333333333323E-02
   0.1565948717948718     -5.4687179487179494E-02
   0.1564666666666667     -5.4828205128205125E-02
   0.1561717948717949     -5.4789743589743596E-02
   0.1560179487179487     -5.4648717948717951E-02
   0.1559794871794872     -5.4328205128205125E-02
   0.1558769230769231     -5.3930769230769227E-02
   0.1558384615384615     -5.3802564102564114E-02
   0.1556974358974359     -5.3674358974358967E-02
   0.1555820512820513     -5.3392307692307690E-02
   0.1552487179487180     -5.3366666666666666E-02
   0.1550179487179487     -5.3507692307692305E-02
   0.1548128205128205     -5.3687179487179486E-02
   0.1545948717948718     -5.3905128205128210E-02
   0.1543897435897436     -5.4174358974358988E-02
   0.1542615384615385     -5.4366666666666667E-02
   0.1541846153846154     -5.4443589743589753E-02
   0.1540435897435897     -5.4558974358974353E-02
   0.1538384615384615     -5.4623076923076927E-02
   0.1536333333333333     -5.4661538461538456E-02
   0.1534666666666666     -5.4648717948717951E-02
   0.1531717948717949     -5.4546153846153848E-02
   0.1528000000000000     -5.4379487179487193E-02
   0.1519923076923077     -5.4020512820512817E-02
   0.1518384615384615     -5.3917948717948715E-02
   0.1513769230769231     -5.3725641025641029E-02
   0.1511461538461539     -5.3764102564102571E-02
   0.1508384615384615     -5.3776923076923083E-02
   0.1504410256410256     -5.3648717948717950E-02
   0.1500435897435897     -5.3417948717948721E-02
   0.1494666666666667     -5.3392307692307690E-02
   0.1490564102564103     -5.3289743589743588E-02
   0.1486461538461539     -5.3315384615384619E-02
   0.1483128205128205     -5.3392307692307690E-02
   0.1480435897435897     -5.3417948717948721E-02
   0.1475692307692308     -5.3430769230769233E-02
   0.1471717948717949     -5.3084615384615376E-02
   0.1467102564102564     -5.2994871794871799E-02
   0.1463897435897436     -5.2917948717948728E-02
   0.1462487179487179     -5.2956410256410257E-02
   0.1460564102564103     -5.3174358974358973E-02
   0.1459282051282051     -5.3238461538461533E-02
   0.1455179487179487     -5.3212820512820516E-02
   0.1451589743589744     -5.3058974358974359E-02
   0.1448384615384615     -5.2917948717948728E-02
   0.1442743589743590     -5.2866666666666666E-02
   0.1437230769230769     -5.2712820512820509E-02
   0.1432230769230769     -5.2584615384615389E-02
   0.1427743589743590     -5.2546153846153840E-02
   0.1421717948717949     -5.2507692307692304E-02
   0.1418000000000000     -5.2469230769230775E-02
   0.1413128205128205     -5.2405128205128208E-02
   0.1408512820512820     -5.2264102564102570E-02
   0.1402615384615385     -5.2058974358974372E-02
   0.1398512820512821     -5.1930769230769225E-02
   0.1397102564102564     -5.2071794871794870E-02
   0.1392230769230769     -5.2302564102564106E-02
   0.1388512820512821     -5.2366666666666672E-02
   0.1384282051282051     -5.2341025641025635E-02
   0.1378512820512820     -5.2392307692307689E-02
   0.1377615384615385     -5.2443589743589751E-02
   0.1375435897435897     -5.2494871794871792E-02
   0.1370820512820513     -5.2469230769230775E-02
   0.1363512820512821     -5.2161538461538474E-02
   0.1359153846153846     -5.1930769230769225E-02
   0.1354666666666667     -5.1648717948717962E-02
   0.1349410256410256     -5.1417948717948719E-02
   0.1345051282051282     -5.1430769230769231E-02
   0.1341333333333333     -5.1546153846153846E-02
   0.1338256410256410     -5.1623076923076924E-02
   0.1333000000000000     -5.1571794871794863E-02
   0.1328641025641026     -5.1610256410256419E-02
   0.1323256410256410     -5.1648717948717962E-02
   0.1317102564102564     -5.1751282051282051E-02
   0.1310051282051282     -5.1674358974358965E-02
   0.1307358974358974     -5.1661538461538467E-02
   0.1303897435897436     -5.1764102564102570E-02
   0.1298000000000000     -5.1802564102564098E-02
   0.1291846153846154     -5.1725641025641027E-02
   0.1285820512820513     -5.1610256410256419E-02
   0.1279794871794872     -5.1187179487179484E-02
   0.1277102564102564     -5.0982051282051286E-02
   0.1269666666666667     -5.0725641025641026E-02
   0.1265179487179487     -5.0661538461538466E-02
   0.1261076923076923     -5.0584615384615388E-02
   0.1254282051282051     -5.0482051282051292E-02
   0.1249282051282051     -5.0443589743589749E-02
   0.1243769230769231     -5.0366666666666671E-02
   0.1239794871794872     -5.0187179487179483E-02
   0.1236846153846154     -5.0123076923076930E-02
   0.1236205128205128     -5.0187179487179483E-02
   0.1231333333333333     -5.0148717948717954E-02
   0.1227358974358974     -5.0123076923076930E-02
   0.1224538461538462     -5.0161538461538473E-02
   0.1222871794871795     -5.0264102564102568E-02
   0.1218769230769231     -5.0430769230769230E-02
   0.1213897435897436     -5.0392307692307688E-02
   0.1209025641025641     -5.0264102564102568E-02
   0.1202358974358974     -5.0007692307692309E-02
   0.1198641025641026     -4.9776923076923080E-02
   0.1194025641025641     -4.9443589743589748E-02
   0.1189410256410256     -4.9225641025641025E-02
   0.1125692307692308     -4.8366666666666669E-02
   0.1061846153846154     -4.7712820512820518E-02
   0.1055692307692308     -4.8200000000000000E-02
   0.1053384615384615     -4.8315384615384614E-02
   0.1050564102564103     -4.8315384615384614E-02
   0.1048641025641026     -4.8366666666666669E-02
   0.1046589743589744     -4.8571794871794874E-02
   0.1045820512820513     -4.8776923076923079E-02
   0.1044282051282051     -4.8956410256410267E-02
   0.1041589743589743     -4.8982051282051284E-02
   0.1039153846153846     -4.9033333333333338E-02
   0.1036076923076923     -4.9071794871794867E-02
   0.1032743589743590     -4.9020512820512813E-02
   0.1029923076923077     -4.8725641025641024E-02
   0.1028256410256410     -4.8520512820512819E-02
   0.1026974358974359     -4.8494871794871802E-02
   0.1023128205128205     -4.8597435897435905E-02
   0.1020435897435897     -4.8661538461538464E-02
   0.1017871794871795     -4.8635897435897434E-02
   0.1014025641025641     -4.8494871794871802E-02
   0.1011205128205128     -4.8264102564102566E-02
   0.1007358974358974     -4.7982051282051269E-02
   0.1005051282051282     -4.7841025641025652E-02
   0.1000948717948718     -4.7635897435897433E-02
   9.4748717948717961E-02 -4.6494871794871787E-02
   9.2133333333333331E-02 -4.6020512820512824E-02
   9.0261538461538449E-02 -4.5674358974358974E-02
   8.7658974358974351E-02 -4.5212820512820509E-02
   8.5646153846153858E-02 -4.4841025641025649E-02
   8.3287179487179494E-02 -4.4341025641025641E-02
   8.0338461538461525E-02 -4.3866666666666658E-02
   7.7582051282051270E-02 -4.3687179487179484E-02
   7.4030769230769233E-02 -4.2712820512820514E-02
   7.0441025641025654E-02 -4.1879487179487182E-02
   6.6941025641025650E-02 -4.1200000000000001E-02
   6.3197435897435900E-02 -4.0084615384615385E-02
   6.0338461538461542E-02 -3.9507692307692313E-02
   5.7812820512820509E-02 -3.8905128205128203E-02
   5.5607692307692309E-02 -3.8251282051282053E-02
   5.2735897435897447E-02 -3.7558974358974359E-02
   5.0389743589743595E-02 -3.6841025641025642E-02
   4.7607692307692302E-02 -3.5507692307692310E-02
   4.3287179487179486E-02 -3.4353846153846151E-02
   3.9146153846153837E-02 -3.2841025641025631E-02
   3.5928205128205132E-02 -3.1520512820512818E-02
   3.1030769230769230E-02 -2.9392307692307693E-02
   2.8248717948717944E-02 -2.7751282051282050E-02
   2.5248717948717948E-02 -2.6315384615384615E-02
   2.2838461538461537E-02 -2.5046153846153846E-02
   1.9812820512820514E-02 -2.3597435897435903E-02
   1.7376923076923078E-02 -2.1738461538461540E-02
   1.4966666666666668E-02 -2.0264102564102566E-02
   1.3594871794871797E-02 -1.9430769230769231E-02
   1.1979487179487181E-02 -1.8341025641025639E-02
   1.0248717948717951E-02 -1.6969230769230771E-02
   8.3897435897435906E-03 -1.5533333333333333E-02
   6.2743589743589744E-03 -1.3558974358974362E-02
   5.1461538461538454E-03 -1.2341025641025643E-02
   4.0820512820512814E-03 -1.0533333333333334E-02
   2.8641025641025640E-03 -8.6102564102564106E-03
   1.6589743589743590E-03 -7.2897435897435903E-03
   1.1333333333333330E-03 -5.9820512820512820E-03
   2.3589743589743587E-04 -4.6102564102564105E-03
  -4.9487179487179471E-04 -3.4051282051282051E-03
  -1.0717948717948720E-03 -1.5333333333333336E-03
  -1.7897435897435898E-03  1.1589743589743586E-03
  -2.3153846153846154E-03  2.9282051282051272E-03
  -2.3538461538461538E-03  4.7615384615384612E-03
  -2.4435897435897439E-03  6.2358974358974351E-03
  -2.3538461538461538E-03  8.0179487179487200E-03
  -1.8538461538461541E-03  1.0364102564102565E-02
  -1.4051282051282053E-03  1.2338461538461536E-02
  -1.1743589743589745E-03  1.3992307692307691E-02
  -4.6923076923076953E-04  1.5992307692307688E-02
   3.2564102564102554E-04  1.8005128205128205E-02
   1.3769230769230772E-03  2.0043589743589742E-02
   2.5307692307692310E-03  2.2158974358974366E-02
   3.9666666666666670E-03  2.4184615384615381E-02
   5.2615384615384616E-03  2.6082051282051284E-02
   6.7230769230769202E-03  2.8453846153846149E-02
   8.9410256410256423E-03  3.1005128205128206E-02
   1.1351282051282054E-02  3.4248717948717949E-02
   1.4120512820512824E-02  3.6825641025641023E-02
   1.7851282051282051E-02  4.0248717948717941E-02
   1.9966666666666667E-02  4.2235897435897431E-02
   2.2415384615384615E-02  4.4223076923076921E-02
   2.5466666666666665E-02  4.6800000000000001E-02
   2.9671794871794867E-02  4.9697435897435888E-02
   3.2261538461538460E-02  5.1543589743589746E-02
   3.5069230769230769E-02  5.3223076923076929E-02
   3.7479487179487188E-02  5.4774358974358964E-02
   4.0953846153846153E-02  5.6517948717948720E-02
   4.3876923076923070E-02  5.8453846153846148E-02
   4.8543589743589743E-02  6.0864102564102567E-02
   5.1607692307692306E-02  6.2300000000000001E-02
   5.4492307692307687E-02  6.3812820512820514E-02
   5.7287179487179478E-02  6.5107692307692311E-02
   6.0505128205128204E-02  6.6992307692307698E-02
   6.4146153846153853E-02  6.8351282051282061E-02
   6.7158974358974360E-02  6.9697435897435905E-02
   7.0633333333333340E-02  7.1325641025641040E-02
   7.4376923076923077E-02  7.2966666666666666E-02
   7.7761538461538479E-02  7.4210256410256414E-02
   8.1056410256410263E-02  7.5197435897435896E-02
   8.5133333333333325E-02  7.6671794871794874E-02
   8.9300000000000004E-02  7.8005128205128213E-02
   9.3825641025641046E-02  7.8979487179487176E-02
   9.8171794871794907E-02  8.0120512820512829E-02
   0.1029153846153846      8.2120512820512845E-02
   0.1029666666666667      8.2235897435897445E-02
   0.1030307692307692      8.2389743589743575E-02
   0.1030820512820513      8.2517948717948722E-02
   0.1032615384615385      8.2697435897435903E-02
   0.1033000000000000      8.2761538461538484E-02
   0.1034666666666667      8.2812820512820504E-02
   0.1037487179487179      8.2825641025641009E-02
   0.1040307692307692      8.2761538461538484E-02
   0.1042358974358974      8.2671794871794879E-02
   0.1043769230769231      8.2633333333333350E-02
   0.1046461538461538      8.2748717948717951E-02
   0.1048000000000000      8.2812820512820504E-02
   0.1051205128205128      8.2966666666666675E-02
   0.1054410256410257      8.3056410256410251E-02
   0.1056461538461539      8.3120512820512832E-02
   0.1057871794871795      8.3210256410256409E-02
   0.1061076923076923      8.3351282051282061E-02
   0.1064666666666667      8.3479487179487194E-02
   0.1066717948717949      8.3620512820512818E-02
   0.1069153846153846      8.3800000000000027E-02
   0.1071589743589743      8.3941025641025652E-02
   0.1074538461538462      8.4094871794871781E-02
   0.1077487179487180      8.4184615384615386E-02
   0.1079282051282051      8.4274358974359004E-02
   0.1082102564102564      8.4453846153846157E-02
   0.1084923076923077      8.4620512820512833E-02
   0.1087487179487180      8.4787179487179495E-02
   0.1090435897435897      8.4966666666666676E-02
   0.1095564102564103      8.5415384615384601E-02
   0.1098128205128205      8.5556410256410281E-02
   0.1103769230769231      8.5889743589743606E-02
   0.1106205128205128      8.6030769230769216E-02
   0.1107871794871795      8.6146153846153886E-02
   0.1109666666666667      8.6351282051282091E-02
   0.1113769230769231      8.6671794871794883E-02
   0.1117871794871795      8.6941025641025654E-02
   0.1120948717948718      8.7120512820512822E-02
   0.1123128205128205      8.7287179487179498E-02
   0.1125307692307692      8.7620512820512822E-02
   0.1126846153846154      8.7735897435897423E-02
   0.1129794871794872      8.7864102564102556E-02
   0.1134153846153846      8.8017948717948727E-02
   0.1137230769230769      8.8158974358974365E-02
   0.1140435897435897      8.8210256410256413E-02
   0.1144410256410256      8.8235897435897478E-02
   0.1148256410256410      8.8325641025641041E-02
   0.1151589743589744      8.8441025641025670E-02
   0.1155307692307692      8.8479487179487212E-02
   0.1158256410256410      8.8543589743589737E-02
   0.1160948717948718      8.8569230769230775E-02
   0.1162487179487180      8.8184615384615389E-02
   0.1164410256410256      8.7800000000000003E-02
   0.1166205128205128      8.7646153846153860E-02
   0.1167487179487180      8.7364102564102569E-02
   0.1168641025641026      8.7210256410256412E-02
   0.1172743589743590      8.7171794871794883E-02
   0.1177871794871795      8.7120512820512822E-02
   0.1182615384615385      8.7017948717948712E-02
   0.1187358974358974      8.7082051282051293E-02
   0.1188641025641026      8.6928205128205135E-02
   0.1190820512820513      8.6735897435897449E-02
   0.1226846153846154      8.6723076923076931E-02
   0.1281589743589743      8.8223076923076932E-02
   0.1337743589743590      8.9710256410256414E-02
   0.1338256410256410      8.9864102564102571E-02
   0.1339025641025641      9.0069230769230776E-02
   0.1339666666666667      9.0287179487179500E-02
   0.1341846153846154      9.0620512820512811E-02
   0.1344794871794872      9.0953846153846163E-02
   0.1346974358974359      9.0941025641025644E-02
   0.1348897435897436      9.1030769230769221E-02
   0.1352358974358974      9.1005128205128225E-02
   0.1356076923076923      9.0992307692307733E-02
   0.1359025641025641      9.0979487179487187E-02
   0.1361589743589743      9.1120512820512825E-02
   0.1363256410256410      9.1223076923076921E-02
   0.1365051282051282      9.1261538461538450E-02
   0.1367102564102564      9.1158974358974368E-02
   0.1368641025641026      9.1107692307692320E-02
   0.1371461538461538      9.1171794871794887E-02
   0.1373000000000000      9.1107692307692320E-02
   0.1374666666666667      9.1030769230769221E-02
   0.1377615384615385      9.0992307692307733E-02
   0.1381076923076923      9.0966666666666682E-02
   0.1384666666666667      9.0966666666666682E-02
   0.1388256410256410      9.1005128205128225E-02
   0.1391846153846154      9.1043589743589767E-02
   0.1393897435897436      9.1069230769230791E-02
   0.1396717948717949      9.1120512820512825E-02
   0.1398897435897436      9.1223076923076921E-02
   0.1402615384615385      9.1389743589743597E-02
   0.1406846153846154      9.1543589743589754E-02
   0.1410692307692308      9.1748717948717959E-02
   0.1413512820512820      9.1774358974358983E-02
   0.1416205128205128      9.1761538461538464E-02
   0.1419666666666667      9.1697435897435883E-02
   0.1422871794871795      9.1620512820512826E-02
   0.1426076923076923      9.1582051282051297E-02
   0.1428897435897436      9.1646153846153863E-02
   0.1432102564102564      9.1748717948717959E-02
   0.1437743589743590      9.1979487179487188E-02
   0.1442230769230769      9.2235897435897440E-02
   0.1444153846153846      9.2261538461538464E-02
   0.1448897435897436      9.2466666666666711E-02
   0.1453256410256410      9.2671794871794916E-02
   0.1455692307692308      9.2761538461538479E-02
   0.1459410256410256      9.2889743589743598E-02
   0.1464282051282051      9.3107692307692308E-02
   0.1470307692307693      9.3325641025641046E-02
   0.1473897435897436      9.3453846153846165E-02
   0.1476974358974359      9.3594871794871776E-02
   0.1483128205128205      9.3633333333333346E-02
   0.1484923076923077      9.3633333333333346E-02
   0.1490692307692308      9.3646153846153851E-02
   0.1496461538461538      9.3646153846153851E-02
   0.1499282051282051      9.3582051282051271E-02
   0.1500564102564103      9.3620512820512813E-02
   0.1506205128205128      9.3799999999999981E-02
   0.1511333333333333      9.3928205128205142E-02
   0.1516589743589744      9.4043589743589756E-02
   0.1521717948717949      9.4171794871794876E-02
   0.1524538461538462      9.4261538461538452E-02
   0.1525820512820513      9.4543589743589757E-02
   0.1528000000000000      9.4825641025641061E-02
   0.1530435897435897      9.5120512820512829E-02
   0.1533641025641026      9.5376923076923081E-02
   0.1535820512820513      9.5517948717948734E-02
   0.1538000000000000      9.5569230769230781E-02
   0.1539923076923077      9.5723076923076938E-02
   0.1543000000000000      9.5928205128205143E-02
   0.1545435897435898      9.6223076923076925E-02
   0.1548384615384615      9.6441025641025649E-02
   0.1549153846153846      9.6492307692307697E-02
   0.1552743589743590      9.6569230769230782E-02
   0.1556333333333333      9.6620512820512830E-02
   0.1559923076923077      9.6620512820512830E-02
   0.1564538461538461      9.6658974358974373E-02
   0.1568384615384615      9.6697435897435902E-02
   0.1573769230769231      9.7030769230769212E-02
   0.1576205128205128      9.7184615384615411E-02
   0.1579153846153846      9.7300000000000011E-02
   0.1582230769230769      9.7376923076923111E-02
   0.1586205128205128      9.7364102564102606E-02
   0.1590948717948718      9.7376923076923111E-02
   0.1594794871794872      9.7376923076923111E-02
   0.1597102564102564      9.7530769230769199E-02
   0.1600179487179487      9.7812820512820503E-02
   0.1602102564102564      9.7941025641025609E-02
   0.1603641025641026      9.8043589743589704E-02
   0.1604538461538461      9.8107692307692312E-02
   0.1607743589743590      9.8312820512820503E-02
   0.1611717948717949      9.8453846153846100E-02
   0.1614025641025641      9.8697435897435903E-02
   0.1615435897435897      9.8889743589743603E-02
   0.1618512820512821      9.9069230769230812E-02
   0.1622230769230769      9.9158974358974403E-02
   0.1626717948717949      9.9261538461538512E-02
   0.1629282051282051      9.9325641025641009E-02
   0.1633128205128205      9.9338461538461501E-02
   0.1637743589743590      9.9017948717948709E-02
   0.1640435897435897      9.9030769230769200E-02
   0.1644153846153846      9.9466666666666703E-02
   0.1647615384615385      9.9748717948717910E-02
   0.1650948717948718      9.9941025641025610E-02
   0.1652743589743590      0.1000948717948718    
   0.1654923076923077      0.1003000000000000    
   0.1658384615384615      0.1003128205128205    
   0.1660051282051282      0.1004025641025641    
   0.1665692307692308      0.1005435897435897    
   0.1667871794871795      0.1005435897435897    
   0.1673512820512821      0.1007230769230769    
   0.1675564102564103      0.1006846153846154    
   0.1675564102564103      0.1004666666666667    
   0.1675820512820513      0.1001717948717949    
   0.1679923076923077      9.9556410256410308E-02
   0.1680948717948718      9.9223076923076900E-02
   0.1680948717948718      9.8825641025641009E-02
   0.1681461538461539      9.8582051282051303E-02
   0.1684923076923077      9.8312820512820503E-02
   0.1686717948717949      9.8235897435897404E-02
   0.1693384615384616      9.8210256410256408E-02
   0.1699666666666667      9.8171794871794907E-02
   0.1702102564102564      9.8197435897435903E-02
   0.1707102564102564      9.8248717948717909E-02
   0.1710051282051282      9.8325641025641008E-02
   0.1714538461538462      9.8543589743589705E-02
   0.1717487179487179      9.8325641025641008E-02
   0.1721333333333333      9.8223076923076899E-02
   0.1724282051282051      9.7966666666666702E-02
   0.1726589743589744      9.7697435897435903E-02
   0.1730307692307692      9.7351282051282004E-02
