   9.5453846153846153E-02 -4.6969230769230777E-02
   9.5389743589743600E-02 -4.7199999999999999E-02
   9.5338461538461525E-02 -4.7366666666666668E-02
   9.5274358974358958E-02 -4.7584615384615385E-02
   9.5120512820512829E-02 -4.8071794871794866E-02
   9.5005128205128228E-02 -4.8405128205128205E-02
   9.4902564102564091E-02 -4.8828205128205120E-02
   9.4838461538461566E-02 -4.9084615384615386E-02
   9.4710256410256419E-02 -4.9584615384615380E-02
   9.4697435897435886E-02 -4.9930769230769237E-02
   9.4787179487179490E-02 -5.0379487179487190E-02
   9.4864102564102548E-02 -5.0905128205128207E-02
   9.4748717948717961E-02 -5.1546153846153846E-02
   9.4671794871794862E-02 -5.2033333333333327E-02
   9.4543589743589757E-02 -5.2687179487179485E-02
   9.4376923076923080E-02 -5.3058974358974359E-02
   9.4261538461538452E-02 -5.3353846153846148E-02
   9.4158974358974398E-02 -5.3815384615384612E-02
   9.4197435897435886E-02 -5.4392307692307691E-02
   9.4158974358974398E-02 -5.4879487179487187E-02
   9.4107692307692323E-02 -5.5507692307692306E-02
   9.4082051282051285E-02 -5.5982051282051276E-02
   9.4094871794871804E-02 -5.6469230769230765E-02
   9.4133333333333347E-02 -5.6930769230769243E-02
   9.4043589743589756E-02 -5.7802564102564090E-02
   9.4056410256410247E-02 -5.8199999999999995E-02
   9.4069230769230780E-02 -5.8558974358974357E-02
   9.3915384615384623E-02 -5.8930769230769231E-02
   9.3876923076923080E-02 -5.9238461538461538E-02
   9.3812820512820513E-02 -5.9520512820512829E-02
   9.3799999999999981E-02 -5.9841025641025648E-02
   9.3774358974358971E-02 -6.0058974358974365E-02
   9.3723076923076951E-02 -6.0315384615384611E-02
   9.3492307692307708E-02 -6.0315384615384611E-02
   9.3094871794871803E-02 -6.0264102564102570E-02
   9.2543589743589727E-02 -6.0276923076923082E-02
   9.2312820512820512E-02 -6.0058974358974365E-02
   9.1902564102564088E-02 -5.9789743589743587E-02
   9.1543589743589754E-02 -5.9635897435897443E-02
   9.1312820512820525E-02 -5.9276923076923067E-02
   9.1184615384615392E-02 -5.8917948717948733E-02
   9.1043589743589767E-02 -5.8571794871794869E-02
   9.0941025641025644E-02 -5.8302564102564111E-02
   9.1479487179487201E-02 -5.8251282051282050E-02
   9.1851282051282054E-02 -5.8212820512820507E-02
   9.1825641025641030E-02 -5.7853846153846158E-02
   9.1748717948717959E-02 -5.7379487179487182E-02
   9.1928205128205140E-02 -5.6828205128205127E-02
   9.2082051282051311E-02 -5.6366666666666669E-02
   9.2184615384615393E-02 -5.5905128205128204E-02
   9.2248717948717959E-02 -5.5482051282051269E-02
   9.2376923076923065E-02 -5.5020512820512832E-02
   9.2415384615384621E-02 -5.4712820512820524E-02
   9.2415384615384621E-02 -5.4405128205128210E-02
   9.2248717948717959E-02 -5.4161538461538462E-02
   9.2056410256410259E-02 -5.3917948717948715E-02
   9.1748717948717959E-02 -5.3558974358974366E-02
   9.1479487179487201E-02 -5.3161538461538461E-02
   9.1389743589743597E-02 -5.2982051282051287E-02
   9.1364102564102573E-02 -5.2661538461538468E-02
   9.1312820512820525E-02 -5.2315384615384604E-02
   9.1197435897435938E-02 -5.1558974358974351E-02
   9.1082051282051296E-02 -5.1084615384615388E-02
   9.1017948717948716E-02 -5.0712820512820507E-02
   9.0992307692307733E-02 -5.0238461538461544E-02
   9.0979487179487187E-02 -4.9802564102564111E-02
   9.0992307692307733E-02 -4.9161538461538472E-02
   9.1094871794871787E-02 -4.8828205128205120E-02
   9.1120512820512825E-02 -4.8341025641025645E-02
   9.1184615384615392E-02 -4.7623076923076928E-02
   9.1248717948717958E-02 -4.7084615384615384E-02
   9.1133333333333344E-02 -4.6712820512820517E-02
   8.7658974358974351E-02 -4.5212820512820509E-02
   8.6184615384615373E-02 -4.5558974358974359E-02
   8.6133333333333340E-02 -4.5584615384615383E-02
   8.5941025641025640E-02 -4.5828205128205131E-02
   8.5710256410256411E-02 -4.6097435897435896E-02
   8.5582051282051264E-02 -4.6405128205128203E-02
   8.5428205128205134E-02 -4.6905128205128203E-02
   8.5300000000000001E-02 -4.7251282051282054E-02
   8.5094871794871796E-02 -4.7687179487179487E-02
   8.4812820512820519E-02 -4.8046153846153850E-02
   8.4684615384615400E-02 -4.8315384615384614E-02
   8.4569230769230772E-02 -4.8661538461538464E-02
   8.4441025641025666E-02 -4.8956410256410267E-02
   8.4299999999999986E-02 -4.9353846153846144E-02
   8.4107692307692300E-02 -4.9635897435897448E-02
   8.3723076923076928E-02 -4.9982051282051285E-02
   8.3325641025641037E-02 -5.0135897435897442E-02
   8.2992307692307726E-02 -5.0123076923076930E-02
   8.2671794871794879E-02 -4.9982051282051285E-02
   8.2466666666666674E-02 -4.9776923076923080E-02
   8.2389743589743575E-02 -4.9482051282051277E-02
   8.2376923076923070E-02 -4.9264102564102567E-02
   8.2492307692307698E-02 -4.8905128205128205E-02
   8.2530769230769241E-02 -4.8520512820512819E-02
   8.2479487179487193E-02 -4.8123076923076928E-02
   8.2402564102564121E-02 -4.7661538461538464E-02
   8.2338461538461541E-02 -4.7238461538461528E-02
   8.2158974358974388E-02 -4.6776923076923077E-02
   8.2043589743589745E-02 -4.6430769230769227E-02
   8.2030769230769240E-02 -4.5956410256410264E-02
   8.2017948717948708E-02 -4.5430769230769226E-02
   8.2056410256410264E-02 -4.5084615384615383E-02
   8.1979487179487165E-02 -4.4841025641025649E-02
   8.1697435897435916E-02 -4.4674358974358973E-02
   8.1389743589743574E-02 -4.4828205128205130E-02
   8.1133333333333321E-02 -4.5225641025641021E-02
   8.0889743589743587E-02 -4.5571794871794871E-02
   8.0710256410256434E-02 -4.6161538461538469E-02
   8.0646153846153854E-02 -4.6623076923076920E-02
   8.0517948717948734E-02 -4.7110256410256422E-02
   8.0351282051282058E-02 -4.7469230769230771E-02
   8.0248717948717949E-02 -4.7725641025641030E-02
   8.0197435897435901E-02 -4.7879487179487167E-02
   7.9953846153846167E-02 -4.7687179487179487E-02
   7.9723076923076924E-02 -4.7289743589743582E-02
   7.9517948717948719E-02 -4.7046153846153849E-02
   7.9197435897435928E-02 -4.6635897435897446E-02
   7.8979487179487176E-02 -4.6341025641025643E-02
   7.8889743589743599E-02 -4.5879487179487179E-02
   7.8889743589743599E-02 -4.5366666666666666E-02
   7.8876923076923081E-02 -4.4969230769230761E-02
   7.8953846153846194E-02 -4.4712820512820502E-02
   7.8941025641025647E-02 -4.4341025641025641E-02
   7.8569230769230766E-02 -4.4328205128205123E-02
   7.8248717948717961E-02 -4.4571794871794884E-02
   7.8056410256410261E-02 -4.4674358974358973E-02
   7.7697435897435912E-02 -4.4661538461538461E-02
   7.7069230769230779E-02 -4.4546153846153839E-02
   7.6569230769230778E-02 -4.4417948717948727E-02
   7.6094871794871802E-02 -4.4212820512820522E-02
   7.5710256410256416E-02 -4.4289743589743580E-02
   7.5492307692307692E-02 -4.4238461538461539E-02
   7.5415384615384620E-02 -4.4020512820512822E-02
   7.5248717948717958E-02 -4.3674358974358972E-02
   7.5030769230769234E-02 -4.3776923076923074E-02
   7.4697435897435910E-02 -4.3930769230769232E-02
   7.4543589743589753E-02 -4.4341025641025641E-02
   7.4415384615384619E-02 -4.4712820512820502E-02
   7.4402564102564100E-02 -4.5315384615384625E-02
   7.4300000000000005E-02 -4.5738461538461547E-02
   7.4133333333333343E-02 -4.6289743589743582E-02
   7.4056410256410271E-02 -4.6610256410256401E-02
   7.3928205128205138E-02 -4.6994871794871794E-02
   7.3787179487179486E-02 -4.7443589743589747E-02
   7.3646153846153861E-02 -4.7879487179487167E-02
   7.3594871794871800E-02 -4.8315384615384614E-02
   7.3453846153846161E-02 -4.8892307692307693E-02
   7.3300000000000004E-02 -4.9469230769230772E-02
   7.3069230769230775E-02 -4.9969230769230766E-02
   7.2864102564102570E-02 -5.0520512820512821E-02
   7.2812820512820522E-02 -5.1071794871794883E-02
   7.2633333333333341E-02 -5.1776923076923068E-02
   7.2492307692307689E-02 -5.2315384615384604E-02
   7.2530769230769232E-02 -5.2738461538461540E-02
   7.2441025641025641E-02 -5.3046153846153847E-02
   7.2338461538461546E-02 -5.3430769230769233E-02
   7.2261538461538460E-02 -5.3892307692307684E-02
   7.2120512820512822E-02 -5.4469230769230763E-02
   7.2069230769230774E-02 -5.4969230769230763E-02
   7.2107692307692317E-02 -5.5200000000000006E-02
   7.2107692307692317E-02 -5.5648717948717945E-02
   7.2030769230769232E-02 -5.5956410256410259E-02
   7.1915384615384617E-02 -5.6610256410256410E-02
   7.1825641025641027E-02 -5.7123076923076922E-02
   7.1671794871794883E-02 -5.8007692307692309E-02
   7.1556410256410269E-02 -5.7738461538461544E-02
   7.1389743589743593E-02 -5.7841025641025647E-02
   7.1043589743589750E-02 -5.7917948717948718E-02
   7.0582051282051278E-02 -5.7764102564102561E-02
   7.0107692307692315E-02 -5.7482051282051284E-02
   6.9851282051282063E-02 -5.6917948717948717E-02
   6.9800000000000001E-02 -5.6648717948717946E-02
   6.9466666666666677E-02 -5.6289743589743590E-02
   6.8966666666666676E-02 -5.6174358974358976E-02
   6.8492307692307700E-02 -5.5866666666666669E-02
   6.8030769230769228E-02 -5.5520512820512825E-02
   6.7838461538461542E-02 -5.5084615384615392E-02
   6.7646153846153856E-02 -5.4699999999999999E-02
   6.7184615384615384E-02 -5.4392307692307691E-02
   6.7056410256410265E-02 -5.3930769230769227E-02
   6.7056410256410265E-02 -5.3469230769230762E-02
   6.6864102564102579E-02 -5.2917948717948728E-02
   6.6658974358974374E-02 -5.2469230769230775E-02
   6.6556410256410251E-02 -5.1956410256410269E-02
   6.6261538461538469E-02 -5.1417948717948719E-02
   6.6005128205128216E-02 -5.0905128205128207E-02
   6.5928205128205131E-02 -5.0456410256410261E-02
   6.5838461538461554E-02 -4.9764102564102568E-02
   6.5787179487179492E-02 -4.9225641025641025E-02
   6.5646153846153854E-02 -4.8802564102564110E-02
   6.5582051282051287E-02 -4.8084615384615385E-02
   6.5633333333333349E-02 -4.7353846153846156E-02
   6.5569230769230769E-02 -4.6905128205128203E-02
   6.5441025641025649E-02 -4.6187179487179479E-02
   6.5556410256410264E-02 -4.5456410256410257E-02
   6.5633333333333349E-02 -4.4725641025641028E-02
   6.5658974358974373E-02 -4.4315384615384625E-02
   6.5479487179487178E-02 -4.3520512820512829E-02
   6.5389743589743601E-02 -4.3174358974358978E-02
   6.5171794871794878E-02 -4.2558974358974370E-02
   6.4953846153846154E-02 -4.2174358974358971E-02
   6.4812820512820529E-02 -4.1969230769230766E-02
   6.4710256410256420E-02 -4.1571794871794875E-02
   6.4658974358974358E-02 -4.1341025641025639E-02
   6.4351282051282058E-02 -4.1046153846153843E-02
   6.3902564102564105E-02 -4.0905128205128205E-02
   6.3338461538461552E-02 -4.0892307692307693E-02
   6.2864102564102575E-02 -4.0917948717948717E-02
   6.2658974358974370E-02 -4.1187179487179489E-02
   6.2505128205128213E-02 -4.1507692307692308E-02
   6.2325641025641025E-02 -4.2251282051282063E-02
   6.2082051282051291E-02 -4.2879487179487190E-02
   6.1825641025641025E-02 -4.3571794871794869E-02
   6.1761538461538458E-02 -4.4007692307692303E-02
   6.1851282051282062E-02 -4.4238461538461539E-02
   6.1774358974358977E-02 -4.4956410256410263E-02
   6.1735897435897434E-02 -4.5635897435897445E-02
   6.1530769230769229E-02 -4.6046153846153848E-02
   6.1274358974358963E-02 -4.6725641025641022E-02
   6.1120512820512819E-02 -4.7123076923076927E-02
   6.1043589743589748E-02 -4.7456410256410259E-02
   6.0851282051282048E-02 -4.8058974358974368E-02
   6.0800000000000000E-02 -4.8828205128205120E-02
   6.0684615384615385E-02 -4.9674358974358977E-02
   6.0543589743589747E-02 -5.0417948717948718E-02
   6.0210256410256409E-02 -5.1084615384615388E-02
   5.9902564102564108E-02 -5.1366666666666665E-02
   5.9658974358974361E-02 -5.1623076923076924E-02
   5.9223076923076934E-02 -5.1892307692307682E-02
   5.8915384615384613E-02 -5.2148717948717942E-02
   5.8748717948717943E-02 -5.2494871794871792E-02
   5.8543589743589738E-02 -5.2815384615384625E-02
   5.7953846153846154E-02 -5.2494871794871792E-02
   5.7530769230769226E-02 -5.2225641025641027E-02
   5.6697435897435894E-02 -5.1776923076923068E-02
   5.6274358974358965E-02 -5.1392307692307689E-02
   5.5620512820512807E-02 -5.0828205128205121E-02
   5.5287179487179490E-02 -5.0148717948717954E-02
   5.4915384615384609E-02 -4.9584615384615380E-02
   5.4300000000000001E-02 -4.8700000000000007E-02
   5.3812820512820506E-02 -4.8174358974358969E-02
   5.3620512820512820E-02 -4.8007692307692307E-02
   5.3517948717948717E-02 -4.8084615384615385E-02
   5.3338461538461529E-02 -4.8353846153846157E-02
   5.3094871794871781E-02 -4.8635897435897434E-02
   5.2953846153846150E-02 -4.8789743589743591E-02
   5.3005128205128212E-02 -4.9033333333333338E-02
   5.2876923076923078E-02 -4.9328205128205127E-02
   5.2543589743589747E-02 -4.9751282051282049E-02
   5.2235897435897440E-02 -4.9956410256410254E-02
   5.1902564102564108E-02 -4.9982051282051285E-02
   5.1466666666666668E-02 -4.9853846153846151E-02
   5.1017948717948708E-02 -4.9802564102564111E-02
   5.0582051282051274E-02 -4.9892307692307680E-02
   5.0248717948717950E-02 -4.9828205128205121E-02
   4.9941025641025649E-02 -4.9700000000000008E-02
   4.9210256410256406E-02 -4.9392307692307701E-02
   4.9005128205128208E-02 -4.9225641025641025E-02
   4.8620512820512829E-02 -4.8982051282051284E-02
   4.8248717948717948E-02 -4.8725641025641024E-02
   4.7774358974358985E-02 -4.8315384615384614E-02
   4.7389743589743578E-02 -4.7994871794871795E-02
   4.7235897435897435E-02 -4.7789743589743590E-02
   4.7043589743589749E-02 -4.7456410256410259E-02
   4.6646153846153844E-02 -4.7533333333333330E-02
   4.6235897435897434E-02 -4.7751282051282047E-02
   4.6094871794871789E-02 -4.7802564102564109E-02
   4.5723076923076929E-02 -4.7751282051282047E-02
   4.5261538461538464E-02 -4.7443589743589747E-02
   4.4710256410256409E-02 -4.7046153846153849E-02
   4.4376923076923078E-02 -4.6866666666666661E-02
   4.4005128205128204E-02 -4.6700000000000005E-02
   4.3723076923076927E-02 -4.6802564102564108E-02
   4.3479487179487165E-02 -4.6802564102564108E-02
   4.3030769230769227E-02 -4.6674358974358975E-02
   4.2594871794871793E-02 -4.6546153846153841E-02
   4.2261538461538461E-02 -4.6443589743589746E-02
   4.1838461538461540E-02 -4.6366666666666667E-02
   4.1556410256410263E-02 -4.6302564102564100E-02
   4.1235897435897444E-02 -4.6174358974358981E-02
   4.0710256410256405E-02 -4.5982051282051281E-02
   4.0210256410256398E-02 -4.5841025641025650E-02
   3.9838461538461538E-02 -4.5751282051282045E-02
   3.9261538461538459E-02 -4.5430769230769226E-02
   3.9056410256410254E-02 -4.5264102564102564E-02
   3.8646153846153844E-02 -4.4828205128205130E-02
   3.8479487179487189E-02 -4.4161538461538467E-02
   3.8133333333333325E-02 -4.3969230769230760E-02
   3.7928205128205120E-02 -4.3917948717948720E-02
   3.7607692307692300E-02 -4.3776923076923074E-02
   3.7158974358974355E-02 -4.3546153846153839E-02
   3.6812820512820511E-02 -4.3379487179487183E-02
   3.5979487179487173E-02 -4.3366666666666664E-02
   3.5646153846153848E-02 -4.3212820512820521E-02
   3.5287179487179486E-02 -4.3007692307692302E-02
   3.5120512820512817E-02 -4.2674358974358971E-02
   3.5325641025641029E-02 -4.2200000000000001E-02
   3.5517948717948722E-02 -4.1648717948717946E-02
   3.5517948717948722E-02 -4.1161538461538465E-02
   3.5376923076923077E-02 -4.0738461538461536E-02
   3.5248717948717950E-02 -4.0520512820512819E-02
   3.5184615384615384E-02 -4.0200000000000000E-02
   3.5261538461538462E-02 -3.9751282051282054E-02
   3.5197435897435896E-02 -3.9276923076923077E-02
   3.4479487179487178E-02 -3.8841025641025644E-02
   3.4197435897435895E-02 -3.8828205128205132E-02
   3.3941025641025642E-02 -3.9007692307692306E-02
   3.3838461538461539E-02 -3.9353846153846156E-02
   3.3517948717948720E-02 -3.9379487179487180E-02
   3.3389743589743587E-02 -3.9571794871794873E-02
   3.3351282051282051E-02 -4.0135897435897440E-02
   3.3453846153846153E-02 -4.0853846153846157E-02
   3.3402564102564106E-02 -4.1738461538461537E-02
   3.3351282051282051E-02 -4.2405128205128206E-02
   3.3300000000000003E-02 -4.2776923076923087E-02
   3.3235897435897437E-02 -4.2982051282051285E-02
   3.2953846153846153E-02 -4.3020512820512821E-02
   3.2492307692307688E-02 -4.2969230769230773E-02
   3.1953846153846152E-02 -4.2866666666666671E-02
   3.1569230769230766E-02 -4.2751282051282050E-02
   3.1094871794871796E-02 -4.2597435897435899E-02
   3.0171794871794867E-02 -4.2097435897435899E-02
   2.9851282051282048E-02 -4.1520512820512820E-02
   2.9428205128205126E-02 -4.0828205128205126E-02
   2.9184615384615385E-02 -4.0366666666666669E-02
   2.8812820512820511E-02 -3.9623076923076928E-02
   2.8505128205128204E-02 -3.8866666666666667E-02
   2.8351282051282047E-02 -3.8482051282051281E-02
   2.8082051282051282E-02 -3.7623076923076926E-02
   2.7658974358974360E-02 -3.7046153846153847E-02
   2.7300000000000001E-02 -3.6533333333333334E-02
   2.7069230769230773E-02 -3.5994871794871798E-02
   2.7120512820512817E-02 -3.5482051282051286E-02
   2.7338461538461541E-02 -3.5571794871794869E-02
   2.7569230769230769E-02 -3.5635897435897436E-02
   2.7441025641025643E-02 -3.5264102564102562E-02
   2.7261538461538462E-02 -3.4943589743589749E-02
   2.7146153846153848E-02 -3.4700000000000002E-02
   2.7017948717948721E-02 -3.4225641025641032E-02
   2.6684615384615386E-02 -3.3661538461538465E-02
   2.6415384615384618E-02 -3.3392307692307686E-02
   2.6171794871794867E-02 -3.3148717948717960E-02
   2.5928205128205126E-02 -3.2802564102564102E-02
   2.5441025641025641E-02 -3.2379487179487181E-02
   2.5043589743589743E-02 -3.2187179487179488E-02
   2.4530769230769234E-02 -3.2187179487179488E-02
   2.4235897435897425E-02 -3.2238461538461535E-02
   2.3671794871794868E-02 -3.2289743589743590E-02
   2.3171794871794871E-02 -3.2392307692307692E-02
   2.2800000000000001E-02 -3.2571794871794867E-02
   2.2530769230769233E-02 -3.2866666666666662E-02
   2.2197435897435898E-02 -3.3123076923076922E-02
   2.1774358974358976E-02 -3.3392307692307686E-02
   2.1210256410256412E-02 -3.3558974358974362E-02
   2.0928205128205129E-02 -3.3776923076923079E-02
   2.0633333333333326E-02 -3.3623076923076922E-02
   2.0287179487179487E-02 -3.3469230769230765E-02
   2.0107692307692302E-02 -3.3494871794871796E-02
   2.0107692307692302E-02 -3.3507692307692308E-02
   1.9992307692307691E-02 -3.3815384615384615E-02
   1.9953846153846148E-02 -3.4097435897435899E-02
   1.9876923076923077E-02 -3.4392307692307694E-02
   1.9582051282051274E-02 -3.4494871794871797E-02
   1.9184615384615387E-02 -3.4507692307692309E-02
   1.8812820512820513E-02 -3.4507692307692309E-02
   1.8582051282051280E-02 -3.4264102564102561E-02
   1.8389743589743587E-02 -3.3892307692307687E-02
   1.8312820512820509E-02 -3.3635897435897434E-02
   1.8094871794871792E-02 -3.3853846153846151E-02
   1.7774358974358972E-02 -3.4135897435897435E-02
   1.7312820512820508E-02 -3.4661538461538466E-02
   1.7069230769230771E-02 -3.4982051282051285E-02
   1.6735897435897432E-02 -3.5251282051282050E-02
   1.6235897435897435E-02 -3.5328205128205128E-02
   1.5928205128205124E-02 -3.5469230769230767E-02
   1.5569230769230771E-02 -3.5558974358974357E-02
   1.5158974358974361E-02 -3.5417948717948719E-02
   1.4710256410256412E-02 -3.4994871794871790E-02
   1.4402564102564104E-02 -3.4674358974358971E-02
   1.4479487179487180E-02 -3.4238461538461537E-02
   1.4479487179487180E-02 -3.3687179487179482E-02
   1.4466666666666668E-02 -3.3443589743589741E-02
   1.3876923076923077E-02 -3.3661538461538465E-02
   1.3453846153846151E-02 -3.4058974358974356E-02
   1.3069230769230769E-02 -3.4276923076923073E-02
   1.2453846153846154E-02 -3.4251282051282049E-02
   1.2223076923076927E-02 -3.4392307692307694E-02
   1.1889743589743590E-02 -3.4623076923076923E-02
   1.1453846153846153E-02 -3.5007692307692309E-02
   1.1133333333333334E-02 -3.5084615384615388E-02
   1.0812820512820511E-02 -3.5135897435897435E-02
   1.0441025641025640E-02 -3.5046153846153852E-02
   1.0197435897435896E-02 -3.4943589743589749E-02
   9.8641025641025646E-03 -3.4866666666666671E-02
   9.3384615384615403E-03 -3.4725641025641026E-02
   8.7871794871794886E-03 -3.4225641025641032E-02
   8.6974358974358981E-03 -3.3789743589743591E-02
   8.8512820512820518E-03 -3.3289743589743584E-02
   9.2358974358974378E-03 -3.2610256410256409E-02
   9.5948717948717965E-03 -3.1994871794871788E-02
   9.9666666666666671E-03 -3.1187179487179490E-02
   1.0120512820512823E-02 -3.0699999999999998E-02
   1.0428205128205128E-02 -2.9866666666666666E-02
   1.0620512820512821E-02 -2.9212820512820516E-02
   1.0723076923076922E-02 -2.8712820512820515E-02
   1.0530769230769231E-02 -2.8084615384615392E-02
   1.0492307692307691E-02 -2.7661538461538467E-02
   1.0210256410256411E-02 -2.7251282051282053E-02
   9.9923076923076910E-03 -2.7174358974358975E-02
   9.5948717948717965E-03 -2.7200000000000002E-02
   9.3128205128205129E-03 -2.7276923076923077E-02
   9.0820512820512806E-03 -2.7315384615384616E-02
   8.6846153846153878E-03 -2.7353846153846152E-02
   8.3897435897435906E-03 -2.7405128205128203E-02
   7.9282051282051295E-03 -2.7392307692307691E-02
   7.6461538461538459E-03 -2.7289743589743589E-02
   6.9794871794871816E-03 -2.6956410256410258E-02
   6.6589743589743570E-03 -2.6917948717948718E-02
   6.1076923076923088E-03 -2.6802564102564104E-02
   5.8128205128205133E-03 -2.6687179487179490E-02
   5.4025641025641016E-03 -2.6597435897435899E-02
   5.2358974358974377E-03 -2.6635897435897438E-02
   4.8256410256410261E-03 -2.6764102564102565E-02
   4.4410256410256418E-03 -2.6853846153846155E-02
   4.1717948717948719E-03 -2.7033333333333329E-02
   3.7615384615384616E-03 -2.7225641025641026E-02
   3.4538461538461541E-03 -2.7238461538461538E-02
   3.0820512820512818E-03 -2.7071794871794872E-02
   2.7615384615384615E-03 -2.6815384615384616E-02
   2.0307692307692305E-03 -2.6417948717948718E-02
   1.2871794871794867E-03 -2.6225641025641028E-02
   1.1974358974358979E-03 -2.5853846153846154E-02
   1.1846153846153851E-03 -2.5533333333333331E-02
   1.5307692307692309E-03 -2.5289743589743587E-02
   1.6205128205128197E-03 -2.4892307692307693E-02
   1.5820512820512822E-03 -2.4507692307692303E-02
   1.4025641025641029E-03 -2.4110256410256412E-02
   1.5564102564102566E-03 -2.3725641025641026E-02
   1.8000000000000000E-03 -2.3225641025641033E-02
   1.9282051282051272E-03 -2.2892307692307691E-02
   1.7487179487179487E-03 -2.2853846153846155E-02
   1.5435897435897429E-03 -2.2764102564102561E-02
   1.2230769230769235E-03 -2.2533333333333332E-02
   1.1461538461538467E-03 -2.2161538461538462E-02
   7.2307692307692307E-04 -2.1866666666666666E-02
   4.6666666666666645E-04 -2.1507692307692308E-02
   1.7179487179487182E-04 -2.1251282051282051E-02
  -2.3846153846153852E-04 -2.1353846153846154E-02
  -5.2051282051282033E-04 -2.1276923076923079E-02
  -7.7692307692307696E-04 -2.1161538461538464E-02
  -1.2384615384615385E-03 -2.0648717948717948E-02
  -1.3666666666666666E-03 -2.0238461538461539E-02
  -1.6871794871794873E-03 -1.9982051282051282E-02
  -2.1102564102564105E-03 -1.9764102564102565E-02
  -2.3923076923076927E-03 -1.9597435897435896E-02
  -2.9051282051282051E-03 -1.9058974358974363E-02
  -3.0974358974358977E-03 -1.8558974358974360E-02
  -3.2256410256410258E-03 -1.7956410256410257E-02
  -3.3923076923076927E-03 -1.7738461538461536E-02
  -3.9692307692307700E-03 -1.7469230769230768E-02
  -4.4179487179487175E-03 -1.7366666666666669E-02
  -4.9179487179487179E-03 -1.7071794871794874E-02
  -5.2641025641025647E-03 -1.7135897435897437E-02
  -5.4435897435897440E-03 -1.6930769230769232E-02
  -5.8025641025641027E-03 -1.6661538461538464E-02
  -6.4948717948717944E-03 -1.6161538461538463E-02
  -7.0717948717948726E-03 -1.5930769230769231E-02
  -7.6102564102564097E-03 -1.5994871794871798E-02
  -8.0717948717948726E-03 -1.5738461538461541E-02
  -8.1743589743589751E-03 -1.5405128205128208E-02
  -8.4564102564102569E-03 -1.4956410256410256E-02
  -8.4820512820512825E-03 -1.4776923076923075E-02
  -8.5717948717948713E-03 -1.4405128205128208E-02
  -8.4435897435897432E-03 -1.3789743589743589E-02
  -8.3538461538461544E-03 -1.3456410256410254E-02
  -8.0333333333333333E-03 -1.3097435897435896E-02
  -7.7256410256410259E-03 -1.2866666666666667E-02
  -7.3923076923076928E-03 -1.2456410256410253E-02
  -7.4051282051282048E-03 -1.2238461538461540E-02
  -6.9820512820512829E-03 -1.1725641025641024E-02
  -6.4948717948717944E-03 -1.1148717948717949E-02
  -5.7384615384615395E-03 -1.0712820512820513E-02
  -5.8025641025641027E-03 -1.0520512820512822E-02
  -6.0589743589743589E-03 -1.0225641025641026E-02
  -6.1871794871794870E-03 -9.9692307692307684E-03
  -6.2641025641025638E-03 -9.6743589743589747E-03
  -6.3153846153846151E-03 -9.3153846153846143E-03
  -6.6102564102564106E-03 -8.9435897435897437E-03
  -6.7641025641025643E-03 -8.5846153846153850E-03
  -6.9948717948717948E-03 -8.1487179487179495E-03
  -7.3153846153846160E-03 -7.6615384615384610E-03
  -7.3923076923076928E-03 -7.2897435897435903E-03
  -7.4692307692307697E-03 -6.8538461538461531E-03
  -7.5205128205128209E-03 -6.4564102564102568E-03
  -7.5205128205128209E-03 -6.2128205128205126E-03
  -7.3794871794871791E-03 -5.5589743589743593E-03
  -7.3282051282051279E-03 -5.3666666666666672E-03
  -7.1358974358974366E-03 -4.9948717948717948E-03
  -6.9948717948717948E-03 -4.6871794871794874E-03
  -7.0974358974358973E-03 -4.2641025641025638E-03
  -6.9435897435897436E-03 -3.8923076923076927E-03
  -6.7769230769230762E-03 -3.5717948717948721E-03
  -6.6615384615384601E-03 -3.3794871794871799E-03
  -6.9435897435897436E-03 -3.0461538461538464E-03
  -6.9564102564102573E-03 -2.8153846153846154E-03
  -6.8282051282051275E-03 -2.2769230769230774E-03
  -6.5461538461538474E-03 -1.9307692307692309E-03
  -5.8794871794871795E-03 -1.7512820512820514E-03
  -5.7128205128205130E-03 -1.5717948717948720E-03
  -5.5717948717948721E-03 -1.2384615384615385E-03
  -5.4820512820512824E-03 -6.2307692307692368E-04
  -5.3282051282051279E-03 -2.6410256410256414E-04
  -4.8282051282051283E-03  6.9230769230768912E-05
  -4.6871794871794874E-03  1.3333333333333296E-04
  -4.7128205128205130E-03  5.9487179487179454E-04
  -4.5974358974358986E-03  9.1538461538461522E-04
  -4.4307692307692303E-03  1.3384615384615388E-03
  -4.2769230769230775E-03  1.6461538461538454E-03
  -4.1230769230769229E-03  1.9794871794871793E-03
  -4.0846153846153845E-03  2.4282051282051276E-03
  -3.9692307692307700E-03  2.8384615384615384E-03
  -4.0717948717948716E-03  3.2743589743589739E-03
  -4.1102564102564101E-03  3.5564102564102575E-03
  -4.2384615384615382E-03  4.1717948717948719E-03
  -4.1615384615384622E-03  4.3769230769230769E-03
  -4.0333333333333332E-03  4.8384615384615397E-03
  -4.0974358974358973E-03  5.2358974358974377E-03
  -4.3794871794871799E-03  5.6717948717948715E-03
  -4.4564102564102568E-03  6.0435897435897456E-03
  -4.8025641025641027E-03  6.5307692307692306E-03
  -4.8666666666666667E-03  6.8769230769230773E-03
  -5.0846153846153853E-03  7.1974358974358967E-03
  -5.5589743589743593E-03  7.5692307692307708E-03
  -5.7641025641025651E-03  8.0179487179487200E-03
  -5.8282051282051283E-03  8.4282051282051264E-03
  -6.1230769230769238E-03  8.8897435897435911E-03
  -6.3538461538461544E-03  9.2871794871794890E-03
  -6.6230769230769225E-03  9.5692307692307691E-03
  -6.8794871794871787E-03  1.0005128205128208E-02
  -7.1230769230769229E-03  1.0428205128205128E-02
  -7.6102564102564097E-03  1.1312820512820515E-02
  -7.5974358974358978E-03  1.1735897435897437E-02
  -7.6230769230769234E-03  1.2197435897435896E-02
  -7.6230769230769234E-03  1.2851282051282052E-02
  -7.5717948717948722E-03  1.3594871794871797E-02
  -7.3794871794871791E-03  1.4479487179487180E-02
  -7.1615384615384622E-03  1.5210256410256412E-02
  -6.8666666666666668E-03  1.5889743589743589E-02
  -6.5846153846153849E-03  1.6620512820512821E-02
  -6.5846153846153849E-03  1.7415384615384610E-02
  -6.5461538461538474E-03  1.7761538461538461E-02
  -7.2512820512820510E-03  1.7851282051282051E-02
  -7.7384615384615378E-03  1.8133333333333331E-02
  -7.9948717948717940E-03  1.8646153846153844E-02
  -8.0846153846153845E-03  1.9364102564102561E-02
  -7.9948717948717940E-03  1.9966666666666667E-02
  -7.7769230769230771E-03  2.0556410256410255E-02
  -7.9179487179487189E-03  2.1017948717948716E-02
  -8.0205128205128214E-03  2.1517948717948716E-02
  -8.0589743589743589E-03  2.1825641025641027E-02
  -7.7641025641025634E-03  2.2133333333333335E-02
  -7.3666666666666672E-03  2.2658974358974359E-02
  -7.0461538461538461E-03  2.3261538461538465E-02
  -6.6999999999999994E-03  2.3915384615384609E-02
  -6.1358974358974357E-03  2.4466666666666668E-02
  -5.5205128205128209E-03  2.4941025641025641E-02
  -4.7384615384615386E-03  2.5517948717948716E-02
  -4.9948717948717948E-03  2.6017948717948713E-02
  -5.4820512820512824E-03  2.6697435897435905E-02
  -6.0205128205128204E-03  2.7197435897435899E-02
  -6.4564102564102568E-03  2.7505128205128206E-02
  -6.8923076923076924E-03  2.7941025641025640E-02
  -7.1743589743589742E-03  2.8466666666666661E-02
  -7.4564102564102560E-03  2.9146153846153842E-02
  -7.7000000000000002E-03  2.9787179487179488E-02
  -7.7512820512820515E-03  3.0466666666666670E-02
  -7.5076923076923072E-03  3.1402564102564104E-02
  -7.2256410256410254E-03  3.2056410256410255E-02
  -6.9692307692307692E-03  3.2453846153846153E-02
  -6.3538461538461544E-03  3.2607692307692303E-02
  -5.6743589743589746E-03  3.2787179487179491E-02
  -5.4692307692307696E-03  3.2338461538461538E-02
  -5.2897435897435903E-03  3.2017948717948719E-02
  -4.7384615384615386E-03  3.2133333333333333E-02
  -4.2897435897435894E-03  3.2530769230769231E-02
  -3.8923076923076927E-03  3.2812820512820508E-02
  -3.1743589743589745E-03  3.3171794871794870E-02
  -2.9307692307692307E-03  3.3287179487179484E-02
  -3.0974358974358977E-03  3.3569230769230768E-02
  -3.0076923076923076E-03  3.3876923076923075E-02
  -2.9179487179487179E-03  3.4171794871794871E-02
  -2.7000000000000001E-03  3.4441025641025642E-02
  -2.2641025641025642E-03  3.4517948717948714E-02
  -1.8410256410256410E-03  3.4543589743589745E-02
  -1.3666666666666666E-03  3.4774358974358974E-02
  -1.1230769230769233E-03  3.4979487179487179E-02
  -9.5641025641025673E-04  3.5094871794871793E-02
  -4.5641025641025628E-04  3.4889743589743588E-02
   9.4871794871794531E-05  3.4710256410256407E-02
   4.0256410256410240E-04  3.4774358974358974E-02
   5.9487179487179454E-04  3.5094871794871793E-02
   6.3333333333333340E-04  3.5543589743589746E-02
   8.2564102564102555E-04  3.6171794871794873E-02
   1.1974358974358979E-03  3.6556410256410259E-02
   1.5051282051282053E-03  3.6761538461538464E-02
   2.0179487179487177E-03  3.6915384615384614E-02
   2.5820512820512831E-03  3.6876923076923078E-02
   3.3384615384615380E-03  3.6838461538461535E-02
   3.9794871794871789E-03  3.6774358974358975E-02
   3.8641025641025640E-03  3.7274358974358969E-02
   3.6076923076923078E-03  3.7748717948717952E-02
   3.5692307692307703E-03  3.7992307692307679E-02
   3.7487179487179488E-03  3.8235897435897441E-02
   3.7487179487179488E-03  3.8543589743589741E-02
   4.0820512820512814E-03  3.9158974358974356E-02
   4.4410256410256418E-03  3.9543589743589742E-02
   5.1461538461538454E-03  4.0069230769230767E-02
   5.5948717948717929E-03  4.0376923076923088E-02
   6.0307692307692302E-03  4.0633333333333334E-02
   6.4923076923076948E-03  4.1043589743589744E-02
   6.8641025641025671E-03  4.1543589743589744E-02
   7.1333333333333318E-03  4.2274358974358973E-02
   7.3512820512820504E-03  4.2774358974358967E-02
   7.5307692307692315E-03  4.2953846153846155E-02
   8.0820512820512797E-03  4.3197435897435903E-02
   8.4153846153846145E-03  4.3300000000000005E-02
   8.8256410256410227E-03  4.3351282051282046E-02
   9.3000000000000010E-03  4.2953846153846155E-02
   9.8000000000000014E-03  4.2453846153846161E-02
   1.0312820512820514E-02  4.2056410256410257E-02
   1.0453846153846152E-02  4.2005128205128202E-02
   1.0646153846153847E-02  4.2248717948717943E-02
   1.1005128205128209E-02  4.2517948717948721E-02
   1.1453846153846153E-02  4.2864102564102564E-02
   1.2120512820512823E-02  4.3287179487179486E-02
   1.2389743589743587E-02  4.3453846153846162E-02
   1.2671794871794874E-02  4.3787179487179480E-02
   1.2774358974358973E-02  4.4197435897435904E-02
   1.2838461538461540E-02  4.4402564102564109E-02
   1.2287179487179486E-02  4.4569230769230764E-02
   1.1620512820512822E-02  4.4761538461538471E-02
   1.1107692307692310E-02  4.4838461538461542E-02
   1.0441025641025640E-02  4.5017948717948716E-02
   9.9923076923076910E-03  4.5235897435897447E-02
   9.5692307692307691E-03  4.5517948717948724E-02
   9.1205128205128216E-03  4.5492307692307679E-02
   8.8128205128205125E-03  4.5466666666666676E-02
   8.3641025641025633E-03  4.5415384615384621E-02
   7.9538461538461516E-03  4.5646153846153850E-02
   7.7230769230769245E-03  4.5915384615384615E-02
   7.3641025641025676E-03  4.6376923076923079E-02
   6.8769230769230773E-03  4.6774358974358970E-02
   6.3128205128205137E-03  4.7082051282051278E-02
   5.6205128205128203E-03  4.7453846153846166E-02
   5.1461538461538454E-03  4.7761538461538473E-02
   4.5820512820512818E-03  4.8235897435897436E-02
   4.1461538461538463E-03  4.8671794871794870E-02
   3.8384615384615384E-03  4.8992307692307689E-02
   3.5307692307692310E-03  4.9389743589743580E-02
   3.5692307692307703E-03  4.9787179487179485E-02
   3.5435897435897438E-03  5.0261538461538455E-02
   3.7743589743589744E-03  5.0876923076923063E-02
   3.8384615384615384E-03  5.1094871794871793E-02
   4.1717948717948719E-03  5.1351282051282039E-02
   4.5820512820512818E-03  5.1607692307692306E-02
   5.0435897435897430E-03  5.1889743589743589E-02
   5.4282051282051273E-03  5.2158974358974354E-02
   6.0179487179487182E-03  5.2376923076923071E-02
   6.9666666666666679E-03  5.2505128205128211E-02
   7.6333333333333357E-03  5.2658974358974348E-02
   8.3512820512820513E-03  5.2851282051282047E-02
   9.3512820512820522E-03  5.2928205128205126E-02
   1.0210256410256411E-02  5.2864102564102566E-02
   1.1017948717948716E-02  5.2876923076923078E-02
   1.1774358974358978E-02  5.2607692307692314E-02
   1.2543589743589741E-02  5.2287179487179487E-02
   1.3133333333333332E-02  5.2082051282051282E-02
   1.3658974358974363E-02  5.1979487179487180E-02
   1.4389743589743592E-02  5.1825641025641030E-02
   1.5043589743589743E-02  5.1761538461538463E-02
   1.5338461538461539E-02  5.1800000000000006E-02
   1.5799999999999998E-02  5.1825641025641030E-02
   1.5902564102564101E-02  5.1851282051282047E-02
   1.6646153846153845E-02  5.1902564102564108E-02
   1.7453846153846153E-02  5.1684615384615391E-02
   1.7928205128205126E-02  5.1505128205128203E-02
   1.8479487179487178E-02  5.1069230769230763E-02
   1.8928205128205134E-02  5.0876923076923063E-02
   1.9543589743589742E-02  5.0966666666666667E-02
   2.0248717948717947E-02  5.1210256410256408E-02
   2.0953846153846149E-02  5.1569230769230770E-02
   2.1389743589743587E-02  5.1761538461538463E-02
   2.1812820512820512E-02  5.1876923076923077E-02
   2.2082051282051283E-02  5.2158974358974354E-02
   2.2248717948717949E-02  5.2530769230769242E-02
   2.2530769230769233E-02  5.2799999999999993E-02
   2.2812820512820513E-02  5.2876923076923078E-02
   2.3274358974358970E-02  5.3158974358974355E-02
   2.3787179487179493E-02  5.3466666666666662E-02
   2.4133333333333330E-02  5.3658974358974362E-02
   2.4569230769230770E-02  5.3812820512820506E-02
   2.5133333333333334E-02  5.3787179487179489E-02
   2.5774358974358973E-02  5.3402564102564089E-02
   2.6402564102564099E-02  5.3146153846153850E-02
   2.7043589743589745E-02  5.2735897435897447E-02
   2.7671794871794872E-02  5.2351282051282040E-02
   2.8171794871794865E-02  5.1915384615384606E-02
   2.8466666666666661E-02  5.1466666666666668E-02
   2.8556410256410251E-02  5.1094871794871793E-02
   2.8556410256410251E-02  5.0953846153846162E-02
   2.8902564102564109E-02  5.0838461538461534E-02
   2.9248717948717945E-02  5.0633333333333329E-02
   2.9582051282051283E-02  5.0453846153846155E-02
   2.9992307692307693E-02  5.0697435897435902E-02
   3.0505128205128205E-02  5.1005128205128210E-02
   3.1082051282051285E-02  5.1441025641025644E-02
   3.1684615384615381E-02  5.1941025641025637E-02
   3.1953846153846152E-02  5.2607692307692314E-02
   3.2274358974358971E-02  5.3287179487179488E-02
   3.2530769230769231E-02  5.3876923076923065E-02
   3.2556410256410255E-02  5.4261538461538458E-02
   3.2748717948717948E-02  5.4633333333333332E-02
   3.3120512820512815E-02  5.4876923076923066E-02
   3.3556410256410256E-02  5.5146153846153845E-02
   3.3889743589743587E-02  5.5556410256410248E-02
   3.3941025641025642E-02  5.5941025641025641E-02
   3.4056410256410256E-02  5.6069230769230767E-02
   3.4287179487179485E-02  5.6287179487179491E-02
   3.4556410256410257E-02  5.6646153846153853E-02
   3.4889743589743588E-02  5.7223076923076918E-02
   3.5133333333333329E-02  5.7684615384615397E-02
   3.5312820512820517E-02  5.8197435897435902E-02
   3.5005128205128209E-02  5.8453846153846148E-02
   3.5133333333333329E-02  5.8710256410256408E-02
   3.5723076923076927E-02  5.8966666666666674E-02
   3.5941025641025644E-02  5.9223076923076934E-02
   3.5928205128205132E-02  5.9620512820512804E-02
   3.5864102564102565E-02  6.0171794871794866E-02
   3.5889743589743589E-02  6.0928205128205133E-02
   3.6056410256410258E-02  6.1389743589743591E-02
   3.6005128205128203E-02  6.1876923076923072E-02
   3.5812820512820510E-02  6.2479487179487182E-02
   3.5710256410256408E-02  6.2800000000000009E-02
   3.5735897435897439E-02  6.3261538461538466E-02
   3.5889743589743589E-02  6.3684615384615395E-02
   3.6197435897435896E-02  6.4005128205128214E-02
   3.6223076923076920E-02  6.4274358974358972E-02
   3.6338461538461535E-02  6.4582051282051287E-02
   3.6569230769230771E-02  6.4928205128205130E-02
   3.6415384615384613E-02  6.5223076923076939E-02
   3.6505128205128204E-02  6.5633333333333349E-02
   3.6569230769230771E-02  6.5889743589743602E-02
   3.6607692307692306E-02  6.6287179487179493E-02
   3.6902564102564102E-02  6.6774358974358974E-02
   3.7223076923076928E-02  6.7171794871794879E-02
   3.7466666666666662E-02  6.7287179487179494E-02
   3.7953846153846164E-02  6.7351282051282060E-02
   3.8492307692307687E-02  6.7530769230769241E-02
   3.8864102564102561E-02  6.7697435897435904E-02
   3.9197435897435899E-02  6.7889743589743590E-02
   3.9466666666666657E-02  6.8402564102564109E-02
   3.9889743589743579E-02  6.8723076923076928E-02
   4.0107692307692296E-02  6.8864102564102567E-02
   4.0389743589743600E-02  6.9261538461538472E-02
   4.0492307692307702E-02  6.9505128205128205E-02
   4.1056410256410256E-02  6.9838461538461544E-02
   4.1415384615384618E-02  6.9992307692307701E-02
   4.2043589743589745E-02  7.0043589743589749E-02
   4.2325641025641021E-02  7.0223076923076930E-02
   4.2658974358974366E-02  7.0517948717948725E-02
   4.3017948717948729E-02  7.0735897435897449E-02
   4.3210256410256401E-02  7.1261538461538473E-02
   4.3646153846153848E-02  7.1735897435897450E-02
   4.3953846153846156E-02  7.1607692307692317E-02
   4.4402564102564109E-02  7.2107692307692317E-02
   4.4787179487179481E-02  7.2235897435897437E-02
   4.5261538461538464E-02  7.2492307692307689E-02
   4.5633333333333324E-02  7.2774358974358980E-02
   4.5928205128205127E-02  7.3056410256410270E-02
   4.6069230769230772E-02  7.2902564102564099E-02
   4.6466666666666663E-02  7.2876923076923075E-02
   4.6928205128205128E-02  7.3287179487179499E-02
   4.7325641025641026E-02  7.3620512820512823E-02
   4.7735897435897442E-02  7.3979487179487186E-02
   4.8043589743589750E-02  7.4376923076923077E-02
   4.8376923076923081E-02  7.4633333333333343E-02
   4.8658974358974358E-02  7.4787179487179486E-02
   4.9005128205128208E-02  7.4992307692307691E-02
   4.9158974358974365E-02  7.5171794871794886E-02
   4.9941025641025649E-02  7.5287179487179487E-02
   5.0338461538461526E-02  7.5325641025641030E-02
   5.0787179487179486E-02  7.5325641025641030E-02
   5.0966666666666667E-02  7.5364102564102572E-02
   5.1043589743589739E-02  7.5646153846153849E-02
   5.1158974358974367E-02  7.5761538461538477E-02
   5.1441025641025644E-02  7.5941025641025645E-02
   5.1812820512820504E-02  7.6158974358974368E-02
   5.2017948717948709E-02  7.6607692307692321E-02
   5.2043589743589740E-02  7.6889743589743598E-02
   5.2094871794871808E-02  7.7364102564102574E-02
   5.2223076923076928E-02  7.7748717948717946E-02
   5.2364102564102559E-02  7.8235897435897442E-02
   5.2338461538461542E-02  7.8787179487179490E-02
   5.2453846153846143E-02  7.9235897435897457E-02
   5.2466666666666668E-02  7.9748717948717962E-02
   5.2453846153846143E-02  8.0299999999999983E-02
   5.2312820512820511E-02  8.0658974358974359E-02
   5.2415384615384614E-02  8.0864102564102563E-02
   5.2633333333333331E-02  8.1056410256410263E-02
   5.3056410256410252E-02  8.1235897435897444E-02
   5.3402564102564089E-02  8.1402564102564107E-02
   5.3799999999999994E-02  8.1543589743589731E-02
   5.4351282051282042E-02  8.1530769230769226E-02
   5.4774358974358964E-02  8.1569230769230769E-02
   5.5248717948717947E-02  8.1658974358974373E-02
   5.5646153846153852E-02  8.1864102564102578E-02
   5.6056410256410255E-02  8.2261538461538469E-02
   5.6389743589743586E-02  8.2517948717948722E-02
   5.6902564102564113E-02  8.2902564102564108E-02
   5.7210256410256413E-02  8.3325641025641037E-02
   5.7376923076923089E-02  8.3441025641025665E-02
   5.7723076923076926E-02  8.3774358974358976E-02
   5.8197435897435902E-02  8.4043589743589761E-02
   5.8710256410256408E-02  8.4299999999999986E-02
   5.9338461538461527E-02  8.4351282051282062E-02
   5.9556410256410251E-02  8.4069230769230799E-02
   5.9658974358974361E-02  8.3710256410256395E-02
   5.9966666666666661E-02  8.3184615384615426E-02
   6.0248717948717952E-02  8.2671794871794879E-02
   6.0466666666666662E-02  8.2402564102564121E-02
   6.0697435897435890E-02  8.2210256410256408E-02
   6.1082051282051276E-02  8.1941025641025636E-02
   6.1146153846153843E-02  8.1735897435897431E-02
   6.1069230769230771E-02  8.1197435897435902E-02
   6.1133333333333324E-02  8.0530769230769225E-02
   6.1005128205128205E-02  8.0094871794871778E-02
   6.0992307692307700E-02  7.9800000000000024E-02
   6.1479487179487168E-02  7.9287179487179490E-02
   6.1684615384615386E-02  7.8838461538461552E-02
   6.1825641025641025E-02  7.8479487179487190E-02
   6.1902564102564096E-02  7.8210256410256404E-02
   6.2030769230769230E-02  7.7876923076923107E-02
   6.2158974358974349E-02  7.7248717948717960E-02
   6.2261538461538458E-02  7.6428205128205140E-02
   6.2248717948717953E-02  7.5761538461538477E-02
   6.2389743589743592E-02  7.4915384615384620E-02
   6.2812820512820514E-02  7.3928205128205138E-02
   6.3005128205128214E-02  7.3594871794871800E-02
   6.3441025641025647E-02  7.3556410256410257E-02
   6.3799999999999996E-02  7.3492307692307704E-02
   6.4082051282051286E-02  7.3184615384615390E-02
   6.4158974358974372E-02  7.2569230769230775E-02
   6.4710256410256420E-02  7.2210256410256426E-02
   6.4710256410256420E-02  7.1915384615384617E-02
   6.4556410256410263E-02  7.1620512820512822E-02
   6.4415384615384624E-02  7.1223076923076931E-02
   6.4607692307692324E-02  7.0915384615384630E-02
   6.4915384615384625E-02  7.0735897435897449E-02
   6.5197435897435901E-02  7.0364102564102568E-02
   6.5556410256410264E-02  7.0158974358974363E-02
   6.5774358974358973E-02  6.9953846153846158E-02
   6.5851282051282059E-02  6.9633333333333339E-02
   6.6428205128205131E-02  6.9864102564102581E-02
   6.7069230769230784E-02  7.0633333333333340E-02
   6.7428205128205132E-02  7.1300000000000002E-02
   6.7364102564102579E-02  7.1825641025641027E-02
   6.7351282051282060E-02  7.2133333333333341E-02
   6.7620512820512818E-02  7.2094871794871798E-02
   6.8069230769230771E-02  7.1902564102564112E-02
   6.8376923076923085E-02  7.1812820512820522E-02
   6.9017948717948724E-02  7.1697435897435907E-02
   6.8889743589743591E-02  7.2710256410256413E-02
   6.8761538461538471E-02  7.3543589743589752E-02
   6.8646153846153857E-02  7.4556410256410258E-02
   6.8684615384615386E-02  7.5133333333333344E-02
   6.8697435897435905E-02  7.5684615384615392E-02
   6.8620512820512833E-02  7.6300000000000007E-02
   6.8325641025641037E-02  7.7017948717948731E-02
   6.7825641025641023E-02  7.7992307692307708E-02
   6.7671794871794880E-02  7.8748717948717989E-02
   6.7569230769230784E-02  7.9376923076923081E-02
   6.7300000000000013E-02  8.0248717948717949E-02
   6.7364102564102579E-02  8.0825641025641035E-02
   6.7453846153846156E-02  8.1787179487179507E-02
   6.7517948717948723E-02  8.2351282051282046E-02
   6.7415384615384613E-02  8.3351282051282061E-02
   6.7620512820512818E-02  8.3876923076923099E-02
   6.7825641025641023E-02  8.4479487179487209E-02
   6.7915384615384627E-02  8.4941025641025625E-02
   6.8184615384615399E-02  8.5094871794871796E-02
   6.8556410256410266E-02  8.5607692307692315E-02
   6.8748717948717952E-02  8.5864102564102568E-02
   6.9017948717948724E-02  8.6069230769230773E-02
   6.9402564102564110E-02  8.6261538461538473E-02
   6.9774358974358977E-02  8.6402564102564125E-02
   7.0530769230769244E-02  8.6312820512820521E-02
   7.1197435897435893E-02  8.6043589743589749E-02
   7.1133333333333340E-02  8.5428205128205134E-02
   7.1287179487179497E-02  8.4748717948717966E-02
   7.1620512820512822E-02  8.4056410256410252E-02
   7.1864102564102569E-02  8.3261538461538484E-02
   7.1953846153846160E-02  8.2697435897435903E-02
   7.1941025641025655E-02  8.2184615384615370E-02
   7.1864102564102569E-02  8.1556410256410278E-02
   7.2005128205128222E-02  8.0479487179487205E-02
   7.2107692307692317E-02  7.9556410256410262E-02
   7.2300000000000003E-02  7.8928205128205142E-02
   7.2633333333333341E-02  7.8453846153846166E-02
   7.2953846153846161E-02  7.7710256410256418E-02
   7.3158974358974366E-02  7.7069230769230779E-02
   7.3261538461538475E-02  7.6274358974358983E-02
   7.3376923076923076E-02  7.5671794871794873E-02
   7.3338461538461547E-02  7.4710256410256415E-02
   7.3351282051282052E-02  7.3876923076923090E-02
   7.3428205128205137E-02  7.3184615384615390E-02
   7.3351282051282052E-02  7.2902564102564099E-02
   7.3941025641025643E-02  7.3146153846153847E-02
   7.4517948717948729E-02  7.3364102564102571E-02
   7.5184615384615391E-02  7.3633333333333342E-02
   7.5671794871794873E-02  7.3812820512820523E-02
   7.6094871794871802E-02  7.4287179487179500E-02
   7.5748717948717958E-02  7.4787179487179486E-02
   7.5453846153846163E-02  7.5415384615384620E-02
   7.5671794871794873E-02  7.5671794871794873E-02
   7.5928205128205140E-02  7.5748717948717958E-02
   7.6158974358974368E-02  7.5851282051282054E-02
   7.6389743589743597E-02  7.6171794871794887E-02
   7.6671794871794874E-02  7.6505128205128212E-02
   7.6941025641025632E-02  7.6043589743589740E-02
   7.7248717948717960E-02  7.5376923076923091E-02
   7.7428205128205141E-02  7.4825641025641029E-02
   7.7389743589743598E-02  7.4658974358974367E-02
   7.8017948717948704E-02  7.4800000000000005E-02
   7.8389743589743613E-02  7.5158974358974368E-02
   7.8915384615384623E-02  7.5287179487179487E-02
   7.9338461538461552E-02  7.5517948717948730E-02
   7.9607692307692310E-02  7.6082051282051283E-02
   7.9902564102564091E-02  7.7364102564102574E-02
   7.9825641025641020E-02  7.8351282051282084E-02
   7.9646153846153853E-02  7.8889743589743599E-02
   7.9428205128205115E-02  7.9492307692307682E-02
   7.9402564102564119E-02  8.0274358974359000E-02
   7.9530769230769238E-02  8.1312820512820544E-02
   7.9902564102564091E-02  8.2210256410256408E-02
   8.0428205128205171E-02  8.2402564102564121E-02
   8.1312820512820544E-02  8.2441025641025650E-02
   8.1787179487179507E-02  8.2171794871794865E-02
   8.1915384615384654E-02  8.1325641025641035E-02
   8.1966666666666674E-02  8.0325641025641034E-02
   8.1825641025641035E-02  7.9274358974358985E-02
   8.1671794871794878E-02  7.8607692307692309E-02
   8.1556410256410278E-02  7.8197435897435913E-02
   8.1697435897435916E-02  7.7723076923076923E-02
   8.2120512820512845E-02  7.7223076923076936E-02
   8.2325641025641036E-02  7.6851282051282069E-02
   8.2607692307692313E-02  7.6248717948717959E-02
   7.7761538461538479E-02  7.4210256410256414E-02
   8.1056410256410263E-02  7.5197435897435896E-02
   8.5133333333333325E-02  7.6671794871794874E-02
   8.9300000000000004E-02  7.8005128205128213E-02
   8.9748717948717957E-02  7.8171794871794861E-02
   8.9607692307692319E-02  7.8415384615384609E-02
   8.9556410256410285E-02  7.8684615384615395E-02
   8.9671794871794885E-02  7.8876923076923081E-02
   9.0056410256410244E-02  7.8992307692307723E-02
   9.0146153846153862E-02  7.8838461538461552E-02
   9.0415384615384606E-02  7.8710256410256418E-02
   9.0966666666666682E-02  7.8774358974358971E-02
   9.1415384615384621E-02  7.8838461538461552E-02
   9.1851282051282054E-02  7.8723076923076937E-02
   9.2492307692307693E-02  7.9005128205128214E-02
   9.2915384615384650E-02  7.9133333333333347E-02
   9.3171794871794875E-02  7.9402564102564119E-02
   9.3376923076923066E-02  7.9723076923076924E-02
   9.3530769230769237E-02  7.9915384615384624E-02
   9.3671794871794875E-02  7.9748717948717962E-02
   9.3915384615384623E-02  7.9633333333333362E-02
   9.4248717948717961E-02  7.9364102564102576E-02
   9.8171794871794907E-02  8.0120512820512829E-02
   0.1029410256410256      8.1479487179487206E-02
   0.1077615384615385      8.2864102564102579E-02
   0.1121974358974359      8.3966666666666676E-02
   0.1122615384615385      8.4556410256410267E-02
   0.1122230769230769      8.4671794871794909E-02
   0.1123384615384615      8.4915384615384601E-02
   0.1124538461538461      8.5082051282051305E-02
   0.1127102564102564      8.5184615384615373E-02
   0.1130179487179487      8.5158974358974376E-02
   0.1130435897435898      8.5158974358974376E-02
   0.1131461538461538      8.5415384615384601E-02
   0.1131205128205128      8.5633333333333339E-02
   0.1131717948717949      8.6005128205128220E-02
   0.1133000000000000      8.6300000000000016E-02
   0.1135820512820513      8.6466666666666678E-02
   0.1136846153846154      8.6710256410256425E-02
   0.1138000000000000      8.6992307692307730E-02
   0.1140820512820513      8.7223076923076917E-02
   0.1144282051282051      8.7171794871794883E-02
   0.1148641025641026      8.6902564102564112E-02
   0.1151205128205128      8.6530769230769244E-02
   0.1157743589743590      8.5864102564102568E-02
   0.1161589743589744      8.5530769230769230E-02
