   7.4210256410256414E-02 -4.3110256410256405E-02
   7.4197435897435896E-02 -4.3264102564102562E-02
   7.4261538461538476E-02 -4.3482051282051286E-02
   7.4171794871794872E-02 -4.3815384615384617E-02
   7.4146153846153848E-02 -4.3969230769230760E-02
   7.4146153846153848E-02 -4.4225641025641020E-02
   7.4171794871794872E-02 -4.4494871794871785E-02
   7.4210256410256414E-02 -4.4700000000000004E-02
   7.4274358974358981E-02 -4.5033333333333335E-02
   7.4364102564102558E-02 -4.5366666666666666E-02
   7.4364102564102558E-02 -4.5610256410256414E-02
   7.4402564102564100E-02 -4.5930769230769233E-02
   7.4376923076923077E-02 -4.6174358974358981E-02
   7.4235897435897438E-02 -4.6507692307692299E-02
   7.4120512820512824E-02 -4.6712820512820517E-02
   7.3979487179487186E-02 -4.6994871794871794E-02
   7.4171794871794872E-02 -4.6982051282051282E-02
   7.4261538461538476E-02 -4.7135897435897439E-02
   7.4415384615384619E-02 -4.7584615384615385E-02
   7.4287179487179500E-02 -4.7930769230769235E-02
   7.4056410256410271E-02 -4.8071794871794866E-02
   7.3941025641025643E-02 -4.8187179487179481E-02
   7.3633333333333342E-02 -4.8212820512820512E-02
   7.3248717948717956E-02 -4.8174358974358969E-02
   7.2748717948717956E-02 -4.8046153846153850E-02
   7.2133333333333341E-02 -4.7802564102564109E-02
   7.1748717948717955E-02 -4.7635897435897433E-02
   7.1364102564102569E-02 -4.7507692307692299E-02
   7.0966666666666678E-02 -4.7456410256410259E-02
   7.0428205128205135E-02 -4.7469230769230771E-02
   7.0082051282051291E-02 -4.7302564102564101E-02
   6.9915384615384615E-02 -4.7110256410256422E-02
   6.9492307692307700E-02 -4.6738461538461548E-02
   6.9300000000000000E-02 -4.6443589743589746E-02
   6.9120512820512819E-02 -4.6264102564102565E-02
   6.8761538461538471E-02 -4.6097435897435896E-02
   6.8543589743589747E-02 -4.5982051282051281E-02
   6.8351282051282061E-02 -4.5687179487179486E-02
   6.8120512820512832E-02 -4.5776923076923076E-02
   6.7928205128205132E-02 -4.5879487179487179E-02
   6.7582051282051289E-02 -4.5879487179487179E-02
   6.7300000000000013E-02 -4.5853846153846148E-02
   6.6864102564102579E-02 -4.5687179487179486E-02
   6.6376923076923083E-02 -4.5482051282051288E-02
   6.6043589743589759E-02 -4.5251282051282052E-02
   6.5633333333333349E-02 -4.4828205128205130E-02
   6.5082051282051287E-02 -4.4379487179487184E-02
   6.4658974358974358E-02 -4.4058974358974365E-02
   6.4300000000000010E-02 -4.3789743589743586E-02
   6.4235897435897443E-02 -4.3482051282051286E-02
   6.4351282051282058E-02 -4.3225641025641019E-02
   6.4043589743589743E-02 -4.3443589743589743E-02
   6.3748717948717962E-02 -4.3764102564102562E-02
   6.3492307692307695E-02 -4.4264102564102563E-02
   6.3274358974358985E-02 -4.4456410256410256E-02
   6.2774358974358971E-02 -4.4584615384615382E-02
   6.2376923076923073E-02 -4.4635897435897444E-02
   6.1979487179487182E-02 -4.4558974358974358E-02
   6.1633333333333339E-02 -4.4405128205128201E-02
   6.1107692307692300E-02 -4.4251282051282051E-02
   6.0812820512820519E-02 -4.4135897435897437E-02
   6.0543589743589747E-02 -4.4097435897435894E-02
   6.0146153846153842E-02 -4.3982051282051279E-02
   5.9723076923076927E-02 -4.3776923076923074E-02
   5.9530769230769227E-02 -4.3482051282051286E-02
   5.9248717948717951E-02 -4.3289743589743593E-02
   5.8902564102564101E-02 -4.3405128205128207E-02
   5.8530769230769233E-02 -4.3328205128205122E-02
   5.8082051282051274E-02 -4.3020512820512821E-02
   5.7748717948717949E-02 -4.2712820512820514E-02
   5.7479487179487178E-02 -4.2417948717948718E-02
   5.7094871794871785E-02 -4.2533333333333333E-02
   5.6825641025641027E-02 -4.2533333333333333E-02
   5.6287179487179491E-02 -4.2328205128205128E-02
   5.5812820512820507E-02 -4.2187179487179483E-02
   5.5569230769230774E-02 -4.2148717948717954E-02
   5.5158974358974371E-02 -4.1917948717948718E-02
   5.4774358974358964E-02 -4.1789743589743591E-02
   5.4402564102564104E-02 -4.1674358974358977E-02
   5.3928205128205127E-02 -4.1379487179487182E-02
   5.3530769230769222E-02 -4.1161538461538465E-02
   5.3261538461538457E-02 -4.1200000000000001E-02
   5.2966666666666655E-02 -4.1212820512820512E-02
   5.2774358974358976E-02 -4.1212820512820512E-02
   5.2184615384615385E-02 -4.0982051282051284E-02
   5.1941025641025637E-02 -4.0700000000000000E-02
   5.1453846153846142E-02 -4.0276923076923071E-02
   5.1223076923076927E-02 -4.0084615384615385E-02
   5.0748717948717943E-02 -3.9866666666666661E-02
   5.0274358974358967E-02 -3.9661538461538463E-02
   4.9928205128205123E-02 -3.9366666666666668E-02
   4.9774358974358987E-02 -3.9251282051282053E-02
   4.9517948717948713E-02 -3.9199999999999999E-02
   4.9274358974358966E-02 -3.9225641025641023E-02
   4.9082051282051280E-02 -3.9264102564102565E-02
   4.8800000000000003E-02 -3.9238461538461542E-02
   4.8582051282051286E-02 -3.9135897435897439E-02
   4.8428205128205122E-02 -3.8905128205128203E-02
   4.8146153846153845E-02 -3.8776923076923077E-02
   4.7582051282051285E-02 -3.8571794871794872E-02
   4.7325641025641026E-02 -3.8392307692307691E-02
   4.6633333333333325E-02 -3.8058974358974360E-02
   4.6248717948717946E-02 -3.8058974358974360E-02
   4.5941025641025632E-02 -3.7930769230769233E-02
   4.5697435897435884E-02 -3.7853846153846155E-02
   4.5261538461538464E-02 -3.7661538461538462E-02
   4.5056410256410245E-02 -3.7366666666666666E-02
   4.4748717948717938E-02 -3.7328205128205130E-02
   4.4389743589743590E-02 -3.7328205128205130E-02
   4.4017948717948716E-02 -3.7161538461538461E-02
   4.3492307692307691E-02 -3.6776923076923075E-02
   4.3223076923076927E-02 -3.6597435897435894E-02
   4.2992307692307698E-02 -3.6379487179487177E-02
   4.2466666666666660E-02 -3.6161538461538460E-02
   4.2312820512820516E-02 -3.6187179487179484E-02
   4.2107692307692297E-02 -3.6238461538461539E-02
   4.1838461538461540E-02 -3.5738461538461538E-02
   4.1364102564102563E-02 -3.5392307692307695E-02
   4.1094871794871785E-02 -3.5097435897435893E-02
   4.0723076923076924E-02 -3.4815384615384616E-02
   4.0312820512820501E-02 -3.4917948717948719E-02
   4.0107692307692296E-02 -3.5020512820512821E-02
   3.9684615384615381E-02 -3.5264102564102562E-02
   3.9197435897435899E-02 -3.5353846153846152E-02
   3.8723076923076923E-02 -3.5058974358974357E-02
   3.8030769230769236E-02 -3.4661538461538466E-02
   3.7556410256410253E-02 -3.4456410256410254E-02
   3.7005128205128204E-02 -3.4264102564102561E-02
   3.6287179487179487E-02 -3.4058974358974356E-02
   3.5658974358974353E-02 -3.3776923076923079E-02
   3.5415384615384619E-02 -3.3302564102564110E-02
   3.5351282051282053E-02 -3.2892307692307686E-02
   3.5338461538461534E-02 -3.2546153846153843E-02
   3.5133333333333329E-02 -3.2776923076923072E-02
   3.4838461538461540E-02 -3.2994871794871795E-02
   3.4569230769230769E-02 -3.3379487179487174E-02
   3.4261538461538461E-02 -3.3841025641025639E-02
   3.3928205128205130E-02 -3.4200000000000001E-02
   3.3582051282051280E-02 -3.4507692307692309E-02
   3.3441025641025642E-02 -3.4661538461538466E-02
   3.2505128205128200E-02 -3.4648717948717954E-02
   3.1876923076923074E-02 -3.4315384615384616E-02
   3.0902564102564103E-02 -3.3866666666666663E-02
   3.0966666666666663E-02 -3.3994871794871796E-02
   3.0876923076923080E-02 -3.4187179487179489E-02
   3.0582051282051284E-02 -3.4366666666666663E-02
   3.0158974358974355E-02 -3.4212820512820513E-02
   2.9953846153846150E-02 -3.3917948717948718E-02
   2.9710256410256410E-02 -3.3725641025641025E-02
   2.9325641025641024E-02 -3.3507692307692308E-02
   2.8684615384615378E-02 -3.3379487179487174E-02
   2.8338461538461542E-02 -3.3366666666666663E-02
   2.7889743589743589E-02 -3.3494871794871796E-02
   2.7646153846153845E-02 -3.3610256410256410E-02
   2.7479487179487179E-02 -3.3841025641025639E-02
   2.7146153846153848E-02 -3.3802564102564103E-02
   2.6710256410256400E-02 -3.3648717948717946E-02
   2.6338461538461533E-02 -3.3417948717948717E-02
   2.6056410256410263E-02 -3.3392307692307686E-02
   2.5825641025641024E-02 -3.3212820512820512E-02
   2.5492307692307693E-02 -3.2956410256410253E-02
   2.5300000000000000E-02 -3.2725641025641024E-02
   2.5312820512820512E-02 -3.2366666666666662E-02
   2.5697435897435894E-02 -3.2020512820512818E-02
   2.5953846153846161E-02 -3.1892307692307692E-02
   2.6261538461538472E-02 -3.1558974358974361E-02
   2.6582051282051287E-02 -3.1328205128205132E-02
   2.6812820512820506E-02 -3.1020512820512824E-02
   2.6941025641025643E-02 -3.0456410256410264E-02
   2.7043589743589745E-02 -3.0251282051282049E-02
   2.6710256410256400E-02 -2.9776923076923072E-02
   2.6466666666666663E-02 -2.9417948717948721E-02
   2.6133333333333331E-02 -2.8994871794871799E-02
   2.6107692307692314E-02 -2.8687179487179477E-02
   2.5915384615384607E-02 -2.8443589743589747E-02
   2.5556410256410256E-02 -2.8494871794871798E-02
   2.5210256410256409E-02 -2.8635897435897426E-02
   2.4620512820512822E-02 -2.8546153846153850E-02
   2.3992307692307691E-02 -2.8482051282051279E-02
   2.3697435897435892E-02 -2.8815384615384618E-02
   2.3133333333333332E-02 -2.9161538461538464E-02
   2.2594871794871796E-02 -2.9546153846153847E-02
   2.2017948717948717E-02 -2.9558974358974359E-02
   2.1453846153846153E-02 -2.9610256410256410E-02
   2.1030769230769231E-02 -2.9623076923076926E-02
   2.0658974358974357E-02 -2.9584615384615386E-02
   2.0351282051282050E-02 -2.9764102564102564E-02
   1.9992307692307691E-02 -2.9982051282051281E-02
   1.9748717948717947E-02 -3.0046153846153844E-02
   1.9287179487179489E-02 -3.0007692307692308E-02
   1.8953846153846148E-02 -2.9994871794871789E-02
   1.8530769230769229E-02 -2.9969230769230769E-02
   1.8171794871794870E-02 -3.0084615384615383E-02
   1.7800000000000000E-02 -3.0405128205128213E-02
   1.7543589743589744E-02 -3.0738461538461530E-02
   1.7223076923076924E-02 -3.1007692307692302E-02
   1.6453846153846152E-02 -3.1379487179487173E-02
   1.5402564102564105E-02 -3.1674358974358975E-02
   1.4787179487179487E-02 -3.1853846153846156E-02
   1.4338461538461541E-02 -3.1994871794871788E-02
   1.3889743589743589E-02 -3.2123076923076921E-02
   1.3530769230769233E-02 -3.2174358974358976E-02
   1.3223076923076926E-02 -3.2392307692307692E-02
   1.2928205128205130E-02 -3.2674358974358969E-02
   1.2582051282051284E-02 -3.2905128205128205E-02
   1.2107692307692311E-02 -3.2853846153846150E-02
   1.1620512820512822E-02 -3.2776923076923072E-02
   1.1248717948717952E-02 -3.2610256410256409E-02
   1.0889743589743589E-02 -3.2341025641025638E-02
   1.0530769230769231E-02 -3.2417948717948716E-02
   1.0184615384615384E-02 -3.2507692307692300E-02
   9.7615384615384621E-03 -3.2558974358974355E-02
   9.5435897435897452E-03 -3.2558974358974355E-02
   9.0179487179487174E-03 -3.2558974358974355E-02
   8.7743589743589714E-03 -3.2392307692307692E-02
   8.2743589743589710E-03 -3.1802564102564101E-02
   7.9794871794871807E-03 -3.1200000000000006E-02
   8.1846153846153822E-03 -3.0584615384615384E-02
   8.4282051282051264E-03 -3.0251282051282049E-02
   8.8769230769230739E-03 -3.0084615384615383E-02
   9.1589743589743627E-03 -2.9815384615384615E-02
   9.1589743589743627E-03 -2.9443589743589745E-02
   8.8512820512820518E-03 -2.9443589743589745E-02
   8.4923076923076931E-03 -2.9430769230769233E-02
   8.1205128205128225E-03 -2.9276923076923079E-02
   7.5948717948717947E-03 -2.8853846153846157E-02
   7.2871794871794873E-03 -2.8507692307692314E-02
   7.0948717948717942E-03 -2.8584615384615382E-02
   6.7871794871794868E-03 -2.8546153846153850E-02
   6.7102564102564082E-03 -2.8456410256410256E-02
   6.6717948717948724E-03 -2.7969230769230767E-02
   6.5435897435897460E-03 -2.7533333333333333E-02
   6.6974358974358963E-03 -2.7046153846153841E-02
   6.8256410256410261E-03 -2.6430769230769233E-02
   7.1205128205128216E-03 -2.6046153846153840E-02
   7.5948717948717947E-03 -2.5558974358974355E-02
   8.0307692307692320E-03 -2.5187179487179492E-02
   8.5435897435897443E-03 -2.4661538461538464E-02
   8.8641025641025637E-03 -2.4276923076923078E-02
   9.2358974358974378E-03 -2.3764102564102562E-02
   9.3641025641025642E-03 -2.3097435897435896E-02
   9.4282051282051273E-03 -2.2725641025641025E-02
   9.2871794871794890E-03 -2.2417948717948718E-02
   8.8384615384615398E-03 -2.2353846153846155E-02
   8.2615384615384608E-03 -2.2315384615384615E-02
   7.6589743589743579E-03 -2.2507692307692308E-02
   7.1717948717948728E-03 -2.2584615384615384E-02
   6.6205128205128212E-03 -2.2533333333333332E-02
   6.3128205128205137E-03 -2.2417948717948718E-02
   5.8256410256410252E-03 -2.2110256410256410E-02
   5.4153846153846153E-03 -2.1841025641025642E-02
   5.3256410256410248E-03 -2.2071794871794871E-02
   5.0564102564102566E-03 -2.2289743589743585E-02
   4.7230769230769236E-03 -2.2623076923076923E-02
   4.3256410256410256E-03 -2.2661538461538462E-02
   3.3256410256410252E-03 -2.2494871794871793E-02
   2.9282051282051272E-03 -2.2328205128205127E-02
   2.5820512820512831E-03 -2.2276923076923076E-02
   2.1076923076923082E-03 -2.2200000000000001E-02
   1.7615384615384615E-03 -2.1610256410256410E-02
   1.3641025641025644E-03 -2.1110256410256413E-02
   1.1461538461538467E-03 -2.0635897435897436E-02
   1.0692307692307698E-03 -1.9853846153846152E-02
   1.1461538461538467E-03 -1.9264102564102565E-02
   1.3128205128205123E-03 -1.8674358974358974E-02
   1.3000000000000004E-03 -1.8058974358974363E-02
   1.2615384615384602E-03 -1.7584615384615386E-02
   1.3641025641025644E-03 -1.7135897435897437E-02
   1.0948717948717954E-03 -1.7110256410256409E-02
   4.9230769230769206E-04 -1.6956410256410259E-02
   5.6410256410256102E-05 -1.6802564102564102E-02
  -2.3846153846153852E-04 -1.6648717948717948E-02
  -5.9743589743589719E-04 -1.6353846153846160E-02
  -9.4358974358974392E-04 -1.5930769230769231E-02
  -1.0205128205128208E-03 -1.5520512820512821E-02
  -1.3282051282051284E-03 -1.5135897435897433E-02
  -1.4564102564102565E-03 -1.4584615384615383E-02
  -1.5846153846153848E-03 -1.3917948717948719E-02
  -1.6743589743589745E-03 -1.3238461538461537E-02
  -1.6615384615384617E-03 -1.2584615384615383E-02
  -1.8794871794871797E-03 -1.2135897435897438E-02
  -2.2769230769230774E-03 -1.1853846153846154E-02
  -2.7256410256410258E-03 -1.1661538461538461E-02
  -3.1230769230769229E-03 -1.1892307692307693E-02
  -3.7384615384615386E-03 -1.1956410256410257E-02
  -4.2512820512820518E-03 -1.1866666666666666E-02
  -4.9179487179487179E-03 -1.1700000000000000E-02
  -5.3923076923076928E-03 -1.1482051282051280E-02
  -5.7769230769230771E-03 -1.1187179487179488E-02
  -5.7256410256410258E-03 -1.0661538461538462E-02
  -6.0333333333333333E-03 -1.0366666666666668E-02
  -6.1743589743589750E-03 -9.9692307692307684E-03
  -6.3666666666666663E-03 -9.6615384615384610E-03
  -6.7641025641025643E-03 -9.3666666666666672E-03
  -6.9692307692307692E-03 -9.0461538461538461E-03
  -7.0717948717948726E-03 -8.6615384615384618E-03
  -7.1102564102564110E-03 -8.2384615384615383E-03
  -7.1487179487179486E-03 -7.9307692307692308E-03
  -7.0589743589743598E-03 -7.4179487179487184E-03
  -6.9435897435897436E-03 -6.9948717948717948E-03
  -6.8025641025641018E-03 -6.4435897435897432E-03
  -6.7256410256410258E-03 -5.8794871794871795E-03
  -6.6743589743589737E-03 -5.6743589743589746E-03
  -6.0846153846153845E-03 -5.3025641025641022E-03
  -5.5717948717948721E-03 -5.2256410256410254E-03
  -4.9692307692307692E-03 -5.0333333333333341E-03
  -4.7256410256410258E-03 -4.8794871794871795E-03
  -5.0846153846153853E-03 -4.4948717948717944E-03
  -5.3538461538461535E-03 -4.1358974358974357E-03
  -5.4820512820512824E-03 -3.8410256410256411E-03
  -5.4435897435897440E-03 -3.3538461538461539E-03
  -5.5333333333333337E-03 -3.1102564102564105E-03
  -5.9564102564102564E-03 -2.7000000000000001E-03
  -5.9692307692307692E-03 -2.3923076923076927E-03
  -6.0333333333333333E-03 -1.9435897435897437E-03
  -6.2128205128205126E-03 -1.5205128205128208E-03
  -6.3794871794871800E-03 -9.9487179487179516E-04
  -6.4820512820512825E-03 -5.0769230769230752E-04
  -6.5974358974358977E-03 -7.1794871794871994E-05
  -6.6999999999999994E-03  3.8974358974358915E-04
  -6.5076923076923081E-03  8.8974358974358960E-04
  -6.1743589743589750E-03  1.3769230769230772E-03
  -6.1358974358974357E-03  1.8128205128205128E-03
  -6.1615384615384614E-03  2.2102564102564099E-03
  -5.9948717948717948E-03  2.8256410256410256E-03
  -5.9051282051282052E-03  3.2487179487179492E-03
  -6.0333333333333333E-03  3.6076923076923078E-03
  -6.1743589743589750E-03  3.9025641025641025E-03
  -6.1358974358974357E-03  4.1589743589743582E-03
  -6.0205128205128204E-03  4.3000000000000000E-03
  -5.9051282051282052E-03  4.5564102564102579E-03
  -6.0461538461538461E-03  4.8641025641025654E-03
  -6.1487179487179494E-03  5.1846153846153847E-03
  -6.0205128205128204E-03  5.5179487179487178E-03
  -5.8153846153846146E-03  5.7230769230769210E-03
  -5.5333333333333337E-03  6.0307692307692302E-03
  -5.5205128205128209E-03  6.3641025641025650E-03
  -5.5974358974358977E-03  6.4794871794871794E-03
  -5.5974358974358977E-03  6.8512820512820517E-03
  -5.4051282051282047E-03  7.3256410256410266E-03
  -5.3282051282051279E-03  7.7487179487179484E-03
  -5.3794871794871791E-03  8.3256410256410274E-03
  -5.2641025641025647E-03  8.6846153846153878E-03
  -4.9692307692307692E-03  8.8384615384615398E-03
  -4.8025641025641027E-03  9.0820512820512806E-03
  -4.5846153846153849E-03  9.5564102564102606E-03
  -4.3025641025641031E-03  1.0017948717948718E-02
  -4.2897435897435894E-03  1.0274358974358971E-02
  -4.3538461538461543E-03  1.0569230769230770E-02
  -4.2384615384615382E-03  1.0838461538461538E-02
  -4.3282051282051287E-03  1.1479487179487180E-02
  -4.2512820512820518E-03  1.1864102564102565E-02
  -4.0461538461538469E-03  1.2184615384615384E-02
  -3.6871794871794874E-03  1.2402564102564101E-02
  -3.8153846153846155E-03  1.2761538461538461E-02
  -3.7384615384615386E-03  1.3287179487179486E-02
  -3.7897435897435898E-03  1.3646153846153848E-02
  -4.1230769230769229E-03  1.3928205128205131E-02
  -4.2641025641025638E-03  1.4235897435897439E-02
  -4.2512820512820518E-03  1.4723076923076924E-02
  -4.1102564102564101E-03  1.5133333333333334E-02
  -3.8025641025641026E-03  1.5646153846153844E-02
  -4.1871794871794869E-03  1.5838461538461537E-02
  -4.2769230769230775E-03  1.6235897435897435E-02
  -4.2897435897435894E-03  1.6582051282051282E-02
  -4.4307692307692303E-03  1.7184615384615385E-02
  -4.5974358974358986E-03  1.7787179487179488E-02
  -4.5589743589743593E-03  1.8569230769230772E-02
  -4.2384615384615382E-03  1.9248717948717953E-02
  -3.7897435897435898E-03  1.9953846153846148E-02
  -3.5076923076923080E-03  2.0364102564102562E-02
  -3.2897435897435903E-03  2.0761538461538460E-02
  -3.1358974358974357E-03  2.1261538461538464E-02
  -2.9948717948717952E-03  2.1671794871794874E-02
  -2.5717948717948720E-03  2.2184615384615386E-02
  -2.1743589743589745E-03  2.2466666666666663E-02
  -1.9948717948717947E-03  2.2761538461538462E-02
  -2.1871794871794873E-03  2.3415384615384616E-02
  -2.3794871794871799E-03  2.3902564102564097E-02
  -2.3666666666666667E-03  2.4248717948717951E-02
  -2.0974358974358977E-03  2.4633333333333333E-02
  -1.8538461538461541E-03  2.4851282051282054E-02
  -1.7000000000000001E-03  2.5069230769230771E-02
  -1.2000000000000001E-03  2.5376923076923075E-02
  -8.0256410256410345E-04  2.5607692307692307E-02
  -1.4871794871794885E-04  2.5889743589743587E-02
   1.8461538461538507E-04  2.6069230769230765E-02
   1.7179487179487182E-04  2.6107692307692314E-02
  -4.0512820512820505E-04  2.6697435897435905E-02
  -8.0256410256410345E-04  2.7171794871794875E-02
  -8.6666666666666706E-04  2.7735897435897435E-02
  -7.1282051282051291E-04  2.8197435897435896E-02
  -3.4102564102564056E-04  2.8505128205128204E-02
  -1.6153846153846166E-04  2.8684615384615378E-02
   1.0769230769230734E-04  2.9274358974358976E-02
   6.7179487179487227E-04  2.9735897435897433E-02
   1.1846153846153851E-03  2.9915384615384615E-02
   1.3384615384615388E-03  3.0364102564102567E-02
   1.3512820512820516E-03  3.0838461538461537E-02
   1.5307692307692309E-03  3.1171794871794868E-02
   1.9410256410256409E-03  3.1556410256410254E-02
   2.2358974358974355E-03  3.1710256410256411E-02
   2.5051282051282045E-03  3.1851282051282050E-02
   2.6717948717948719E-03  3.1928205128205128E-02
   2.9153846153846144E-03  3.2171794871794869E-02
   3.2871794871794867E-03  3.2466666666666665E-02
   3.5051282051282054E-03  3.2748717948717948E-02
   3.9410256410256413E-03  3.2992307692307696E-02
   4.3128205128205119E-03  3.3107692307692310E-02
   4.6974358974358980E-03  3.3351282051282051E-02
   5.0948717948717942E-03  3.3479487179487177E-02
   5.3769230769230760E-03  3.3594871794871792E-02
   5.8128205128205133E-03  3.3723076923076925E-02
   6.1846153846153839E-03  3.3825641025641028E-02
   6.4153846153846162E-03  3.3979487179487178E-02
   6.6846153846153843E-03  3.4338461538461540E-02
   6.9794871794871816E-03  3.4761538461538462E-02
   7.2102564102564087E-03  3.5082051282051281E-02
   7.5307692307692315E-03  3.5761538461538456E-02
   7.9282051282051295E-03  3.6248717948717951E-02
   7.4666666666666683E-03  3.6376923076923078E-02
   7.1076923076923062E-03  3.6466666666666668E-02
   6.6461538461538450E-03  3.6761538461538464E-02
   6.3897435897435888E-03  3.7082051282051283E-02
   6.1333333333333327E-03  3.7479487179487188E-02
   6.2615384615384625E-03  3.8056410256410267E-02
   6.4153846153846162E-03  3.8466666666666670E-02
   6.6333333333333331E-03  3.9120512820512827E-02
   6.6974358974358963E-03  3.9287179487179483E-02
   6.9025641025640995E-03  3.9376923076923073E-02
   7.6333333333333357E-03  3.9684615384615381E-02
   8.0948717948717951E-03  3.9723076923076923E-02
   8.5564102564102597E-03  3.9864102564102562E-02
   8.9923076923076935E-03  4.0158974358974357E-02
   9.4410256410256427E-03  4.0223076923076924E-02
   1.0005128205128208E-02  4.0300000000000002E-02
   1.0479487179487179E-02  4.0364102564102562E-02
   1.1107692307692310E-02  4.0543589743589743E-02
   1.1569230769230771E-02  4.0620512820512808E-02
   1.1543589743589742E-02  4.0889743589743580E-02
   1.1364102564102566E-02  4.1158974358974358E-02
   1.1338461538461539E-02  4.1441025641025649E-02
   1.1492307692307692E-02  4.1774358974358980E-02
   1.1851282051282056E-02  4.2158974358974359E-02
   1.2210256410256413E-02  4.2505128205128202E-02
   1.2787179487179489E-02  4.3107692307692298E-02
   1.2941025641025642E-02  4.3235897435897432E-02
   1.3274358974358977E-02  4.3505128205128203E-02
   1.3825641025641025E-02  4.3748717948717951E-02
   1.4287179487179490E-02  4.3915384615384613E-02
   1.4876923076923078E-02  4.4261538461538463E-02
   1.5312820512820515E-02  4.4530769230769235E-02
   1.6133333333333333E-02  4.4812820512820511E-02
   1.6748717948717948E-02  4.4941025641025645E-02
   1.7274358974358976E-02  4.5069230769230771E-02
   1.7633333333333334E-02  4.5017948717948716E-02
   1.7953846153846154E-02  4.5082051282051276E-02
   1.8338461538461536E-02  4.5171794871794860E-02
   1.8723076923076922E-02  4.5210256410256416E-02
   1.8992307692307690E-02  4.5325641025641024E-02
   1.9697435897435896E-02  4.5633333333333324E-02
   1.9966666666666667E-02  4.5915384615384615E-02
   2.0082051282051282E-02  4.6171794871794875E-02
   2.0082051282051282E-02  4.6889743589743585E-02
   2.0120512820512821E-02  4.7184615384615380E-02
   1.9966666666666667E-02  4.7556410256410268E-02
   1.9543589743589742E-02  4.7607692307692302E-02
   1.9069230769230769E-02  4.7453846153846166E-02
   1.8723076923076922E-02  4.7594871794871797E-02
   1.8184615384615382E-02  4.7953846153846146E-02
   1.7889743589743583E-02  4.8223076923076924E-02
   1.7556410256410256E-02  4.8915384615384618E-02
   1.7146153846153842E-02  4.9735897435897430E-02
   1.7107692307692306E-02  5.0453846153846155E-02
   1.7210256410256409E-02  5.0889743589743588E-02
   1.7338461538461539E-02  5.1197435897435896E-02
   1.7005128205128204E-02  5.1787179487179487E-02
   1.6812820512820514E-02  5.2620512820512819E-02
   1.7043589743589747E-02  5.3158974358974355E-02
   1.7466666666666669E-02  5.3646153846153850E-02
   1.7800000000000000E-02  5.4389743589743585E-02
   1.7966666666666666E-02  5.4556410256410247E-02
   1.8325641025641024E-02  5.5069230769230766E-02
   1.8838461538461533E-02  5.5415384615384602E-02
   1.9530769230769230E-02  5.5441025641025647E-02
   2.0056410256410258E-02  5.5428205128205128E-02
   2.0312820512820511E-02  5.5338461538461531E-02
   2.0864102564102562E-02  5.4941025641025640E-02
   2.0941025641025637E-02  5.4658974358974363E-02
   2.0799999999999999E-02  5.4312820512820513E-02
   2.0735897435897432E-02  5.3992307692307694E-02
   2.0992307692307692E-02  5.3825641025641024E-02
   2.1287179487179484E-02  5.4351282051282042E-02
   2.1453846153846153E-02  5.4582051282051278E-02
   2.1684615384615382E-02  5.4658974358974363E-02
   2.2069230769230768E-02  5.5376923076923074E-02
   2.2351282051282052E-02  5.5530769230769231E-02
   2.3133333333333332E-02  5.5735897435897436E-02
   2.3889743589743596E-02  5.5594871794871804E-02
   2.4684615384615381E-02  5.5300000000000002E-02
   2.5389743589743594E-02  5.5056410256410268E-02
   2.5633333333333331E-02  5.4671794871794861E-02
   2.5607692307692307E-02  5.4235897435897427E-02
   2.5889743589743587E-02  5.3992307692307694E-02
   2.6376923076923083E-02  5.3569230769230765E-02
   2.7287179487179489E-02  5.3030769230769222E-02
   2.7658974358974360E-02  5.2748717948717945E-02
   2.8017948717948715E-02  5.2851282051282047E-02
   2.8274358974358968E-02  5.2799999999999993E-02
   2.8774358974358968E-02  5.2697435897435890E-02
   2.9235897435897433E-02  5.2735897435897447E-02
   2.9928205128205133E-02  5.2953846153846150E-02
   3.0466666666666670E-02  5.3364102564102560E-02
   3.0928205128205127E-02  5.3466666666666662E-02
   3.1517948717948718E-02  5.3825641025641024E-02
   3.1684615384615381E-02  5.4184615384615373E-02
   3.1607692307692309E-02  5.4453846153846158E-02
   3.1248717948717947E-02  5.5017948717948711E-02
   3.1056410256410254E-02  5.5556410256410248E-02
   3.0928205128205127E-02  5.6312820512820515E-02
   3.0902564102564103E-02  5.6928205128205130E-02
   3.1364102564102561E-02  5.7505128205128195E-02
   3.1658974358974357E-02  5.7876923076923069E-02
   3.2082051282051278E-02  5.8146153846153847E-02
   3.2312820512820514E-02  5.8338461538461533E-02
   3.2402564102564098E-02  5.8710256410256408E-02
   3.2428205128205129E-02  5.8992307692307684E-02
   3.2466666666666665E-02  5.9364102564102551E-02
   3.2787179487179491E-02  5.9684615384615385E-02
   3.3030769230769232E-02  5.9517948717948709E-02
   3.3723076923076925E-02  5.9658974358974361E-02
   3.4505128205128202E-02  5.9543589743589732E-02
   3.4966666666666667E-02  5.9133333333333329E-02
   3.5261538461538462E-02  5.9043589743589746E-02
   3.5851282051282053E-02  5.8902564102564101E-02
   3.6133333333333337E-02  5.8697435897435896E-02
   3.6453846153846156E-02  5.8466666666666667E-02
   3.6889743589743590E-02  5.8453846153846148E-02
   3.7479487179487188E-02  5.8505128205128210E-02
   3.7889743589743577E-02  5.8607692307692312E-02
   3.8210256410256410E-02  5.8941025641025643E-02
   3.8428205128205127E-02  5.9428205128205132E-02
   3.8620512820512820E-02  6.0146153846153842E-02
   3.9069230769230766E-02  6.0774358974358976E-02
   3.9479487179487176E-02  6.0838461538461529E-02
   4.0158974358974357E-02  6.0966666666666662E-02
   4.1082051282051286E-02  6.1146153846153843E-02
   4.1928205128205123E-02  6.1094871794871795E-02
   4.2748717948717950E-02  6.1017948717948724E-02
   4.2658974358974366E-02  6.1184615384615386E-02
   4.2235897435897431E-02  6.1735897435897434E-02
   4.2082051282051287E-02  6.2735897435897442E-02
   4.2223076923076919E-02  6.3325641025641033E-02
   4.2287179487179485E-02  6.3658974358974371E-02
   4.2248717948717943E-02  6.4043589743589743E-02
   4.1941025641025642E-02  6.4466666666666672E-02
   4.1569230769230775E-02  6.5261538461538468E-02
   4.0992307692307682E-02  6.5902564102564107E-02
   4.0761538461538467E-02  6.6235897435897445E-02
   4.0582051282051286E-02  6.6825641025641036E-02
   4.0556410256410262E-02  6.7351282051282060E-02
   4.0505128205128201E-02  6.7966666666666675E-02
   4.0594871794871805E-02  6.8517948717948723E-02
   4.0748717948717948E-02  6.8979487179487181E-02
   4.1043589743589744E-02  6.9351282051282048E-02
   4.1338461538461546E-02  6.9300000000000000E-02
   4.1684615384615382E-02  6.8812820512820519E-02
   4.2158974358974359E-02  6.8364102564102566E-02
   4.2376923076923076E-02  6.7710256410256422E-02
   4.2838461538461527E-02  6.7479487179487180E-02
   4.3056410256410257E-02  6.7530769230769241E-02
   4.3479487179487165E-02  6.7710256410256422E-02
   4.4005128205128204E-02  6.7941025641025651E-02
   4.4505128205128204E-02  6.8082051282051290E-02
   4.5069230769230771E-02  6.8107692307692314E-02
   4.5171794871794860E-02  6.7838461538461542E-02
   4.5299999999999993E-02  6.7582051282051289E-02
   4.5710256410256410E-02  6.7415384615384613E-02
   4.6094871794871789E-02  6.7223076923076927E-02
   4.6338461538461537E-02  6.6966666666666674E-02
   4.6761538461538459E-02  6.7120512820512832E-02
   4.7338461538461538E-02  6.7402564102564108E-02
   4.8184615384615388E-02  6.7441025641025651E-02
   4.9030769230769232E-02  6.6992307692307698E-02
   4.9235897435897423E-02  6.6966666666666674E-02
   4.9735897435897430E-02  6.6889743589743603E-02
   5.0184615384615390E-02  6.6697435897435903E-02
   5.0812820512820503E-02  6.6492307692307698E-02
   5.1299999999999998E-02  6.5941025641025650E-02
   5.1941025641025637E-02  6.5633333333333349E-02
   5.2505128205128211E-02  6.5389743589743601E-02
   5.3338461538461529E-02  6.5005128205128215E-02
   5.3864102564102567E-02  6.4876923076923082E-02
   5.4082051282051284E-02  6.5351282051282059E-02
   5.4364102564102561E-02  6.6069230769230783E-02
   5.4569230769230766E-02  6.6646153846153855E-02
   5.4441025641025632E-02  6.6979487179487179E-02
   5.4133333333333325E-02  6.6902564102564108E-02
   5.3851282051282048E-02  6.6787179487179493E-02
   5.3338461538461529E-02  6.6851282051282060E-02
   5.3030769230769222E-02  6.7517948717948723E-02
   5.2799999999999993E-02  6.8030769230769228E-02
   5.2441025641025645E-02  6.8235897435897433E-02
   5.1889743589743589E-02  6.8787179487179495E-02
   5.1517948717948729E-02  6.9543589743589748E-02
   5.1351282051282039E-02  7.0184615384615387E-02
   5.1466666666666668E-02  7.0658974358974364E-02
   5.1505128205128203E-02  7.1466666666666678E-02
   5.1543589743589746E-02  7.2043589743589750E-02
   5.1787179487179487E-02  7.2582051282051294E-02
   5.2402564102564116E-02  7.3043589743589751E-02
   5.2710256410256416E-02  7.3133333333333342E-02
   5.3261538461538457E-02  7.3120512820512823E-02
   5.4043589743589755E-02  7.3056410256410270E-02
   5.4569230769230766E-02  7.3069230769230775E-02
   5.4428205128205127E-02  7.2800000000000004E-02
   5.4338461538461530E-02  7.2466666666666665E-02
   5.4415384615384629E-02  7.1851282051282050E-02
   5.4428205128205127E-02  7.1338461538461545E-02
   5.4453846153846158E-02  7.1043589743589750E-02
   5.4825641025641032E-02  7.1428205128205136E-02
   5.5415384615384602E-02  7.1966666666666679E-02
   5.5517948717948705E-02  7.1928205128205136E-02
   5.6338461538461546E-02  7.1620512820512822E-02
   5.7248717948717956E-02  7.1658974358974364E-02
   5.7658974358974366E-02  7.1941025641025655E-02
   5.7646153846153854E-02  7.2633333333333341E-02
   5.7889743589743595E-02  7.3146153846153847E-02
   5.8120512820512830E-02  7.3530769230769233E-02
   5.8351282051282045E-02  7.4158974358974353E-02
   5.8658974358974353E-02  7.4864102564102572E-02
   5.8838461538461541E-02  7.4928205128205139E-02
   5.9056410256410258E-02  7.5017948717948715E-02
   5.9992307692307685E-02  7.5402564102564101E-02
   6.0389743589743590E-02  7.5402564102564101E-02
   6.1043589743589748E-02  7.5479487179487187E-02
   6.1492307692307686E-02  7.5402564102564101E-02
   6.2300000000000001E-02  7.4966666666666681E-02
   6.3043589743589756E-02  7.4505128205128210E-02
   6.3146153846153852E-02  7.4338461538461548E-02
   6.3312820512820528E-02  7.4017948717948728E-02
   6.3697435897435900E-02  7.3671794871794885E-02
   6.4082051282051286E-02  7.3466666666666680E-02
   6.4953846153846154E-02  7.3043589743589751E-02
   6.5479487179487178E-02  7.2800000000000004E-02
   6.6184615384615383E-02  7.2402564102564113E-02
   6.6543589743589746E-02  7.2030769230769232E-02
   6.6684615384615398E-02  7.1453846153846159E-02
   6.6671794871794879E-02  7.0889743589743592E-02
   6.6774358974358974E-02  7.0197435897435906E-02
   6.7389743589743589E-02  7.0697435897435906E-02
   6.7684615384615385E-02  7.1248717948717954E-02
   6.8017948717948723E-02  7.1569230769230774E-02
   6.8287179487179495E-02  7.1710256410256412E-02
   6.8646153846153857E-02  7.1761538461538474E-02
   6.8928205128205133E-02  7.2376923076923089E-02
   6.9223076923076929E-02  7.2646153846153860E-02
   6.9441025641025653E-02  7.2902564102564099E-02
   6.9646153846153858E-02  7.3402564102564113E-02
   7.0017948717948725E-02  7.3979487179487186E-02
   7.0261538461538472E-02  7.4223076923076933E-02
   7.0594871794871797E-02  7.4582051282051282E-02
   7.1043589743589750E-02  7.4864102564102572E-02
   7.1594871794871798E-02  7.4979487179487186E-02
   7.1992307692307703E-02  7.5312820512820525E-02
   7.2261538461538460E-02  7.5864102564102573E-02
   7.2530769230769232E-02  7.6428205128205140E-02
   7.3069230769230775E-02  7.6658974358974369E-02
   7.3505128205128209E-02  7.6774358974358983E-02
   7.3851282051282066E-02  7.6876923076923079E-02
   7.4338461538461548E-02  7.7056410256410274E-02
   7.5171794871794886E-02  7.7005128205128212E-02
   7.6158974358974368E-02  7.6941025641025632E-02
   7.6761538461538464E-02  7.6569230769230778E-02
   7.7017948717948731E-02  7.6594871794871802E-02
   7.7235897435897441E-02  7.6851282051282069E-02
   7.7979487179487161E-02  7.7107692307692308E-02
   7.8248717948717961E-02  7.7300000000000008E-02
   7.8607692307692309E-02  7.7864102564102575E-02
   7.8735897435897442E-02  7.8158974358974384E-02
   7.8787179487179490E-02  7.8761538461538480E-02
   7.9402564102564119E-02  7.9082051282051286E-02
   7.9876923076923095E-02  7.9351282051282057E-02
   8.0171794871794877E-02  7.9825641025641020E-02
   8.0697435897435887E-02  8.0428205128205171E-02
   8.0966666666666673E-02  8.0671794871794905E-02
   8.1428205128205131E-02  8.1005128205128216E-02
   8.2248717948717950E-02  8.1184615384615369E-02
   8.2838461538461555E-02  8.1274358974359015E-02
   8.3197435897435931E-02  8.1274358974359015E-02
   8.3876923076923099E-02  8.1274358974359015E-02
   8.4517948717948738E-02  8.0800000000000011E-02
   8.5030769230769243E-02  8.0582051282051287E-02
   8.5287179487179496E-02  8.0428205128205171E-02
   8.5197435897435905E-02  8.0171794871794877E-02
   8.5171794871794868E-02  7.9787179487179491E-02
   8.5210256410256410E-02  7.9223076923076910E-02
   8.5287179487179496E-02  7.8876923076923081E-02
   8.5530769230769230E-02  7.8633333333333347E-02
   8.5556410256410281E-02  7.8607692307692309E-02
   8.5530769230769230E-02  7.9376923076923081E-02
   8.5505128205128206E-02  7.9889743589743586E-02
   8.5646153846153858E-02  8.0505128205128187E-02
   8.5902564102564111E-02  8.0941025641025635E-02
   8.6235897435897449E-02  8.1287179487179492E-02
   8.6607692307692316E-02  8.1543589743589731E-02
   8.6864102564102555E-02  8.1876923076923083E-02
   8.7210256410256412E-02  8.2248717948717950E-02
   8.7505128205128194E-02  8.2402564102564121E-02
   8.8017948717948727E-02  8.2351282051282046E-02
   8.8389743589743594E-02  8.2492307692307698E-02
   8.8735897435897423E-02  8.2710256410256422E-02
   8.8966666666666680E-02  8.2838461538461555E-02
   8.9376923076923062E-02  8.3017948717948709E-02
   8.9876923076923090E-02  8.3171794871794880E-02
   9.0300000000000005E-02  8.3338461538461542E-02
   9.1069230769230791E-02  8.3671794871794894E-02
   9.1761538461538464E-02  8.4030769230769270E-02
   9.2441025641025645E-02  8.4184615384615386E-02
   9.3287179487179503E-02  8.4248717948717952E-02
   9.3774358974358971E-02  8.3928205128205133E-02
   9.4210256410256418E-02  8.3774358974358976E-02
   9.4517948717948733E-02  8.3825641025641023E-02
   9.5056410256410248E-02  8.4017948717948723E-02
   9.5979487179487191E-02  8.4120512820512833E-02
   9.6338461538461526E-02  8.3825641025641023E-02
   9.6530769230769239E-02  8.3146153846153856E-02
   9.7017948717948707E-02  8.2415384615384599E-02
   9.7197435897435902E-02  8.2094871794871807E-02
   9.7223076923076912E-02  8.1748717948717950E-02
   9.7094871794871807E-02  8.1402564102564107E-02
   9.7184615384615411E-02  8.1107692307692339E-02
   9.7889743589743602E-02  8.1235897435897444E-02
   9.9082051282051303E-02  8.1146153846153840E-02
   9.9492307692307699E-02  8.1364102564102578E-02
   9.9979487179487209E-02  8.1761538461538483E-02
   0.1006333333333333      8.2056410256410264E-02
   0.1011205128205128      8.2223076923076913E-02
   0.1017743589743590      8.2492307692307698E-02
   0.1022615384615385      8.2710256410256422E-02
   0.1020051282051282      8.3389743589743631E-02
   0.1018000000000000      8.3953846153846157E-02
   0.1018128205128205      8.4633333333333338E-02
   0.1020307692307692      8.5338461538461530E-02
   0.1023641025641026      8.5697435897435906E-02
   0.1027487179487179      8.6094871794871811E-02
   0.1033512820512821      8.6505128205128221E-02
   0.1041589743589743      8.6761538461538487E-02
   0.1046333333333333      8.6851282051282050E-02
   0.1049153846153846      8.7223076923076917E-02
   0.1054153846153846      8.7505128205128194E-02
   0.1061461538461539      8.7787179487179498E-02
   0.1066333333333333      8.8107692307692290E-02
   0.1075179487179487      8.8492307692307690E-02
   0.1079282051282051      8.8633333333333342E-02
   0.1086205128205128      8.8966666666666680E-02
   0.1090564102564103      8.8992307692307704E-02
   0.1092358974358974      8.9133333333333328E-02
   0.1095820512820513      8.9158974358974380E-02
   0.1102102564102564      8.9133333333333328E-02
   0.1106076923076923      8.9133333333333328E-02
   0.1111333333333333      8.9453846153846162E-02
   0.1118256410256410      8.9787179487179486E-02
   0.1122487179487179      9.0082051282051295E-02
   0.1129923076923077      9.0543589743589753E-02
   0.1134923076923077      9.0864102564102558E-02
   0.1136461538461538      9.1043589743589767E-02
   0.1142615384615385      9.1415384615384621E-02
   0.1147358974358974      9.1556410256410259E-02
   0.1151974358974359      9.1517948717948730E-02
   0.1159025641025641      9.1402564102564129E-02
   0.1160820512820513      9.1415384615384621E-02
   0.1167358974358974      9.1428205128205126E-02
   0.1172358974358974      9.1466666666666654E-02
   0.1176974358974359      9.1658974358974354E-02
   0.1187615384615385      9.2082051282051311E-02
   0.1194794871794872      9.2569230769230779E-02
   0.1200564102564103      9.2889743589743598E-02
   0.1210564102564103      9.3171794871794875E-02
   0.1215692307692308      9.3197435897435885E-02
   0.1217487179487179      9.3287179487179503E-02
   0.1219025641025641      9.3376923076923066E-02
   0.1225179487179487      9.3607692307692322E-02
   0.1228769230769231      9.3671794871794875E-02
   0.1232487179487180      9.3479487179487189E-02
   0.1235564102564102      9.3094871794871803E-02
   0.1237615384615385      9.2710256410256417E-02
   0.1240179487179487      9.2338461538461522E-02
   0.1240820512820513      9.2056410256410259E-02
   0.1245051282051282      9.1569230769230778E-02
   0.1247487179487179      9.1120512820512825E-02
   0.1249538461538461      9.0812820512820511E-02
   0.1253384615384615      9.0684615384615391E-02
   0.1256461538461538      9.0889743589743596E-02
   0.1258897435897436      9.1287179487179501E-02
   0.1262230769230769      9.1941025641025631E-02
   0.1266205128205128      9.2376923076923065E-02
   0.1267615384615385      9.2415384615384621E-02
   0.1272871794871795      9.2505128205128198E-02
   0.1281461538461538      9.2851282051282055E-02
   0.1289282051282051      9.2979487179487175E-02
   0.1299410256410256      9.3005128205128212E-02
   0.1312487179487180      9.2594871794871803E-02
   0.1314410256410256      9.1723076923076935E-02
   0.1315820512820513      9.1107692307692320E-02
   0.1314282051282051      9.0787179487179487E-02
   0.1314666666666667      9.0415384615384606E-02
   0.1317615384615385      9.0120512820512824E-02
   0.1323897435897436      8.9812820512820510E-02
   0.1329025641025641      8.9530769230769233E-02
   0.1330435897435897      8.9594871794871814E-02
   0.1329794871794872      9.0056410256410244E-02
   0.1328256410256410      9.0658974358974354E-02
   0.1328256410256410      9.1556410256410259E-02
   0.1328256410256410      9.2376923076923065E-02
   0.1331333333333333      9.3069230769230779E-02
   0.1334666666666667      9.3556410256410288E-02
   0.1336076923076923      9.3697435897435913E-02
   0.1341205128205128      9.3966666666666684E-02
   0.1349025641025641      9.4312820512820528E-02
   0.1353256410256410      9.4402564102564132E-02
   0.1361461538461538      9.4428205128205156E-02
   0.1366846153846154      9.4248717948717961E-02
   0.1365692307692308      9.3966666666666684E-02
   0.1366076923076923      9.3441025641025646E-02
   0.1365179487179487      9.2915384615384650E-02
   0.1365051282051282      9.2338461538461522E-02
   0.1364410256410257      9.1684615384615406E-02
   0.1364282051282051      9.0812820512820511E-02
   0.1365307692307692      9.0364102564102586E-02
   0.1365948717948718      8.9992307692307719E-02
   0.1397871794871795      9.0800000000000033E-02
   0.1456846153846154      9.2235897435897440E-02
   0.1455820512820513      9.2505128205128198E-02
   0.1454923076923077      9.2915384615384650E-02
   0.1455948717948718      9.3210256410256417E-02
   0.1456974358974359      9.3543589743589742E-02
   0.1454923076923077      9.3735897435897442E-02
   0.1454153846153846      9.4261538461538452E-02
   0.1453897435897436      9.4787179487179490E-02
   0.1454153846153846      9.5325641025641034E-02
   0.1456461538461538      9.5851282051282058E-02
   0.1459153846153846      9.6069230769230768E-02
   0.1464666666666667      9.6184615384615396E-02
   0.1471333333333333      9.6530769230769239E-02
   0.1478128205128205      9.6710256410256448E-02
   0.1482358974358974      9.6902564102564107E-02
   0.1486461538461539      9.7325641025641008E-02
   0.1490820512820513      9.7543589743589704E-02
   0.1495051282051282      9.7697435897435903E-02
   0.1500307692307692      9.7389743589743602E-02
   0.1502743589743590      9.7312820512820503E-02
   0.1507871794871795      9.7223076923076912E-02
   0.1508897435897436      9.7248717948717908E-02
   0.1513769230769231      9.7364102564102606E-02
   0.1518256410256410      9.7338461538461499E-02
   0.1527358974358974      9.7184615384615411E-02
   0.1533512820512820      9.7120512820512803E-02
   0.1537615384615385      9.7094871794871807E-02
   0.1541076923076923      9.7197435897435902E-02
   0.1546461538461539      9.7415384615384612E-02
   0.1551333333333333      9.7594871794871807E-02
   0.1554538461538462      9.7684615384615411E-02
   0.1558128205128205      9.7825641025641008E-02
   0.1559794871794872      9.8017948717948708E-02
   0.1564153846153846      9.8364102564102607E-02
   0.1568000000000000      9.8569230769230812E-02
   0.1569923076923077      9.8748717948717910E-02
   0.1570564102564103      9.8838461538461500E-02
   0.1575179487179487      9.9210256410256409E-02
   0.1581846153846154      9.9312820512820504E-02
   0.1589153846153846      9.9466666666666703E-02
   0.1593000000000000      9.9453846153846212E-02
   0.1600179487179487      9.9517948717948709E-02
   0.1604538461538461      9.9325641025641009E-02
   0.1609666666666667      9.9005128205128204E-02
   0.1614794871794872      9.8851282051282005E-02
   0.1618512820512821      9.8569230769230812E-02
   0.1620564102564102      9.7876923076923111E-02
   0.1620564102564102      9.7235897435897403E-02
   0.1619025641025641      9.6607692307692311E-02
   0.1616333333333333      9.5966666666666672E-02
   0.1614153846153846      9.5415384615384624E-02
   0.1613769230769231      9.5146153846153853E-02
