   9.6030769230769239E-02 -4.9417948717948718E-02
   9.5838461538461581E-02 -4.9623076923076923E-02
   9.5684615384615410E-02 -4.9789743589743578E-02
   9.5543589743589730E-02 -4.9917948717948725E-02
   9.5402564102564105E-02 -4.9994871794871783E-02
   9.5223076923076966E-02 -5.0084615384615387E-02
   9.5133333333333334E-02 -5.0135897435897442E-02
   9.5005128205128228E-02 -5.0276923076923087E-02
   9.4876923076923067E-02 -5.0482051282051292E-02
   9.4633333333333361E-02 -5.0610256410256418E-02
   9.4428205128205156E-02 -5.0648717948717947E-02
   9.4030769230769251E-02 -5.0597435897435893E-02
   9.3671794871794875E-02 -5.0469230769230773E-02
   9.3389743589743585E-02 -5.0315384615384616E-02
   9.3248717948717960E-02 -5.0482051282051292E-02
   9.2787179487179475E-02 -5.0571794871794876E-02
   9.2633333333333345E-02 -5.0648717948717947E-02
   9.2441025641025645E-02 -5.0674358974358978E-02
   9.2120512820512840E-02 -5.0661538461538466E-02
   9.1710256410256430E-02 -5.0417948717948718E-02
   9.1428205128205126E-02 -5.0161538461538473E-02
   9.1120512820512825E-02 -4.9917948717948725E-02
   9.0812820512820511E-02 -4.9789743589743578E-02
   9.0530769230769234E-02 -4.9610256410256404E-02
   9.0082051282051295E-02 -4.9546153846153844E-02
   8.9761538461538490E-02 -4.9328205128205127E-02
   8.9569230769230776E-02 -4.9225641025641025E-02
   8.9030769230769233E-02 -4.8956410256410267E-02
   8.8761538461538475E-02 -4.8738461538461536E-02
   8.8697435897435895E-02 -4.8597435897435905E-02
   8.8646153846153861E-02 -4.8417948717948717E-02
   8.8069230769230761E-02 -4.8392307692307700E-02
   8.7825641025641027E-02 -4.8494871794871802E-02
   8.7607692307692317E-02 -4.8533333333333331E-02
   8.7299999999999989E-02 -4.8558974358974362E-02
   8.6915384615384617E-02 -4.8405128205128205E-02
   8.6530769230769244E-02 -4.8187179487179481E-02
   8.6146153846153886E-02 -4.8007692307692307E-02
   8.5966666666666677E-02 -4.7930769230769235E-02
   8.5620512820512806E-02 -4.7892307692307692E-02
   8.5441025641025653E-02 -4.7828205128205133E-02
   8.5120512820512848E-02 -4.7764102564102566E-02
   8.4889743589743591E-02 -4.7661538461538464E-02
   8.4530769230769229E-02 -4.7494871794871787E-02
   8.3915384615384600E-02 -4.7212820512820525E-02
   8.3466666666666689E-02 -4.7058974358974368E-02
   8.3017948717948709E-02 -4.6879487179487180E-02
   8.2825641025641009E-02 -4.6930769230769220E-02
   8.2594871794871821E-02 -4.7097435897435896E-02
   8.2376923076923070E-02 -4.7174358974358982E-02
   8.2069230769230783E-02 -4.7161538461538470E-02
   8.1697435897435916E-02 -4.7084615384615384E-02
   8.1325641025641035E-02 -4.7020512820512825E-02
   8.0812820512820516E-02 -4.6828205128205118E-02
   8.0235897435897471E-02 -4.6610256410256401E-02
   7.9800000000000024E-02 -4.6456410256410258E-02
   7.9505128205128214E-02 -4.6584615384615384E-02
   7.9300000000000009E-02 -4.6725641025641022E-02
   7.8941025641025647E-02 -4.6879487179487180E-02
   7.8684615384615395E-02 -4.7097435897435896E-02
   7.8428205128205114E-02 -4.7302564102564101E-02
   7.8248717948717961E-02 -4.7392307692307685E-02
   7.7992307692307708E-02 -4.7520512820512832E-02
   7.7710256410256418E-02 -4.7700000000000006E-02
   7.7338461538461536E-02 -4.7776923076923078E-02
   7.6992307692307693E-02 -4.7828205128205133E-02
   7.6530769230769236E-02 -4.7789743589743590E-02
   7.6107692307692307E-02 -4.7700000000000006E-02
   7.5812820512820525E-02 -4.7597435897435890E-02
   7.5569230769230777E-02 -4.7482051282051289E-02
   7.5274358974358982E-02 -4.7520512820512832E-02
   7.4915384615384620E-02 -4.7533333333333330E-02
   7.4569230769230777E-02 -4.7520512820512832E-02
   7.4351282051282053E-02 -4.7494871794871787E-02
   7.4056410256410271E-02 -4.7482051282051289E-02
   7.3735897435897438E-02 -4.7379487179487187E-02
   7.3479487179487185E-02 -4.7251282051282054E-02
   7.3184615384615390E-02 -4.7084615384615384E-02
   7.3017948717948727E-02 -4.6930769230769220E-02
   7.2620512820512836E-02 -4.6584615384615384E-02
   7.2261538461538460E-02 -4.6405128205128203E-02
   7.1838461538461545E-02 -4.6238461538461541E-02
   7.1415384615384617E-02 -4.6135897435897438E-02
   7.1158974358974364E-02 -4.6110256410256407E-02
   7.0902564102564111E-02 -4.5930769230769233E-02
   7.0582051282051278E-02 -4.5738461538461547E-02
   7.0402564102564111E-02 -4.5776923076923076E-02
   7.0197435897435906E-02 -4.5866666666666660E-02
   6.9671794871794882E-02 -4.5853846153846148E-02
   6.9479487179487182E-02 -4.5930769230769233E-02
   6.9210256410256424E-02 -4.5982051282051281E-02
   6.8915384615384614E-02 -4.5969230769230776E-02
   6.8658974358974362E-02 -4.5930769230769233E-02
   6.8492307692307700E-02 -4.5815384615384619E-02
   6.8338461538461542E-02 -4.5725641025641028E-02
   6.8120512820512832E-02 -4.5712820512820516E-02
   6.7748717948717965E-02 -4.5674358974358974E-02
   6.7351282051282060E-02 -4.5584615384615383E-02
   6.7069230769230784E-02 -4.5469230769230769E-02
   6.6812820512820517E-02 -4.5289743589743581E-02
   6.6646153846153855E-02 -4.5020512820512809E-02
   6.6287179487179493E-02 -4.4841025641025649E-02
   6.6094871794871807E-02 -4.4841025641025649E-02
   6.5889743589743602E-02 -4.4892307692307704E-02
   6.5466666666666673E-02 -4.4841025641025649E-02
   6.5184615384615396E-02 -4.4712820512820502E-02
   6.4876923076923082E-02 -4.4494871794871785E-02
   6.4582051282051287E-02 -4.4366666666666665E-02
   6.4274358974358972E-02 -4.4353846153846153E-02
   6.3953846153846167E-02 -4.4366666666666665E-02
   6.3569230769230781E-02 -4.4328205128205123E-02
   6.3300000000000009E-02 -4.4225641025641020E-02
   6.3043589743589756E-02 -4.4199999999999996E-02
   6.2697435897435913E-02 -4.4071794871794863E-02
   6.2428205128205135E-02 -4.3994871794871791E-02
   6.2133333333333325E-02 -4.3982051282051279E-02
   6.1812820512820520E-02 -4.4007692307692303E-02
   6.1633333333333339E-02 -4.3892307692307689E-02
   6.1351282051282048E-02 -4.3828205128205129E-02
   6.1005128205128205E-02 -4.3866666666666658E-02
   6.0517948717948723E-02 -4.3635897435897443E-02
   6.0043589743589747E-02 -4.3366666666666664E-02
   5.9697435897435903E-02 -4.3007692307692302E-02
   5.9364102564102551E-02 -4.2789743589743585E-02
   5.9133333333333329E-02 -4.2546153846153845E-02
   5.8915384615384613E-02 -4.2392307692307681E-02
   5.8787179487179486E-02 -4.2392307692307681E-02
   5.8556410256410250E-02 -4.2456410256410268E-02
   5.8351282051282045E-02 -4.2405128205128206E-02
   5.8069230769230762E-02 -4.2276923076923066E-02
   5.7902564102564100E-02 -4.2097435897435899E-02
   5.7505128205128195E-02 -4.1841025641025646E-02
   5.7287179487179478E-02 -4.1879487179487182E-02
   5.7043589743589758E-02 -4.1892307692307694E-02
   5.6710256410256406E-02 -4.1943589743589749E-02
   5.6428205128205143E-02 -4.2020512820512820E-02
   5.6184615384615388E-02 -4.2020512820512820E-02
   5.5902564102564112E-02 -4.1917948717948718E-02
   5.5582051282051279E-02 -4.1789743589743591E-02
   5.5171794871794869E-02 -4.1571794871794875E-02
   5.4671794871794861E-02 -4.1315384615384615E-02
   5.4428205128205127E-02 -4.1161538461538465E-02
   5.4210256410256411E-02 -4.1123076923076922E-02
   5.3941025641025625E-02 -4.1135897435897434E-02
   5.3825641025641024E-02 -4.1135897435897434E-02
   5.3658974358974362E-02 -4.1289743589743591E-02
   5.3710256410256417E-02 -4.1584615384615387E-02
   5.3530769230769222E-02 -4.1712820512820513E-02
   5.3312820512820512E-02 -4.1789743589743591E-02
   5.3030769230769222E-02 -4.1879487179487182E-02
   5.2748717948717945E-02 -4.1892307692307694E-02
   5.2479487179487173E-02 -4.1853846153846151E-02
   5.2094871794871808E-02 -4.1712820512820513E-02
   5.1684615384615391E-02 -4.1469230769230772E-02
   5.1351282051282039E-02 -4.1315384615384615E-02
   5.1094871794871793E-02 -4.1212820512820512E-02
   5.0735897435897431E-02 -4.1110256410256410E-02
   5.0441025641025629E-02 -4.0853846153846157E-02
   5.0351282051282052E-02 -4.0751282051282055E-02
   5.0107692307692304E-02 -4.0623076923076921E-02
   4.9825641025641021E-02 -4.0405128205128205E-02
   4.9492307692307683E-02 -4.0264102564102566E-02
   4.9171794871794863E-02 -4.0058974358974354E-02
   4.9094871794871792E-02 -3.9802564102564102E-02
   4.8812820512820515E-02 -3.9482051282051282E-02
   4.8453846153846153E-02 -3.9084615384615384E-02
   4.8133333333333334E-02 -3.8815384615384613E-02
   4.7876923076923074E-02 -3.8610256410256408E-02
   4.7530769230769224E-02 -3.8469230769230769E-02
   4.7299999999999995E-02 -3.8238461538461541E-02
   4.7043589743589749E-02 -3.7969230769230769E-02
   4.6902564102564104E-02 -3.7687179487179485E-02
   4.6684615384615373E-02 -3.7417948717948714E-02
   4.6453846153846151E-02 -3.7700000000000004E-02
   4.6248717948717946E-02 -3.7982051282051281E-02
   4.6248717948717946E-02 -3.8546153846153848E-02
   4.6158974358974363E-02 -3.8789743589743589E-02
   4.6005128205128205E-02 -3.8930769230769234E-02
   4.5710256410256410E-02 -3.9123076923076920E-02
   4.5389743589743577E-02 -3.9289743589743589E-02
   4.5120512820512819E-02 -3.9353846153846156E-02
   4.4748717948717938E-02 -3.9315384615384613E-02
   4.4415384615384607E-02 -3.9238461538461542E-02
   4.3953846153846156E-02 -3.9058974358974360E-02
   4.3607692307692306E-02 -3.8905128205128203E-02
   4.3312820512820503E-02 -3.8751282051282053E-02
   4.2992307692307698E-02 -3.8482051282051281E-02
   4.2697435897435895E-02 -3.8199999999999998E-02
   4.2428205128205117E-02 -3.7853846153846155E-02
   4.2107692307692297E-02 -3.7469230769230769E-02
   4.1787179487179478E-02 -3.7135897435897437E-02
   4.1543589743589744E-02 -3.6853846153846154E-02
   4.1325641025641027E-02 -3.6546153846153853E-02
   4.1261538461538461E-02 -3.6507692307692310E-02
   4.1030769230769225E-02 -3.6623076923076925E-02
   4.0825641025641020E-02 -3.6533333333333334E-02
   4.0517948717948706E-02 -3.6353846153846153E-02
   4.0274358974358972E-02 -3.6174358974358972E-02
   4.0056410256410255E-02 -3.5943589743589743E-02
   3.9812820512820507E-02 -3.5738461538461538E-02
   3.9312820512820514E-02 -3.5251282051282050E-02
   3.8748717948717946E-02 -3.5020512820512821E-02
   3.8453846153846144E-02 -3.4712820512820514E-02
   3.8248717948717939E-02 -3.4623076923076923E-02
   3.8300000000000001E-02 -3.4930769230769231E-02
   3.8120512820512827E-02 -3.5033333333333333E-02
   3.7902564102564103E-02 -3.5123076923076924E-02
   3.7582051282051283E-02 -3.5123076923076924E-02
   3.7223076923076928E-02 -3.5046153846153852E-02
   3.6851282051282047E-02 -3.4776923076923073E-02
   3.6710256410256409E-02 -3.4610256410256411E-02
   3.6453846153846156E-02 -3.4584615384615380E-02
   3.6146153846153849E-02 -3.4571794871794868E-02
   3.5761538461538456E-02 -3.4456410256410254E-02
   3.5466666666666660E-02 -3.4341025641025646E-02
   3.5171794871794872E-02 -3.4110256410256404E-02
   3.4889743589743588E-02 -3.3917948717948718E-02
   3.4517948717948714E-02 -3.3661538461538465E-02
   3.4235897435897437E-02 -3.3379487179487174E-02
   3.3838461538461539E-02 -3.3161538461538458E-02
   3.3697435897435894E-02 -3.3084615384615379E-02
   3.3479487179487177E-02 -3.3341025641025639E-02
   3.3300000000000003E-02 -3.3558974358974362E-02
   3.3107692307692310E-02 -3.3764102564102567E-02
   3.2953846153846153E-02 -3.3905128205128206E-02
   3.2774358974358972E-02 -3.4033333333333332E-02
   3.2543589743589743E-02 -3.4058974358974356E-02
   3.2197435897435893E-02 -3.3905128205128206E-02
   3.1800000000000002E-02 -3.3725641025641025E-02
   3.1479487179487176E-02 -3.3584615384615386E-02
   3.1082051282051285E-02 -3.3405128205128205E-02
   3.0876923076923080E-02 -3.3366666666666663E-02
   3.0607692307692308E-02 -3.3430769230769229E-02
   3.0171794871794867E-02 -3.3533333333333332E-02
   2.9851282051282048E-02 -3.3379487179487174E-02
   2.9479487179487181E-02 -3.3110256410256403E-02
   2.9120512820512819E-02 -3.2776923076923072E-02
   2.8876923076923071E-02 -3.2520512820512826E-02
   2.8684615384615378E-02 -3.2328205128205126E-02
   2.8428205128205132E-02 -3.2071794871794873E-02
   2.7966666666666664E-02 -3.1789743589743583E-02
   2.7517948717948718E-02 -3.1533333333333323E-02
   2.7300000000000001E-02 -3.1353846153846149E-02
   2.6992307692307694E-02 -3.1225641025641029E-02
   2.6671794871794868E-02 -3.1071794871794869E-02
   2.6312820512820512E-02 -3.0879487179487190E-02
   2.6094871794871792E-02 -3.0597435897435896E-02
   2.6005128205128212E-02 -3.0456410256410264E-02
   2.5748717948717945E-02 -3.0417948717948715E-02
   2.5441025641025641E-02 -3.0430769230769233E-02
   2.5210256410256409E-02 -3.0430769230769233E-02
   2.4928205128205129E-02 -3.0456410256410264E-02
   2.4671794871794873E-02 -3.0417948717948715E-02
   2.4338461538461528E-02 -3.0251282051282049E-02
   2.4017948717948712E-02 -3.0007692307692308E-02
   2.3761538461538459E-02 -2.9610256410256410E-02
   2.3479487179487175E-02 -2.9520512820512827E-02
   2.3223076923076923E-02 -2.9546153846153847E-02
   2.3017948717948718E-02 -2.9571794871794874E-02
   2.2787179487179485E-02 -2.9597435897435898E-02
   2.2492307692307693E-02 -2.9520512820512827E-02
   2.2248717948717949E-02 -2.9430769230769233E-02
   2.1966666666666666E-02 -2.9225641025641028E-02
   2.1684615384615382E-02 -2.8841025641025642E-02
   2.1453846153846153E-02 -2.8494871794871798E-02
   2.1082051282051279E-02 -2.8058974358974358E-02
   2.0876923076923078E-02 -2.7789743589743589E-02
   2.0594871794871794E-02 -2.7430769230769231E-02
   2.0505128205128204E-02 -2.7200000000000002E-02
   2.0441025641025640E-02 -2.6943589743589746E-02
   2.0441025641025640E-02 -2.6674358974358978E-02
   2.0248717948717947E-02 -2.6764102564102565E-02
   1.9633333333333329E-02 -2.6853846153846155E-02
   1.9364102564102561E-02 -2.7007692307692309E-02
   1.9158974358974359E-02 -2.7225641025641026E-02
   1.8928205128205134E-02 -2.7469230769230770E-02
   1.8671794871794871E-02 -2.7507692307692306E-02
   1.8441025641025639E-02 -2.7456410256410255E-02
   1.8094871794871792E-02 -2.7430769230769231E-02
   1.7658974358974358E-02 -2.7276923076923077E-02
   1.7325641025641027E-02 -2.6917948717948718E-02
   1.7082051282051283E-02 -2.6905128205128206E-02
   1.6787179487179480E-02 -2.6776923076923080E-02
   1.6376923076923077E-02 -2.6597435897435899E-02
   1.6043589743589742E-02 -2.6212820512820513E-02
   1.5620512820512822E-02 -2.5507692307692304E-02
   1.5582051282051283E-02 -2.5392307692307693E-02
   1.5415384615384617E-02 -2.5007692307692307E-02
   1.5556410256410259E-02 -2.4764102564102563E-02
   1.5466666666666668E-02 -2.4507692307692303E-02
   1.5171794871794873E-02 -2.4161538461538463E-02
   1.4851282051282054E-02 -2.3815384615384613E-02
   1.4633333333333333E-02 -2.3828205128205129E-02
   1.4505128205128207E-02 -2.3276923076923084E-02
   1.4094871794871794E-02 -2.3174358974358975E-02
   1.3800000000000002E-02 -2.3084615384615381E-02
   1.3492307692307694E-02 -2.3225641025641033E-02
   1.3184615384615383E-02 -2.3238461538461534E-02
   1.2825641025641024E-02 -2.3007692307692309E-02
   1.2748717948717949E-02 -2.2905128205128206E-02
   1.2517948717948721E-02 -2.3161538461538463E-02
   1.1992307692307693E-02 -2.3289743589743585E-02
   1.1684615384615385E-02 -2.3392307692307691E-02
   1.1415384615384617E-02 -2.3353846153846149E-02
   1.1030769230769235E-02 -2.3251282051282050E-02
   1.0543589743589741E-02 -2.3033333333333329E-02
   1.0146153846153843E-02 -2.2866666666666671E-02
   1.0441025641025640E-02 -2.2430769230769230E-02
   1.0582051282051282E-02 -2.2123076923076922E-02
   1.0351282051282053E-02 -2.1930769230769233E-02
   1.0017948717948718E-02 -2.1597435897435895E-02
   9.7743589743589775E-03 -2.1353846153846154E-02
   9.4153846153846154E-03 -2.1161538461538464E-02
   9.2487179487179497E-03 -2.0982051282051283E-02
   9.1333333333333318E-03 -2.0751282051282054E-02
   8.9666666666666662E-03 -2.0482051282051283E-02
   8.8256410256410227E-03 -2.0212820512820515E-02
   8.8384615384615398E-03 -1.9982051282051282E-02
   8.6205128205128195E-03 -1.9866666666666668E-02
   8.3897435897435906E-03 -1.9699999999999999E-02
   8.0179487179487200E-03 -1.9315384615384616E-02
   7.8769230769230782E-03 -1.8982051282051281E-02
   7.6717948717948733E-03 -1.8764102564102561E-02
   7.5564102564102554E-03 -1.8584615384615387E-02
   7.1076923076923062E-03 -1.8097435897435898E-02
   6.9538461538461507E-03 -1.7700000000000004E-02
   6.8769230769230773E-03 -1.7417948717948717E-02
   6.7871794871794868E-03 -1.7110256410256409E-02
   6.6717948717948724E-03 -1.6866666666666669E-02
   6.5179487179487187E-03 -1.6712820512820515E-02
   6.2871794871794864E-03 -1.6635897435897436E-02
   6.0564102564102575E-03 -1.6725641025641030E-02
   5.7230769230769210E-03 -1.6674358974358979E-02
   5.4923076923076922E-03 -1.6635897435897436E-02
   5.1205128205128198E-03 -1.6533333333333334E-02
   4.8128205128205124E-03 -1.6494871794871791E-02
   4.4153846153846162E-03 -1.6661538461538464E-02
   4.1461538461538463E-03 -1.6712820512820515E-02
   3.6717948717948719E-03 -1.6687179487179488E-02
   3.3641025641025636E-03 -1.6674358974358979E-02
   3.0692307692307690E-03 -1.6546153846153842E-02
   2.7871794871794872E-03 -1.6328205128205132E-02
   2.5179487179487182E-03 -1.6148717948717948E-02
   2.3897435897435892E-03 -1.6161538461538463E-02
   2.0820512820512818E-03 -1.6135897435897436E-02
   1.6205128205128197E-03 -1.5930769230769231E-02
   1.2743589743589739E-03 -1.5802564102564101E-02
   8.2564102564102555E-04 -1.5623076923076925E-02
   1.9743589743589744E-04 -1.5148717948717945E-02
  -2.3846153846153852E-04 -1.4648717948717948E-02
  -2.2564102564102571E-04 -1.4212820512820516E-02
  -3.3333333333333132E-05 -1.3738461538461538E-02
   1.0769230769230734E-04 -1.3212820512820515E-02
   4.1538461538461521E-04 -1.2533333333333332E-02
   5.0512820512820487E-04 -1.1879487179487178E-02
   6.7179487179487227E-04 -1.1494871794871795E-02
   9.4102564102564084E-04 -1.0892307692307694E-02
   1.1076923076923074E-03 -1.0507692307692308E-02
   1.3897435897435900E-03 -1.0097435897435898E-02
   1.0948717948717954E-03 -1.0046153846153847E-02
   8.6410256410256311E-04 -9.9564102564102565E-03
   7.1025641025641026E-04 -9.8410256410256403E-03
   6.0769230769230735E-04 -9.5589743589743585E-03
   5.1794871794871812E-04 -9.3025641025641041E-03
   4.6666666666666645E-04 -9.1743589743589742E-03
   1.3333333333333296E-04 -8.9307692307692317E-03
  -5.8974358974359185E-05 -8.7256410256410250E-03
  -2.2564102564102571E-04 -8.4692307692307688E-03
  -3.4102564102564056E-04 -8.2641025641025639E-03
  -6.1025641025641087E-04 -8.0846153846153845E-03
  -9.4358974358974392E-04 -7.8923076923076933E-03
  -1.1487179487179489E-03 -7.6230769230769234E-03
  -1.2769230769230772E-03 -7.3025641025641023E-03
  -1.2512820512820514E-03 -7.0076923076923085E-03
  -1.2512820512820514E-03 -6.6615384615384601E-03
  -1.2512820512820514E-03 -6.3923076923076919E-03
  -1.3282051282051284E-03 -6.1615384615384614E-03
  -1.6358974358974361E-03 -5.7897435897435907E-03
  -1.9179487179487179E-03 -5.6487179487179490E-03
  -2.1743589743589745E-03 -5.4179487179487184E-03
  -2.3282051282051282E-03 -5.1871794871794878E-03
  -2.3666666666666667E-03 -4.9564102564102564E-03
  -2.3282051282051282E-03 -4.6743589743589746E-03
  -2.2897435897435898E-03 -4.5076923076923080E-03
  -2.5076923076923080E-03 -4.3153846153846150E-03
  -2.6487179487179489E-03 -4.0589743589743588E-03
  -2.7256410256410258E-03 -3.7256410256410258E-03
  -2.7128205128205130E-03 -3.5205128205128208E-03
  -2.6743589743589745E-03 -3.2769230769230774E-03
  -2.6743589743589745E-03 -2.8153846153846154E-03
  -2.6615384615384617E-03 -2.2641025641025642E-03
  -2.9051282051282051E-03 -1.9692307692307691E-03
  -3.0846153846153849E-03 -1.5205128205128208E-03
  -3.2128205128205130E-03 -1.2897435897435898E-03
  -3.2128205128205130E-03 -9.3076923076923111E-04
  -3.2384615384615381E-03 -5.2051282051282033E-04
  -3.1743589743589745E-03  2.3589743589743587E-04
  -2.9051282051282051E-03  9.6666666666666646E-04
  -2.9435897435897435E-03  1.5820512820512822E-03
  -2.9820512820512820E-03  2.0179487179487177E-03
  -2.9948717948717952E-03  2.4794871794871789E-03
  -3.0205128205128208E-03  2.9538461538461537E-03
  -2.9435897435897435E-03  3.2487179487179492E-03
  -3.0974358974358977E-03  3.6717948717948719E-03
  -3.0717948717948721E-03  4.2102564102564095E-03
  -3.0846153846153849E-03  4.5692307692307699E-03
  -3.1230769230769229E-03  4.9538461538461542E-03
  -3.2256410256410258E-03  5.4025641025641016E-03
  -3.2641025641025642E-03  5.8769230769230765E-03
  -3.1615384615384617E-03  6.4410256410256436E-03
  -3.0461538461538464E-03  6.9794871794871816E-03
  -3.0846153846153849E-03  7.3769230769230778E-03
  -3.1743589743589745E-03  7.6076923076923049E-03
  -3.2769230769230774E-03  8.0692307692307712E-03
  -3.2897435897435903E-03  8.2871794871794881E-03
  -3.2384615384615381E-03  8.7487179487179493E-03
  -3.1615384615384617E-03  9.2743589743589719E-03
  -3.0717948717948721E-03  9.8000000000000014E-03
  -3.1358974358974357E-03  1.0594871794871796E-02
  -3.1615384615384617E-03  1.1146153846153842E-02
  -3.2769230769230774E-03  1.1671794871794873E-02
  -3.2256410256410258E-03  1.2300000000000004E-02
  -3.2000000000000002E-03  1.2774358974358973E-02
  -3.0846153846153849E-03  1.3197435897435902E-02
  -2.9435897435897435E-03  1.3710256410256411E-02
  -2.7000000000000001E-03  1.4312820512820514E-02
  -2.4948717948717952E-03  1.4800000000000002E-02
  -2.4051282051282055E-03  1.5184615384615385E-02
  -2.4307692307692311E-03  1.5466666666666668E-02
  -2.8282051282051282E-03  1.5774358974358974E-02
  -3.0846153846153849E-03  1.6043589743589742E-02
  -3.2128205128205130E-03  1.6376923076923077E-02
  -3.3666666666666667E-03  1.6812820512820514E-02
  -3.3923076923076927E-03  1.7158974358974358E-02
  -3.2000000000000002E-03  1.7376923076923078E-02
  -2.9692307692307691E-03  1.7684615384615385E-02
  -2.7769230769230770E-03  1.7915384615384614E-02
  -2.5974358974358977E-03  1.8287179487179485E-02
  -2.3923076923076927E-03  1.8582051282051280E-02
  -2.1743589743589745E-03  1.8966666666666666E-02
  -1.8923076923076925E-03  1.9351282051282052E-02
  -1.8410256410256410E-03  1.9799999999999998E-02
  -1.3025641025641026E-03  2.0235897435897435E-02
  -9.1794871794871787E-04  2.0569230769230774E-02
  -7.7692307692307696E-04  2.0761538461538460E-02
  -5.9743589743589719E-04  2.1146153846153846E-02
  -2.5128205128205176E-04  2.1556410256410256E-02
   5.6410256410256102E-05  2.1838461538461543E-02
   5.6410256410256102E-05  2.2274358974358976E-02
   5.1282051282048637E-06  2.2684615384615379E-02
  -7.6923076923075123E-06  2.3107692307692305E-02
  -2.0512820512820322E-05  2.3492307692307691E-02
   8.2051282051281722E-05  2.3915384615384609E-02
   5.4358974358974330E-04  2.4300000000000002E-02
   9.0256410256410241E-04  2.4761538461538463E-02
   1.2102564102564098E-03  2.4992307692307692E-02
   1.6205128205128197E-03  2.5107692307692307E-02
   1.9794871794871793E-03  2.5120512820512822E-02
   2.2615384615384602E-03  2.5197435897435897E-02
   2.4282051282051276E-03  2.5415384615384614E-02
   2.5564102564102566E-03  2.5710256410256409E-02
   2.6333333333333334E-03  2.6030769230769229E-02
   2.8512820512820512E-03  2.6530769230769240E-02
   3.0179487179487177E-03  2.6902564102564107E-02
   3.0435897435897434E-03  2.7274358974358974E-02
   3.3641025641025636E-03  2.7799999999999998E-02
   3.6846153846153847E-03  2.8107692307692306E-02
   3.9282051282051277E-03  2.8338461538461542E-02
   4.0564102564102558E-03  2.8556410256410251E-02
   4.4282051282051281E-03  2.8864102564102566E-02
   4.4923076923076930E-03  2.9043589743589740E-02
   4.5692307692307699E-03  2.9492307692307693E-02
   4.8512820512820517E-03  2.9992307692307693E-02
   5.1846153846153847E-03  3.0082051282051277E-02
   5.3897435897435897E-03  3.0466666666666670E-02
   5.6717948717948715E-03  3.0851282051282049E-02
   5.9666666666666670E-03  3.1223076923076923E-02
   6.2102564102564112E-03  3.1466666666666664E-02
   6.0692307692307695E-03  3.1838461538461538E-02
   5.9794871794871789E-03  3.2171794871794869E-02
   5.9410256410256431E-03  3.2697435897435893E-02
   5.9538461538461551E-03  3.3351282051282051E-02
   5.8897435897435884E-03  3.3902564102564099E-02
   5.9282051282051277E-03  3.4402564102564100E-02
   6.0948717948717951E-03  3.4825641025641021E-02
   6.3512820512820530E-03  3.5005128205128209E-02
   6.7230769230769202E-03  3.5005128205128209E-02
   7.0948717948717942E-03  3.4979487179487179E-02
   7.3128205128205129E-03  3.4966666666666667E-02
   7.6846153846153870E-03  3.5005128205128209E-02
   8.0692307692307712E-03  3.5223076923076926E-02
   8.4794871794871777E-03  3.5338461538461534E-02
   8.9025641025641047E-03  3.5402564102564101E-02
   9.1846153846153831E-03  3.5466666666666660E-02
   9.6589743589743579E-03  3.5607692307692305E-02
   9.9410256410256397E-03  3.5761538461538456E-02
   1.0210256410256411E-02  3.6069230769230770E-02
   1.0543589743589741E-02  3.6543589743589740E-02
   1.0838461538461538E-02  3.6915384615384614E-02
   1.1120512820512822E-02  3.7235897435897433E-02
   1.1607692307692307E-02  3.7517948717948717E-02
   1.2056410256410259E-02  3.7710256410256403E-02
   1.2235897435897435E-02  3.7851282051282062E-02
   1.2479487179487181E-02  3.8133333333333325E-02
   1.2761538461538461E-02  3.8389743589743584E-02
   1.2864102564102564E-02  3.8607692307692301E-02
   1.2941025641025642E-02  3.8902564102564104E-02
   1.3082051282051281E-02  3.9248717948717940E-02
   1.3235897435897434E-02  3.9428205128205128E-02
   1.3594871794871797E-02  3.9851282051282050E-02
   1.3915384615384619E-02  4.0184615384615381E-02
   1.4069230769230773E-02  4.0543589743589743E-02
   1.4069230769230773E-02  4.0876923076923082E-02
   1.4158974358974360E-02  4.1402564102564106E-02
   1.4299999999999998E-02  4.1838461538461540E-02
   1.4479487179487180E-02  4.2261538461538461E-02
   1.4646153846153849E-02  4.2710256410256421E-02
   1.4646153846153849E-02  4.3056410256410257E-02
   1.4735897435897436E-02  4.3415384615384606E-02
   1.4915384615384617E-02  4.3864102564102565E-02
   1.5235897435897436E-02  4.4261538461538463E-02
   1.5466666666666668E-02  4.4620512820512812E-02
   1.5774358974358974E-02  4.4941025641025645E-02
   1.6248717948717947E-02  4.5158974358974348E-02
   1.6569230769230767E-02  4.5248717948717945E-02
   1.6889743589743589E-02  4.5274358974358976E-02
   1.7210256410256409E-02  4.5287179487179481E-02
   1.7428205128205129E-02  4.5287179487179481E-02
   1.8005128205128205E-02  4.5030769230769242E-02
   1.8389743589743587E-02  4.4902564102564102E-02
   1.8735897435897438E-02  4.4838461538461542E-02
   1.8851282051282049E-02  4.5017948717948716E-02
   1.9094871794871800E-02  4.5274358974358976E-02
   1.9466666666666663E-02  4.5543589743589748E-02
   1.9889743589743592E-02  4.5658974358974369E-02
   2.0389743589743589E-02  4.5812820512820512E-02
   2.0415384615384613E-02  4.6082051282051291E-02
   2.0658974358974357E-02  4.6351282051282049E-02
   2.1197435897435897E-02  4.6633333333333325E-02
   2.1646153846153839E-02  4.6774358974358970E-02
   2.2030769230769232E-02  4.6800000000000001E-02
   2.2453846153846154E-02  4.6812820512820513E-02
   2.2876923076923076E-02  4.6761538461538459E-02
   2.3030769230769230E-02  4.6941025641025633E-02
   2.3094871794871793E-02  4.7043589743589749E-02
   2.3248717948717947E-02  4.7210256410256404E-02
   2.3466666666666663E-02  4.7364102564102568E-02
   2.3864102564102565E-02  4.7620512820512828E-02
   2.4082051282051278E-02  4.7812820512820500E-02
   2.4146153846153848E-02  4.7876923076923074E-02
   2.4364102564102565E-02  4.8120512820512822E-02
   2.4723076923076924E-02  4.8287179487179484E-02
   2.4928205128205129E-02  4.8479487179487184E-02
   2.5338461538461539E-02  4.8761538461538460E-02
   2.5607692307692307E-02  4.8953846153846146E-02
   2.5928205128205126E-02  4.9210256410256406E-02
   2.6299999999999997E-02  4.9376923076923082E-02
   2.6582051282051287E-02  4.9517948717948713E-02
   2.6800000000000004E-02  4.9633333333333328E-02
   2.6928205128205131E-02  4.9941025641025649E-02
   2.7184615384615377E-02  5.0338461538461526E-02
   2.7351282051282053E-02  5.0658974358974360E-02
   2.7479487179487179E-02  5.0953846153846162E-02
   2.7735897435897435E-02  5.1466666666666668E-02
   2.8056410256410251E-02  5.1723076923076934E-02
   2.8364102564102558E-02  5.2005128205128211E-02
   2.8620512820512818E-02  5.2261538461538470E-02
   2.8787179487179480E-02  5.2441025641025645E-02
   2.9120512820512819E-02  5.2812820512820519E-02
   2.9402564102564102E-02  5.3069230769230764E-02
   2.9620512820512826E-02  5.3325641025641031E-02
   3.0312820512820512E-02  5.3646153846153850E-02
   3.0658974358974356E-02  5.3799999999999994E-02
   3.1030769230769230E-02  5.3748717948717946E-02
   3.1428205128205128E-02  5.3697435897435891E-02
   3.1748717948717947E-02  5.3684615384615393E-02
   3.2184615384615381E-02  5.3658974358974362E-02
   3.2338461538461538E-02  5.3864102564102567E-02
   3.2569230769230767E-02  5.4069230769230765E-02
   3.2735897435897436E-02  5.4248717948717953E-02
   3.3043589743589744E-02  5.4543589743589735E-02
   3.3274358974358972E-02  5.4812820512820506E-02
   3.3517948717948720E-02  5.5043589743589742E-02
   3.3774358974358973E-02  5.5338461538461531E-02
   3.4056410256410256E-02  5.5505128205128207E-02
   3.4184615384615383E-02  5.5671794871794876E-02
   3.4530769230769233E-02  5.5902564102564112E-02
   3.4979487179487179E-02  5.6094871794871784E-02
   3.5582051282051282E-02  5.6351282051282044E-02
   3.5979487179487173E-02  5.6556410256410249E-02
   3.6351282051282054E-02  5.6825641025641027E-02
   3.6748717948717945E-02  5.7133333333333328E-02
   3.7017948717948716E-02  5.7364102564102563E-02
   3.7261538461538457E-02  5.7684615384615397E-02
   3.7607692307692300E-02  5.7864102564102571E-02
   3.8094871794871782E-02  5.8146153846153847E-02
   3.8569230769230772E-02  5.8646153846153855E-02
   3.8953846153846151E-02  5.8966666666666674E-02
   3.9428205128205128E-02  5.9030769230769227E-02
   3.9825641025641019E-02  5.8864102564102572E-02
   4.0082051282051286E-02  5.8825641025641015E-02
   4.0261538461538460E-02  5.9043589743589746E-02
   4.0492307692307702E-02  5.9197435897435903E-02
   4.0761538461538467E-02  5.9299999999999999E-02
   4.1300000000000003E-02  5.9338461538461527E-02
   4.1376923076923075E-02  5.9466666666666675E-02
   4.1505128205128201E-02  5.9607692307692313E-02
   4.1505128205128201E-02  5.9787179487179480E-02
   4.1671794871794864E-02  5.9876923076923071E-02
   4.1799999999999997E-02  6.0094871794871794E-02
   4.2094871794871785E-02  6.0543589743589747E-02
   4.2505128205128202E-02  6.0902564102564095E-02
   4.2735897435897438E-02  6.1248717948717953E-02
   4.2941025641025643E-02  6.1351282051282048E-02
   4.3492307692307691E-02  6.1312820512820505E-02
   4.3787179487179480E-02  6.1300000000000000E-02
   4.4184615384615385E-02  6.1312820512820505E-02
   4.4441025641025637E-02  6.1325641025641024E-02
   4.4620512820512812E-02  6.1364102564102567E-02
   4.4915384615384614E-02  6.1543589743589734E-02
   4.5223076923076921E-02  6.1748717948717939E-02
   4.5441025641025652E-02  6.1979487179487182E-02
   4.5620512820512826E-02  6.2158974358974349E-02
   4.5838461538461543E-02  6.2338461538461530E-02
   4.6082051282051291E-02  6.2479487179487182E-02
   4.6351282051282049E-02  6.2864102564102575E-02
   4.6607692307692308E-02  6.3428205128205128E-02
   4.6825641025641025E-02  6.3697435897435900E-02
   4.7043589743589749E-02  6.3851282051282057E-02
   4.7197435897435892E-02  6.4069230769230767E-02
   4.7287179487179483E-02  6.4274358974358972E-02
   4.7466666666666664E-02  6.4505128205128215E-02
   4.7671794871794869E-02  6.4684615384615382E-02
   4.7928205128205129E-02  6.4851282051282058E-02
   4.8312820512820508E-02  6.4838461538461539E-02
   4.8505128205128208E-02  6.4902564102564106E-02
   4.8748717948717941E-02  6.4812820512820529E-02
   4.8928205128205129E-02  6.4787179487179491E-02
   4.8966666666666665E-02  6.5082051282051287E-02
   4.9351282051282051E-02  6.5043589743589758E-02
   4.9710256410256413E-02  6.4787179487179491E-02
   4.9953846153846147E-02  6.4633333333333334E-02
   5.0210256410256407E-02  6.4594871794871805E-02
   5.0441025641025629E-02  6.4812820512820529E-02
   5.0697435897435902E-02  6.4992307692307696E-02
   5.0902564102564107E-02  6.5197435897435901E-02
   5.1094871794871793E-02  6.5466666666666673E-02
   5.1351282051282039E-02  6.5851282051282059E-02
   5.1979487179487180E-02  6.6171794871794878E-02
   5.2197435897435911E-02  6.6312820512820517E-02
   5.2376923076923071E-02  6.6274358974358988E-02
   5.2812820512820519E-02  6.6184615384615383E-02
   5.3223076923076929E-02  6.6082051282051288E-02
   5.3543589743589734E-02  6.6094871794871807E-02
   5.3697435897435891E-02  6.6094871794871807E-02
   5.3928205128205127E-02  6.6351282051282046E-02
   5.4043589743589755E-02  6.6492307692307698E-02
   5.4235897435897427E-02  6.6620512820512831E-02
   5.4389743589743585E-02  6.6697435897435903E-02
   5.4697435897435892E-02  6.7146153846153855E-02
   5.5056410256410268E-02  6.7582051282051289E-02
   5.5505128205128207E-02  6.7966666666666675E-02
   5.5812820512820507E-02  6.8325641025641037E-02
   5.6158974358974344E-02  6.8710256410256410E-02
   5.6376923076923074E-02  6.8812820512820519E-02
   5.6697435897435894E-02  6.8992307692307700E-02
   5.7133333333333328E-02  6.9235897435897448E-02
   5.7402564102564092E-02  6.9428205128205134E-02
   5.7402564102564092E-02  6.9633333333333339E-02
   5.7684615384615397E-02  6.9517948717948724E-02
   5.7902564102564100E-02  6.9466666666666677E-02
   5.8120512820512830E-02  6.9761538461538458E-02
   5.8441025641025636E-02  7.0158974358974363E-02
   5.8671794871794865E-02  7.0338461538461544E-02
   5.8915384615384613E-02  7.0607692307692316E-02
   5.9171794871794872E-02  7.0902564102564111E-02
   5.9774358974358961E-02  7.1043589743589750E-02
   6.0056410256410238E-02  7.1017948717948726E-02
   6.0376923076923085E-02  7.0966666666666678E-02
   6.0761538461538457E-02  7.0941025641025654E-02
   6.1325641025641024E-02  7.0735897435897449E-02
   6.1441025641025653E-02  7.0889743589743592E-02
   6.1889743589743591E-02  7.1300000000000002E-02
   6.2441025641025640E-02  7.1607692307692317E-02
   6.2710256410256418E-02  7.1761538461538474E-02
   6.3171794871794876E-02  7.2017948717948727E-02
   6.3376923076923081E-02  7.1966666666666679E-02
   6.3453846153846166E-02  7.2017948717948727E-02
   6.3812820512820514E-02  7.2235897435897437E-02
   6.4184615384615396E-02  7.2197435897435908E-02
   6.4415384615384624E-02  7.2133333333333341E-02
   6.4646153846153853E-02  7.2338461538461546E-02
   6.5197435897435901E-02  7.2710256410256413E-02
   6.5351282051282059E-02  7.2800000000000004E-02
   6.5800000000000011E-02  7.2787179487179499E-02
   6.6287179487179493E-02  7.2748717948717956E-02
   6.6389743589743588E-02  7.2915384615384618E-02
   6.6697435897435903E-02  7.2941025641025642E-02
   6.7082051282051289E-02  7.3248717948717956E-02
   6.7530769230769241E-02  7.3261538461538475E-02
   6.8210256410256423E-02  7.3389743589743595E-02
   6.8556410256410266E-02  7.3594871794871800E-02
   6.8928205128205133E-02  7.3992307692307691E-02
   6.9158974358974362E-02  7.4248717948717957E-02
   6.9453846153846172E-02  7.4569230769230777E-02
   6.9800000000000001E-02  7.4684615384615391E-02
   7.0133333333333339E-02  7.4646153846153848E-02
   7.0300000000000015E-02  7.4876923076923077E-02
   7.0812820512820521E-02  7.4979487179487186E-02
   7.1312820512820521E-02  7.5030769230769234E-02
   7.1838461538461545E-02  7.5043589743589753E-02
   7.2082051282051293E-02  7.5210256410256415E-02
   7.2441025641025641E-02  7.5620512820512825E-02
   7.2646153846153860E-02  7.5979487179487187E-02
   7.2953846153846161E-02  7.6261538461538464E-02
   7.3082051282051280E-02  7.6376923076923078E-02
   7.3902564102564114E-02  7.6415384615384621E-02
   7.4312820512820524E-02  7.6543589743589754E-02
   7.4812820512820510E-02  7.6723076923076922E-02
   7.5120512820512825E-02  7.6800000000000007E-02
   7.5582051282051296E-02  7.6953846153846164E-02
   7.5966666666666682E-02  7.7043589743589755E-02
   7.6453846153846164E-02  7.7017948717948731E-02
   7.6928205128205127E-02  7.6928205128205127E-02
   7.7082051282051284E-02  7.7287179487179503E-02
   7.7530769230769236E-02  7.7774358974358970E-02
   7.7787179487179503E-02  7.8056410256410261E-02
   7.8235897435897442E-02  7.8389743589743613E-02
   7.8646153846153852E-02  7.8633333333333347E-02
   7.8966666666666671E-02  7.8735897435897442E-02
   7.9415384615384610E-02  7.8774358974358971E-02
   7.9902564102564091E-02  7.8582051282051271E-02
   8.0517948717948734E-02  7.8505128205128213E-02
   8.0966666666666673E-02  7.8364102564102575E-02
   8.1441025641025649E-02  7.8235897435897442E-02
   8.2197435897435916E-02  7.8146153846153879E-02
   8.2312820512820517E-02  7.8030769230769237E-02
   8.2569230769230770E-02  7.7710256410256418E-02
   8.3043589743589760E-02  7.7402564102564103E-02
   8.3466666666666689E-02  7.7210256410256417E-02
   8.3684615384615399E-02  7.7376923076923065E-02
   8.4338461538461529E-02  7.7428205128205141E-02
   8.4646153846153857E-02  7.7556410256410274E-02
   8.5235897435897448E-02  7.7697435897435912E-02
   8.5646153846153858E-02  7.7889743589743599E-02
   8.6171794871794868E-02  7.8056410256410261E-02
   8.6825641025641026E-02  7.8223076923076909E-02
   8.7351282051282064E-02  7.8300000000000008E-02
   8.7825641025641027E-02  7.8351282051282084E-02
   8.8415384615384618E-02  7.8517948717948746E-02
   8.8966666666666680E-02  7.8633333333333347E-02
   8.9223076923076933E-02  7.8723076923076937E-02
   8.9646153846153848E-02  7.9274358974358985E-02
   8.9825641025641015E-02  7.9453846153846139E-02
   9.0133333333333343E-02  7.9684615384615395E-02
   9.0569230769230777E-02  7.9838461538461566E-02
   9.0825641025641016E-02  7.9953846153846167E-02
   9.0928205128205139E-02  8.0248717948717949E-02
   9.1261538461538450E-02  8.0453846153846154E-02
   9.1864102564102559E-02  8.0492307692307682E-02
   9.2723076923076950E-02  8.0543589743589730E-02
   9.3517948717948760E-02  8.0376923076923082E-02
   9.4453846153846152E-02  8.0171794871794877E-02
   9.5517948717948734E-02  7.9851282051282044E-02
   0.1074025641025641      8.3120512820512832E-02
   0.1075820512820513      8.3505128205128218E-02
   0.1080435897435897      8.3825641025641023E-02
   0.1082358974358974      8.3992307692307699E-02
   0.1084153846153846      8.4069230769230799E-02
   0.1085820512820513      8.4351282051282062E-02
   0.1087871794871795      8.4812820512820519E-02
   0.1089410256410257      8.5133333333333325E-02
   0.1092102564102564      8.5453846153846158E-02
   0.1095820512820513      8.5543589743589735E-02
   0.1100179487179487      8.5492307692307701E-02
   0.1106461538461538      8.5300000000000001E-02
   0.1111589743589744      8.5158974358974376E-02
   0.1115692307692308      8.4812820512820519E-02
   0.1119153846153846      8.4530769230769229E-02
   0.1122102564102564      8.4325641025641038E-02
   0.1229410256410256      8.7428205128205164E-02
   0.1231461538461538      8.7607692307692317E-02
   0.1233128205128205      8.7723076923076931E-02
   0.1235435897435897      8.7787179487179498E-02
   0.1237871794871795      8.7864102564102556E-02
   0.1239153846153846      8.7941025641025627E-02
   0.1240179487179487      8.8043589743589765E-02
   0.1244153846153846      8.8184615384615389E-02
   0.1246076923076923      8.8479487179487212E-02
   0.1248000000000000      8.8838461538461547E-02
   0.1250179487179487      8.9133333333333328E-02
   0.1252871794871795      8.9274358974358980E-02
   0.1257230769230769      8.9287179487179499E-02
   0.1261589743589744      8.9171794871794871E-02
   0.1265435897435897      8.9017948717948728E-02
   0.1268769230769231      8.8838461538461547E-02
   0.1271333333333333      8.8582051282051294E-02
   0.1273769230769231      8.8633333333333342E-02
   0.1277102564102564      8.8915384615384646E-02
   0.1281717948717949      8.9082051282051308E-02
   0.1283769230769231      8.9158974358974380E-02
   0.1286974358974359      8.9158974358974380E-02
   0.1290820512820513      8.9120512820512851E-02
   0.1294666666666667      8.9056410256410271E-02
   0.1299025641025641      8.8992307692307704E-02
   0.1302358974358974      8.8992307692307704E-02
   0.1307871794871795      8.8902564102564099E-02
