   9.6941025641025608E-02 -4.7084615384615384E-02
   9.6787179487179506E-02 -4.7417948717948730E-02
   9.6633333333333335E-02 -4.7558974358974361E-02
   9.6453846153846168E-02 -4.7764102564102566E-02
   9.6325641025641048E-02 -4.7879487179487167E-02
   9.6120512820512843E-02 -4.7930769230769235E-02
   9.5966666666666672E-02 -4.8020512820512826E-02
   9.5607692307692310E-02 -4.8161538461538471E-02
   9.5582051282051286E-02 -4.8417948717948717E-02
   9.5479487179487205E-02 -4.8687179487179488E-02
   9.5389743589743600E-02 -4.8879487179487181E-02
   9.5235897435897471E-02 -4.8982051282051284E-02
   9.5017948717948719E-02 -4.9161538461538472E-02
   9.4761538461538466E-02 -4.9238461538461543E-02
   9.4543589743589757E-02 -4.9328205128205127E-02
   9.4338461538461552E-02 -4.9353846153846144E-02
   9.4069230769230780E-02 -4.9353846153846144E-02
   9.3710256410256418E-02 -4.9238461538461543E-02
   9.3569230769230780E-02 -4.9328205128205127E-02
   9.3364102564102588E-02 -4.9379487179487175E-02
   9.3082051282051312E-02 -4.9405128205128206E-02
   9.2800000000000007E-02 -4.9225641025641025E-02
   9.2466666666666711E-02 -4.9046153846153843E-02
   9.2338461538461522E-02 -4.8994871794871796E-02
   9.1953846153846164E-02 -4.8969230769230765E-02
   9.1646153846153863E-02 -4.8866666666666662E-02
   9.1223076923076921E-02 -4.8597435897435905E-02
   9.0748717948717958E-02 -4.8315384615384614E-02
   9.0364102564102586E-02 -4.8200000000000000E-02
   8.9928205128205138E-02 -4.7994871794871795E-02
   8.9492307692307704E-02 -4.7815384615384607E-02
   8.9069230769230776E-02 -4.7661538461538464E-02
   8.8864102564102571E-02 -4.7776923076923078E-02
   8.8517948717948741E-02 -4.7930769230769235E-02
   8.8133333333333327E-02 -4.8187179487179481E-02
   8.7838461538461574E-02 -4.8405128205128205E-02
   8.7402564102564126E-02 -4.8725641025641024E-02
   8.7146153846153859E-02 -4.8853846153846164E-02
   8.6582051282051278E-02 -4.8943589743589741E-02
   8.6005128205128220E-02 -4.8738461538461536E-02
   8.5312820512820506E-02 -4.8610256410256403E-02
   8.4812820512820519E-02 -4.8469230769230771E-02
   8.4223076923076928E-02 -4.8341025641025645E-02
   8.3556410256410266E-02 -4.8187179487179481E-02
   8.3133333333333337E-02 -4.8084615384615385E-02
   8.3082051282051289E-02 -4.8212820512820512E-02
   8.2710256410256422E-02 -4.8187179487179481E-02
   8.2274358974358988E-02 -4.8097435897435897E-02
   8.1915384615384654E-02 -4.8007692307692307E-02
   8.1620512820512831E-02 -4.7892307692307692E-02
   8.1043589743589758E-02 -4.7661538461538464E-02
   8.0774358974358959E-02 -4.7738461538461549E-02
   8.0517948717948734E-02 -4.7764102564102566E-02
   8.0133333333333320E-02 -4.7623076923076928E-02
   7.9774358974358986E-02 -4.7482051282051289E-02
   7.9300000000000009E-02 -4.7302564102564101E-02
   7.9030769230769252E-02 -4.7161538461538470E-02
   7.8633333333333347E-02 -4.6956410256410265E-02
   7.8197435897435913E-02 -4.6712820512820517E-02
   7.7941025641025632E-02 -4.6610256410256401E-02
   7.7530769230769236E-02 -4.6494871794871787E-02
   7.7300000000000008E-02 -4.6456410256410258E-02
   7.6876923076923079E-02 -4.6302564102564100E-02
   7.6389743589743597E-02 -4.6148717948717950E-02
   7.5851282051282054E-02 -4.5943589743589745E-02
   7.5466666666666668E-02 -4.5802564102564107E-02
   7.5338461538461549E-02 -4.5802564102564107E-02
   7.5146153846153863E-02 -4.6097435897435896E-02
   7.4966666666666681E-02 -4.6341025641025643E-02
   7.4697435897435910E-02 -4.6546153846153841E-02
   7.4389743589743595E-02 -4.6610256410256401E-02
   7.4146153846153848E-02 -4.6546153846153841E-02
   7.3992307692307691E-02 -4.6533333333333343E-02
   7.3697435897435909E-02 -4.6571794871794872E-02
   7.3351282051282052E-02 -4.6661538461538463E-02
   7.2851282051282065E-02 -4.6712820512820517E-02
   7.2441025641025641E-02 -4.6635897435897446E-02
   7.1684615384615388E-02 -4.6392307692307684E-02
   7.1184615384615388E-02 -4.6187179487179479E-02
   7.0723076923076930E-02 -4.5956410256410264E-02
   7.0812820512820521E-02 -4.5789743589743588E-02
   7.0223076923076930E-02 -4.5725641025641028E-02
   6.9889743589743605E-02 -4.5751282051282045E-02
   6.9582051282051291E-02 -4.5623076923076926E-02
   6.9402564102564110E-02 -4.5405128205128209E-02
   6.9094871794871796E-02 -4.5366666666666666E-02
   6.8697435897435905E-02 -4.5276923076923069E-02
   6.8312820512820518E-02 -4.5033333333333335E-02
   6.8082051282051290E-02 -4.4776923076923089E-02
   6.7620512820512818E-02 -4.4635897435897444E-02
   6.7120512820512832E-02 -4.4482051282051287E-02
   6.6697435897435903E-02 -4.4135897435897437E-02
   6.6223076923076926E-02 -4.3700000000000003E-02
   6.5723076923076926E-02 -4.3482051282051286E-02
   6.5466666666666673E-02 -4.3661538461538460E-02
   6.4825641025641034E-02 -4.3597435897435900E-02
   6.4376923076923082E-02 -4.3558974358974357E-02
   6.3941025641025648E-02 -4.3571794871794869E-02
   6.3492307692307695E-02 -4.3597435897435900E-02
   6.2864102564102575E-02 -4.3379487179487183E-02
   6.2428205128205135E-02 -4.3187179487179490E-02
   6.2171794871794868E-02 -4.2943589743589743E-02
   6.1864102564102567E-02 -4.2635897435897435E-02
   6.1530769230769229E-02 -4.2456410256410268E-02
   6.0825641025641024E-02 -4.2353846153846166E-02
   6.0235897435897433E-02 -4.2174358974358971E-02
   5.9864102564102566E-02 -4.2264102564102561E-02
   5.9466666666666675E-02 -4.2443589743589749E-02
   5.9043589743589746E-02 -4.2443589743589749E-02
   5.8517948717948708E-02 -4.2341025641025647E-02
   5.7992307692307697E-02 -4.2264102564102561E-02
   5.7658974358974366E-02 -4.2405128205128206E-02
   5.7325641025641021E-02 -4.2661538461538466E-02
   5.6966666666666672E-02 -4.2841025641025647E-02
   5.6543589743589751E-02 -4.2917948717948719E-02
   5.6005128205128214E-02 -4.2712820512820514E-02
   5.5697435897435907E-02 -4.2456410256410268E-02
   5.5107692307692302E-02 -4.2110256410256411E-02
   5.4569230769230766E-02 -4.2174358974358971E-02
   5.4094871794871796E-02 -4.2251282051282063E-02
   5.3799999999999994E-02 -4.2135897435897442E-02
   5.3287179487179488E-02 -4.1776923076923080E-02
   5.2735897435897447E-02 -4.1494871794871796E-02
   5.2056410256410252E-02 -4.1058974358974362E-02
   5.1710256410256401E-02 -4.1020512820512819E-02
   5.1351282051282039E-02 -4.1033333333333331E-02
   5.0838461538461534E-02 -4.0815384615384614E-02
   5.0582051282051274E-02 -4.0584615384615386E-02
   5.0248717948717950E-02 -4.0571794871794874E-02
   4.9607692307692311E-02 -4.0353846153846157E-02
   4.8889743589743587E-02 -4.0187179487179488E-02
   4.8646153846153846E-02 -4.0097435897435897E-02
   4.8376923076923081E-02 -3.9879487179487180E-02
   4.8043589743589750E-02 -3.9815384615384621E-02
   4.7748717948717941E-02 -3.9764102564102566E-02
   4.7376923076923066E-02 -3.9648717948717951E-02
   4.6864102564102561E-02 -3.9430769230769228E-02
   4.6441025641025639E-02 -3.9161538461538463E-02
   4.6197435897435891E-02 -3.8879487179487179E-02
   4.5992307692307687E-02 -3.8635897435897439E-02
   4.5748717948717953E-02 -3.8520512820512824E-02
   4.5646153846153850E-02 -3.8623076923076927E-02
   4.5351282051282048E-02 -3.8943589743589746E-02
   4.5107692307692300E-02 -3.9084615384615384E-02
   4.4812820512820511E-02 -3.9199999999999999E-02
   4.4415384615384607E-02 -3.9148717948717951E-02
   4.4056410256410258E-02 -3.9033333333333337E-02
   4.3671794871794865E-02 -3.8802564102564101E-02
   4.3030769230769227E-02 -3.8469230769230769E-02
   4.2697435897435895E-02 -3.8199999999999998E-02
   4.2133333333333328E-02 -3.7905128205128209E-02
   4.1723076923076925E-02 -3.7635897435897438E-02
   4.1069230769230768E-02 -3.7238461538461540E-02
   4.0594871794871805E-02 -3.6956410256410256E-02
   4.0402564102564105E-02 -3.6828205128205130E-02
   4.0069230769230767E-02 -3.6648717948717956E-02
   3.9799999999999995E-02 -3.6469230769230768E-02
   3.9569230769230759E-02 -3.6366666666666665E-02
   3.9082051282051285E-02 -3.6097435897435901E-02
   3.8838461538461537E-02 -3.5879487179487177E-02
   3.8364102564102567E-02 -3.5930769230769231E-02
   3.7928205128205120E-02 -3.5879487179487177E-02
   3.7351282051282048E-02 -3.5712820512820515E-02
   3.6902564102564102E-02 -3.5597435897435900E-02
   3.6479487179487180E-02 -3.5379487179487183E-02
   3.5697435897435896E-02 -3.5033333333333333E-02
   3.5428205128205131E-02 -3.5212820512820514E-02
   3.5107692307692312E-02 -3.5571794871794869E-02
   3.4838461538461540E-02 -3.5828205128205129E-02
   3.4569230769230769E-02 -3.5969230769230767E-02
   3.4005128205128202E-02 -3.5853846153846153E-02
   3.3761538461538461E-02 -3.5635897435897436E-02
   3.3453846153846153E-02 -3.5328205128205128E-02
   3.3171794871794870E-02 -3.4956410256410261E-02
   3.2851282051282051E-02 -3.4417948717948718E-02
   3.2594871794871791E-02 -3.3956410256410254E-02
   3.2376923076923074E-02 -3.3405128205128205E-02
   3.2299999999999995E-02 -3.3135897435897434E-02
   3.2146153846153852E-02 -3.3315384615384615E-02
   3.1825641025641026E-02 -3.3456410256410260E-02
   3.1453846153846152E-02 -3.3443589743589741E-02
   3.1043589743589742E-02 -3.3315384615384615E-02
   3.0723076923076922E-02 -3.3212820512820512E-02
   3.0364102564102567E-02 -3.3225641025641024E-02
   3.0082051282051277E-02 -3.3417948717948717E-02
   2.9787179487179488E-02 -3.3661538461538465E-02
   2.9402564102564102E-02 -3.3802564102564103E-02
   2.8953846153846156E-02 -3.3674358974358977E-02
   2.8671794871794866E-02 -3.3533333333333332E-02
   2.8376923076923070E-02 -3.3456410256410260E-02
   2.7979487179487179E-02 -3.3315384615384615E-02
   2.7633333333333333E-02 -3.2930769230769243E-02
   2.7389743589743585E-02 -3.2443589743589740E-02
   2.7171794871794875E-02 -3.1969230769230771E-02
   2.7069230769230773E-02 -3.1520512820512818E-02
   2.6864102564102557E-02 -3.1135897435897435E-02
   2.6671794871794868E-02 -3.0751282051282049E-02
   2.6453846153846151E-02 -3.0494871794871793E-02
   2.6223076923076918E-02 -3.0546153846153844E-02
   2.6017948717948713E-02 -3.0571794871794868E-02
   2.5633333333333331E-02 -3.0520512820512817E-02
   2.5107692307692307E-02 -3.0328205128205128E-02
   2.4620512820512822E-02 -3.0174358974358974E-02
   2.4043589743589742E-02 -2.9815384615384615E-02
   2.3723076923076920E-02 -2.9494871794871796E-02
   2.3351282051282049E-02 -2.9289743589743591E-02
   2.2928205128205127E-02 -2.9417948717948721E-02
   2.2466666666666663E-02 -2.9597435897435898E-02
   2.1787179487179491E-02 -2.9584615384615386E-02
   2.1274358974358969E-02 -2.9584615384615386E-02
   2.0851282051282050E-02 -2.9635897435897438E-02
   2.0415384615384613E-02 -2.9635897435897438E-02
   1.9864102564102565E-02 -2.9494871794871796E-02
   1.9543589743589742E-02 -2.9135897435897437E-02
   1.9261538461538462E-02 -2.8571794871794867E-02
   1.9043589743589748E-02 -2.7892307692307692E-02
   1.8723076923076922E-02 -2.7289743589743589E-02
   1.8235897435897434E-02 -2.7148717948717951E-02
   1.7851282051282051E-02 -2.6943589743589746E-02
   1.7556410256410256E-02 -2.6802564102564104E-02
   1.7274358974358976E-02 -2.6520512820512820E-02
   1.7043589743589747E-02 -2.6507692307692312E-02
   1.6684615384615385E-02 -2.6712820512820513E-02
   1.6235897435897435E-02 -2.6635897435897438E-02
   1.5748717948717947E-02 -2.6392307692307694E-02
   1.5530769230769232E-02 -2.6187179487179493E-02
   1.5364102564102566E-02 -2.5969230769230776E-02
   1.5043589743589743E-02 -2.5853846153846154E-02
   1.4761538461538463E-02 -2.5623076923076925E-02
   1.4543589743589746E-02 -2.5212820512820512E-02
   1.4197435897435896E-02 -2.4905128205128205E-02
   1.3723076923076923E-02 -2.4430769230769232E-02
   1.3492307692307694E-02 -2.4084615384615381E-02
   1.3171794871794871E-02 -2.3610256410256412E-02
   1.2915384615384615E-02 -2.3302564102564101E-02
   1.2620512820512823E-02 -2.3289743589743585E-02
   1.1953846153846159E-02 -2.3366666666666668E-02
   1.1300000000000003E-02 -2.3302564102564101E-02
   1.0761538461538460E-02 -2.3187179487179490E-02
   1.0671794871794872E-02 -2.3161538461538463E-02
   1.0582051282051282E-02 -2.2443589743589749E-02
   1.0787179487179487E-02 -2.1725641025641028E-02
   1.0992307692307692E-02 -2.1302564102564103E-02
   1.0594871794871796E-02 -2.1251282051282051E-02
   1.0107692307692309E-02 -2.1110256410256413E-02
   9.8641025641025646E-03 -2.0853846153846157E-02
   9.5051282051282077E-03 -2.0238461538461539E-02
   9.3256410256410266E-03 -1.9764102564102565E-02
   8.6333333333333366E-03 -1.9353846153846156E-02
   8.3897435897435906E-03 -1.9379487179487183E-02
   8.0051282051282029E-03 -1.9341025641025640E-02
   7.7615384615384655E-03 -1.9187179487179486E-02
   7.2615384615384616E-03 -1.8917948717948718E-02
   6.9666666666666679E-03 -1.9033333333333333E-02
   6.6205128205128212E-03 -1.8956410256410258E-02
   6.4538461538461555E-03 -1.8635897435897438E-02
   6.1333333333333327E-03 -1.8123076923076922E-02
   5.9538461538461551E-03 -1.8123076923076922E-02
   5.4666666666666665E-03 -1.8007692307692308E-02
   4.8000000000000004E-03 -1.7597435897435901E-02
   4.3256410256410256E-03 -1.7135897435897437E-02
   4.0948717948717950E-03 -1.6738461538461535E-02
   3.6974358974358975E-03 -1.6148717948717948E-02
   3.7358974358974359E-03 -1.5623076923076925E-02
   3.3512820512820508E-03 -1.5482051282051282E-02
   2.7102564102564103E-03 -1.5046153846153846E-02
   2.4794871794871789E-03 -1.4815384615384614E-02
   2.2743589743589739E-03 -1.4341025641025641E-02
   2.1076923076923082E-03 -1.3699999999999999E-02
   1.8897435897435896E-03 -1.3353846153846150E-02
   1.3512820512820516E-03 -1.3251282051282053E-02
   7.6153846153846150E-04 -1.3071794871794872E-02
   2.1025641025641025E-04 -1.2905128205128206E-02
  -1.6153846153846166E-04 -1.2520512820512820E-02
  -4.8205128205128190E-04 -1.2264102564102567E-02
  -7.2564102564102572E-04 -1.1789743589743591E-02
  -8.0256410256410345E-04 -1.1264102564102563E-02
  -8.5384615384615425E-04 -1.0597435897435899E-02
  -8.7948717948717987E-04 -1.0084615384615385E-02
  -9.4358974358974392E-04 -9.7128205128205122E-03
  -8.0256410256410345E-04 -9.3794871794871809E-03
  -6.3589743589743649E-04 -9.1358974358974367E-03
  -2.7692307692307695E-04 -8.8538461538461549E-03
  -5.0769230769230752E-04 -8.6102564102564106E-03
  -6.4871794871794886E-04 -8.4435897435897432E-03
  -8.2820512820512863E-04 -8.3282051282051271E-03
  -8.9230769230769268E-04 -8.1230769230769238E-03
  -7.1282051282051291E-04 -7.6743589743589746E-03
  -6.4871794871794886E-04 -7.3538461538461535E-03
  -8.5384615384615425E-04 -7.2256410256410254E-03
  -1.1358974358974361E-03 -6.8923076923076924E-03
  -1.3410256410256410E-03 -6.6615384615384601E-03
  -1.4307692307692309E-03 -6.4307692307692304E-03
  -1.6871794871794873E-03 -6.2769230769230775E-03
  -2.0333333333333332E-03 -5.9948717948717948E-03
  -2.3410256410256415E-03 -5.6615384615384618E-03
  -2.4435897435897439E-03 -5.3282051282051279E-03
  -2.4564102564102568E-03 -4.9692307692307692E-03
  -2.4564102564102568E-03 -4.7128205128205130E-03
  -2.4820512820512824E-03 -4.4051282051282056E-03
  -2.6615384615384617E-03 -3.8410256410256411E-03
  -2.7256410256410258E-03 -3.4948717948717952E-03
  -2.7128205128205130E-03 -3.1615384615384617E-03
  -2.6230769230769233E-03 -2.9564102564102563E-03
  -2.3923076923076927E-03 -3.0333333333333336E-03
  -1.9948717948717947E-03 -3.2000000000000002E-03
  -1.9948717948717947E-03 -3.0076923076923076E-03
  -2.2641025641025642E-03 -2.7512820512820514E-03
  -2.6487179487179489E-03 -1.9307692307692309E-03
  -2.7256410256410258E-03 -1.6230769230769233E-03
  -2.7256410256410258E-03 -1.2384615384615385E-03
  -2.5461538461538464E-03 -8.6666666666666706E-04
  -2.6615384615384617E-03  1.7948717948717673E-05
  -2.6102564102564105E-03  2.9999999999999992E-04
  -2.5461538461538464E-03  9.7948717948717927E-04
  -2.3794871794871799E-03  1.3128205128205123E-03
  -2.6743589743589745E-03  1.8512820512820512E-03
  -2.7128205128205130E-03  2.2615384615384602E-03
  -2.6871794871794873E-03  2.7615384615384615E-03
  -2.9179487179487179E-03  3.1846153846153843E-03
  -2.8282051282051282E-03  3.7358974358974359E-03
  -2.9179487179487179E-03  3.9153846153846140E-03
  -2.9820512820512820E-03  4.1205128205128207E-03
  -3.0076923076923076E-03  4.3128205128205119E-03
  -2.8923076923076923E-03  4.5564102564102579E-03
  -2.6230769230769233E-03  5.2230769230769240E-03
  -2.6743589743589745E-03  5.6589743589743596E-03
  -2.7256410256410258E-03  6.0692307692307695E-03
  -2.8538461538461539E-03  6.7871794871794868E-03
  -2.8538461538461539E-03  7.1717948717948728E-03
  -3.0205128205128208E-03  7.3256410256410266E-03
  -3.2128205128205130E-03  7.7230769230769245E-03
  -3.2000000000000002E-03  8.2615384615384608E-03
  -3.3282051282051282E-03  8.7230769230769237E-03
  -3.4307692307692312E-03  9.2358974358974378E-03
  -3.2000000000000002E-03  9.8897435897435885E-03
  -3.0846153846153849E-03  1.0030769230769234E-02
  -3.2256410256410258E-03  1.0607692307692309E-02
  -3.3153846153846150E-03  1.1069230769230770E-02
  -3.4820512820512824E-03  1.1633333333333334E-02
  -3.3282051282051282E-03  1.2107692307692311E-02
  -3.2641025641025642E-03  1.2466666666666666E-02
  -2.9435897435897435E-03  1.2735897435897437E-02
  -2.7128205128205130E-03  1.2992307692307694E-02
  -2.6743589743589745E-03  1.3376923076923080E-02
  -2.6102564102564105E-03  1.3607692307692308E-02
  -2.2128205128205129E-03  1.4017948717948725E-02
  -2.1487179487179489E-03  1.4287179487179490E-02
  -2.5589743589743592E-03  1.4517948717948719E-02
  -2.6615384615384617E-03  1.4941025641025641E-02
  -3.0846153846153849E-03  1.5646153846153844E-02
  -3.1102564102564105E-03  1.6210256410256408E-02
  -3.1615384615384617E-03  1.6723076923076920E-02
  -3.1358974358974357E-03  1.7030769230769231E-02
  -3.3153846153846150E-03  1.7325641025641027E-02
  -3.3410256410256411E-03  1.7671794871794870E-02
  -3.2769230769230774E-03  1.8043589743589748E-02
  -3.1102564102564105E-03  1.8107692307692307E-02
  -2.9948717948717952E-03  1.8825641025641032E-02
  -2.8666666666666667E-03  1.9312820512820517E-02
  -2.5076923076923080E-03  1.9787179487179490E-02
  -2.1487179487179489E-03  2.0017948717948719E-02
  -1.9051282051282053E-03  2.0299999999999999E-02
  -1.7256410256410257E-03  2.0620512820512825E-02
  -1.2512820512820514E-03  2.1043589743589743E-02
  -9.5641025641025673E-04  2.1312820512820511E-02
  -4.9487179487179471E-04  2.1569230769230775E-02
  -1.1025641025641042E-04  2.1915384615384614E-02
   3.8974358974358915E-04  2.2338461538461540E-02
   5.9487179487179454E-04  2.2774358974358973E-02
   6.4615384615384621E-04  2.3402564102564100E-02
   6.8461538461538508E-04  2.3620512820512817E-02
   1.0948717948717954E-03  2.3812820512820514E-02
   1.0564102564102561E-03  2.4171794871794865E-02
   1.2230769230769235E-03  2.4723076923076924E-02
   1.2615384615384602E-03  2.4979487179487180E-02
   1.3384615384615388E-03  2.5543589743589744E-02
   1.4153846153846148E-03  2.6389743589743584E-02
   1.8000000000000000E-03  2.7030769230769233E-02
   2.2487179487179483E-03  2.7043589743589745E-02
   2.3897435897435892E-03  2.7235897435897438E-02
   2.9794871794871793E-03  2.7223076923076926E-02
   3.3128205128205124E-03  2.7287179487179489E-02
   4.0179487179487182E-03  2.7389743589743585E-02
   4.1589743589743582E-03  2.7530769230769230E-02
   4.2871794871794863E-03  2.7838461538461538E-02
   4.3641025641025649E-03  2.8184615384615384E-02
   4.4923076923076930E-03  2.8569230769230763E-02
   4.4538461538461537E-03  2.8941025641025638E-02
   4.4153846153846162E-03  2.9607692307692307E-02
   4.4282051282051281E-03  3.0453846153846158E-02
   4.8128205128205124E-03  3.1184615384615387E-02
   5.1974358974358984E-03  3.1774358974358971E-02
   5.6205128205128203E-03  3.2056410256410255E-02
   6.0307692307692302E-03  3.2005128205128207E-02
   6.2487179487179505E-03  3.2607692307692303E-02
   6.4794871794871794E-03  3.3184615384615382E-02
   6.7230769230769202E-03  3.3376923076923075E-02
   6.8769230769230773E-03  3.3607692307692311E-02
   7.0948717948717942E-03  3.3864102564102563E-02
   7.3256410256410266E-03  3.4261538461538461E-02
   7.6076923076923049E-03  3.4864102564102564E-02
   8.0051282051282029E-03  3.5466666666666660E-02
   8.6846153846153878E-03  3.5428205128205131E-02
   9.2358974358974378E-03  3.5517948717948722E-02
   9.5435897435897452E-03  3.5466666666666660E-02
   9.8769230769230748E-03  3.5633333333333336E-02
   1.0171794871794874E-02  3.5915384615384613E-02
   1.0594871794871796E-02  3.6120512820512818E-02
   1.1017948717948716E-02  3.6402564102564101E-02
   1.1235897435897436E-02  3.6530769230769228E-02
   1.1582051282051283E-02  3.6607692307692306E-02
   1.2056410256410259E-02  3.6966666666666662E-02
   1.2415384615384618E-02  3.7466666666666662E-02
   1.2646153846153847E-02  3.8056410256410267E-02
   1.2966666666666666E-02  3.8492307692307687E-02
   1.3287179487179486E-02  3.8800000000000008E-02
   1.3723076923076923E-02  3.9351282051282042E-02
   1.3851282051282053E-02  3.9787179487179476E-02
   1.4056410256410258E-02  4.0351282051282043E-02
   1.4261538461538463E-02  4.0941025641025641E-02
   1.4428205128205128E-02  4.1735897435897437E-02
   1.4582051282051282E-02  4.2171794871794871E-02
   1.5005128205128207E-02  4.2300000000000004E-02
   1.5543589743589744E-02  4.2594871794871793E-02
   1.5928205128205124E-02  4.2966666666666667E-02
   1.6364102564102565E-02  4.3146153846153855E-02
   1.6979487179487177E-02  4.3133333333333329E-02
   1.7569230769230771E-02  4.2992307692307698E-02
   1.7953846153846154E-02  4.3376923076923077E-02
   1.8338461538461536E-02  4.3761538461538470E-02
   1.8748717948717946E-02  4.4094871794871801E-02
   1.9235897435897438E-02  4.4133333333333330E-02
   1.9787179487179490E-02  4.4005128205128204E-02
   2.0223076923076923E-02  4.3992307692307699E-02
   2.0671794871794873E-02  4.4030769230769227E-02
   2.0620512820512825E-02  4.4376923076923078E-02
   2.0799999999999999E-02  4.4966666666666669E-02
   2.1030769230769231E-02  4.5684615384615386E-02
   2.1312820512820511E-02  4.6633333333333325E-02
   2.1620512820512826E-02  4.7582051282051285E-02
   2.1748717948717942E-02  4.7838461538461531E-02
   2.1441025641025638E-02  4.7761538461538473E-02
   2.1069230769230767E-02  4.7902564102564105E-02
   2.0671794871794873E-02  4.8197435897435907E-02
   2.0389743589743589E-02  4.8787179487179484E-02
   2.0235897435897435E-02  4.9376923076923082E-02
   2.0235897435897435E-02  5.0005128205128209E-02
   2.0364102564102562E-02  5.0646153846153848E-02
   2.0658974358974357E-02  5.1056410256410265E-02
   2.1171794871794870E-02  5.1261538461538469E-02
   2.1556410256410256E-02  5.1287179487179486E-02
   2.1915384615384614E-02  5.1838461538461535E-02
   2.2338461538461540E-02  5.2261538461538470E-02
   2.2761538461538462E-02  5.2389743589743583E-02
   2.3171794871794871E-02  5.2569230769230771E-02
   2.3376923076923069E-02  5.3107692307692307E-02
   2.3633333333333340E-02  5.3517948717948717E-02
   2.3992307692307691E-02  5.3825641025641024E-02
   2.4479487179487187E-02  5.4069230769230765E-02
   2.5043589743589743E-02  5.4082051282051284E-02
   2.5428205128205126E-02  5.3902564102564110E-02
   2.5479487179487177E-02  5.3633333333333331E-02
   2.6005128205128212E-02  5.3774358974358963E-02
   2.6594871794871799E-02  5.3671794871794860E-02
   2.7223076923076926E-02  5.3646153846153850E-02
   2.7928205128205128E-02  5.3505128205128205E-02
   2.8582051282051275E-02  5.3235897435897427E-02
   2.9569230769230764E-02  5.2838461538461549E-02
   2.9953846153846150E-02  5.2966666666666655E-02
   3.0171794871794867E-02  5.3017948717948724E-02
   3.0312820512820512E-02  5.3441025641025632E-02
   3.1030769230769230E-02  5.3543589743589734E-02
   3.1620512820512821E-02  5.3376923076923086E-02
   3.2005128205128207E-02  5.3325641025641031E-02
   3.2248717948717955E-02  5.3569230769230765E-02
   3.2274358974358971E-02  5.4223076923076929E-02
   3.2658974358974358E-02  5.4941025641025640E-02
   3.3133333333333334E-02  5.5479487179487176E-02
   3.3607692307692311E-02  5.5992307692307682E-02
   3.4005128205128202E-02  5.6428205128205143E-02
   3.4582051282051281E-02  5.6864102564102570E-02
   3.4915384615384612E-02  5.6966666666666672E-02
   3.5120512820512817E-02  5.6941025641025628E-02
   3.5325641025641029E-02  5.7197435897435901E-02
   3.5582051282051282E-02  5.7415384615384618E-02
   3.5889743589743589E-02  5.7517948717948721E-02
   3.6517948717948716E-02  5.7428205128205123E-02
   3.6735897435897433E-02  5.7505128205128195E-02
   3.6966666666666662E-02  5.7710256410256407E-02
   3.7223076923076928E-02  5.7889743589743595E-02
   3.7517948717948717E-02  5.7966666666666659E-02
   3.7761538461538458E-02  5.8017948717948728E-02
   3.8043589743589748E-02  5.8223076923076933E-02
   3.8389743589743584E-02  5.8441025641025636E-02
   3.8735897435897435E-02  5.8569230769230769E-02
   3.8979487179487182E-02  5.8710256410256408E-02
   3.9338461538461544E-02  5.8915384615384613E-02
   3.9658974358974364E-02  5.9133333333333329E-02
   3.9838461538461538E-02  5.9223076923076934E-02
   4.0146153846153838E-02  5.9389743589743589E-02
   4.0376923076923088E-02  5.9453846153846156E-02
   4.0582051282051286E-02  5.9517948717948709E-02
   4.0825641025641020E-02  5.9697435897435903E-02
   4.0966666666666665E-02  5.9774358974358961E-02
   4.1197435897435887E-02  5.9876923076923071E-02
   4.1479487179487178E-02  6.0005128205128218E-02
   4.1966666666666666E-02  6.0338461538461542E-02
   4.2389743589743588E-02  6.0530769230769228E-02
   4.2889743589743595E-02  6.0620512820512819E-02
   4.3325641025641029E-02  6.0889743589743590E-02
   4.3582051282051268E-02  6.1017948717948724E-02
   4.3902564102564101E-02  6.1120512820512819E-02
   4.4133333333333330E-02  6.1094871794871795E-02
   4.4402564102564109E-02  6.1056410256410253E-02
   4.4582051282051283E-02  6.1351282051282048E-02
   4.4800000000000000E-02  6.1569230769230772E-02
   4.5094871794871788E-02  6.1735897435897434E-02
   4.5402564102564109E-02  6.1902564102564096E-02
   4.5915384615384615E-02  6.2056410256410253E-02
   4.6107692307692301E-02  6.2184615384615387E-02
   4.6479487179487182E-02  6.2364102564102554E-02
   4.6582051282051284E-02  6.2364102564102554E-02
   4.6774358974358970E-02  6.2466666666666663E-02
   4.7056410256410261E-02  6.2466666666666663E-02
   4.7569230769230766E-02  6.2505128205128213E-02
   4.7889743589743586E-02  6.2748717948717947E-02
   4.8441025641025641E-02  6.3158974358974357E-02
   4.8825641025641027E-02  6.3517948717948733E-02
   4.9300000000000010E-02  6.3864102564102562E-02
   4.9684615384615390E-02  6.4210256410256419E-02
   5.0069230769230762E-02  6.4505128205128215E-02
   5.0299999999999997E-02  6.4543589743589758E-02
   5.0723076923076933E-02  6.4492307692307696E-02
   5.1133333333333336E-02  6.4761538461538468E-02
   5.1543589743589746E-02  6.4902564102564106E-02
   5.1915384615384606E-02  6.5325641025641035E-02
   5.2287179487179487E-02  6.5517948717948721E-02
   5.2825641025641024E-02  6.5787179487179492E-02
   5.3338461538461529E-02  6.6107692307692312E-02
   5.3441025641025632E-02  6.6312820512820517E-02
   5.3761538461538465E-02  6.6723076923076940E-02
   5.4517948717948732E-02  6.7017948717948722E-02
   5.4902564102564097E-02  6.7325641025641036E-02
   5.5069230769230766E-02  6.7402564102564108E-02
   5.5594871794871804E-02  6.7658974358974361E-02
   5.6082051282051286E-02  6.8030769230769228E-02
   5.6569230769230767E-02  6.8325641025641037E-02
   5.6787179487179484E-02  6.8364102564102566E-02
   5.7146153846153847E-02  6.8607692307692314E-02
   5.7517948717948721E-02  6.8594871794871809E-02
   5.7799999999999997E-02  6.8607692307692314E-02
   5.8235897435897445E-02  6.8774358974358976E-02
   5.8505128205128210E-02  6.8851282051282062E-02
   5.8851282051282053E-02  6.9017948717948724E-02
   5.9299999999999999E-02  6.9351282051282048E-02
   5.9684615384615385E-02  6.9774358974358977E-02
   5.9889743589743590E-02  7.0235897435897449E-02
   6.0133333333333323E-02  7.0517948717948725E-02
   6.0569230769230771E-02  7.0710256410256425E-02
   6.1030769230769229E-02  7.0864102564102568E-02
   6.1466666666666663E-02  7.0684615384615401E-02
   6.1748717948717939E-02  7.0569230769230773E-02
   6.2056410256410253E-02  7.0864102564102568E-02
   6.2248717948717953E-02  7.1030769230769231E-02
   6.2671794871794875E-02  7.1171794871794883E-02
   6.3530769230769238E-02  7.1415384615384617E-02
   6.3876923076923081E-02  7.1864102564102569E-02
   6.4158974358974372E-02  7.2120512820512822E-02
   6.4582051282051287E-02  7.2338461538461546E-02
   6.4966666666666673E-02  7.2556410256410256E-02
   6.5479487179487178E-02  7.2633333333333341E-02
   6.6107692307692312E-02  7.2774358974358980E-02
   6.6569230769230769E-02  7.2915384615384618E-02
   6.6838461538461541E-02  7.2979487179487185E-02
   6.7210256410256408E-02  7.2838461538461546E-02
   6.7325641025641036E-02  7.2812820512820522E-02
   6.7492307692307699E-02  7.2953846153846161E-02
   6.7761538461538470E-02  7.3094871794871799E-02
   6.8300000000000000E-02  7.3441025641025656E-02
   6.8582051282051290E-02  7.3735897435897438E-02
   6.8748717948717952E-02  7.4197435897435896E-02
   6.8928205128205133E-02  7.4633333333333343E-02
   6.9223076923076929E-02  7.5146153846153863E-02
   6.9658974358974377E-02  7.5633333333333330E-02
   6.9825641025641039E-02  7.5723076923076935E-02
   7.0594871794871797E-02  7.5569230769230777E-02
   7.1312820512820521E-02  7.5325641025641030E-02
   7.1889743589743593E-02  7.5171794871794886E-02
   7.2120512820512822E-02  7.5594871794871801E-02
   7.2351282051282051E-02  7.5838461538461535E-02
   7.2479487179487184E-02  7.6158974358974368E-02
   7.2774358974358980E-02  7.6402564102564116E-02
   7.3043589743589751E-02  7.6492307692307693E-02
   7.3402564102564113E-02  7.6338461538461549E-02
   7.3748717948717957E-02  7.6184615384615392E-02
   7.4030769230769233E-02  7.6069230769230778E-02
   7.4300000000000005E-02  7.6235897435897440E-02
   7.4646153846153848E-02  7.6543589743589754E-02
   7.4992307692307691E-02  7.6864102564102574E-02
   7.5428205128205125E-02  7.7005128205128212E-02
   7.6094871794871802E-02  7.7120512820512840E-02
   7.6287179487179488E-02  7.7158974358974369E-02
   7.6800000000000007E-02  7.7402564102564103E-02
   7.7364102564102574E-02  7.7992307692307708E-02
   7.7697435897435912E-02  7.8325641025641032E-02
   7.7966666666666670E-02  7.8479487179487190E-02
   7.8364102564102575E-02  7.8492307692307695E-02
   7.8569230769230766E-02  7.8517948717948746E-02
   7.8966666666666671E-02  7.8825641025641019E-02
   7.9428205128205115E-02  7.9056410256410248E-02
   7.9774358974358986E-02  7.9005128205128214E-02
   8.0082051282051300E-02  7.9248717948717948E-02
   8.0415384615384625E-02  7.9428205128205115E-02
   8.1146153846153840E-02  7.9710256410256419E-02
   8.1594871794871807E-02  7.9697435897435887E-02
   8.2223076923076913E-02  7.9582051282051286E-02
   8.2594871794871821E-02  7.9569230769230781E-02
   8.3030769230769214E-02  7.9453846153846139E-02
   8.3453846153846142E-02  7.9402564102564119E-02
   8.3851282051282047E-02  7.9248717948717948E-02
   8.4261538461538499E-02  7.9005128205128214E-02
   8.4697435897435891E-02  7.8876923076923081E-02
   8.4723076923076943E-02  7.8594871794871818E-02
   8.4800000000000000E-02  7.8248717948717961E-02
   8.4787179487179495E-02  7.7953846153846179E-02
   8.5120512820512848E-02  7.7812820512820499E-02
   8.5453846153846158E-02  7.7800000000000008E-02
   8.5941025641025640E-02  7.7902564102564104E-02
   8.6300000000000016E-02  7.7774358974358970E-02
   8.6607692307692316E-02  7.7376923076923065E-02
   8.7325641025641026E-02  7.7402564102564103E-02
   8.8043589743589765E-02  7.7607692307692308E-02
   8.8902564102564099E-02  7.7697435897435912E-02
   8.9248717948717957E-02  7.8005128205128213E-02
   8.9338461538461533E-02  7.8300000000000008E-02
   8.9735897435897438E-02  7.8415384615384609E-02
   9.0005128205128224E-02  7.8684615384615395E-02
   9.0312820512820524E-02  7.8838461538461552E-02
   9.0710256410256415E-02  7.8902564102564104E-02
   9.0966666666666682E-02  7.9056410256410248E-02
   9.1299999999999992E-02  7.9210256410256405E-02
   9.1697435897435883E-02  7.9389743589743628E-02
   9.2005128205128212E-02  7.9671794871794890E-02
   9.2325641025641045E-02  7.9851282051282044E-02
   9.2774358974358970E-02  7.9902564102564091E-02
   9.3248717948717960E-02  8.0120512820512829E-02
   9.3979487179487176E-02  8.0210256410256420E-02
   9.4646153846153866E-02  8.0094871794871778E-02
   9.5261538461538453E-02  7.9864102564102549E-02
   9.5735897435897430E-02  7.9633333333333362E-02
   0.1048256410256410      8.2043589743589745E-02
   0.1049923076923077      8.2517948717948722E-02
   0.1050179487179487      8.3043589743589760E-02
   0.1051974358974359      8.3658974358974347E-02
   0.1053641025641026      8.3864102564102594E-02
   0.1057102564102564      8.4082051282051304E-02
   0.1061333333333333      8.4184615384615386E-02
   0.1065435897435897      8.4210256410256423E-02
   0.1067743589743590      8.4299999999999986E-02
   0.1069025641025641      8.4594871794871795E-02
   0.1070948717948718      8.5069230769230814E-02
   0.1073256410256410      8.5338461538461530E-02
   0.1075564102564103      8.5517948717948752E-02
   0.1080307692307692      8.5530769230769230E-02
   0.1082615384615385      8.5543589743589735E-02
   0.1086717948717949      8.5825641025641039E-02
   0.1094282051282051      8.5838461538461544E-02
   0.1102743589743590      8.5646153846153858E-02
   0.1110307692307692      8.5325641025641039E-02
   0.1118897435897436      8.4941025641025625E-02
   0.1128000000000000      8.4582051282051290E-02
   0.1127487179487179      8.5056410256410267E-02
   0.1129282051282051      8.5556410256410281E-02
   0.1131846153846154      8.5902564102564111E-02
   0.1136333333333333      8.6133333333333340E-02
   0.1141333333333333      8.6389743589743578E-02
   0.1144666666666667      8.6582051282051278E-02
   0.1148256410256410      8.7005128205128221E-02
   0.1152102564102564      8.7338461538461545E-02
   0.1155564102564103      8.7556410256410269E-02
   0.1161076923076923      8.7684615384615403E-02
   0.1165820512820513      8.7607692307692317E-02
   0.1170820512820513      8.7517948717948726E-02
   0.1177487179487179      8.7389743589743593E-02
   0.1179794871794872      8.7889743589743594E-02
   0.1185179487179487      8.8274358974359007E-02
   0.1188384615384616      8.8299999999999990E-02
   0.1193000000000000      8.8261538461538461E-02
   0.1198256410256410      8.8235897435897478E-02
   0.1201974358974359      8.8389743589743594E-02
   0.1208000000000000      8.8492307692307690E-02
   0.1216461538461538      8.8248717948717956E-02
   0.1224923076923077      8.7941025641025627E-02
   0.1232871794871795      8.7607692307692317E-02
   0.1236717948717949      8.7441025641025669E-02
   0.1241717948717949      8.7902564102564085E-02
   0.1246333333333334      8.7851282051282051E-02
   0.1250692307692308      8.7505128205128194E-02
