   9.3056410256410260E-02 -4.6712820512820517E-02
   9.2966666666666684E-02 -4.6943589743589746E-02
   9.2915384615384650E-02 -4.7058974358974368E-02
   9.2723076923076950E-02 -4.7264102564102566E-02
   9.2453846153846164E-02 -4.7507692307692299E-02
   9.2223076923076935E-02 -4.7610256410256402E-02
   9.1992307692307693E-02 -4.7738461538461549E-02
   9.1620512820512826E-02 -4.7764102564102566E-02
   9.1223076923076921E-02 -4.7687179487179487E-02
   9.0902564102564115E-02 -4.7635897435897433E-02
   9.0389743589743582E-02 -4.7558974358974361E-02
   9.0197435897435924E-02 -4.7558974358974361E-02
   9.0005128205128224E-02 -4.7623076923076928E-02
   8.9710256410256414E-02 -4.7815384615384607E-02
   8.9261538461538475E-02 -4.7828205128205133E-02
   8.9017948717948728E-02 -4.8033333333333338E-02
   8.8671794871794912E-02 -4.8071794871794866E-02
   8.8312820512820495E-02 -4.8212820512820512E-02
   8.8017948717948727E-02 -4.8276923076923071E-02
   8.7684615384615403E-02 -4.8276923076923071E-02
   8.7428205128205164E-02 -4.8289743589743597E-02
   8.7120512820512822E-02 -4.8315384615384614E-02
   8.6928205128205135E-02 -4.8315384615384614E-02
   8.6300000000000016E-02 -4.8148717948717952E-02
   8.5838461538461544E-02 -4.7905128205128204E-02
   8.5530769230769230E-02 -4.7776923076923078E-02
   8.5248717948717953E-02 -4.7764102564102566E-02
   8.4876923076923114E-02 -4.7764102564102566E-02
   8.4607692307692314E-02 -4.7764102564102566E-02
   8.4210256410256423E-02 -4.7674358974358975E-02
   8.3838461538461570E-02 -4.7571794871794873E-02
   8.3505128205128218E-02 -4.7443589743589747E-02
   8.3133333333333337E-02 -4.7520512820512832E-02
   8.2812820512820504E-02 -4.7494871794871787E-02
   8.2376923076923070E-02 -4.7430769230769228E-02
   8.2082051282051288E-02 -4.7520512820512832E-02
   8.1671794871794878E-02 -4.7520512820512832E-02
   8.1210256410256421E-02 -4.7507692307692299E-02
   8.1005128205128216E-02 -4.7507692307692299E-02
   8.0633333333333376E-02 -4.7353846153846156E-02
   8.0197435897435901E-02 -4.7135897435897439E-02
   7.9607692307692310E-02 -4.6866666666666661E-02
   7.9184615384615423E-02 -4.6725641025641022E-02
   7.8941025641025647E-02 -4.6841025641025651E-02
   7.8761538461538480E-02 -4.6917948717948722E-02
   7.8466666666666671E-02 -4.7135897435897439E-02
   7.8133333333333332E-02 -4.7328205128205125E-02
   7.7864102564102575E-02 -4.7392307692307685E-02
   7.7479487179487189E-02 -4.7315384615384627E-02
   7.7120512820512840E-02 -4.7135897435897439E-02
   7.6800000000000007E-02 -4.6994871794871794E-02
   7.6543589743589754E-02 -4.6853846153846149E-02
   7.6338461538461549E-02 -4.6905128205128203E-02
   7.5966666666666682E-02 -4.7020512820512825E-02
   7.5505128205128211E-02 -4.7007692307692306E-02
   7.5197435897435896E-02 -4.7020512820512825E-02
   7.5030769230769234E-02 -4.6982051282051282E-02
   7.4453846153846162E-02 -4.6751282051282046E-02
   7.4376923076923077E-02 -4.6687179487179487E-02
   7.4274358974358981E-02 -4.6712820512820517E-02
   7.3876923076923090E-02 -4.6635897435897446E-02
   7.3466666666666680E-02 -4.6482051282051288E-02
   7.3017948717948727E-02 -4.6148717948717950E-02
   7.2633333333333341E-02 -4.5956410256410264E-02
   7.2492307692307689E-02 -4.5892307692307691E-02
   7.2197435897435908E-02 -4.5776923076923076E-02
   7.1876923076923088E-02 -4.5661538461538462E-02
   7.1633333333333341E-02 -4.5507692307692311E-02
   7.1235897435897436E-02 -4.5456410256410257E-02
   7.0979487179487183E-02 -4.5520512820512830E-02
   7.0697435897435906E-02 -4.5623076923076926E-02
   7.0453846153846159E-02 -4.5687179487179486E-02
   7.0184615384615387E-02 -4.5674358974358974E-02
   6.9979487179487182E-02 -4.5635897435897445E-02
   6.9607692307692315E-02 -4.5456410256410257E-02
   6.9466666666666677E-02 -4.5276923076923069E-02
   6.9287179487179495E-02 -4.5071794871794864E-02
   6.8838461538461543E-02 -4.4892307692307704E-02
   6.8530769230769242E-02 -4.4879487179487192E-02
   6.8146153846153856E-02 -4.4776923076923089E-02
   6.7953846153846156E-02 -4.4776923076923089E-02
   6.7735897435897446E-02 -4.4828205128205130E-02
   6.7569230769230784E-02 -4.4892307692307704E-02
   6.7325641025641036E-02 -4.4879487179487192E-02
   6.7005128205128203E-02 -4.4802564102564106E-02
   6.6633333333333336E-02 -4.4687179487179485E-02
   6.6287179487179493E-02 -4.4558974358974358E-02
   6.5979487179487178E-02 -4.4494871794871785E-02
   6.5697435897435902E-02 -4.4379487179487184E-02
   6.5325641025641035E-02 -4.4212820512820522E-02
   6.4864102564102563E-02 -4.4097435897435894E-02
   6.4735897435897444E-02 -4.4135897435897437E-02
   6.4325641025641034E-02 -4.4199999999999996E-02
   6.3928205128205143E-02 -4.4187179487179477E-02
   6.3453846153846166E-02 -4.3994871794871791E-02
   6.3184615384615381E-02 -4.3879487179487177E-02
   6.2774358974358971E-02 -4.3674358974358972E-02
   6.2556410256410261E-02 -4.3507692307692310E-02
   6.2171794871794868E-02 -4.3328205128205122E-02
   6.2005128205128206E-02 -4.3251282051282050E-02
   6.1735897435897434E-02 -4.3315384615384624E-02
   6.1402564102564110E-02 -4.3341025641025641E-02
   6.1120512820512819E-02 -4.3353846153846153E-02
   6.0748717948717952E-02 -4.3328205128205122E-02
   6.0517948717948723E-02 -4.3225641025641019E-02
   6.0210256410256409E-02 -4.3046153846153845E-02
   5.9941025641025637E-02 -4.2930769230769231E-02
   5.9594871794871808E-02 -4.2712820512820514E-02
   5.9364102564102551E-02 -4.2610256410256411E-02
   5.9017948717948715E-02 -4.2469230769230766E-02
   5.8582051282051281E-02 -4.2443589743589749E-02
   5.8376923076923062E-02 -4.2443589743589749E-02
   5.7658974358974366E-02 -4.2302564102564104E-02
   5.7389743589743587E-02 -4.2174358974358971E-02
   5.7069230769230782E-02 -4.1905128205128206E-02
   5.6633333333333348E-02 -4.1687179487179489E-02
   5.6402564102564091E-02 -4.1751282051282049E-02
   5.6133333333333327E-02 -4.1751282051282049E-02
   5.5710256410256405E-02 -4.1546153846153844E-02
   5.5261538461538473E-02 -4.1430769230769229E-02
   5.4838461538461537E-02 -4.1251282051282048E-02
   5.4402564102564104E-02 -4.1046153846153843E-02
   5.3799999999999994E-02 -4.0764102564102567E-02
   5.3620512820512820E-02 -4.0725641025641024E-02
   5.3261538461538457E-02 -4.0738461538461536E-02
   5.2774358974358976E-02 -4.0584615384615386E-02
   5.2261538461538470E-02 -4.0276923076923071E-02
   5.1915384615384606E-02 -3.9930769230769235E-02
   5.1658974358974347E-02 -3.9982051282051283E-02
   5.1428205128205125E-02 -4.0033333333333337E-02
   5.1056410256410265E-02 -3.9917948717948723E-02
   5.0915384615384605E-02 -3.9776923076923078E-02
   5.0735897435897431E-02 -3.9674358974358975E-02
   5.0364102564102557E-02 -3.9507692307692313E-02
   4.9928205128205123E-02 -3.9328205128205125E-02
   4.9556410256410256E-02 -3.9071794871794872E-02
   4.9235897435897423E-02 -3.9071794871794872E-02
   4.8748717948717941E-02 -3.9058974358974360E-02
   4.8389743589743579E-02 -3.8892307692307691E-02
   4.8158974358974364E-02 -3.8648717948717951E-02
   4.7787179487179497E-02 -3.8264102564102564E-02
   4.7530769230769224E-02 -3.7982051282051281E-02
   4.6966666666666664E-02 -3.7379487179487178E-02
   4.6646153846153844E-02 -3.7097435897435894E-02
   4.6530769230769223E-02 -3.7187179487179492E-02
   4.6441025641025639E-02 -3.7635897435897438E-02
   4.6223076923076922E-02 -3.7853846153846155E-02
   4.6017948717948717E-02 -3.8071794871794871E-02
   4.5812820512820512E-02 -3.8238461538461541E-02
   4.5556410256410253E-02 -3.8417948717948722E-02
   4.5389743589743577E-02 -3.8533333333333336E-02
   4.5248717948717945E-02 -3.8597435897435896E-02
   4.4966666666666669E-02 -3.8584615384615384E-02
   4.4684615384615385E-02 -3.8507692307692305E-02
   4.4287179487179487E-02 -3.8379487179487179E-02
   4.3979487179487173E-02 -3.8238461538461541E-02
   4.3569230769230763E-02 -3.8084615384615383E-02
   4.3351282051282046E-02 -3.7841025641025643E-02
   4.3017948717948729E-02 -3.7469230769230769E-02
   4.2812820512820524E-02 -3.7238461538461540E-02
   4.2658974358974366E-02 -3.6943589743589744E-02
   4.2582051282051281E-02 -3.6635897435897437E-02
   4.2415384615384605E-02 -3.6469230769230768E-02
   4.2107692307692297E-02 -3.6379487179487177E-02
   4.1530769230769232E-02 -3.6238461538461539E-02
   4.1338461538461546E-02 -3.6084615384615382E-02
   4.1287179487179484E-02 -3.5905128205128208E-02
   4.1043589743589744E-02 -3.5776923076923074E-02
   4.0787179487179477E-02 -3.5764102564102562E-02
   4.0441025641025648E-02 -3.5738461538461538E-02
   3.9953846153846152E-02 -3.5597435897435900E-02
   3.9671794871794862E-02 -3.5520512820512821E-02
   3.9569230769230759E-02 -3.5623076923076924E-02
   3.9402564102564104E-02 -3.5841025641025641E-02
   3.9005128205128206E-02 -3.5866666666666665E-02
   3.8748717948717946E-02 -3.5700000000000003E-02
   3.7941025641025646E-02 -3.5353846153846152E-02
   3.7530769230769236E-02 -3.5199999999999995E-02
   3.7056410256410252E-02 -3.5020512820512821E-02
   3.6735897435897433E-02 -3.4764102564102568E-02
   3.6479487179487180E-02 -3.4841025641025647E-02
   3.6223076923076920E-02 -3.4905128205128207E-02
   3.5876923076923070E-02 -3.4943589743589749E-02
   3.5466666666666660E-02 -3.4905128205128207E-02
   3.4928205128205124E-02 -3.4725641025641026E-02
   3.4607692307692305E-02 -3.4520512820512821E-02
   3.4299999999999997E-02 -3.4238461538461537E-02
   3.4082051282051280E-02 -3.4020512820512827E-02
   3.3864102564102563E-02 -3.3866666666666663E-02
   3.3658974358974358E-02 -3.3712820512820513E-02
   3.3428205128205130E-02 -3.3482051282051284E-02
   3.3223076923076925E-02 -3.3238461538461536E-02
   3.2838461538461539E-02 -3.2841025641025631E-02
   3.2582051282051286E-02 -3.2700000000000000E-02
   3.2402564102564098E-02 -3.2597435897435897E-02
   3.2210256410256412E-02 -3.2417948717948716E-02
   3.1774358974358971E-02 -3.2084615384615385E-02
   3.1505128205128206E-02 -3.1956410256410259E-02
   3.1261538461538459E-02 -3.1802564102564101E-02
   3.0928205128205127E-02 -3.1661538461538463E-02
   3.0607692307692308E-02 -3.1635897435897439E-02
   3.0364102564102567E-02 -3.1764102564102566E-02
   3.0133333333333338E-02 -3.1815384615384613E-02
   2.9838461538461536E-02 -3.1776923076923078E-02
   2.9517948717948717E-02 -3.1751282051282054E-02
   2.9056410256410259E-02 -3.1623076923076927E-02
   2.8646153846153849E-02 -3.1469230769230770E-02
   2.8287179487179480E-02 -3.1315384615384620E-02
   2.7941025641025640E-02 -3.1007692307692302E-02
   2.7646153846153845E-02 -3.0738461538461530E-02
   2.7325641025641025E-02 -3.0443589743589742E-02
   2.7171794871794875E-02 -3.0276923076923076E-02
   2.7261538461538462E-02 -3.0148717948717946E-02
   2.7428205128205128E-02 -2.9982051282051281E-02
   2.7505128205128206E-02 -2.9828205128205127E-02
   2.7376923076923076E-02 -2.9546153846153847E-02
   2.7274358974358974E-02 -2.9687179487179489E-02
   2.7082051282051274E-02 -2.9866666666666666E-02
   2.6864102564102557E-02 -3.0007692307692308E-02
   2.6582051282051287E-02 -3.0110256410256411E-02
   2.6402564102564099E-02 -3.0366666666666663E-02
   2.6171794871794867E-02 -3.0417948717948715E-02
   2.5800000000000003E-02 -3.0276923076923076E-02
   2.5517948717948716E-02 -3.0148717948717946E-02
   2.5415384615384614E-02 -3.0110256410256411E-02
   2.5056410256410255E-02 -3.0161538461538462E-02
   2.4671794871794873E-02 -3.0200000000000005E-02
   2.4364102564102565E-02 -3.0341025641025639E-02
   2.4094871794871797E-02 -3.0341025641025639E-02
   2.3825641025641022E-02 -3.0225641025641025E-02
   2.3582051282051278E-02 -2.9982051282051281E-02
   2.3235897435897435E-02 -2.9610256410256410E-02
   2.2966666666666666E-02 -2.9302564102564110E-02
   2.2787179487179485E-02 -2.9058974358974362E-02
   2.2658974358974359E-02 -2.8687179487179477E-02
   2.2402564102564103E-02 -2.8251282051282047E-02
   2.2364102564102564E-02 -2.7879487179487177E-02
   2.2466666666666663E-02 -2.7712820512820514E-02
   2.2569230769230769E-02 -2.7558974358974357E-02
   2.2300000000000000E-02 -2.7289743589743589E-02
   2.2030769230769232E-02 -2.7110256410256411E-02
   2.1748717948717942E-02 -2.7174358974358975E-02
   2.1505128205128204E-02 -2.7187179487179487E-02
   2.1235897435897433E-02 -2.7200000000000002E-02
   2.0774358974358975E-02 -2.7046153846153841E-02
   2.0325641025641026E-02 -2.6841025641025643E-02
   1.9915384615384616E-02 -2.6674358974358978E-02
   1.9671794871794872E-02 -2.6635897435897438E-02
   1.9351282051282052E-02 -2.6700000000000002E-02
   1.8928205128205134E-02 -2.6802564102564104E-02
   1.8569230769230772E-02 -2.6982051282051289E-02
   1.8184615384615382E-02 -2.7110256410256411E-02
   1.7876923076923075E-02 -2.7135897435897435E-02
   1.7428205128205129E-02 -2.7020512820512821E-02
   1.7030769230769231E-02 -2.6815384615384616E-02
   1.6646153846153845E-02 -2.6482051282051285E-02
   1.6556410256410258E-02 -2.6238461538461544E-02
   1.6338461538461538E-02 -2.5930769230769233E-02
   1.6184615384615384E-02 -2.5700000000000001E-02
   1.5941025641025640E-02 -2.5417948717948717E-02
   1.5607692307692310E-02 -2.5148717948717949E-02
   1.5402564102564105E-02 -2.5058974358974358E-02
   1.4774358974358975E-02 -2.4789743589743590E-02
   1.4402564102564104E-02 -2.4456410256410259E-02
   1.4351282051282053E-02 -2.4161538461538463E-02
   1.4312820512820514E-02 -2.3815384615384613E-02
   1.4402564102564104E-02 -2.3507692307692302E-02
   1.3915384615384619E-02 -2.3341025641025644E-02
   1.3364102564102557E-02 -2.3417948717948719E-02
   1.3312820512820513E-02 -2.3571794871794872E-02
   1.3210256410256411E-02 -2.3610256410256412E-02
   1.2774358974358973E-02 -2.3469230769230770E-02
   1.2505128205128205E-02 -2.3366666666666668E-02
   1.2235897435897435E-02 -2.3417948717948719E-02
   1.1915384615384616E-02 -2.3443589743589750E-02
   1.1517948717948720E-02 -2.3315384615384616E-02
   1.1171794871794869E-02 -2.2969230769230773E-02
   1.0851282051282054E-02 -2.2520512820512820E-02
   1.0582051282051282E-02 -2.2276923076923076E-02
   1.0274358974358971E-02 -2.2123076923076922E-02
   1.0351282051282053E-02 -2.1802564102564103E-02
   1.0197435897435896E-02 -2.1148717948717949E-02
   1.0056410256410254E-02 -2.0828205128205129E-02
   1.0017948717948718E-02 -2.0443589743589743E-02
   9.9410256410256397E-03 -2.0071794871794869E-02
   9.9025641025641056E-03 -1.9571794871794872E-02
   9.8641025641025646E-03 -1.9161538461538462E-02
   9.6846153846153887E-03 -1.8623076923076926E-02
   9.4666666666666666E-03 -1.8661538461538462E-02
   9.0051282051282020E-03 -1.9007692307692309E-02
   8.7358974358974373E-03 -1.9110256410256411E-02
   8.2230769230769198E-03 -1.9187179487179486E-02
   7.9794871794871807E-03 -1.9200000000000002E-02
   7.5435897435897434E-03 -1.9200000000000002E-02
   7.2358974358974360E-03 -1.9058974358974363E-02
   6.9282051282051286E-03 -1.8738461538461541E-02
   6.4025641025641008E-03 -1.8494871794871789E-02
   6.0179487179487182E-03 -1.8494871794871789E-02
   5.5435897435897434E-03 -1.8494871794871789E-02
   5.0564102564102566E-03 -1.8225641025641025E-02
   4.5435897435897443E-03 -1.7917948717948717E-02
   4.0564102564102558E-03 -1.7507692307692307E-02
   3.8384615384615384E-03 -1.7174358974358976E-02
   3.7487179487179488E-03 -1.6841025641025638E-02
   3.8384615384615384E-03 -1.6546153846153842E-02
   3.7358974358974359E-03 -1.6276923076923081E-02
   3.5307692307692310E-03 -1.6007692307692310E-02
   3.1974358974358971E-03 -1.5623076923076925E-02
   2.9538461538461537E-03 -1.5302564102564106E-02
   2.7230769230769231E-03 -1.5199999999999997E-02
   2.2999999999999995E-03 -1.5007692307692307E-02
   2.0435897435897433E-03 -1.4764102564102563E-02
   1.9923076923076921E-03 -1.4738461538461539E-02
   1.8897435897435896E-03 -1.4520512820512822E-02
   1.8128205128205128E-03 -1.4251282051282052E-02
   1.7871794871794871E-03 -1.3905128205128207E-02
   1.6717948717948710E-03 -1.3584615384615382E-02
   1.5051282051282053E-03 -1.3264102564102567E-02
   1.3384615384615388E-03 -1.2969230769230769E-02
   1.2230769230769235E-03 -1.2699999999999998E-02
   9.2820512820512803E-04 -1.2494871794871795E-02
   6.9743589743589745E-04 -1.2225641025641025E-02
   6.0769230769230735E-04 -1.1982051282051280E-02
   4.7948717948717925E-04 -1.1571794871794870E-02
   4.5384615384615364E-04 -1.1187179487179488E-02
   3.7692307692307634E-04 -1.0853846153846155E-02
   2.4871794871794868E-04 -1.0533333333333334E-02
   8.2051282051281722E-05 -1.0315384615384615E-02
  -2.5128205128205176E-04 -1.0046153846153847E-02
  -7.0000000000000010E-04 -9.8538461538461540E-03
  -1.0333333333333336E-03 -9.5589743589743585E-03
  -1.3153846153846154E-03 -9.2641025641025648E-03
  -1.7000000000000001E-03 -9.0717948717948717E-03
  -1.8282051282051284E-03 -9.0461538461538461E-03
  -2.1487179487179489E-03 -8.9179487179487180E-03
  -2.4051282051282055E-03 -8.5205128205128201E-03
  -2.5205128205128208E-03 -8.4179487179487176E-03
  -2.7641025641025642E-03 -8.1871794871794870E-03
  -2.8538461538461539E-03 -7.9051282051282052E-03
  -2.5589743589743592E-03 -7.5974358974358978E-03
  -2.5205128205128208E-03 -7.3794871794871791E-03
  -2.6743589743589745E-03 -7.0461538461538461E-03
  -2.6743589743589745E-03 -6.7256410256410258E-03
  -2.7128205128205130E-03 -6.3282051282051287E-03
  -2.5717948717948720E-03 -5.9179487179487188E-03
  -2.3794871794871799E-03 -5.4692307692307696E-03
  -2.2641025641025642E-03 -5.2384615384615391E-03
  -2.5205128205128208E-03 -4.6230769230769233E-03
  -2.7128205128205130E-03 -4.3666666666666671E-03
  -2.8666666666666667E-03 -4.1358974358974357E-03
  -2.8666666666666667E-03 -3.7897435897435898E-03
  -2.7769230769230770E-03 -3.4820512820512824E-03
  -2.8410256410256410E-03 -3.2512820512820514E-03
  -2.9692307692307691E-03 -2.9820512820512820E-03
  -2.9692307692307691E-03 -2.6487179487179489E-03
  -2.8282051282051282E-03 -2.3410256410256415E-03
  -2.6102564102564105E-03 -2.0974358974358977E-03
  -2.5076923076923080E-03 -1.8666666666666669E-03
  -2.4948717948717952E-03 -1.4948717948717950E-03
  -2.4179487179487183E-03 -1.3025641025641026E-03
  -2.2641025641025642E-03 -9.5641025641025673E-04
  -2.2897435897435898E-03 -6.6153846153846167E-04
  -2.3153846153846154E-03 -4.1794871794871786E-04
  -2.3410256410256415E-03 -1.2307692307692323E-04
  -2.3923076923076927E-03  1.3333333333333296E-04
  -2.4564102564102568E-03  4.1538461538461521E-04
  -2.5333333333333336E-03  8.3846153846153836E-04
  -2.6743589743589745E-03  1.0820512820512817E-03
  -3.0076923076923076E-03  1.6205128205128197E-03
  -3.0589743589743588E-03  2.2487179487179483E-03
  -3.0461538461538464E-03  2.4282051282051276E-03
  -3.1102564102564105E-03  2.8897435897435896E-03
  -2.9820512820512820E-03  3.2487179487179492E-03
  -2.8794871794871795E-03  3.6333333333333335E-03
  -2.7128205128205130E-03  3.9153846153846140E-03
  -2.7256410256410258E-03  4.4410256410256418E-03
  -2.7769230769230770E-03  4.8641025641025654E-03
  -2.7897435897435898E-03  5.3897435897435897E-03
  -2.8794871794871795E-03  5.8384615384615372E-03
  -2.8025641025641026E-03  6.3128205128205137E-03
  -2.8538461538461539E-03  6.7102564102564082E-03
  -3.0589743589743588E-03  7.1717948717948728E-03
  -3.0461538461538464E-03  7.6974358974358972E-03
  -2.9820512820512820E-03  8.0692307692307712E-03
  -2.9307692307692307E-03  8.6717948717948707E-03
  -2.7512820512820514E-03  9.4282051282051273E-03
  -2.7512820512820514E-03  9.9538461538461569E-03
  -2.8538461538461539E-03  1.0325641025641024E-02
  -2.8538461538461539E-03  1.0864102564102564E-02
  -2.8923076923076923E-03  1.1261538461538463E-02
  -2.8923076923076923E-03  1.1697435897435897E-02
  -2.8538461538461539E-03  1.2210256410256413E-02
  -2.8025641025641026E-03  1.2492307692307690E-02
  -2.8025641025641026E-03  1.2902564102564103E-02
  -2.9564102564102563E-03  1.3402564102564104E-02
  -3.0205128205128208E-03  1.3735897435897435E-02
  -3.0205128205128208E-03  1.4248717948717947E-02
  -2.9051282051282051E-03  1.4710256410256412E-02
  -3.2256410256410258E-03  1.5107692307692310E-02
  -3.3666666666666667E-03  1.5299999999999999E-02
  -3.5076923076923080E-03  1.5530769230769232E-02
  -3.7000000000000002E-03  1.5864102564102565E-02
  -3.9307692307692307E-03  1.6158974358974357E-02
  -4.0076923076923076E-03  1.6582051282051282E-02
  -3.9435897435897435E-03  1.6941025641025641E-02
  -3.7769230769230770E-03  1.7235897435897436E-02
  -3.5076923076923080E-03  1.7505128205128204E-02
  -3.3923076923076927E-03  1.7620512820512822E-02
  -2.8794871794871795E-03  1.7928205128205126E-02
  -2.6871794871794873E-03  1.8364102564102560E-02
  -2.4820512820512824E-03  1.8787179487179489E-02
  -2.3153846153846154E-03  1.9158974358974359E-02
  -2.0717948717948720E-03  1.9697435897435896E-02
  -1.9307692307692309E-03  1.9928205128205128E-02
  -1.8410256410256410E-03  2.0441025641025640E-02
  -1.5589743589743592E-03  2.0594871794871794E-02
  -1.3282051282051284E-03  2.0748717948717948E-02
  -8.9230769230769268E-04  2.1158974358974354E-02
  -8.1538461538461582E-04  2.1351282051282051E-02
  -7.7692307692307696E-04  2.1723076923076925E-02
  -7.0000000000000010E-04  2.2223076923076922E-02
  -5.5897435897435876E-04  2.2556410256410257E-02
  -5.8461538461538481E-04  2.2851282051282056E-02
  -5.5897435897435876E-04  2.3248717948717947E-02
  -4.9487179487179471E-04  2.3517948717948715E-02
  -2.5128205128205176E-04  2.3787179487179493E-02
   1.3333333333333296E-04  2.4069230769230763E-02
   4.1538461538461521E-04  2.4184615384615381E-02
   8.7692307692307679E-04  2.4312820512820514E-02
   1.2743589743589739E-03  2.4287179487179476E-02
   1.5307692307692309E-03  2.4697435897435900E-02
   1.5948717948717933E-03  2.4902564102564109E-02
   1.9153846153846152E-03  2.5300000000000000E-02
   2.1076923076923082E-03  2.5453846153846153E-02
   2.2230769230769227E-03  2.5658974358974358E-02
   2.2487179487179483E-03  2.6030769230769229E-02
   2.3641025641025636E-03  2.6351282051282048E-02
   2.5692307692307703E-03  2.6569230769230769E-02
   2.7102564102564103E-03  2.6710256410256400E-02
   2.7871794871794872E-03  2.6876923076923069E-02
   2.8512820512820512E-03  2.7069230769230773E-02
   3.0435897435897434E-03  2.7300000000000001E-02
   3.3897435897435892E-03  2.7517948717948718E-02
   3.7102564102564103E-03  2.7594871794871793E-02
   4.3000000000000000E-03  2.7633333333333333E-02
   4.5179487179487186E-03  2.7582051282051281E-02
   4.6589743589743587E-03  2.7723076923076923E-02
   4.9153846153846149E-03  2.8017948717948715E-02
   4.6461538461538467E-03  2.8274358974358968E-02
   4.3128205128205119E-03  2.8646153846153849E-02
   4.0179487179487182E-03  2.9069230769230771E-02
   3.8769230769230769E-03  2.9517948717948717E-02
   3.9538461538461533E-03  2.9800000000000000E-02
   4.0820512820512814E-03  3.0312820512820512E-02
   4.2487179487179505E-03  3.0710256410256410E-02
   4.5692307692307699E-03  3.1120512820512820E-02
   4.8128205128205124E-03  3.1210256410256411E-02
   4.9410256410256422E-03  3.1325641025641025E-02
   5.3641025641025641E-03  3.1364102564102561E-02
   5.6589743589743596E-03  3.1376923076923073E-02
   6.0820512820512814E-03  3.1479487179487176E-02
   6.3000000000000018E-03  3.1543589743589742E-02
   6.4410256410256436E-03  3.1620512820512821E-02
   6.7358974358974338E-03  3.1992307692307688E-02
   6.9153846153846149E-03  3.2171794871794869E-02
   7.2871794871794873E-03  3.2197435897435893E-02
   7.6205128205128220E-03  3.2261538461538460E-02
   7.6846153846153870E-03  3.2594871794871791E-02
   8.0051282051282029E-03  3.3082051282051279E-02
   8.2871794871794881E-03  3.3338461538461539E-02
   8.6974358974358981E-03  3.3594871794871792E-02
   8.9666666666666662E-03  3.3684615384615382E-02
   9.2487179487179497E-03  3.3864102564102563E-02
   9.4666666666666666E-03  3.4223076923076926E-02
   9.8641025641025646E-03  3.4658974358974359E-02
   1.0184615384615384E-02  3.4876923076923076E-02
   1.0479487179487179E-02  3.5017948717948714E-02
   1.0812820512820511E-02  3.5082051282051281E-02
   1.0992307692307692E-02  3.4966666666666667E-02
   1.1197435897435897E-02  3.4966666666666667E-02
   1.1389743589743592E-02  3.5120512820512817E-02
   1.1620512820512822E-02  3.5261538461538462E-02
   1.1915384615384616E-02  3.5376923076923077E-02
   1.2043589743589741E-02  3.5517948717948722E-02
   1.2312820512820516E-02  3.6261538461538463E-02
   1.2466666666666666E-02  3.6735897435897433E-02
   1.2646153846153847E-02  3.7158974358974355E-02
   1.3005128205128206E-02  3.7633333333333338E-02
   1.3376923076923080E-02  3.8030769230769236E-02
   1.3530769230769233E-02  3.8248717948717939E-02
   1.3671794871794868E-02  3.8646153846153844E-02
   1.3671794871794868E-02  3.8966666666666663E-02
   1.3646153846153848E-02  3.9453846153846145E-02
   1.3556410256410257E-02  4.0094871794871784E-02
   1.3530769230769233E-02  4.0543589743589743E-02
   1.3569230769230769E-02  4.1094871794871785E-02
   1.3864102564102568E-02  4.1415384615384618E-02
   1.3953846153846155E-02  4.1941025641025642E-02
   1.4146153846153845E-02  4.2261538461538461E-02
   1.4376923076923077E-02  4.2812820512820524E-02
   1.4671794871794869E-02  4.3043589743589745E-02
   1.5197435897435897E-02  4.3184615384615384E-02
   1.5517948717948720E-02  4.3184615384615384E-02
   1.6017948717948718E-02  4.3402564102564108E-02
   1.6376923076923077E-02  4.3389743589743589E-02
   1.6774358974358972E-02  4.3146153846153855E-02
   1.7056410256410255E-02  4.2966666666666667E-02
   1.7364102564102566E-02  4.2774358974358967E-02
   1.7774358974358972E-02  4.3005128205128203E-02
   1.8223076923076922E-02  4.3107692307692298E-02
   1.8505128205128205E-02  4.3158974358974360E-02
   1.8902564102564100E-02  4.3235897435897432E-02
   1.9197435897435902E-02  4.3248717948717944E-02
   1.9428205128205128E-02  4.3633333333333336E-02
   1.9799999999999998E-02  4.4094871794871801E-02
   2.0133333333333333E-02  4.4210256410256402E-02
   2.0556410256410255E-02  4.4235897435897432E-02
   2.1146153846153846E-02  4.4710256410256409E-02
   2.1453846153846153E-02  4.5069230769230771E-02
   2.1825641025641027E-02  4.5441025641025652E-02
   2.1992307692307689E-02  4.6030769230769229E-02
   2.2312820512820512E-02  4.6646153846153844E-02
   2.2735897435897434E-02  4.7389743589743578E-02
   2.3094871794871793E-02  4.7658974358974371E-02
   2.3646153846153841E-02  4.7774358974358985E-02
   2.4223076923076924E-02  4.7774358974358985E-02
   2.4941025641025641E-02  4.7915384615384603E-02
   2.4248717948717951E-02  4.8133333333333334E-02
   2.4312820512820514E-02  4.8479487179487184E-02
   2.4223076923076924E-02  4.8851282051282044E-02
   2.4210256410256419E-02  4.9261538461538468E-02
   2.4146153846153848E-02  4.9723076923076918E-02
   2.4235897435897425E-02  5.0171794871794864E-02
   2.4620512820512822E-02  5.0338461538461526E-02
   2.4710256410256412E-02  5.0479487179487172E-02
   2.4774358974358975E-02  5.0953846153846162E-02
   2.4915384615384617E-02  5.1351282051282039E-02
   2.5171794871794877E-02  5.1761538461538463E-02
   2.5607692307692307E-02  5.2094871794871808E-02
   2.5966666666666662E-02  5.2364102564102559E-02
   2.6646153846153851E-02  5.2658974358974348E-02
   2.6979487179487172E-02  5.2735897435897447E-02
   2.7235897435897438E-02  5.3146153846153850E-02
   2.7556410256410258E-02  5.3556410256410260E-02
   2.7966666666666664E-02  5.3787179487179489E-02
   2.8351282051282047E-02  5.3787179487179489E-02
   2.8799999999999999E-02  5.3697435897435891E-02
   2.9197435897435897E-02  5.3594871794871789E-02
   2.9582051282051283E-02  5.3530769230769222E-02
   2.9889743589743591E-02  5.3799999999999994E-02
   3.0517948717948717E-02  5.4235897435897427E-02
   3.1017948717948718E-02  5.4517948717948732E-02
   3.1441025641025640E-02  5.4415384615384629E-02
   3.1838461538461538E-02  5.4325641025641032E-02
   3.2043589743589750E-02  5.4735897435897435E-02
   3.2223076923076924E-02  5.5094871794871797E-02
   3.2517948717948719E-02  5.5402564102564104E-02
   3.2992307692307696E-02  5.5428205128205128E-02
   3.3556410256410256E-02  5.5351282051282043E-02
   3.4005128205128202E-02  5.5248717948717947E-02
   3.4517948717948714E-02  5.5120512820512814E-02
   3.4633333333333335E-02  5.5287179487179490E-02
   3.4966666666666667E-02  5.5466666666666671E-02
   3.5287179487179486E-02  5.5492307692307702E-02
   3.5582051282051282E-02  5.5889743589743586E-02
   3.5902564102564101E-02  5.6146153846153846E-02
   3.6171794871794873E-02  5.6364102564102549E-02
   3.6556410256410259E-02  5.6364102564102549E-02
   3.6941025641025638E-02  5.6338461538461546E-02
   3.6992307692307692E-02  5.6889743589743587E-02
   3.7543589743589748E-02  5.7005128205128215E-02
   3.8043589743589748E-02  5.7197435897435901E-02
   3.8671794871794875E-02  5.7748717948717949E-02
   3.9287179487179483E-02  5.7941025641025629E-02
   3.9620512820512821E-02  5.8223076923076933E-02
   3.9992307692307695E-02  5.8556410256410250E-02
   4.0351282051282043E-02  5.8505128205128210E-02
   4.0556410256410262E-02  5.8697435897435896E-02
   4.0774358974358979E-02  5.8838461538461541E-02
   4.1094871794871785E-02  5.8928205128205131E-02
   4.1402564102564106E-02  5.9210256410256408E-02
   4.1915384615384611E-02  5.9582051282051275E-02
   4.2389743589743588E-02  5.9992307692307685E-02
   4.2889743589743595E-02  6.0094871794871794E-02
   4.3312820512820503E-02  6.0325641025641023E-02
   4.3543589743589746E-02  6.0620512820512819E-02
   4.3928205128205125E-02  6.0812820512820519E-02
   4.4312820512820504E-02  6.0928205128205133E-02
   4.4812820512820511E-02  6.1158974358974362E-02
   4.5633333333333324E-02  6.1248717948717953E-02
   4.6133333333333332E-02  6.1505128205128205E-02
   4.6748717948717940E-02  6.1748717948717939E-02
   4.7005128205128206E-02  6.1864102564102567E-02
   4.7505128205128200E-02  6.2261538461538458E-02
   4.7979487179487190E-02  6.2607692307692309E-02
   4.8312820512820508E-02  6.2812820512820514E-02
   4.8748717948717941E-02  6.3261538461538466E-02
   4.9210256410256406E-02  6.3466666666666671E-02
   4.9543589743589744E-02  6.3569230769230781E-02
   5.0017948717948721E-02  6.3723076923076938E-02
   5.0274358974358967E-02  6.3864102564102562E-02
   5.0453846153846155E-02  6.3953846153846167E-02
   5.0851282051282046E-02  6.4351282051282058E-02
   5.1017948717948708E-02  6.4556410256410263E-02
   5.1223076923076927E-02  6.4735897435897444E-02
   5.1492307692307684E-02  6.5017948717948734E-02
   5.1825641025641030E-02  6.5184615384615396E-02
   5.2364102564102559E-02  6.5235897435897444E-02
   5.2684615384615378E-02  6.5274358974358973E-02
   5.3005128205128212E-02  6.5428205128205144E-02
   5.3389743589743584E-02  6.5658974358974373E-02
   5.4030769230769222E-02  6.6005128205128216E-02
   5.4492307692307687E-02  6.6287179487179493E-02
   5.4812820512820506E-02  6.6402564102564107E-02
   5.5197435897435899E-02  6.6594871794871793E-02
   5.5428205128205128E-02  6.6825641025641036E-02
   5.5582051282051279E-02  6.6928205128205145E-02
   5.5876923076923081E-02  6.6953846153846155E-02
   5.6325641025641020E-02  6.7094871794871808E-02
   5.6658974358974351E-02  6.7158974358974360E-02
   5.7017948717948713E-02  6.7210256410256408E-02
   5.7428205128205123E-02  6.7312820512820518E-02
   5.7774358974358966E-02  6.7441025641025651E-02
   5.8133333333333329E-02  6.7825641025641023E-02
   5.8453846153846148E-02  6.8120512820512832E-02
   5.8851282051282053E-02  6.8351282051282061E-02
   5.9710256410256408E-02  6.8876923076923086E-02
   5.9992307692307685E-02  6.9146153846153843E-02
   6.0107692307692313E-02  6.9530769230769229E-02
   6.0543589743589747E-02  6.9633333333333339E-02
   6.0902564102564095E-02  6.9864102564102581E-02
   6.1351282051282048E-02  7.0184615384615387E-02
   6.2646153846153851E-02  7.0902564102564111E-02
   6.2953846153846152E-02  7.1005128205128207E-02
   6.3620512820512828E-02  7.1184615384615388E-02
   6.4261538461538467E-02  7.1261538461538473E-02
   6.4607692307692324E-02  7.1556410256410269E-02
   6.4915384615384625E-02  7.1902564102564112E-02
   6.5505128205128202E-02  7.2056410256410255E-02
   6.5735897435897445E-02  7.2043589743589750E-02
   6.6197435897435902E-02  7.2030769230769232E-02
   6.6697435897435903E-02  7.2287179487179498E-02
   6.7030769230769241E-02  7.2402564102564113E-02
   6.7376923076923084E-02  7.2569230769230775E-02
   6.7838461538461542E-02  7.2812820512820522E-02
   6.8223076923076928E-02  7.3120512820512823E-02
   6.8889743589743591E-02  7.3492307692307704E-02
   6.9389743589743591E-02  7.3864102564102571E-02
   7.0158974358974363E-02  7.4325641025641043E-02
   7.0582051282051278E-02  7.4492307692307705E-02
   7.1197435897435893E-02  7.4607692307692305E-02
   7.1633333333333341E-02  7.4594871794871800E-02
   7.1979487179487184E-02  7.4607692307692305E-02
   7.2056410256410255E-02  7.5005128205128210E-02
   7.2300000000000003E-02  7.5158974358974368E-02
   7.2671794871794870E-02  7.5325641025641030E-02
   7.3120512820512823E-02  7.5376923076923091E-02
   7.3876923076923090E-02  7.5364102564102572E-02
   7.4415384615384619E-02  7.5479487179487187E-02
   7.4902564102564115E-02  7.5556410256410272E-02
   7.5415384615384620E-02  7.5530769230769235E-02
   7.5825641025641030E-02  7.5556410256410272E-02
   7.6146153846153850E-02  7.5774358974358982E-02
   7.6376923076923078E-02  7.6082051282051283E-02
   7.6697435897435898E-02  7.6633333333333345E-02
   7.6992307692307693E-02  7.6787179487179488E-02
   7.7415384615384622E-02  7.6966666666666669E-02
   7.7864102564102575E-02  7.6953846153846164E-02
   7.8146153846153879E-02  7.6915384615384635E-02
   7.8402564102564118E-02  7.7069230769230779E-02
   7.8825641025641019E-02  7.7082051282051284E-02
   7.9338461538461552E-02  7.7005128205128212E-02
   7.9415384615384610E-02  7.6992307692307693E-02
   7.9658974358974344E-02  7.7107692307692308E-02
   7.9992307692307696E-02  7.7389743589743598E-02
   8.0235897435897471E-02  7.7800000000000008E-02
   8.0761538461538468E-02  7.8158974358974384E-02
   8.1158974358974373E-02  7.8543589743589784E-02
   8.1492307692307697E-02  7.8658974358974371E-02
   8.1966666666666674E-02  7.8941025641025647E-02
   8.2607692307692313E-02  7.9223076923076910E-02
   8.2928205128205132E-02  7.9300000000000009E-02
   8.3312820512820518E-02  7.9312820512820514E-02
   8.3787179487179494E-02  7.9184615384615423E-02
   8.4479487179487209E-02  7.8979487179487176E-02
   8.4812820512820519E-02  7.8838461538461552E-02
   8.5248717948717953E-02  7.8671794871794876E-02
   8.6056410256410268E-02  7.8505128205128213E-02
   8.6479487179487183E-02  7.8505128205128213E-02
   8.7030769230769217E-02  7.8351282051282084E-02
   8.7248717948717955E-02  7.8094871794871804E-02
   8.7658974358974351E-02  7.7697435897435912E-02
   8.7761538461538474E-02  7.7658974358974370E-02
   8.8133333333333327E-02  7.7941025641025632E-02
   8.8389743589743594E-02  7.8056410256410261E-02
   8.8774358974358966E-02  7.8017948717948704E-02
   8.9043589743589752E-02  7.8274358974358985E-02
   8.9671794871794885E-02  7.8312820512820555E-02
   9.0005128205128224E-02  7.8184615384615366E-02
   9.0338461538461548E-02  7.8376923076923066E-02
   9.0838461538461562E-02  7.8479487179487190E-02
   9.1107692307692320E-02  7.8646153846153852E-02
   9.1825641025641030E-02  7.8851282051282043E-02
   9.2428205128205140E-02  7.9005128205128214E-02
   9.2902564102564103E-02  7.9069230769230781E-02
   9.3133333333333332E-02  7.9158974358974385E-02
   9.3441025641025646E-02  7.9351282051282057E-02
   9.4133333333333347E-02  7.9389743589743628E-02
   9.4543589743589757E-02  7.9620512820512815E-02
   9.5017948717948719E-02  7.9684615384615395E-02
   9.5402564102564105E-02  7.9953846153846167E-02
   9.5851282051282058E-02  8.0069230769230754E-02
   9.6364102564102577E-02  8.0094871794871778E-02
   9.6607692307692311E-02  8.0120512820512829E-02
   0.1056974358974359      8.2287179487179493E-02
   0.1058641025641026      8.3017948717948709E-02
   0.1060948717948718      8.3428205128205118E-02
   0.1064282051282051      8.3761538461538471E-02
   0.1068000000000000      8.4017948717948723E-02
   0.1071974358974359      8.4235897435897475E-02
   0.1075820512820513      8.4453846153846157E-02
   0.1078769230769231      8.4658974358974404E-02
   0.1083512820512820      8.4787179487179495E-02
   0.1086974358974359      8.5005128205128205E-02
   0.1089153846153846      8.5133333333333325E-02
   0.1092615384615384      8.5133333333333325E-02
   0.1096717948717949      8.5017948717948724E-02
   0.1099410256410256      8.4966666666666676E-02
   0.1102358974358974      8.4928205128205134E-02
   0.1104794871794872      8.5184615384615373E-02
   0.1106846153846154      8.5402564102564110E-02
   0.1109794871794872      8.5658974358974363E-02
   0.1112487179487180      8.5787179487179469E-02
   0.1115948717948718      8.5876923076923087E-02
   0.1119153846153846      8.5838461538461544E-02
   0.1120692307692308      8.6056410256410268E-02
   0.1123897435897436      8.6300000000000016E-02
   0.1129538461538461      8.6364102564102582E-02
   0.1135179487179487      8.6325641025641039E-02
   0.1141589743589744      8.6325641025641039E-02
   0.1144538461538461      8.6274358974358978E-02
   0.1148641025641026      8.6325641025641039E-02
   0.1151846153846154      8.6697435897435907E-02
   0.1156333333333333      8.6953846153846159E-02
   0.1159666666666667      8.7056410256410241E-02
   0.1165307692307692      8.7005128205128221E-02
   0.1169666666666667      8.6915384615384617E-02
   0.1175948717948718      8.6876923076923088E-02
   0.1181205128205128      8.7261538461538446E-02
   0.1185564102564103      8.7441025641025669E-02
   0.1193641025641025      8.7415384615384617E-02
   0.1198641025641026      8.7338461538461545E-02
   0.1203641025641026      8.7248717948717955E-02
   0.1207358974358974      8.7800000000000003E-02
   0.1210179487179487      8.8184615384615389E-02
   0.1213641025641026      8.8556410256410270E-02
   0.1216974358974359      8.8761538461538475E-02
   0.1221205128205128      8.9005128205128209E-02
   0.1224923076923077      8.9235897435897438E-02
   0.1231205128205128      8.9133333333333328E-02
   0.1239025641025641      8.8979487179487171E-02
   0.1246461538461539      8.8902564102564099E-02
   0.1256076923076923      8.8723076923076946E-02
   0.1260948717948718      8.8671794871794912E-02
   0.1270179487179487      8.8582051282051294E-02
   0.1276846153846154      8.8594871794871799E-02
   0.1284794871794872      8.8646153846153861E-02
   0.1290179487179487      8.8735897435897423E-02
   0.1292102564102564      8.9043589743589752E-02
   0.1294794871794872      8.9338461538461533E-02
   0.1298000000000000      8.9646153846153848E-02
   0.1302487179487179      9.0030769230769220E-02
   0.1305051282051282      9.0094871794871800E-02
   0.1308897435897436      9.0120512820512824E-02
   0.1316461538461538      9.0017948717948701E-02
   0.1321974358974359      8.9889743589743595E-02
   0.1327230769230769      8.9774358974358967E-02
   0.1331974358974359      8.9761538461538490E-02
   0.1337871794871795      8.9915384615384619E-02
   0.1342871794871795      8.9953846153846190E-02
   0.1352871794871795      8.9851282051282053E-02
   0.1361589743589743      8.9876923076923090E-02
   0.1369025641025641      8.9979487179487172E-02
   0.1371846153846154      9.0376923076923077E-02
   0.1375692307692308      9.0441025641025657E-02
   0.1378641025641026      9.0479487179487186E-02
   0.1382230769230769      9.0748717948717958E-02
   0.1384923076923077      9.1158974358974368E-02
   0.1390051282051282      9.1133333333333344E-02
   0.1397102564102564      9.1082051282051296E-02
   0.1407487179487179      9.1171794871794887E-02
   0.1413512820512820      9.1364102564102573E-02
   0.1417230769230769      9.1748717948717959E-02
   0.1421333333333333      9.1838461538461577E-02
   0.1429923076923077      9.1928205128205140E-02
   0.1438000000000000      9.1915384615384635E-02
   0.1446333333333333      9.2017948717948730E-02
   0.1453256410256410      9.2043589743589768E-02
   0.1458897435897436      9.2120512820512840E-02
