   3.7928205128205120E-02 -3.2597435897435897E-02
   3.7902564102564103E-02 -3.2892307692307686E-02
   3.7761538461538458E-02 -3.3174358974358976E-02
   3.7774358974358969E-02 -3.3353846153846158E-02
   3.7864102564102560E-02 -3.3623076923076922E-02
   3.7915384615384622E-02 -3.4020512820512827E-02
   3.7928205128205120E-02 -3.4289743589743592E-02
   3.7902564102564103E-02 -3.4597435897435899E-02
   3.7851282051282062E-02 -3.4943589743589749E-02
   3.7684615384615386E-02 -3.5225641025641026E-02
   3.7530769230769236E-02 -3.5443589743589743E-02
   3.7389743589743583E-02 -3.5623076923076924E-02
   3.7235897435897433E-02 -3.5815384615384617E-02
   3.7543589743589748E-02 -3.6123076923076924E-02
   3.7492307692307686E-02 -3.6328205128205129E-02
   3.7389743589743583E-02 -3.6648717948717956E-02
   3.7248717948717945E-02 -3.6982051282051287E-02
   3.7171794871794880E-02 -3.7071794871794871E-02
   3.7287179487179481E-02 -3.7187179487179492E-02
   3.7197435897435897E-02 -3.7700000000000004E-02
   3.7043589743589740E-02 -3.8084615384615383E-02
   3.6902564102564102E-02 -3.8366666666666667E-02
   3.6799999999999999E-02 -3.8597435897435896E-02
   3.6594871794871794E-02 -3.8853846153846155E-02
   3.6402564102564101E-02 -3.8982051282051282E-02
   3.6133333333333337E-02 -3.9007692307692306E-02
   3.5966666666666668E-02 -3.8879487179487179E-02
   3.5902564102564101E-02 -3.8520512820512824E-02
   3.5607692307692305E-02 -3.8469230769230769E-02
   3.5312820512820517E-02 -3.8366666666666667E-02
   3.4992307692307691E-02 -3.8097435897435895E-02
   3.4761538461538462E-02 -3.8020512820512824E-02
   3.4594871794871793E-02 -3.7943589743589745E-02
   3.4325641025641028E-02 -3.7751282051282052E-02
   3.4133333333333335E-02 -3.7405128205128209E-02
   3.3889743589743587E-02 -3.7148717948717949E-02
   3.3530769230769232E-02 -3.6841025641025642E-02
   3.3325641025641027E-02 -3.6648717948717956E-02
   3.3107692307692310E-02 -3.6482051282051280E-02
   3.2812820512820508E-02 -3.6174358974358972E-02
   3.2658974358974358E-02 -3.5969230769230767E-02
   3.2633333333333334E-02 -3.5956410256410255E-02
   3.2364102564102562E-02 -3.5841025641025641E-02
   3.2107692307692309E-02 -3.5661538461538460E-02
   3.1915384615384616E-02 -3.5494871794871798E-02
   3.1787179487179483E-02 -3.5302564102564105E-02
   3.1582051282051278E-02 -3.5187179487179490E-02
   3.1441025641025640E-02 -3.4956410256410261E-02
   3.1184615384615387E-02 -3.4828205128205128E-02
   3.0953846153846151E-02 -3.4725641025641026E-02
   3.0569230769230772E-02 -3.4546153846153851E-02
   3.0223076923076922E-02 -3.4392307692307694E-02
   2.9915384615384615E-02 -3.4264102564102561E-02
   2.9761538461538457E-02 -3.4200000000000001E-02
   2.9505128205128205E-02 -3.4071794871794861E-02
   2.9223076923076921E-02 -3.3917948717948718E-02
   2.8928205128205119E-02 -3.3674358974358977E-02
   2.8710256410256402E-02 -3.3366666666666663E-02
   2.8505128205128204E-02 -3.3225641025641024E-02
   2.8325641025641023E-02 -3.3174358974358976E-02
   2.8210256410256408E-02 -3.3161538461538458E-02
   2.7838461538461538E-02 -3.3071794871794867E-02
   2.7671794871794872E-02 -3.3020512820512819E-02
   2.7428205128205128E-02 -3.2956410256410253E-02
   2.7043589743589745E-02 -3.2776923076923072E-02
   2.6633333333333332E-02 -3.2520512820512826E-02
   2.6274358974358973E-02 -3.2084615384615385E-02
   2.5992307692307690E-02 -3.1956410256410259E-02
   2.5646153846153839E-02 -3.1917948717948716E-02
   2.5325641025641023E-02 -3.2020512820512818E-02
   2.5184615384615385E-02 -3.2071794871794873E-02
   2.4953846153846149E-02 -3.2135897435897433E-02
   2.4710256410256412E-02 -3.2187179487179488E-02
   2.4453846153846156E-02 -3.2097435897435897E-02
   2.4171794871794865E-02 -3.1917948717948716E-02
   2.3876923076923073E-02 -3.1764102564102566E-02
   2.3505128205128203E-02 -3.1597435897435897E-02
   2.3171794871794871E-02 -3.1379487179487173E-02
   2.3094871794871793E-02 -3.1007692307692302E-02
   2.2902564102564107E-02 -3.0648717948717947E-02
   2.2761538461538462E-02 -3.0328205128205128E-02
   2.2517948717948717E-02 -2.9969230769230769E-02
   2.2146153846153847E-02 -2.9635897435897438E-02
   2.2120512820512819E-02 -2.9597435897435898E-02
   2.1735897435897433E-02 -2.9328205128205130E-02
   2.1594871794871785E-02 -2.9084615384615382E-02
   2.1146153846153846E-02 -2.8738461538461532E-02
   2.1158974358974354E-02 -2.8405128205128211E-02
   2.1056410256410252E-02 -2.8020512820512818E-02
   2.0812820512820511E-02 -2.7661538461538467E-02
   2.0530769230769231E-02 -2.7712820512820514E-02
   2.0107692307692302E-02 -2.7738461538461538E-02
   1.9774358974358974E-02 -2.7828205128205125E-02
   1.9223076923076923E-02 -2.7815384615384617E-02
   1.8966666666666666E-02 -2.7841025641025641E-02
   1.8710256410256410E-02 -2.7841025641025641E-02
   1.8415384615384611E-02 -2.7764102564102566E-02
   1.8005128205128205E-02 -2.7584615384615385E-02
   1.7748717948717949E-02 -2.7443589743589743E-02
   1.7364102564102566E-02 -2.7212820512820514E-02
   1.6812820512820514E-02 -2.6943589743589746E-02
   1.6210256410256408E-02 -2.6469230769230769E-02
   1.5812820512820513E-02 -2.6084615384615383E-02
   1.5364102564102566E-02 -2.5584615384615383E-02
   1.5107692307692310E-02 -2.5212820512820512E-02
   1.4697435897435900E-02 -2.5020512820512826E-02
   1.4287179487179490E-02 -2.4841025641025642E-02
   1.3864102564102568E-02 -2.4687179487179488E-02
   1.3492307692307694E-02 -2.4469230769230771E-02
   1.3069230769230769E-02 -2.4187179487179491E-02
   1.2748717948717949E-02 -2.3841025641025641E-02
   1.2466666666666666E-02 -2.3417948717948719E-02
   1.2248717948717949E-02 -2.3135897435897439E-02
   1.2171794871794876E-02 -2.2764102564102561E-02
   1.2056410256410259E-02 -2.2379487179487179E-02
   1.2069230769230768E-02 -2.2200000000000001E-02
   1.1735897435897437E-02 -2.2148717948717950E-02
   1.1441025641025643E-02 -2.2200000000000001E-02
   1.1082051282051282E-02 -2.2071794871794871E-02
   1.0876923076923081E-02 -2.2071794871794871E-02
   1.0569230769230770E-02 -2.2135897435897438E-02
   1.0248717948717951E-02 -2.1776923076923079E-02
   9.9025641025641056E-03 -2.1494871794871799E-02
   9.6846153846153887E-03 -2.1187179487179485E-02
   9.4666666666666666E-03 -2.0905128205128208E-02
   9.1333333333333318E-03 -2.0482051282051283E-02
   8.9794871794871816E-03 -2.0405128205128204E-02
   8.7358974358974373E-03 -1.9930769230769231E-02
   8.4025641025640991E-03 -1.9469230769230770E-02
   8.2230769230769198E-03 -1.9020512820512821E-02
   7.8128205128205168E-03 -1.8815384615384612E-02
   7.4794871794871803E-03 -1.8584615384615387E-02
   7.0948717948717942E-03 -1.8264102564102568E-02
   6.7743589743589749E-03 -1.8212820512820516E-02
   6.5179487179487187E-03 -1.8546153846153844E-02
   6.5692307692307699E-03 -1.8982051282051281E-02
   6.4282051282051281E-03 -1.9302564102564104E-02
   6.2102564102564112E-03 -1.9584615384615384E-02
   6.0051282051282063E-03 -1.9699999999999999E-02
   5.6846153846153834E-03 -1.9815384615384617E-02
   5.4025641025641016E-03 -1.9815384615384617E-02
   4.9538461538461542E-03 -1.9610256410256412E-02
   4.4410256410256418E-03 -1.9366666666666667E-02
   4.2358974358974368E-03 -1.9123076923076923E-02
   4.3384615384615393E-03 -1.8853846153846152E-02
   4.3897435897435905E-03 -1.8751282051282053E-02
   4.1461538461538463E-03 -1.9212820512820514E-02
   4.0307692307692301E-03 -1.9443589743589743E-02
   3.7743589743589744E-03 -1.9674358974358975E-02
   3.5307692307692310E-03 -1.9776923076923077E-02
   3.0948717948717946E-03 -1.9379487179487183E-02
   2.6846153846153847E-03 -1.9084615384615384E-02
   2.2871794871794867E-03 -1.8597435897435895E-02
   1.6717948717948710E-03 -1.8238461538461533E-02
   1.3128205128205123E-03 -1.8084615384615383E-02
   1.0948717948717954E-03 -1.7943589743589741E-02
   8.3846153846153836E-04 -1.7828205128205130E-02
   6.2051282051282059E-04 -1.7482051282051284E-02
   5.0512820512820487E-04 -1.7238461538461539E-02
   3.6410256410256353E-04 -1.6828205128205129E-02
   2.8717948717948711E-04 -1.6430769230769235E-02
   1.5897435897435901E-04 -1.6033333333333333E-02
   3.5128205128205116E-04 -1.5764102564102565E-02
   4.5384615384615364E-04 -1.5302564102564106E-02
   4.9230769230769206E-04 -1.4969230769230768E-02
   5.8205128205128173E-04 -1.4648717948717948E-02
   6.0769230769230735E-04 -1.4251282051282052E-02
   7.1025641025641026E-04 -1.3943589743589743E-02
   7.1025641025641026E-04 -1.3661538461538459E-02
   5.8205128205128173E-04 -1.3417948717948719E-02
   4.9230769230769206E-04 -1.3174358974358974E-02
   3.3846153846153835E-04 -1.2815384615384616E-02
   3.7692307692307634E-04 -1.2443589743589745E-02
   3.0769230769230049E-05 -1.2417948717948718E-02
  -3.1538461538461494E-04 -1.2353846153846154E-02
  -8.5384615384615425E-04 -1.2135897435897438E-02
  -1.1358974358974361E-03 -1.2007692307692308E-02
  -1.4179487179487183E-03 -1.1828205128205127E-02
  -1.5205128205128208E-03 -1.1815384615384615E-02
  -1.8153846153846156E-03 -1.1789743589743591E-02
  -2.0846153846153853E-03 -1.1764102564102564E-02
  -2.4692307692307696E-03 -1.1558974358974359E-02
  -2.8410256410256410E-03 -1.1161538461538461E-02
  -3.0333333333333336E-03 -1.0751282051282052E-02
  -3.2512820512820514E-03 -1.0494871794871796E-02
  -3.3666666666666667E-03 -1.0148717948717949E-02
  -3.3923076923076927E-03 -9.8410256410256403E-03
  -3.4435897435897440E-03 -9.5205128205128192E-03
  -3.4435897435897440E-03 -9.1999999999999998E-03
  -3.3282051282051282E-03 -8.9179487179487180E-03
  -3.2128205128205130E-03 -8.7641025641025643E-03
  -2.9948717948717952E-03 -8.2512820512820519E-03
  -2.8025641025641026E-03 -7.8282051282051283E-03
  -2.6358974358974361E-03 -7.3794871794871791E-03
  -2.3282051282051282E-03 -7.5076923076923072E-03
  -2.1230769230769233E-03 -7.6102564102564097E-03
  -2.0974358974358977E-03 -7.5461538461538465E-03
  -2.2000000000000001E-03 -7.1999999999999998E-03
  -2.2128205128205129E-03 -7.1999999999999998E-03
  -2.2769230769230774E-03 -7.0461538461538461E-03
  -2.3282051282051282E-03 -6.6230769230769225E-03
  -2.4179487179487183E-03 -6.3794871794871800E-03
  -2.5076923076923080E-03 -6.0205128205128204E-03
  -2.6230769230769233E-03 -5.6871794871794874E-03
  -2.8923076923076923E-03 -5.2384615384615391E-03
  -3.3282051282051282E-03 -4.9564102564102564E-03
  -3.7512820512820514E-03 -4.5974358974358986E-03
  -3.6743589743589745E-03 -3.9307692307692307E-03
  -3.6358974358974365E-03 -3.5076923076923080E-03
  -3.5205128205128208E-03 -3.1358974358974357E-03
  -3.4307692307692312E-03 -2.7641025641025642E-03
  -3.4564102564102568E-03 -2.4820512820512824E-03
  -3.4564102564102568E-03 -2.2000000000000001E-03
  -3.4179487179487184E-03 -2.0461538461538460E-03
  -3.3153846153846150E-03 -1.8410256410256410E-03
  -3.2512820512820514E-03 -1.7128205128205129E-03
  -3.1358974358974357E-03 -1.5076923076923080E-03
  -3.2641025641025642E-03 -1.2128205128205129E-03
  -3.4564102564102568E-03 -9.8205128205128235E-04
  -3.7641025641025642E-03 -5.4615384615384595E-04
  -3.5717948717948721E-03  5.6410256410256102E-05
  -3.4051282051282051E-03  2.3589743589743587E-04
  -3.3410256410256411E-03  4.0256410256410240E-04
  -3.5717948717948721E-03  6.7179487179487227E-04
  -3.6871794871794874E-03  9.4102564102564084E-04
  -3.8153846153846155E-03  1.4282051282051276E-03
  -3.7256410256410258E-03  1.9538461538461537E-03
  -3.6102564102564105E-03  2.2999999999999995E-03
  -3.7384615384615386E-03  2.9410256410256409E-03
  -3.6487179487179489E-03  3.2871794871794867E-03
  -3.8153846153846155E-03  3.4923076923076926E-03
  -3.9307692307692307E-03  3.8128205128205119E-03
  -4.0205128205128204E-03  4.4153846153846162E-03
  -3.8794871794871799E-03  4.8384615384615397E-03
  -3.8538461538461539E-03  4.9538461538461542E-03
  -3.9435897435897435E-03  5.2102564102564104E-03
  -4.0461538461538469E-03  5.5564102564102571E-03
  -3.6487179487179489E-03  5.8641025641025645E-03
  -3.5974358974358977E-03  6.2743589743589744E-03
  -3.6230769230769233E-03  6.6076923076923092E-03
  -3.6358974358974365E-03  6.8897435897435893E-03
  -3.8282051282051283E-03  7.1846153846153830E-03
  -3.8794871794871799E-03  7.4538461538461546E-03
  -3.9948717948717957E-03  7.7999999999999996E-03
  -3.9948717948717957E-03  8.1076923076923105E-03
  -3.8410256410256411E-03  8.5820512820512802E-03
  -3.7128205128205130E-03  9.1205128205128216E-03
  -3.8538461538461539E-03  9.2615384615384617E-03
  -3.9692307692307700E-03  9.5820512820512811E-03
  -3.8282051282051283E-03  9.9923076923076910E-03
  -3.7641025641025642E-03  1.0133333333333333E-02
  -3.8794871794871799E-03  1.0235897435897435E-02
  -4.0205128205128204E-03  1.0492307692307691E-02
  -4.0589743589743588E-03  1.0838461538461538E-02
  -4.0589743589743588E-03  1.0953846153846158E-02
  -4.2769230769230775E-03  1.1300000000000003E-02
  -4.2769230769230775E-03  1.1556410256410255E-02
  -4.3794871794871799E-03  1.2107692307692311E-02
  -4.3025641025641031E-03  1.2287179487179486E-02
  -4.4307692307692303E-03  1.2466666666666666E-02
  -4.5205128205128200E-03  1.2838461538461540E-02
  -4.5846153846153849E-03  1.3184615384615383E-02
  -4.5333333333333337E-03  1.3620512820512820E-02
  -4.3538461538461543E-03  1.3979487179487183E-02
  -4.1615384615384622E-03  1.4351282051282053E-02
  -3.9820512820512820E-03  1.4697435897435900E-02
  -3.7512820512820514E-03  1.4928205128205132E-02
  -3.5205128205128208E-03  1.5364102564102566E-02
  -3.1358974358974357E-03  1.5966666666666667E-02
  -2.9307692307692307E-03  1.6299999999999999E-02
  -2.8410256410256410E-03  1.6543589743589743E-02
  -3.0846153846153849E-03  1.6864102564102566E-02
  -3.3153846153846150E-03  1.7120512820512822E-02
  -3.4948717948717952E-03  1.7415384615384610E-02
  -3.7641025641025642E-03  1.7594871794871795E-02
  -4.0974358974358973E-03  1.7953846153846154E-02
  -4.2256410256410262E-03  1.8261538461538461E-02
  -4.2512820512820518E-03  1.8799999999999997E-02
  -4.2641025641025638E-03  1.9069230769230769E-02
  -4.3025641025641031E-03  1.9530769230769230E-02
  -4.2384615384615382E-03  1.9812820512820514E-02
  -3.8923076923076927E-03  2.0376923076923077E-02
  -3.7128205128205130E-03  2.0684615384615381E-02
  -3.4435897435897440E-03  2.1274358974358969E-02
  -3.3282051282051282E-03  2.1543589743589740E-02
  -3.2769230769230774E-03  2.2056410256410260E-02
  -3.1615384615384617E-03  2.2697435897435891E-02
  -3.2000000000000002E-03  2.3082051282051281E-02
  -3.0205128205128208E-03  2.3197435897435895E-02
  -2.4692307692307696E-03  2.3389743589743588E-02
  -2.1358974358974361E-03  2.3607692307692305E-02
  -1.9179487179487179E-03  2.3684615384615391E-02
  -1.6487179487179489E-03  2.3466666666666663E-02
  -1.2128205128205129E-03  2.3248717948717947E-02
  -8.5384615384615425E-04  2.3082051282051281E-02
  -6.1025641025641087E-04  2.3030769230769230E-02
  -1.4871794871794885E-04  2.3017948717948718E-02
   1.3333333333333296E-04  2.3261538461538465E-02
   4.9230769230769206E-04  2.3658974358974356E-02
   6.9743589743589745E-04  2.4056410256410254E-02
   7.3589743589743588E-04  2.4300000000000002E-02
   6.9743589743589745E-04  2.4633333333333333E-02
   5.5641025641025611E-04  2.5094871794871795E-02
   4.5384615384615364E-04  2.5556410256410256E-02
   3.3846153846153835E-04  2.5915384615384607E-02
   4.1538461538461521E-04  2.6376923076923083E-02
   6.7179487179487227E-04  2.6902564102564107E-02
   9.4102564102564084E-04  2.7146153846153848E-02
   1.1333333333333330E-03  2.7364102564102565E-02
   1.2487179487179491E-03  2.7505128205128206E-02
   1.2743589743589739E-03  2.7646153846153845E-02
   1.1717948717948723E-03  2.8082051282051282E-02
   1.2358974358974355E-03  2.8517948717948716E-02
   1.4025641025641029E-03  2.8979487179487173E-02
   1.5435897435897429E-03  2.9376923076923078E-02
   1.6461538461538454E-03  2.9800000000000000E-02
   1.7230769230769231E-03  3.0082051282051277E-02
   1.7230769230769231E-03  3.0453846153846158E-02
   1.6461538461538454E-03  3.0620512820512820E-02
   1.7358974358974359E-03  3.0979487179487182E-02
   1.8512820512820512E-03  3.1569230769230766E-02
   2.0692307692307690E-03  3.1876923076923074E-02
   2.2358974358974355E-03  3.2210256410256412E-02
   2.8384615384615384E-03  3.2569230769230767E-02
   3.1589743589743586E-03  3.2646153846153846E-02
   3.6076923076923078E-03  3.2453846153846153E-02
   3.8512820512820512E-03  3.2364102564102562E-02
   4.0435897435897438E-03  3.2582051282051286E-02
   4.3641025641025649E-03  3.2864102564102562E-02
   4.5820512820512818E-03  3.3325641025641027E-02
   4.8512820512820517E-03  3.3774358974358973E-02
   5.0179487179487173E-03  3.4056410256410256E-02
   5.1205128205128198E-03  3.4248717948717949E-02
   5.0564102564102566E-03  3.4838461538461540E-02
   5.3512820512820521E-03  3.5787179487179487E-02
   5.5692307692307690E-03  3.6492307692307692E-02
   5.9794871794871789E-03  3.7120512820512819E-02
   6.3641025641025650E-03  3.7351282051282048E-02
   6.8256410256410261E-03  3.7107692307692307E-02
   7.3128205128205129E-03  3.6812820512820511E-02
   7.8128205128205168E-03  3.7094871794871795E-02
   8.1717948717948737E-03  3.7056410256410252E-02
   8.5692307692307682E-03  3.6851282051282047E-02
   8.8897435897435911E-03  3.6723076923076921E-02
   9.2615384615384617E-03  3.6787179487179487E-02
   9.5564102564102606E-03  3.6633333333333330E-02
   9.7102564102564109E-03  3.6569230769230771E-02
   1.0005128205128208E-02  3.6556410256410259E-02
   1.0543589743589741E-02  3.6697435897435897E-02
   1.1094871794871791E-02  3.6992307692307692E-02
   1.1300000000000003E-02  3.7453846153846150E-02
   1.1556410256410255E-02  3.7953846153846164E-02
   1.1748717948717948E-02  3.8441025641025646E-02
   1.1825641025641024E-02  3.8761538461538465E-02
   1.1928205128205133E-02  3.9300000000000002E-02
   1.2223076923076927E-02  3.9684615384615381E-02
   1.2569230769230772E-02  3.9889743589743579E-02
   1.2774358974358973E-02  4.0428205128205129E-02
   1.3210256410256411E-02  4.0953846153846153E-02
   1.3671794871794868E-02  4.1505128205128201E-02
   1.3915384615384619E-02  4.2133333333333328E-02
   1.3979487179487183E-02  4.2774358974358967E-02
   1.3889743589743589E-02  4.3300000000000005E-02
   1.3876923076923077E-02  4.3812820512820511E-02
   1.4107692307692309E-02  4.4402564102564109E-02
   1.4364102564102565E-02  4.4966666666666669E-02
   1.4966666666666668E-02  4.5402564102564109E-02
   1.5171794871794873E-02  4.5710256410256410E-02
   1.5441025641025641E-02  4.5979487179487188E-02
   1.5864102564102565E-02  4.6389743589743591E-02
   1.6274358974358975E-02  4.6633333333333325E-02
   1.6633333333333326E-02  4.6838461538461544E-02
   1.6799999999999999E-02  4.7171794871794862E-02
   1.7210256410256409E-02  4.7120512820512821E-02
   1.7825641025641031E-02  4.7274358974358964E-02
   1.8171794871794870E-02  4.7389743589743578E-02
   1.8517948717948721E-02  4.7697435897435886E-02
   1.8953846153846148E-02  4.8184615384615388E-02
   1.9351282051282052E-02  4.8569230769230767E-02
   1.9646153846153844E-02  4.8812820512820515E-02
   2.0017948717948719E-02  4.9210256410256406E-02
   2.0261538461538463E-02  4.9748717948717942E-02
   2.0569230769230774E-02  5.0210256410256407E-02
   2.0966666666666665E-02  5.0710256410256400E-02
   2.1376923076923071E-02  5.1274358974358968E-02
   2.1735897435897433E-02  5.1658974358974347E-02
   2.1530769230769232E-02  5.2030769230769235E-02
   2.1453846153846153E-02  5.2556410256410245E-02
   2.1364102564102570E-02  5.3158974358974355E-02
   2.1094871794871795E-02  5.3530769230769222E-02
   2.0697435897435897E-02  5.3735897435897420E-02
   2.0325641025641026E-02  5.4069230769230765E-02
   2.0094871794871794E-02  5.4594871794871790E-02
   2.0223076923076923E-02  5.5146153846153845E-02
   2.0441025641025640E-02  5.5594871794871804E-02
   2.0799999999999999E-02  5.5966666666666672E-02
   2.1248717948717948E-02  5.6351282051282044E-02
   2.1723076923076925E-02  5.6582051282051279E-02
   2.1979487179487181E-02  5.6979487179487184E-02
   2.2274358974358976E-02  5.6876923076923082E-02
   2.2697435897435891E-02  5.6876923076923082E-02
   2.3094871794871793E-02  5.6876923076923082E-02
   2.3428205128205124E-02  5.6902564102564113E-02
   2.3864102564102565E-02  5.6710256410256406E-02
   2.4146153846153848E-02  5.6402564102564091E-02
   2.4569230769230770E-02  5.6030769230769224E-02
   2.5094871794871795E-02  5.5569230769230774E-02
   2.5620512820512819E-02  5.5184615384615374E-02
   2.6120512820512812E-02  5.4697435897435892E-02
   2.6389743589743584E-02  5.4338461538461530E-02
   2.6428205128205137E-02  5.4094871794871796E-02
   2.7133333333333325E-02  5.3838461538461536E-02
   2.7274358974358974E-02  5.3735897435897420E-02
   2.7466666666666667E-02  5.3441025641025632E-02
   2.7735897435897435E-02  5.3056410256410252E-02
   2.8043589743589743E-02  5.2941025641025652E-02
   2.8569230769230763E-02  5.3069230769230764E-02
   2.9274358974358976E-02  5.2966666666666655E-02
   2.9812820512820512E-02  5.2658974358974348E-02
   3.0248717948717953E-02  5.2248717948717945E-02
   3.0646153846153851E-02  5.1466666666666668E-02
   3.0864102564102561E-02  5.0915384615384605E-02
   3.0915384615384615E-02  5.0658974358974360E-02
   3.6915384615384614E-02  5.6415384615384617E-02
   3.7082051282051283E-02  5.6261538461538460E-02
   3.7300000000000000E-02  5.6158974358974344E-02
   3.7710256410256403E-02  5.6082051282051286E-02
   3.8107692307692308E-02  5.6082051282051286E-02
   3.8441025641025646E-02  5.6146153846153846E-02
   3.8787179487179489E-02  5.6287179487179491E-02
   3.9120512820512827E-02  5.6453846153846146E-02
   3.9376923076923073E-02  5.6594871794871791E-02
   3.9710256410256405E-02  5.6671794871794877E-02
   4.0043589743589743E-02  5.6748717948717949E-02
   4.0402564102564105E-02  5.7043589743589758E-02
   4.0658974358974365E-02  5.7171794871794884E-02
   4.0864102564102563E-02  5.7274358974358973E-02
   4.1082051282051286E-02  5.7364102564102563E-02
   4.1146153846153839E-02  5.7620512820512823E-02
   4.1171794871794870E-02  5.7941025641025629E-02
   4.1287179487179484E-02  5.8338461538461533E-02
   4.1364102564102563E-02  5.8594871794871793E-02
   4.1274358974358973E-02  5.9107692307692306E-02
   4.1453846153846147E-02  5.9287179487179494E-02
   4.1787179487179478E-02  5.9364102564102551E-02
   4.2056410256410257E-02  5.9453846153846156E-02
   4.2415384615384605E-02  5.9594871794871808E-02
   4.2671794871794864E-02  5.9633333333333337E-02
   4.2953846153846155E-02  5.9761538461538456E-02
   4.3274358974358974E-02  6.0005128205128218E-02
   4.3543589743589746E-02  6.0146153846153842E-02
   4.3966666666666668E-02  6.0133333333333323E-02
   4.4402564102564109E-02  6.0364102564102566E-02
   4.4364102564102566E-02  6.0658974358974362E-02
   4.4325641025641023E-02  6.0915384615384614E-02
   4.4312820512820504E-02  6.1094871794871795E-02
   4.4569230769230764E-02  6.1274358974358963E-02
   4.4825641025641023E-02  6.1338461538461529E-02
   4.5146153846153843E-02  6.1453846153846158E-02
   4.5274358974358976E-02  6.1556410256410253E-02
   4.5479487179487181E-02  6.1928205128205120E-02
   4.5684615384615386E-02  6.2261538461538458E-02
   4.5748717948717953E-02  6.2325641025641025E-02
   4.6235897435897434E-02  6.2415384615384616E-02
   4.6620512820512827E-02  6.2466666666666663E-02
   4.6876923076923073E-02  6.2569230769230766E-02
   4.7210256410256404E-02  6.2761538461538466E-02
   4.7492307692307681E-02  6.3043589743589756E-02
   4.7761538461538473E-02  6.3146153846153852E-02
   4.8069230769230774E-02  6.3223076923076924E-02
   4.8300000000000010E-02  6.3248717948717961E-02
   4.8633333333333341E-02  6.3364102564102576E-02
   4.8979487179487177E-02  6.3492307692307695E-02
   4.9030769230769232E-02  6.3889743589743600E-02
   4.9056410256410249E-02  6.4402564102564119E-02
   4.9235897435897423E-02  6.4889743589743587E-02
   4.9402564102564113E-02  6.5261538461538468E-02
   4.9620512820512816E-02  6.5748717948717950E-02
   5.0069230769230762E-02  6.5992307692307697E-02
   5.0299999999999997E-02  6.6274358974358988E-02
   5.0556410256410257E-02  6.6505128205128217E-02
   5.1158974358974367E-02  6.6607692307692312E-02
   5.1723076923076934E-02  6.6646153846153855E-02
   5.2184615384615385E-02  6.6761538461538456E-02
   5.2505128205128211E-02  6.7017948717948722E-02
   5.2889743589743583E-02  6.7210256410256408E-02
   5.3094871794871781E-02  6.7300000000000013E-02
   5.3569230769230765E-02  6.7543589743589760E-02
   5.3838461538461536E-02  6.7787179487179494E-02
   5.4453846153846158E-02  6.7941025641025651E-02
   5.5133333333333326E-02  6.8171794871794880E-02
   5.5607692307692309E-02  6.8235897435897433E-02
   5.5915384615384610E-02  6.8300000000000000E-02
   5.6530769230769225E-02  6.8505128205128205E-02
   5.6671794871794877E-02  6.8787179487179495E-02
   5.6723076923076925E-02  6.9300000000000000E-02
   5.6748717948717949E-02  6.9312820512820519E-02
   5.7184615384615389E-02  6.9389743589743591E-02
   5.7466666666666666E-02  6.9774358974358977E-02
   5.7966666666666659E-02  7.0312820512820520E-02
   5.8312820512820503E-02  7.0479487179487196E-02
   5.8915384615384613E-02  7.0684615384615401E-02
   5.9376923076923070E-02  7.0658974358974364E-02
   5.9530769230769227E-02  7.0915384615384630E-02
   5.9658974358974361E-02  7.1197435897435893E-02
   6.0017948717948709E-02  7.1684615384615388E-02
   6.0325641025641023E-02  7.2005128205128222E-02
   6.0812820512820519E-02  7.2287179487179498E-02
   6.1223076923076929E-02  7.2453846153846160E-02
   6.1569230769230772E-02  7.2505128205128208E-02
   6.2005128205128206E-02  7.2671794871794870E-02
   6.2325641025641025E-02  7.2748717948717956E-02
   6.3184615384615381E-02  7.3146153846153847E-02
   6.3543589743589757E-02  7.2876923076923075E-02
   6.4338461538461553E-02  7.2748717948717956E-02
   6.4928205128205130E-02  7.2671794871794870E-02
   6.5594871794871806E-02  7.2556410256410256E-02
   6.6223076923076926E-02  7.2556410256410256E-02
   6.6889743589743603E-02  7.2646153846153860E-02
   6.7274358974358975E-02  7.2607692307692318E-02
   6.7838461538461542E-02  7.2748717948717956E-02
   6.8569230769230771E-02  7.2889743589743594E-02
   6.8876923076923086E-02  7.2915384615384618E-02
   6.9415384615384629E-02  7.2966666666666666E-02
   6.9556410256410253E-02  7.3005128205128209E-02
   7.0005128205128206E-02  7.3133333333333342E-02
   7.0300000000000015E-02  7.3184615384615390E-02
   7.0825641025641026E-02  7.3312820512820509E-02
   7.1389743589743593E-02  7.3325641025641028E-02
   7.2005128205128222E-02  7.3402564102564113E-02
   7.2492307692307689E-02  7.3543589743589752E-02
   7.3094871794871799E-02  7.3723076923076919E-02
   7.3620512820512823E-02  7.3723076923076919E-02
   7.4197435897435896E-02  7.3761538461538462E-02
   7.4864102564102572E-02  7.3864102564102571E-02
   7.5723076923076935E-02  7.3876923076923090E-02
   7.6235897435897440E-02  7.4158974358974353E-02
   7.6607692307692321E-02  7.4210256410256414E-02
   7.7133333333333332E-02  7.4235897435897438E-02
   7.7876923076923107E-02  7.4402564102564100E-02
