   9.3633333333333346E-02 -5.0417948717948718E-02
   9.3569230769230780E-02 -5.0148717948717954E-02
   9.3492307692307708E-02 -4.9969230769230766E-02
   9.3492307692307708E-02 -4.9802564102564111E-02
   9.3248717948717960E-02 -4.9635897435897448E-02
   9.3082051282051312E-02 -4.9546153846153844E-02
   9.2902564102564103E-02 -4.9482051282051277E-02
   9.2735897435897427E-02 -4.9289743589743598E-02
   9.2556410256410274E-02 -4.9058974358974369E-02
   9.2389743589743598E-02 -4.8879487179487181E-02
   9.2146153846153836E-02 -4.8725641025641024E-02
   9.1928205128205140E-02 -4.8635897435897434E-02
   9.1594871794871802E-02 -4.8700000000000007E-02
   9.1479487179487201E-02 -4.8700000000000007E-02
   9.1261538461538450E-02 -4.8494871794871802E-02
   9.1069230769230791E-02 -4.8379487179487174E-02
   9.0633333333333316E-02 -4.8276923076923071E-02
   9.0043589743589753E-02 -4.8276923076923071E-02
   9.0094871794871800E-02 -4.8046153846153850E-02
   8.9697435897435909E-02 -4.7917948717948723E-02
   8.9248717948717957E-02 -4.7866666666666662E-02
   8.8556410256410270E-02 -4.7725641025641030E-02
   8.8210256410256413E-02 -4.7700000000000006E-02
   8.7941025641025627E-02 -4.7623076923076928E-02
   8.7825641025641027E-02 -4.7558974358974361E-02
   8.7364102564102569E-02 -4.7379487179487187E-02
   8.7069230769230760E-02 -4.7379487179487187E-02
   8.6723076923076931E-02 -4.7251282051282054E-02
   8.6607692307692316E-02 -4.7071794871794866E-02
   8.6466666666666678E-02 -4.6853846153846149E-02
   8.6094871794871811E-02 -4.6674358974358975E-02
   8.5928205128205135E-02 -4.6674358974358975E-02
   8.5646153846153858E-02 -4.6789743589743589E-02
   8.5556410256410281E-02 -4.6841025641025651E-02
   8.5184615384615373E-02 -4.6776923076923077E-02
   8.4800000000000000E-02 -4.6725641025641022E-02
   8.4505128205128191E-02 -4.6789743589743589E-02
   8.4235897435897475E-02 -4.6905128205128203E-02
   8.3992307692307699E-02 -4.6956410256410265E-02
   8.3620512820512818E-02 -4.6853846153846149E-02
   8.3428205128205118E-02 -4.6828205128205118E-02
   8.3017948717948709E-02 -4.6879487179487180E-02
   8.2851282051282046E-02 -4.6828205128205118E-02
   8.2389743589743575E-02 -4.6648717948717944E-02
   8.2184615384615370E-02 -4.6546153846153841E-02
   8.1953846153846183E-02 -4.6456410256410258E-02
   8.1620512820512831E-02 -4.6315384615384612E-02
   8.1312820512820544E-02 -4.6289743589743582E-02
   8.1043589743589758E-02 -4.6315384615384612E-02
   8.0953846153846168E-02 -4.6341025641025643E-02
   8.0607692307692311E-02 -4.6225641025641022E-02
   8.0428205128205171E-02 -4.6148717948717950E-02
   8.0043589743589758E-02 -4.5956410256410264E-02
   7.9530769230769238E-02 -4.5764102564102564E-02
   7.9171794871794876E-02 -4.5828205128205131E-02
   7.9043589743589757E-02 -4.5841025641025650E-02
   7.8761538461538480E-02 -4.5815384615384619E-02
   7.8261538461538466E-02 -4.5853846153846148E-02
   7.7864102564102575E-02 -4.5994871794871793E-02
   7.7646153846153851E-02 -4.6007692307692305E-02
   7.7261538461538479E-02 -4.6033333333333336E-02
   7.7043589743589755E-02 -4.5943589743589745E-02
   7.6735897435897440E-02 -4.5841025641025650E-02
   7.6402564102564116E-02 -4.5725641025641028E-02
   7.6158974358974368E-02 -4.5700000000000005E-02
   7.5787179487179501E-02 -4.5725641025641028E-02
   7.5466666666666668E-02 -4.5828205128205131E-02
   7.5223076923076920E-02 -4.5866666666666660E-02
   7.5082051282051282E-02 -4.5841025641025650E-02
   7.4158974358974353E-02 -4.5828205128205131E-02
   7.3800000000000004E-02 -4.5802564102564107E-02
   7.3402564102564113E-02 -4.5776923076923076E-02
   7.2864102564102570E-02 -4.5828205128205131E-02
   7.2351282051282051E-02 -4.5994871794871793E-02
   7.1953846153846160E-02 -4.6123076923076926E-02
   7.1684615384615388E-02 -4.6199999999999998E-02
   7.1441025641025641E-02 -4.6199999999999998E-02
   7.1261538461538473E-02 -4.5917948717948721E-02
   7.0941025641025654E-02 -4.5674358974358974E-02
   7.0979487179487183E-02 -4.5546153846153840E-02
   7.0697435897435906E-02 -4.5328205128205123E-02
   7.0338461538461544E-02 -4.5315384615384625E-02
   6.9902564102564110E-02 -4.5264102564102564E-02
   6.9505128205128205E-02 -4.5315384615384625E-02
   6.9082051282051291E-02 -4.5302564102564107E-02
   6.8582051282051290E-02 -4.5212820512820509E-02
   6.7928205128205132E-02 -4.5046153846153847E-02
   6.7633333333333337E-02 -4.4917948717948707E-02
   6.7197435897435903E-02 -4.4725641025641028E-02
   6.7030769230769241E-02 -4.4571794871794884E-02
   6.6774358974358974E-02 -4.4379487179487184E-02
   6.6415384615384626E-02 -4.4238461538461539E-02
   6.6158974358974360E-02 -4.4148717948717962E-02
   6.5979487179487178E-02 -4.3969230769230760E-02
   6.5697435897435902E-02 -4.3815384615384617E-02
   6.5274358974358973E-02 -4.3866666666666658E-02
   6.4838461538461539E-02 -4.3674358974358972E-02
   6.4620512820512829E-02 -4.3687179487179484E-02
   6.4453846153846153E-02 -4.3635897435897443E-02
   6.4235897435897443E-02 -4.3635897435897443E-02
   6.3556410256410262E-02 -4.3482051282051286E-02
   6.3248717948717961E-02 -4.3417948717948726E-02
   6.2941025641025647E-02 -4.3289743589743593E-02
   6.2530769230769237E-02 -4.2969230769230773E-02
   6.2325641025641025E-02 -4.2597435897435899E-02
   6.2094871794871796E-02 -4.2405128205128206E-02
   6.1723076923076915E-02 -4.2174358974358971E-02
   6.1300000000000000E-02 -4.2020512820512820E-02
   6.1069230769230771E-02 -4.2007692307692308E-02
   6.0658974358974362E-02 -4.1853846153846151E-02
   6.0223076923076914E-02 -4.1712820512820513E-02
   5.9902564102564108E-02 -4.1610256410256410E-02
   5.9569230769230756E-02 -4.1379487179487182E-02
   5.9223076923076934E-02 -4.1174358974358977E-02
   5.9082051282051275E-02 -4.1071794871794874E-02
   5.8735897435897438E-02 -4.0917948717948717E-02
   5.8235897435897445E-02 -4.0892307692307693E-02
   5.7851282051282052E-02 -4.0969230769230772E-02
   5.7569230769230768E-02 -4.1046153846153843E-02
   5.7299999999999990E-02 -4.1135897435897434E-02
   5.6953846153846154E-02 -4.1200000000000001E-02
   5.6723076923076925E-02 -4.1187179487179489E-02
   5.6223076923076931E-02 -4.1097435897435898E-02
   5.5582051282051279E-02 -4.1225641025641024E-02
   5.5300000000000002E-02 -4.1315384615384615E-02
   5.4953846153846166E-02 -4.1520512820512820E-02
   5.4735897435897435E-02 -4.1520512820512820E-02
   5.4338461538461530E-02 -4.1392307692307694E-02
   5.4005128205128212E-02 -4.1353846153846151E-02
   5.3735897435897420E-02 -4.1341025641025639E-02
   5.3376923076923086E-02 -4.1353846153846151E-02
   5.3056410256410252E-02 -4.1417948717948717E-02
   5.2684615384615378E-02 -4.1315384615384615E-02
   5.2479487179487173E-02 -4.1187179487179489E-02
   5.2158974358974354E-02 -4.0969230769230772E-02
   5.1902564102564108E-02 -4.0841025641025638E-02
   5.1376923076923084E-02 -4.0623076923076921E-02
   5.1082051282051268E-02 -4.0494871794871795E-02
   5.0671794871794858E-02 -4.0366666666666669E-02
   5.0235897435897424E-02 -4.0058974358974354E-02
   5.0120512820512823E-02 -3.9853846153846156E-02
   4.9979487179487192E-02 -3.9738461538461535E-02
   4.9646153846153847E-02 -3.9571794871794873E-02
   4.9184615384615382E-02 -3.9366666666666668E-02
   4.8953846153846146E-02 -3.9238461538461542E-02
   4.8697435897435887E-02 -3.9046153846153848E-02
   4.8479487179487184E-02 -3.9071794871794872E-02
   4.8312820512820508E-02 -3.9161538461538463E-02
   4.7876923076923074E-02 -3.9238461538461542E-02
   4.7684615384615374E-02 -3.9264102564102565E-02
   4.7030769230769230E-02 -3.9084615384615384E-02
   4.6684615384615373E-02 -3.8943589743589746E-02
   4.6158974358974363E-02 -3.8635897435897439E-02
   4.5441025641025652E-02 -3.8264102564102564E-02
   4.4966666666666669E-02 -3.8058974358974360E-02
   4.4594871794871795E-02 -3.7892307692307690E-02
   4.4184615384615385E-02 -3.7674358974358974E-02
   4.3761538461538470E-02 -3.7482051282051281E-02
   4.3530769230769234E-02 -3.7276923076923076E-02
   4.2992307692307698E-02 -3.6969230769230768E-02
   4.2864102564102564E-02 -3.6828205128205130E-02
   4.2594871794871793E-02 -3.6443589743589751E-02
   4.2082051282051287E-02 -3.6058974358974358E-02
   4.2094871794871785E-02 -3.6225641025641027E-02
   4.1941025641025642E-02 -3.6302564102564105E-02
   4.1761538461538468E-02 -3.6405128205128208E-02
   4.1479487179487178E-02 -3.6456410256410256E-02
   4.1056410256410256E-02 -3.6558974358974358E-02
   4.0569230769230774E-02 -3.6558974358974358E-02
   4.0017948717948712E-02 -3.6353846153846153E-02
   3.9582051282051278E-02 -3.6174358974358972E-02
   3.8928205128205121E-02 -3.5879487179487177E-02
   3.8543589743589741E-02 -3.5623076923076924E-02
   3.8223076923076922E-02 -3.5571794871794869E-02
   3.7761538461538458E-02 -3.5533333333333333E-02
   3.7158974358974355E-02 -3.5276923076923081E-02
   3.6876923076923078E-02 -3.5135897435897435E-02
   3.6723076923076921E-02 -3.4853846153846159E-02
   3.6530769230769228E-02 -3.4712820512820514E-02
   3.6133333333333337E-02 -3.4546153846153851E-02
   3.5543589743589746E-02 -3.4417948717948718E-02
   3.5261538461538462E-02 -3.4379487179487175E-02
   3.4569230769230769E-02 -3.4341025641025646E-02
   3.4543589743589745E-02 -3.4584615384615380E-02
   3.4402564102564100E-02 -3.4879487179487176E-02
   3.4184615384615383E-02 -3.5123076923076924E-02
   3.3953846153846154E-02 -3.5289743589743593E-02
   3.3761538461538461E-02 -3.5379487179487183E-02
   3.3492307692307689E-02 -3.5443589743589743E-02
   3.3210256410256413E-02 -3.5405128205128207E-02
   3.2902564102564105E-02 -3.5289743589743593E-02
   3.2543589743589743E-02 -3.5071794871794876E-02
   3.1953846153846152E-02 -3.4494871794871797E-02
   3.1800000000000002E-02 -3.4148717948717947E-02
   3.1505128205128206E-02 -3.3879487179487182E-02
   3.1223076923076923E-02 -3.3648717948717946E-02
   3.1043589743589742E-02 -3.3366666666666663E-02
   3.0928205128205127E-02 -3.3058974358974355E-02
   3.0838461538461537E-02 -3.2635897435897433E-02
   3.0799999999999994E-02 -3.2187179487179488E-02
   3.0697435897435892E-02 -3.1751282051282054E-02
   3.0684615384615387E-02 -3.1456410256410258E-02
   3.0646153846153851E-02 -3.1110256410256405E-02
   3.0543589743589748E-02 -3.1225641025641029E-02
   3.0261538461538465E-02 -3.1353846153846149E-02
   2.9902564102564103E-02 -3.1533333333333323E-02
   2.9710256410256410E-02 -3.1648717948717951E-02
   2.9261538461538464E-02 -3.1687179487179487E-02
   2.8812820512820511E-02 -3.1764102564102566E-02
   2.8556410256410251E-02 -3.1815384615384613E-02
   2.8223076923076927E-02 -3.1815384615384613E-02
   2.7825641025641026E-02 -3.1674358974358975E-02
   2.7620512820512821E-02 -3.1276923076923070E-02
   2.7133333333333325E-02 -3.0789743589743585E-02
   2.6774358974358974E-02 -3.0366666666666663E-02
   2.6530769230769240E-02 -2.9776923076923072E-02
   2.6364102564102564E-02 -2.9558974358974359E-02
   2.6415384615384618E-02 -2.9200000000000004E-02
   2.6184615384615383E-02 -2.9007692307692311E-02
   2.5543589743589744E-02 -2.8584615384615382E-02
   2.5274358974358972E-02 -2.8866666666666665E-02
   2.4902564102564109E-02 -2.9174358974358976E-02
   2.4479487179487187E-02 -2.9558974358974359E-02
   2.4248717948717951E-02 -2.9700000000000001E-02
   2.4056410256410254E-02 -2.9866666666666666E-02
   2.3851282051282046E-02 -3.0007692307692308E-02
   2.3658974358974356E-02 -3.0084615384615383E-02
   2.3517948717948715E-02 -3.0058974358974359E-02
   2.2876923076923076E-02 -2.9815384615384615E-02
   2.2684615384615379E-02 -2.9533333333333335E-02
   2.2479487179487181E-02 -2.9353846153846154E-02
   2.2171794871794871E-02 -2.9225641025641028E-02
   2.1761538461538461E-02 -2.9123076923076925E-02
   2.1415384615384621E-02 -2.8982051282051287E-02
   2.1235897435897433E-02 -2.8905128205128208E-02
   2.1005128205128201E-02 -2.8674358974358972E-02
   2.0671794871794873E-02 -2.8212820512820515E-02
   2.0274358974358975E-02 -2.7930769230769235E-02
   2.0017948717948719E-02 -2.7789743589743589E-02
   1.9825641025641026E-02 -2.7764102564102566E-02
   1.9517948717948722E-02 -2.7533333333333333E-02
   1.9133333333333336E-02 -2.7251282051282053E-02
   1.8825641025641032E-02 -2.6994871794871797E-02
   1.8428205128205127E-02 -2.6700000000000002E-02
   1.7966666666666666E-02 -2.6725641025641029E-02
   1.7594871794871795E-02 -2.6802564102564104E-02
   1.7133333333333334E-02 -2.6789743589743592E-02
   1.6761538461538463E-02 -2.6828205128205124E-02
   1.6171794871794872E-02 -2.6764102564102565E-02
   1.5825641025641029E-02 -2.6494871794871797E-02
   1.5274358974358975E-02 -2.6174358974358977E-02
   1.4864102564102566E-02 -2.5815384615384622E-02
   1.4594871794871797E-02 -2.5661538461538465E-02
   1.4774358974358975E-02 -2.5430769230769232E-02
   1.5030769230769231E-02 -2.5071794871794874E-02
   1.4992307692307692E-02 -2.4815384615384614E-02
   1.5287179487179487E-02 -2.4353846153846150E-02
   1.5441025641025641E-02 -2.3815384615384613E-02
   1.5428205128205129E-02 -2.3302564102564101E-02
   1.5223076923076924E-02 -2.3007692307692309E-02
   1.4966666666666668E-02 -2.2853846153846155E-02
   1.4748717948717951E-02 -2.2879487179487179E-02
   1.4543589743589746E-02 -2.2982051282051282E-02
   1.4325641025641026E-02 -2.3020512820512828E-02
   1.3941025641025640E-02 -2.2879487179487179E-02
   1.3441025641025643E-02 -2.2635897435897435E-02
   1.3158974358974359E-02 -2.2328205128205127E-02
   1.2876923076923076E-02 -2.2033333333333335E-02
   1.2684615384615386E-02 -2.1764102564102567E-02
   1.2120512820512823E-02 -2.1225641025641031E-02
   1.1889743589743590E-02 -2.1148717948717949E-02
   1.1594871794871793E-02 -2.1225641025641031E-02
   1.1171794871794869E-02 -2.1289743589743591E-02
   1.0928205128205127E-02 -2.1276923076923079E-02
   1.0607692307692309E-02 -2.1264102564102567E-02
   1.0223076923076920E-02 -2.1315384615384618E-02
   9.8641025641025646E-03 -2.1212820512820516E-02
   9.5179487179487179E-03 -2.0905128205128208E-02
   9.2230769230769206E-03 -2.0494871794871795E-02
   8.6461538461538468E-03 -2.0071794871794869E-02
   8.2743589743589710E-03 -1.9815384615384617E-02
   8.0435897435897439E-03 -1.9482051282051282E-02
   7.8897435897435936E-03 -1.9110256410256411E-02
   7.6717948717948733E-03 -1.8789743589743592E-02
   7.4538461538461546E-03 -1.8443589743589742E-02
   7.1846153846153830E-03 -1.8046153846153847E-02
   7.0179487179487191E-03 -1.7661538461538461E-02
   6.7743589743589749E-03 -1.7443589743589741E-02
   6.5564102564102580E-03 -1.7328205128205126E-02
   6.2487179487179505E-03 -1.7161538461538464E-02
   5.9410256410256431E-03 -1.6738461538461535E-02
   5.8384615384615372E-03 -1.6366666666666668E-02
   5.4794871794871785E-03 -1.6007692307692310E-02
   5.0435897435897430E-03 -1.5815384615384617E-02
   4.7487179487179492E-03 -1.5751282051282053E-02
   4.3384615384615393E-03 -1.5687179487179490E-02
   3.9666666666666670E-03 -1.5623076923076925E-02
   3.6333333333333335E-03 -1.5392307692307690E-02
   3.2999999999999995E-03 -1.4943589743589744E-02
   3.1333333333333330E-03 -1.4456410256410255E-02
   3.0435897435897434E-03 -1.3956410256410258E-02
   2.9153846153846144E-03 -1.3738461538461538E-02
   2.7871794871794872E-03 -1.3699999999999999E-02
   2.4282051282051276E-03 -1.3558974358974362E-02
   2.0307692307692305E-03 -1.3353846153846150E-02
   1.8512820512820512E-03 -1.3225641025641026E-02
   1.3641025641025644E-03 -1.2905128205128206E-02
   1.2358974358974355E-03 -1.2264102564102567E-02
   1.0307692307692305E-03 -1.2379487179487182E-02
   7.9999999999999993E-04 -1.2417948717948718E-02
   3.3846153846153835E-04 -1.2623076923076923E-02
   5.1282051282048637E-06 -1.2661538461538458E-02
  -3.4102564102564056E-04 -1.2610256410256411E-02
  -5.8461538461538481E-04 -1.2584615384615383E-02
  -9.0512820512820549E-04 -1.2443589743589745E-02
  -1.3025641025641026E-03 -1.2251282051282052E-02
  -1.6102564102564105E-03 -1.2058974358974359E-02
  -1.8666666666666669E-03 -1.1725641025641024E-02
  -2.0333333333333332E-03 -1.1392307692307693E-02
  -1.9948717948717947E-03 -1.0969230769230771E-02
  -1.8282051282051284E-03 -1.0558974358974359E-02
  -1.6743589743589745E-03 -1.0366666666666668E-02
  -1.3923076923076925E-03 -1.0174358974358975E-02
  -1.0717948717948720E-03 -1.0084615384615385E-02
  -7.7692307692307696E-04 -9.9179487179487172E-03
  -4.3076923076923066E-04 -9.6871794871794866E-03
  -2.2564102564102571E-04 -9.5205128205128192E-03
  -1.6153846153846166E-04 -9.1999999999999998E-03
   5.6410256410256102E-05 -8.9692307692307710E-03
   8.2051282051281722E-05 -8.5076923076923081E-03
   8.2051282051281722E-05 -8.2384615384615383E-03
   5.1282051282048637E-06 -7.9051282051282052E-03
  -3.3333333333333132E-05 -7.5205128205128209E-03
  -4.6153846153845941E-05 -7.2512820512820510E-03
  -5.8974358974359185E-05 -7.0846153846153854E-03
  -3.5384615384615381E-04 -6.7512820512820515E-03
  -5.7179487179487200E-04 -6.5589743589743593E-03
  -1.0205128205128208E-03 -6.2256410256410263E-03
  -1.2000000000000001E-03 -6.0717948717948717E-03
  -1.4948717948717950E-03 -5.7256410256410258E-03
  -1.7128205128205129E-03 -5.4564102564102560E-03
  -1.8666666666666669E-03 -5.2512820512820510E-03
  -2.0333333333333332E-03 -4.9692307692307692E-03
  -2.1230769230769233E-03 -4.7128205128205130E-03
  -2.2128205128205129E-03 -4.3538461538461543E-03
  -2.1615384615384621E-03 -4.1743589743589750E-03
  -2.1615384615384621E-03 -3.8794871794871799E-03
  -2.0205128205128204E-03 -3.0333333333333336E-03
  -2.0205128205128204E-03 -2.6102564102564105E-03
  -2.0589743589743592E-03 -2.2000000000000001E-03
  -2.1358974358974361E-03 -1.9307692307692309E-03
  -2.2641025641025642E-03 -1.5717948717948720E-03
  -2.4307692307692311E-03 -1.1743589743589745E-03
  -2.4564102564102568E-03 -8.9230769230769268E-04
  -2.4179487179487183E-03 -4.9487179487179471E-04
  -2.3282051282051282E-03 -7.6923076923075123E-06
  -2.3666666666666667E-03  5.6923076923076892E-04
  -2.3282051282051282E-03  8.6410256410256311E-04
  -2.3282051282051282E-03  1.2358974358974355E-03
  -2.5589743589743592E-03  1.5820512820512822E-03
  -2.6871794871794873E-03  1.9153846153846152E-03
  -2.7000000000000001E-03  2.1717948717948723E-03
  -2.9692307692307691E-03  2.6461538461538463E-03
  -2.9948717948717952E-03  2.9282051282051272E-03
  -2.6871794871794873E-03  3.0307692307692305E-03
  -2.5461538461538464E-03  3.2102564102564099E-03
  -2.6358974358974361E-03  4.0051282051282045E-03
  -2.6871794871794873E-03  4.4282051282051281E-03
  -2.6358974358974361E-03  4.8000000000000004E-03
  -2.7000000000000001E-03  5.0692307692307686E-03
  -2.8153846153846154E-03  5.4923076923076922E-03
  -2.7897435897435898E-03  5.6846153846153834E-03
  -2.7512820512820514E-03  5.8897435897435884E-03
  -2.7641025641025642E-03  6.1717948717948719E-03
  -2.8153846153846154E-03  6.4666666666666674E-03
  -2.8538461538461539E-03  6.7102564102564082E-03
  -2.9307692307692307E-03  6.9410256410256405E-03
  -2.9179487179487179E-03  7.3256410256410266E-03
  -2.9820512820512820E-03  7.7102564102564091E-03
  -2.8538461538461539E-03  8.0564102564102558E-03
  -2.8025641025641026E-03  8.2358974358974369E-03
  -2.5717948717948720E-03  8.7358974358974373E-03
  -2.4948717948717952E-03  9.1461538461538473E-03
  -2.4051282051282055E-03  9.4153846153846154E-03
  -2.4179487179487183E-03  9.9153846153846158E-03
  -2.5333333333333336E-03  1.0094871794871792E-02
  -2.7512820512820514E-03  1.0428205128205128E-02
  -2.9307692307692307E-03  1.0658974358974357E-02
  -2.9564102564102563E-03  1.0889743589743589E-02
  -2.9564102564102563E-03  1.1158974358974361E-02
  -2.9692307692307691E-03  1.1466666666666668E-02
  -2.7512820512820514E-03  1.2158974358974362E-02
  -3.0717948717948721E-03  1.2620512820512823E-02
  -3.3153846153846150E-03  1.2889743589743591E-02
  -3.3025641025641026E-03  1.3274358974358977E-02
  -3.1615384615384617E-03  1.3620512820512820E-02
  -3.1615384615384617E-03  1.4171794871794876E-02
  -3.2384615384615381E-03  1.4517948717948719E-02
  -3.2128205128205130E-03  1.4723076923076924E-02
  -3.1743589743589745E-03  1.5005128205128207E-02
  -3.1358974358974357E-03  1.5210256410256412E-02
  -3.1230769230769229E-03  1.5505128205128208E-02
  -3.1615384615384617E-03  1.5723076923076919E-02
  -3.0974358974358977E-03  1.6351282051282057E-02
  -2.9948717948717952E-03  1.6697435897435896E-02
  -2.5717948717948720E-03  1.7030769230769231E-02
  -2.3923076923076927E-03  1.7235897435897436E-02
  -2.3666666666666667E-03  1.7543589743589744E-02
  -2.4948717948717952E-03  1.7812820512820512E-02
  -2.7256410256410258E-03  1.8107692307692307E-02
  -2.7384615384615386E-03  1.8569230769230772E-02
  -2.6230769230769233E-03  1.8812820512820513E-02
  -2.4307692307692311E-03  1.8928205128205134E-02
  -2.2000000000000001E-03  1.9287179487179489E-02
  -2.3153846153846154E-03  1.9569230769230773E-02
  -2.0717948717948720E-03  1.9889743589743592E-02
  -1.8923076923076925E-03  2.0030769230769230E-02
  -1.6230769230769233E-03  2.0133333333333333E-02
  -1.4307692307692309E-03  2.0235897435897435E-02
  -1.2000000000000001E-03  2.0364102564102562E-02
  -8.0256410256410345E-04  2.0556410256410255E-02
  -6.7435897435897448E-04  2.0864102564102562E-02
  -5.8974358974359185E-05  2.1441025641025638E-02
   1.7948717948717673E-05  2.1864102564102563E-02
   3.0769230769230049E-05  2.2210256410256417E-02
   2.1025641025641025E-04  2.2556410256410257E-02
   3.3846153846153835E-04  2.2864102564102564E-02
   4.6666666666666645E-04  2.3223076923076923E-02
   1.1974358974358979E-03  2.3735897435897442E-02
   1.4153846153846148E-03  2.4133333333333330E-02
   1.6076923076923078E-03  2.4517948717948719E-02
   1.4923076923076917E-03  2.4941025641025641E-02
   1.3512820512820516E-03  2.5184615384615385E-02
   1.1846153846153851E-03  2.5505128205128205E-02
   1.1076923076923074E-03  2.5889743589743587E-02
   1.2358974358974355E-03  2.5928205128205126E-02
   1.5179487179487181E-03  2.5992307692307690E-02
   1.6333333333333334E-03  2.6069230769230765E-02
   1.7871794871794871E-03  2.6261538461538472E-02
   1.7358974358974359E-03  2.6569230769230769E-02
   2.0051282051282049E-03  2.6825641025641028E-02
   2.3641025641025636E-03  2.6992307692307694E-02
   2.4794871794871789E-03  2.7094871794871796E-02
   2.9666666666666665E-03  2.7428205128205128E-02
   3.1076923076923074E-03  2.7517948717948718E-02
   3.3769230769230764E-03  2.7569230769230769E-02
   3.6974358974358975E-03  2.7671794871794872E-02
   3.7102564102564103E-03  2.8133333333333330E-02
   3.6205128205128207E-03  2.8402564102564101E-02
   3.8000000000000000E-03  2.8697435897435904E-02
   4.0692307692307694E-03  2.9158974358974361E-02
   4.3000000000000000E-03  2.9364102564102566E-02
   4.8897435897435910E-03  2.9671794871794867E-02
   5.4282051282051273E-03  2.9953846153846150E-02
   5.6461538461538476E-03  3.0402564102564103E-02
   6.0051282051282063E-03  3.0915384615384615E-02
   6.2487179487179505E-03  3.1312820512820513E-02
   6.4538461538461555E-03  3.1697435897435899E-02
   6.5820512820512819E-03  3.2069230769230767E-02
   6.5692307692307699E-03  3.2325641025641026E-02
   6.6461538461538450E-03  3.2684615384615388E-02
   6.6846153846153843E-03  3.2787179487179491E-02
   6.9538461538461507E-03  3.3158974358974358E-02
   7.1717948717948728E-03  3.3351282051282051E-02
   7.6076923076923049E-03  3.3415384615384618E-02
   7.9538461538461516E-03  3.3466666666666665E-02
   8.2487179487179488E-03  3.3607692307692311E-02
   8.5692307692307682E-03  3.3876923076923075E-02
   8.8128205128205125E-03  3.4082051282051280E-02
   9.0692307692307687E-03  3.4107692307692304E-02
   9.8000000000000014E-03  3.4017948717948721E-02
   1.0300000000000002E-02  3.3915384615384618E-02
   1.0671794871794872E-02  3.3748717948717949E-02
   1.0889743589743589E-02  3.4005128205128202E-02
   1.1107692307692310E-02  3.4274358974358973E-02
   1.1197435897435897E-02  3.4658974358974359E-02
   1.1235897435897436E-02  3.5056410256410257E-02
   1.1338461538461539E-02  3.5376923076923077E-02
   1.1658974358974358E-02  3.5582051282051282E-02
   1.1851282051282056E-02  3.5646153846153848E-02
   1.1966666666666667E-02  3.6146153846153849E-02
   1.2069230769230768E-02  3.6351282051282054E-02
   1.2158974358974362E-02  3.6761538461538464E-02
   1.2287179487179486E-02  3.7107692307692307E-02
   1.2530769230769232E-02  3.7312820512820512E-02
   1.2684615384615386E-02  3.7684615384615386E-02
   1.2825641025641024E-02  3.7992307692307679E-02
   1.3056410256410257E-02  3.8107692307692308E-02
   1.3223076923076926E-02  3.8133333333333325E-02
   1.3300000000000005E-02  3.8402564102564103E-02
   1.3492307692307694E-02  3.8684615384615387E-02
   1.3966666666666671E-02  3.8876923076923080E-02
   1.4312820512820514E-02  3.8928205128205121E-02
   1.4582051282051282E-02  3.9235897435897442E-02
   1.4992307692307692E-02  3.9453846153846145E-02
   1.5197435897435897E-02  3.9517948717948718E-02
   1.5133333333333334E-02  3.9992307692307695E-02
   1.5082051282051282E-02  4.0184615384615381E-02
   1.5056410256410259E-02  4.0492307692307702E-02
   1.5107692307692310E-02  4.0941025641025641E-02
   1.5235897435897436E-02  4.1184615384615382E-02
   1.5479487179487180E-02  4.1428205128205130E-02
   1.5812820512820513E-02  4.1697435897435894E-02
   1.6133333333333333E-02  4.1902564102564099E-02
   1.6517948717948712E-02  4.2223076923076919E-02
   1.6953846153846153E-02  4.2582051282051281E-02
   1.7351282051282051E-02  4.2992307692307698E-02
   1.7723076923076921E-02  4.3210256410256401E-02
   1.8235897435897434E-02  4.3505128205128203E-02
   1.8569230769230772E-02  4.3658974358974367E-02
   1.8838461538461533E-02  4.3825641025641023E-02
   1.9620512820512824E-02  4.3992307692307699E-02
   1.9812820512820514E-02  4.4107692307692299E-02
   2.0338461538461538E-02  4.4158974358974361E-02
   2.0299999999999999E-02  4.4428205128205119E-02
   2.0210256410256412E-02  4.4684615384615385E-02
   2.0197435897435896E-02  4.4941025641025645E-02
   2.0248717948717947E-02  4.5146153846153843E-02
   2.0338461538461538E-02  4.5415384615384621E-02
   2.0351282051282050E-02  4.5710256410256410E-02
   2.0094871794871794E-02  4.6223076923076922E-02
   2.0082051282051282E-02  4.6735897435897428E-02
   2.0082051282051282E-02  4.7235897435897435E-02
   2.0120512820512821E-02  4.7441025641025640E-02
   2.0210256410256412E-02  4.7812820512820500E-02
   2.0389743589743589E-02  4.7979487179487190E-02
   2.0633333333333326E-02  4.8120512820512822E-02
   2.1005128205128201E-02  4.8312820512820508E-02
   2.1569230769230775E-02  4.8594871794871784E-02
   2.1787179487179491E-02  4.8761538461538460E-02
   2.2133333333333335E-02  4.8902564102564106E-02
   2.2607692307692308E-02  4.9017948717948720E-02
   2.2774358974358973E-02  4.8479487179487184E-02
   2.3056410256410254E-02  4.8248717948717948E-02
   2.3364102564102564E-02  4.8389743589743579E-02
   2.3812820512820514E-02  4.8402564102564112E-02
   2.4133333333333330E-02  4.8415384615384624E-02
   2.4876923076923078E-02  4.8517948717948726E-02
   2.5364102564102563E-02  4.8735897435897443E-02
   2.5684615384615382E-02  4.9017948717948720E-02
   2.5902564102564099E-02  4.9171794871794863E-02
   2.6184615384615383E-02  4.9351282051282051E-02
   2.6441025641025632E-02  4.9684615384615390E-02
   2.6684615384615386E-02  5.0146153846153847E-02
   2.6825641025641028E-02  5.0453846153846155E-02
   2.6864102564102557E-02  5.0876923076923063E-02
   2.6902564102564107E-02  5.1274358974358968E-02
   2.7030769230769233E-02  5.1582051282051275E-02
   2.7274358974358974E-02  5.1761538461538463E-02
   2.7364102564102565E-02  5.1851282051282047E-02
   2.7530769230769230E-02  5.2261538461538470E-02
   2.7812820512820514E-02  5.2710256410256416E-02
   2.8017948717948715E-02  5.2735897435897447E-02
   2.8415384615384613E-02  5.2902564102564109E-02
   2.8723076923076921E-02  5.2941025641025652E-02
   2.9338461538461535E-02  5.2979487179487181E-02
   2.9761538461538457E-02  5.2902564102564109E-02
   3.0133333333333338E-02  5.3107692307692307E-02
   3.0735897435897434E-02  5.3107692307692307E-02
   3.1364102564102561E-02  5.3376923076923086E-02
   3.1364102564102561E-02  5.3364102564102560E-02
   3.1466666666666664E-02  5.2851282051282047E-02
   3.1158974358974356E-02  5.2582051282051276E-02
   3.1223076923076923E-02  5.2197435897435911E-02
   3.1453846153846152E-02  5.2492307692307685E-02
   3.1825641025641026E-02  5.2825641025641024E-02
   3.1902564102564104E-02  5.3120512820512826E-02
   3.2171794871794869E-02  5.3453846153846157E-02
   3.2402564102564098E-02  5.3799999999999994E-02
   3.2582051282051286E-02  5.4466666666666663E-02
   3.2812820512820508E-02  5.4902564102564097E-02
   3.2902564102564105E-02  5.5415384615384602E-02
   3.3312820512820515E-02  5.5543589743589736E-02
   3.3684615384615382E-02  5.5658974358974350E-02
   3.3928205128205130E-02  5.5735897435897436E-02
   3.4428205128205130E-02  5.5658974358974350E-02
   3.4876923076923076E-02  5.5620512820512807E-02
   3.5184615384615384E-02  5.5787179487179483E-02
   3.5543589743589746E-02  5.6005128205128214E-02
   3.5876923076923070E-02  5.6146153846153846E-02
   3.6133333333333337E-02  5.6248717948717948E-02
   3.6274358974358975E-02  5.6299999999999989E-02
   3.6620512820512818E-02  5.6402564102564091E-02
   3.7056410256410252E-02  5.6966666666666672E-02
   3.7376923076923085E-02  5.7453846153846161E-02
   3.7697435897435905E-02  5.7646153846153854E-02
   3.8171794871794881E-02  5.7684615384615397E-02
   3.8582051282051284E-02  5.7684615384615397E-02
   3.8915384615384623E-02  5.7723076923076926E-02
   3.9479487179487176E-02  5.7838461538461540E-02
   4.0043589743589743E-02  5.8069230769230762E-02
   4.0479487179487190E-02  5.8312820512820503E-02
   4.0876923076923082E-02  5.8671794871794865E-02
   4.1120512820512829E-02  5.8838461538461541E-02
   4.1492307692307689E-02  5.9107692307692306E-02
   4.1723076923076925E-02  5.9248717948717951E-02
   4.1812820512820509E-02  5.9517948717948709E-02
   4.2248717948717943E-02  5.9517948717948709E-02
   4.2761538461538469E-02  5.9530769230769227E-02
   4.3146153846153855E-02  5.9530769230769227E-02
   4.3300000000000005E-02  5.9710256410256408E-02
   4.3517948717948722E-02  5.9915384615384613E-02
   4.3761538461538470E-02  6.0312820512820518E-02
   4.4043589743589746E-02  6.0633333333333324E-02
   4.4389743589743590E-02  6.0800000000000000E-02
   4.4889743589743583E-02  6.0787179487179495E-02
   4.5133333333333345E-02  6.0800000000000000E-02
   4.5235897435897447E-02  6.0915384615384614E-02
   4.5479487179487181E-02  6.1107692307692300E-02
   4.5761538461538472E-02  6.1158974358974362E-02
   4.6082051282051291E-02  6.1235897435897434E-02
   4.6582051282051284E-02  6.1479487179487168E-02
   4.6889743589743585E-02  6.1761538461538458E-02
   4.7158974358974350E-02  6.1966666666666663E-02
   4.7441025641025640E-02  6.2171794871794868E-02
   4.8197435897435907E-02  6.2607692307692309E-02
   4.8646153846153846E-02  6.2851282051282056E-02
   4.9094871794871792E-02  6.3274358974358985E-02
   4.9505128205128208E-02  6.3517948717948733E-02
   4.9774358974358987E-02  6.3594871794871791E-02
   5.0056410256410250E-02  6.3556410256410262E-02
   5.0466666666666660E-02  6.3517948717948733E-02
   5.0556410256410257E-02  6.3505128205128214E-02
   5.0941025641025636E-02  6.3748717948717962E-02
   5.0889743589743588E-02  6.4120512820512829E-02
   5.1043589743589739E-02  6.4389743589743600E-02
   5.1364102564102572E-02  6.4684615384615382E-02
   5.1582051282051275E-02  6.4774358974358986E-02
   5.1979487179487180E-02  6.5082051282051287E-02
   5.2043589743589740E-02  6.5120512820512830E-02
   5.2351282051282040E-02  6.5312820512820516E-02
   5.2543589743589747E-02  6.5338461538461540E-02
   5.3825641025641024E-02  6.5210256410256420E-02
   5.4184615384615373E-02  6.5441025641025649E-02
   5.4389743589743585E-02  6.5787179487179492E-02
   5.4658974358974363E-02  6.5941025641025650E-02
   5.4953846153846166E-02  6.6146153846153855E-02
   5.5338461538461531E-02  6.6415384615384626E-02
   5.5556410256410248E-02  6.6594871794871793E-02
   5.6005128205128214E-02  6.6928205128205145E-02
   5.6235897435897443E-02  6.7030769230769241E-02
   5.6376923076923074E-02  6.6979487179487179E-02
   5.6620512820512822E-02  6.6953846153846155E-02
   5.7184615384615389E-02  6.6799999999999998E-02
   5.7646153846153854E-02  6.7082051282051289E-02
   5.8005128205128202E-02  6.7505128205128218E-02
   5.8300000000000005E-02  6.7646153846153856E-02
   5.8594871794871793E-02  6.7723076923076928E-02
   5.8812820512820510E-02  6.8056410256410266E-02
   5.8966666666666674E-02  6.8184615384615399E-02
   5.9453846153846156E-02  6.8376923076923085E-02
   5.9569230769230756E-02  6.8428205128205133E-02
   5.9761538461538456E-02  6.8492307692307700E-02
   5.9787179487179480E-02  6.8684615384615386E-02
   5.9992307692307685E-02  6.8800000000000014E-02
   6.0479487179487181E-02  6.9043589743589762E-02
   6.0646153846153843E-02  6.9158974358974362E-02
   6.1312820512820505E-02  6.9530769230769229E-02
   6.1543589743589734E-02  6.9684615384615400E-02
   6.2069230769230772E-02  6.9902564102564110E-02
   6.2428205128205135E-02  6.9812820512820520E-02
   6.3133333333333347E-02  6.9812820512820520E-02
   6.3300000000000009E-02  6.9851282051282063E-02
   6.3864102564102562E-02  6.9838461538461544E-02
   6.4120512820512829E-02  6.9915384615384615E-02
   6.4825641025641034E-02  7.0133333333333339E-02
   6.5171794871794878E-02  7.0223076923076930E-02
   6.5864102564102578E-02  7.0287179487179496E-02
   6.6658974358974374E-02  7.0569230769230773E-02
   6.6812820512820517E-02  7.0620512820512821E-02
   6.7107692307692313E-02  7.1056410256410268E-02
   6.7402564102564108E-02  7.1825641025641027E-02
   6.7530769230769241E-02  7.2415384615384631E-02
   6.7851282051282061E-02  7.2774358974358980E-02
   6.8223076923076928E-02  7.3158974358974366E-02
   6.8556410256410266E-02  7.3633333333333342E-02
   6.9005128205128219E-02  7.4043589743589752E-02
   6.9338461538461543E-02  7.4056410256410271E-02
   6.9735897435897434E-02  7.3979487179487186E-02
   6.9979487179487182E-02  7.3953846153846148E-02
   7.0300000000000015E-02  7.3915384615384619E-02
   7.0479487179487196E-02  7.3979487179487186E-02
   7.0787179487179483E-02  7.4133333333333343E-02
   7.1017948717948726E-02  7.4479487179487186E-02
   7.1184615384615388E-02  7.4658974358974367E-02
   7.1492307692307702E-02  7.4684615384615391E-02
   7.1735897435897450E-02  7.4582051282051282E-02
   7.2184615384615389E-02  7.4517948717948729E-02
   7.2505128205128208E-02  7.4505128205128210E-02
   7.2825641025641041E-02  7.4466666666666681E-02
   7.3210256410256414E-02  7.4441025641025643E-02
   7.3466666666666680E-02  7.4505128205128210E-02
   7.3684615384615404E-02  7.4825641025641029E-02
   7.3864102564102571E-02  7.5094871794871801E-02
   7.4158974358974353E-02  7.5671794871794873E-02
   7.4428205128205138E-02  7.6017948717948730E-02
   7.4748717948717958E-02  7.6223076923076935E-02
   7.5056410256410258E-02  7.6505128205128212E-02
   7.5389743589743596E-02  7.6735897435897440E-02
   7.5723076923076935E-02  7.6825641025641031E-02
   7.5953846153846163E-02  7.6889743589743598E-02
   7.6389743589743597E-02  7.6889743589743598E-02
   7.6620512820512826E-02  7.6876923076923079E-02
   7.7556410256410274E-02  7.6876923076923079E-02
   7.7915384615384650E-02  7.6838461538461550E-02
   7.8364102564102575E-02  7.6800000000000007E-02
   7.8646153846153852E-02  7.6992307692307693E-02
   7.8941025641025647E-02  7.7261538461538479E-02
   7.9248717948717948E-02  7.7569230769230765E-02
   7.9582051282051286E-02  7.7928205128205127E-02
   7.9941025641025648E-02  7.8274358974358985E-02
   8.0364102564102577E-02  7.8582051282051271E-02
   8.0774358974358959E-02  7.8710256410256418E-02
   8.1133333333333321E-02  7.8800000000000023E-02
   8.1671794871794878E-02  7.8697435897435900E-02
   8.2133333333333336E-02  7.8569230769230766E-02
   8.2633333333333350E-02  7.8466666666666671E-02
   8.3210256410256409E-02  7.8428205128205114E-02
   8.3556410256410266E-02  7.8158974358974384E-02
   8.4082051282051304E-02  7.7620512820512827E-02
   8.4441025641025666E-02  7.7146153846153864E-02
   8.6146153846153886E-02  7.7351282051282069E-02
   8.7248717948717955E-02  7.7556410256410274E-02
   8.8158974358974365E-02  7.7774358974358970E-02
   8.8992307692307704E-02  7.8069230769230780E-02
   8.9505128205128209E-02  7.8312820512820555E-02
   8.9889743589743595E-02  7.8479487179487190E-02
   9.0300000000000005E-02  7.8633333333333347E-02
   9.0800000000000033E-02  7.8851282051282043E-02
   9.0992307692307733E-02  7.8915384615384623E-02
   9.1787179487179502E-02  7.9146153846153852E-02
   9.2158974358974369E-02  7.9261538461538453E-02
   9.2505128205128198E-02  7.9505128205128214E-02
   9.2697435897435898E-02  7.9800000000000024E-02
   9.3094871794871803E-02  7.9928205128205129E-02
   9.3812820512820513E-02  8.0056410256410249E-02
   9.4479487179487190E-02  8.0158974358974372E-02
   9.5043589743589771E-02  8.0338461538461525E-02
   9.5428205128205171E-02  8.0453846153846154E-02
   9.5966666666666672E-02  8.0505128205128187E-02
   9.6774358974358973E-02  8.0505128205128187E-02
   9.7735897435897404E-02  8.0620512820512830E-02
   9.9723076923076900E-02  8.1056410256410263E-02
   0.1008512820512821      8.1466666666666673E-02
   0.1014410256410256      8.1633333333333336E-02
   0.1018512820512820      8.1748717948717950E-02
   0.1021589743589744      8.1800000000000012E-02
   0.1022743589743590      8.2005128205128217E-02
   0.1026333333333333      8.2261538461538469E-02
   0.1030435897435897      8.2402564102564121E-02
   0.1034410256410256      8.2364102564102579E-02
   0.1038897435897436      8.2351282051282046E-02
   0.1040564102564103      8.2376923076923070E-02
   0.1042487179487180      8.2325641025641036E-02
   0.1046333333333333      8.2428205128205118E-02
   0.1050179487179487      8.2620512820512804E-02
   0.1052615384615385      8.2812820512820504E-02
   0.1058000000000000      8.2992307692307726E-02
   0.1061333333333333      8.3158974358974388E-02
   0.1065692307692308      8.3325641025641037E-02
   0.1070564102564103      8.3505128205128218E-02
   0.1074794871794872      8.3684615384615399E-02
   0.1078512820512820      8.3825641025641023E-02
   0.1083897435897436      8.3928205128205133E-02
   0.1086717948717949      8.4069230769230799E-02
   0.1090307692307692      8.4338461538461529E-02
   0.1096717948717949      8.4633333333333338E-02
   0.1100564102564103      8.4633333333333338E-02
   0.1105307692307692      8.4697435897435891E-02
   0.1110435897435898      8.4774358974358963E-02
   0.1111974358974359      8.4851282051282062E-02
   0.1114025641025641      8.5056410256410267E-02
   0.1116717948717949      8.5517948717948752E-02
   0.1119666666666667      8.6030769230769216E-02
   0.1121589743589744      8.6479487179487183E-02
   0.1123384615384615      8.6864102564102555E-02
   0.1125435897435897      8.7082051282051293E-02
   0.1128384615384615      8.7312820512820521E-02
   0.1130948717948718      8.7415384615384617E-02
   0.1136717948717949      8.7274358974358993E-02
   0.1147615384615385      8.6889743589743593E-02
   0.1149153846153846      8.6838461538461559E-02
   0.1152487179487179      8.6684615384615388E-02
   0.1155564102564103      8.6710256410256425E-02
   0.1159025641025641      8.6697435897435907E-02
   0.1164538461538462      8.6620512820512807E-02
   0.1167102564102564      8.6594871794871825E-02
   0.1171333333333333      8.6505128205128221E-02
   0.1178000000000000      8.6530769230769244E-02
   0.1182230769230769      8.6582051282051278E-02
   0.1187743589743590      8.6671794871794883E-02
   0.1192743589743590      8.6851282051282050E-02
   0.1198128205128205      8.7017948717948712E-02
   0.1200692307692308      8.6979487179487183E-02
   0.1206974358974359      8.7120512820512822E-02
   0.1214538461538461      8.7158974358974364E-02
   0.1219025641025641      8.7376923076923088E-02
   0.1224538461538462      8.7889743589743594E-02
   0.1231717948717949      8.7787179487179498E-02
   0.1238128205128205      8.7658974358974351E-02
   0.1246846153846154      8.7569230769230774E-02
