   9.6248717948717963E-02 -4.6930769230769220E-02
   9.6235897435897444E-02 -4.7148717948717951E-02
   9.6235897435897444E-02 -4.7341025641025644E-02
   9.6223076923076925E-02 -4.7571794871794873E-02
   9.6171794871794877E-02 -4.7764102564102566E-02
   9.6120512820512843E-02 -4.7956410256410266E-02
   9.5864102564102563E-02 -4.8187179487179481E-02
   9.5710256410256433E-02 -4.8366666666666669E-02
   9.5594871794871805E-02 -4.8635897435897434E-02
   9.5517948717948734E-02 -4.8802564102564110E-02
   9.5492307692307696E-02 -4.8969230769230765E-02
   9.5530769230769239E-02 -4.9161538461538472E-02
   9.5517948717948734E-02 -4.9456410256410246E-02
   9.5415384615384624E-02 -4.9776923076923080E-02
   9.5299999999999996E-02 -5.0097435897435885E-02
   9.5120512820512829E-02 -5.0494871794871790E-02
   9.5235897435897471E-02 -5.0828205128205121E-02
   9.5017948717948719E-02 -5.0994871794871797E-02
   9.4530769230769238E-02 -5.1007692307692309E-02
   9.4133333333333347E-02 -5.0828205128205121E-02
   9.3992307692307681E-02 -5.0738461538461538E-02
   9.3517948717948760E-02 -5.0482051282051292E-02
   9.3338461538461537E-02 -5.0302564102564104E-02
   9.2979487179487175E-02 -4.9994871794871783E-02
   9.3056410256410260E-02 -4.9687179487179482E-02
   9.2941025641025632E-02 -4.9161538461538472E-02
   9.2966666666666684E-02 -4.8943589743589741E-02
   9.2915384615384650E-02 -4.8533333333333331E-02
   9.2979487179487175E-02 -4.8212820512820512E-02
   9.2876923076923121E-02 -4.8071794871794866E-02
   9.2761538461538479E-02 -4.8110256410256409E-02
   9.2492307692307693E-02 -4.8315384615384614E-02
   9.2389743589743598E-02 -4.8366666666666669E-02
   9.1953846153846164E-02 -4.8379487179487174E-02
   9.1723076923076935E-02 -4.8482051282051290E-02
   9.1364102564102573E-02 -4.8815384615384608E-02
   9.0902564102564115E-02 -4.8853846153846164E-02
   9.0620512820512811E-02 -4.8943589743589741E-02
   9.0274358974358981E-02 -4.9148717948717939E-02
   8.9941025641025643E-02 -4.9238461538461543E-02
   8.9723076923076947E-02 -4.9264102564102567E-02
   8.9120512820512851E-02 -4.9110256410256410E-02
   8.8735897435897423E-02 -4.9033333333333338E-02
   8.8389743589743594E-02 -4.8866666666666662E-02
   8.8017948717948727E-02 -4.8558974358974362E-02
   8.7864102564102556E-02 -4.8315384615384614E-02
   8.7517948717948726E-02 -4.8046153846153850E-02
   8.7274358974358993E-02 -4.7828205128205133E-02
   8.7184615384615388E-02 -4.7648717948717945E-02
   8.7133333333333340E-02 -4.7379487179487187E-02
   8.6915384615384617E-02 -4.7494871794871787E-02
   8.6723076923076931E-02 -4.7597435897435890E-02
   8.6517948717948726E-02 -4.7853846153846163E-02
   8.6261538461538473E-02 -4.8161538461538471E-02
   8.6043589743589749E-02 -4.8276923076923071E-02
   8.5787179487179469E-02 -4.8289743589743597E-02
   8.5479487179487210E-02 -4.8328205128205126E-02
   8.5120512820512848E-02 -4.8276923076923071E-02
   8.5030769230769243E-02 -4.8238461538461543E-02
   8.4812820512820519E-02 -4.8392307692307700E-02
   8.4569230769230772E-02 -4.8520512820512819E-02
   8.4210256410256423E-02 -4.8802564102564110E-02
   8.3864102564102594E-02 -4.8776923076923079E-02
   8.3492307692307685E-02 -4.8700000000000007E-02
   8.3082051282051289E-02 -4.8443589743589748E-02
   8.2787179487179521E-02 -4.8148717948717952E-02
   8.2505128205128217E-02 -4.7943589743589747E-02
   8.2056410256410264E-02 -4.7866666666666662E-02
   8.1582051282051274E-02 -4.7738461538461549E-02
   8.1248717948717963E-02 -4.7610256410256402E-02
   8.0979487179487164E-02 -4.7392307692307685E-02
   8.0710256410256434E-02 -4.7276923076923084E-02
   8.0415384615384625E-02 -4.7251282051282054E-02
   7.9953846153846167E-02 -4.7366666666666668E-02
   7.9556410256410262E-02 -4.7315384615384627E-02
   7.9274358974358985E-02 -4.7289743589743582E-02
   7.8979487179487176E-02 -4.7341025641025644E-02
   7.8594871794871818E-02 -4.7341025641025644E-02
   7.8312820512820555E-02 -4.7161538461538470E-02
   7.7864102564102575E-02 -4.6969230769230777E-02
   7.7287179487179503E-02 -4.6738461538461548E-02
   7.7030769230769236E-02 -4.6700000000000005E-02
   7.6723076923076922E-02 -4.6789743589743589E-02
   7.6351282051282054E-02 -4.6597435897435889E-02
   7.5928205128205140E-02 -4.6443589743589746E-02
   7.5723076923076935E-02 -4.6405128205128203E-02
   7.5517948717948730E-02 -4.6212820512820510E-02
   7.5248717948717958E-02 -4.5994871794871793E-02
   7.4723076923076934E-02 -4.5700000000000005E-02
   7.4133333333333343E-02 -4.5623076923076926E-02
   7.3723076923076919E-02 -4.5520512820512830E-02
   7.3505128205128209E-02 -4.5392307692307697E-02
   7.3158974358974366E-02 -4.5148717948717949E-02
   7.2902564102564099E-02 -4.5148717948717949E-02
   7.2607692307692318E-02 -4.5084615384615383E-02
   7.2312820512820522E-02 -4.5084615384615383E-02
   7.1953846153846160E-02 -4.5302564102564107E-02
   7.1646153846153846E-02 -4.5392307692307697E-02
   7.1274358974358978E-02 -4.5507692307692311E-02
   7.0941025641025654E-02 -4.5533333333333342E-02
   7.0543589743589749E-02 -4.5417948717948714E-02
   7.0197435897435906E-02 -4.5276923076923069E-02
   6.9787179487179496E-02 -4.5097435897435909E-02
   6.9530769230769229E-02 -4.5161538461538468E-02
   6.9261538461538472E-02 -4.5212820512820509E-02
   6.8966666666666676E-02 -4.5161538461538468E-02
   6.8582051282051290E-02 -4.5020512820512809E-02
   6.8312820512820518E-02 -4.5110256410256407E-02
   6.8120512820512832E-02 -4.5200000000000011E-02
   6.7953846153846156E-02 -4.5161538461538468E-02
   6.7735897435897446E-02 -4.5020512820512809E-02
   6.7582051282051289E-02 -4.4879487179487192E-02
   6.7287179487179494E-02 -4.4610256410256399E-02
   6.6928205128205145E-02 -4.4366666666666665E-02
   6.6710256410256422E-02 -4.4212820512820522E-02
   6.6479487179487193E-02 -4.4315384615384625E-02
   6.6235897435897445E-02 -4.4328205128205123E-02
   6.5876923076923083E-02 -4.4174358974358979E-02
   6.5569230769230769E-02 -4.4007692307692303E-02
   6.5338461538461540E-02 -4.3853846153846146E-02
   6.4941025641025649E-02 -4.3623076923076924E-02
   6.4389743589743600E-02 -4.3507692307692310E-02
   6.3915384615384624E-02 -4.3417948717948726E-02
   6.3364102564102576E-02 -4.3392307692307695E-02
   6.3030769230769237E-02 -4.3430769230769238E-02
   6.2697435897435913E-02 -4.3430769230769238E-02
   6.2364102564102554E-02 -4.3430769230769238E-02
   6.2133333333333325E-02 -4.3264102564102562E-02
   6.1851282051282062E-02 -4.3046153846153845E-02
   6.1505128205128205E-02 -4.2994871794871804E-02
   6.1184615384615386E-02 -4.2905128205128200E-02
   6.0851282051282048E-02 -4.2764102564102568E-02
   6.0594871794871795E-02 -4.2417948717948718E-02
   6.0069230769230771E-02 -4.1892307692307694E-02
   5.9710256410256408E-02 -4.1661538461538458E-02
   5.9351282051282046E-02 -4.1533333333333332E-02
   5.9030769230769227E-02 -4.1494871794871796E-02
   5.7274358974358973E-02 -4.2405128205128206E-02
   5.6812820512820508E-02 -4.2315384615384616E-02
   5.6543589743589751E-02 -4.2187179487179483E-02
   5.6325641025641020E-02 -4.2020512820512820E-02
   5.6069230769230767E-02 -4.1879487179487182E-02
   5.5735897435897436E-02 -4.1661538461538458E-02
   5.5376923076923074E-02 -4.1533333333333332E-02
   5.4876923076923066E-02 -4.1200000000000001E-02
   5.4633333333333332E-02 -4.1033333333333331E-02
   5.4376923076923073E-02 -4.1161538461538465E-02
   5.3902564102564110E-02 -4.1148717948717946E-02
   5.3569230769230765E-02 -4.1071794871794874E-02
   5.3184615384615386E-02 -4.1007692307692307E-02
   5.2838461538461549E-02 -4.0841025641025638E-02
   5.2556410256410245E-02 -4.0623076923076921E-02
   5.2171794871794866E-02 -4.0558974358974362E-02
   5.1723076923076934E-02 -4.0456410256410259E-02
   5.1197435897435896E-02 -4.0238461538461542E-02
   5.0671794871794858E-02 -4.0058974358974354E-02
   5.0223076923076926E-02 -3.9866666666666661E-02
   4.9787179487179485E-02 -3.9623076923076928E-02
   4.9325641025641027E-02 -3.9417948717948716E-02
   4.8992307692307689E-02 -3.9251282051282053E-02
   4.8543589743589743E-02 -3.9046153846153848E-02
   4.8146153846153845E-02 -3.8866666666666667E-02
   4.8107692307692303E-02 -3.8597435897435896E-02
   4.7889743589743586E-02 -3.8866666666666667E-02
   4.7710256410256398E-02 -3.8828205128205132E-02
   4.7389743589743578E-02 -3.8764102564102565E-02
   4.7171794871794862E-02 -3.8866666666666667E-02
   4.6889743589743585E-02 -3.8815384615384613E-02
   4.6607692307692308E-02 -3.8687179487179486E-02
   4.6338461538461537E-02 -3.8558974358974360E-02
   4.6184615384615386E-02 -3.8289743589743588E-02
   4.5979487179487188E-02 -3.8276923076923076E-02
   4.5723076923076929E-02 -3.8264102564102564E-02
   4.5441025641025652E-02 -3.8135897435897438E-02
   4.5094871794871788E-02 -3.7994871794871793E-02
   4.4748717948717938E-02 -3.7802564102564107E-02
   4.4441025641025637E-02 -3.7661538461538462E-02
   4.4158974358974361E-02 -3.7533333333333335E-02
   4.3953846153846156E-02 -3.7571794871794871E-02
   4.3748717948717951E-02 -3.7623076923076926E-02
   4.3466666666666660E-02 -3.7520512820512816E-02
   4.3146153846153855E-02 -3.7443589743589745E-02
   4.2851282051282052E-02 -3.7315384615384611E-02
   4.2633333333333322E-02 -3.7123076923076925E-02
   4.2351282051282045E-02 -3.6853846153846154E-02
   4.2133333333333328E-02 -3.6623076923076925E-02
   4.1864102564102564E-02 -3.6456410256410256E-02
   4.1633333333333335E-02 -3.6264102564102563E-02
   4.1402564102564106E-02 -3.6200000000000003E-02
   4.1133333333333341E-02 -3.6058974358974358E-02
   4.0889743589743580E-02 -3.5917948717948719E-02
   4.0633333333333334E-02 -3.5725641025641026E-02
   4.0428205128205129E-02 -3.5546153846153845E-02
   4.0171794871794883E-02 -3.5289743589743593E-02
   4.0171794871794883E-02 -3.5084615384615388E-02
   4.0043589743589743E-02 -3.4879487179487176E-02
   3.9556410256410261E-02 -3.4546153846153851E-02
   3.9210256410256411E-02 -3.4264102564102561E-02
   3.8915384615384623E-02 -3.4020512820512827E-02
   3.8684615384615387E-02 -3.4097435897435899E-02
   3.8800000000000008E-02 -3.4341025641025646E-02
   3.8594871794871803E-02 -3.4456410256410254E-02
   3.8364102564102567E-02 -3.4341025641025646E-02
   3.8261538461538465E-02 -3.4417948717948718E-02
   3.8069230769230765E-02 -3.4571794871794868E-02
   3.7864102564102560E-02 -3.4853846153846159E-02
   3.7658974358974355E-02 -3.5110256410256412E-02
   3.7479487179487188E-02 -3.5353846153846152E-02
   3.7261538461538457E-02 -3.5430769230769231E-02
   3.6992307692307692E-02 -3.5482051282051286E-02
   3.6761538461538464E-02 -3.5635897435897436E-02
   3.6594871794871794E-02 -3.5764102564102562E-02
   3.6338461538461535E-02 -3.6007692307692310E-02
   3.6107692307692306E-02 -3.6033333333333334E-02
   3.5787179487179487E-02 -3.6097435897435901E-02
   3.5197435897435896E-02 -3.5841025641025641E-02
   3.5056410256410257E-02 -3.5764102564102562E-02
   3.4876923076923076E-02 -3.5533333333333333E-02
   3.4594871794871793E-02 -3.5238461538461538E-02
   3.4274358974358973E-02 -3.4853846153846159E-02
   3.4069230769230768E-02 -3.4661538461538466E-02
   3.3889743589743587E-02 -3.4328205128205135E-02
   3.3787179487179485E-02 -3.4084615384615387E-02
   3.3658974358974358E-02 -3.3828205128205127E-02
   3.3441025641025642E-02 -3.3482051282051284E-02
   3.3312820512820515E-02 -3.3212820512820512E-02
   3.3453846153846153E-02 -3.2802564102564102E-02
   3.3620512820512823E-02 -3.2443589743589740E-02
   3.3415384615384618E-02 -3.2610256410256409E-02
   3.3248717948717949E-02 -3.2802564102564102E-02
   3.3005128205128208E-02 -3.2994871794871795E-02
   3.2748717948717948E-02 -3.3200000000000000E-02
   3.2466666666666665E-02 -3.3302564102564110E-02
   3.2146153846153852E-02 -3.3392307692307686E-02
   3.1658974358974357E-02 -3.3366666666666663E-02
   3.1094871794871796E-02 -3.3200000000000000E-02
   3.0735897435897434E-02 -3.2956410256410253E-02
   3.0453846153846158E-02 -3.2853846153846150E-02
   3.0158974358974355E-02 -3.2764102564102560E-02
   2.9800000000000000E-02 -3.2725641025641024E-02
   2.9543589743589740E-02 -3.2674358974358969E-02
   2.9338461538461535E-02 -3.2533333333333331E-02
   2.9082051282051283E-02 -3.2174358974358976E-02
   2.8966666666666661E-02 -3.1969230769230771E-02
   2.8915384615384614E-02 -3.1699999999999999E-02
   2.8761538461538456E-02 -3.1443589743589746E-02
   2.8620512820512818E-02 -3.1174358974358975E-02
   2.8415384615384613E-02 -3.0789743589743585E-02
   2.8146153846153842E-02 -3.0699999999999998E-02
   2.7620512820512821E-02 -3.0482051282051281E-02
   2.7235897435897438E-02 -3.0289743589743588E-02
   2.7056410256410257E-02 -3.0302564102564100E-02
   2.6748717948717957E-02 -3.0161538461538462E-02
   2.6505128205128205E-02 -3.0046153846153844E-02
   2.6338461538461533E-02 -2.9969230769230769E-02
   2.6133333333333331E-02 -2.9956410256410257E-02
   2.5953846153846161E-02 -2.9943589743589748E-02
   2.5479487179487177E-02 -2.9764102564102564E-02
   2.5133333333333334E-02 -2.9597435897435898E-02
   2.4761538461538463E-02 -2.9276923076923079E-02
   2.4453846153846156E-02 -2.9033333333333331E-02
   2.4261538461538470E-02 -2.8841025641025642E-02
   2.4056410256410254E-02 -2.8879487179487184E-02
   2.3992307692307691E-02 -2.8956410256410259E-02
   2.3799999999999995E-02 -2.9161538461538464E-02
   2.3556410256410254E-02 -2.9276923076923079E-02
   2.3287179487179486E-02 -2.9315384615384618E-02
   2.2851282051282056E-02 -2.9212820512820516E-02
   2.2479487179487181E-02 -2.8994871794871799E-02
   2.2235897435897437E-02 -2.8943589743589737E-02
   2.1915384615384614E-02 -2.8892307692307686E-02
   2.1466666666666672E-02 -2.8879487179487184E-02
   2.1171794871794870E-02 -2.8751282051282055E-02
   2.0812820512820511E-02 -2.8328205128205126E-02
   2.0492307692307692E-02 -2.8058974358974358E-02
   2.0082051282051282E-02 -2.7623076923076924E-02
   1.9787179487179490E-02 -2.7366666666666668E-02
   1.9453846153846155E-02 -2.6994871794871797E-02
   1.9312820512820517E-02 -2.6866666666666667E-02
   1.9107692307692301E-02 -2.5969230769230776E-02
   1.9402564102564104E-02 -2.5546153846153847E-02
   1.9441025641025639E-02 -2.5123076923076922E-02
   1.9300000000000005E-02 -2.5302564102564103E-02
   1.9107692307692301E-02 -2.5507692307692304E-02
   1.8646153846153844E-02 -2.5482051282051280E-02
   1.8287179487179485E-02 -2.5507692307692304E-02
   1.7953846153846154E-02 -2.5315384615384615E-02
   1.7876923076923075E-02 -2.5046153846153846E-02
   1.7607692307692307E-02 -2.4892307692307693E-02
   1.7017948717948719E-02 -2.4776923076923078E-02
   1.6697435897435896E-02 -2.4725641025641027E-02
   1.6261538461538459E-02 -2.4610256410256413E-02
   1.5825641025641029E-02 -2.4328205128205129E-02
   1.5543589743589744E-02 -2.4571794871794873E-02
   1.5261538461538464E-02 -2.4841025641025642E-02
   1.5056410256410259E-02 -2.4982051282051283E-02
   1.4761538461538463E-02 -2.5046153846153846E-02
   1.4582051282051282E-02 -2.5046153846153846E-02
   1.4364102564102565E-02 -2.5020512820512826E-02
   1.3953846153846155E-02 -2.4776923076923078E-02
   1.3671794871794868E-02 -2.4584615384615385E-02
   1.3441025641025643E-02 -2.4315384615384617E-02
   1.3274358974358977E-02 -2.4058974358974361E-02
   1.3133333333333332E-02 -2.3853846153846156E-02
   1.3005128205128206E-02 -2.3507692307692302E-02
   1.2928205128205130E-02 -2.3264102564102565E-02
   1.3094871794871793E-02 -2.2982051282051282E-02
   1.2761538461538461E-02 -2.2879487179487179E-02
   1.2582051282051284E-02 -2.2776923076923077E-02
   1.2312820512820516E-02 -2.2815384615384612E-02
   1.2056410256410259E-02 -2.2930769230769230E-02
   1.1800000000000000E-02 -2.3084615384615381E-02
   1.1492307692307692E-02 -2.3225641025641033E-02
   1.0889743589743589E-02 -2.3084615384615381E-02
   1.0505128205128209E-02 -2.2917948717948722E-02
   1.0171794871794874E-02 -2.2751282051282053E-02
   9.9794871794871825E-03 -2.2494871794871793E-02
   9.7230769230769246E-03 -2.2238461538461533E-02
   9.4666666666666666E-03 -2.1866666666666666E-02
   9.1846153846153831E-03 -2.1610256410256410E-02
   8.9153846153846149E-03 -2.1276923076923079E-02
   8.8897435897435911E-03 -2.1007692307692311E-02
   8.7487179487179493E-03 -2.0610256410256409E-02
   8.8641025641025637E-03 -2.0148717948717948E-02
   8.8897435897435911E-03 -1.9879487179487180E-02
   8.6974358974358981E-03 -1.9289743589743589E-02
   8.6076923076923075E-03 -1.9097435897435899E-02
   8.3512820512820513E-03 -1.8853846153846152E-02
   8.0948717948717951E-03 -1.8456410256410257E-02
   7.9794871794871807E-03 -1.8200000000000001E-02
   7.8512820512820526E-03 -1.7764102564102560E-02
   7.4153846153846171E-03 -1.7430769230769232E-02
   7.3512820512820504E-03 -1.7353846153846154E-02
   6.9794871794871816E-03 -1.6866666666666669E-02
   6.7102564102564082E-03 -1.6469230769230767E-02
   6.5435897435897460E-03 -1.6174358974358979E-02
   6.3000000000000018E-03 -1.5917948717948719E-02
   6.0179487179487182E-03 -1.5789743589743593E-02
   5.7871794871794859E-03 -1.5764102564102565E-02
   5.4538461538461546E-03 -1.5738461538461541E-02
   5.2102564102564104E-03 -1.5546153846153845E-02
   4.8897435897435910E-03 -1.5302564102564106E-02
   4.3128205128205119E-03 -1.4853846153846155E-02
   4.1076923076923070E-03 -1.4674358974358970E-02
   3.7102564102564103E-03 -1.4225641025641021E-02
   3.3769230769230764E-03 -1.3905128205128207E-02
   2.9282051282051272E-03 -1.3597435897435896E-02
   2.5179487179487182E-03 -1.3507692307692309E-02
   2.0692307692307690E-03 -1.3417948717948719E-02
   1.7487179487179487E-03 -1.3148717948717947E-02
   1.8256410256410256E-03 -1.3276923076923073E-02
   1.7230769230769231E-03 -1.3558974358974362E-02
   1.5692307692307685E-03 -1.3738461538461538E-02
   1.4282051282051276E-03 -1.3687179487179487E-02
   1.1589743589743586E-03 -1.3687179487179487E-02
   1.0051282051282049E-03 -1.3687179487179487E-02
   7.2307692307692307E-04 -1.3597435897435896E-02
   4.5384615384615364E-04 -1.3469230769230770E-02
   2.6153846153846149E-04 -1.3187179487179486E-02
   2.2307692307692306E-04 -1.2738461538461537E-02
   2.3589743589743587E-04 -1.2341025641025643E-02
   2.6153846153846149E-04 -1.1917948717948717E-02
   3.1282051282051273E-04 -1.1494871794871795E-02
   2.2307692307692306E-04 -1.1238461538461539E-02
   1.7179487179487182E-04 -1.0930769230769232E-02
   1.4615384615384577E-04 -1.0725641025641027E-02
   2.1025641025641025E-04 -1.0405128205128206E-02
   2.7435897435897430E-04 -1.0135897435897436E-02
   3.8974358974358915E-04 -9.6871794871794866E-03
   4.4102564102564083E-04 -9.5461538461538448E-03
   4.2820512820512802E-04 -9.2384615384615391E-03
   2.3589743589743587E-04 -9.0076923076923086E-03
   1.3333333333333296E-04 -8.8410256410256412E-03
  -1.1025641025641042E-04 -8.6615384615384618E-03
  -4.1794871794871786E-04 -8.4051282051282056E-03
  -6.8717948717948729E-04 -8.2512820512820519E-03
  -8.9230769230769268E-04 -7.8794871794871796E-03
  -9.5641025641025673E-04 -7.4435897435897441E-03
  -1.0205128205128208E-03 -7.2256410256410254E-03
  -1.1230769230769233E-03 -6.9435897435897436E-03
  -1.2641025641025644E-03 -6.5717948717948730E-03
  -1.3923076923076925E-03 -6.2384615384615382E-03
  -1.5461538461538464E-03 -5.8923076923076924E-03
  -1.8282051282051284E-03 -5.5717948717948721E-03
  -2.0333333333333332E-03 -5.1999999999999998E-03
  -2.3410256410256415E-03 -4.7384615384615386E-03
  -2.2512820512820514E-03 -4.4179487179487175E-03
  -2.2256410256410258E-03 -3.9692307692307700E-03
  -2.3794871794871799E-03 -3.6615384615384617E-03
  -2.5974358974358977E-03 -3.2897435897435903E-03
  -2.7897435897435898E-03 -2.9820512820512820E-03
  -2.6743589743589745E-03 -2.4051282051282055E-03
  -2.5333333333333336E-03 -2.0846153846153853E-03
  -2.4564102564102568E-03 -1.5717948717948720E-03
  -2.4307692307692311E-03 -1.0717948717948720E-03
  -2.4948717948717952E-03 -5.0769230769230752E-04
  -2.4948717948717952E-03  4.3589743589743293E-05
  -2.5076923076923080E-03  3.5128205128205116E-04
  -2.4820512820512824E-03  7.6153846153846150E-04
  -2.3666666666666667E-03  1.0820512820512817E-03
  -2.4692307692307696E-03  1.5564102564102566E-03
  -2.6230769230769233E-03  2.1076923076923082E-03
  -2.5589743589743592E-03  2.5692307692307703E-03
  -2.6230769230769233E-03  3.0307692307692305E-03
  -2.7897435897435898E-03  3.4410256410256413E-03
  -2.7769230769230770E-03  3.9410256410256413E-03
  -2.7000000000000001E-03  4.5692307692307699E-03
  -2.6743589743589745E-03  5.0435897435897430E-03
  -2.7256410256410258E-03  5.6589743589743596E-03
  -2.7256410256410258E-03  6.2102564102564112E-03
  -2.9179487179487179E-03  6.6076923076923092E-03
  -3.0974358974358977E-03  6.9282051282051286E-03
  -2.9564102564102563E-03  7.4538461538461546E-03
  -2.9179487179487179E-03  8.0051282051282029E-03
  -2.9051282051282051E-03  8.4410256410256419E-03
  -2.9564102564102563E-03  8.8897435897435911E-03
  -2.7897435897435898E-03  9.5051282051282077E-03
  -2.5333333333333336E-03  1.0312820512820514E-02
  -2.3923076923076927E-03  1.0876923076923081E-02
  -2.4564102564102568E-03  1.1351282051282054E-02
  -2.6358974358974361E-03  1.2017948717948717E-02
  -2.7384615384615386E-03  1.2120512820512823E-02
  -3.0589743589743588E-03  1.2505128205128205E-02
  -3.0205128205128208E-03  1.2915384615384615E-02
  -2.8538461538461539E-03  1.3338461538461537E-02
  -2.6871794871794873E-03  1.3697435897435899E-02
  -2.7128205128205130E-03  1.3851282051282053E-02
  -2.9179487179487179E-03  1.3941025641025640E-02
  -3.1230769230769229E-03  1.4107692307692309E-02
  -3.1487179487179489E-03  1.4389743589743592E-02
  -3.0717948717948721E-03  1.4889743589743589E-02
  -3.0589743589743588E-03  1.5364102564102566E-02
  -3.0205128205128208E-03  1.5594871794871795E-02
  -3.2897435897435903E-03  1.5723076923076919E-02
  -3.4051282051282051E-03  1.5941025641025640E-02
  -3.4051282051282051E-03  1.6287179487179487E-02
  -3.3923076923076927E-03  1.6556410256410258E-02
  -3.2769230769230774E-03  1.6953846153846153E-02
  -3.1102564102564105E-03  1.7197435897435893E-02
  -2.8153846153846154E-03  1.7620512820512822E-02
  -2.5717948717948720E-03  1.7761538461538461E-02
  -2.2769230769230774E-03  1.8107692307692307E-02
  -1.9948717948717947E-03  1.8517948717948721E-02
  -1.8282051282051284E-03  1.8838461538461533E-02
  -1.5846153846153848E-03  1.9171794871794871E-02
  -1.3410256410256410E-03  1.9530769230769230E-02
  -1.2256410256410257E-03  1.9761538461538462E-02
  -1.2256410256410257E-03  1.9799999999999998E-02
  -1.2384615384615385E-03  2.0107692307692302E-02
  -1.2769230769230772E-03  2.0389743589743589E-02
  -1.0974358974358976E-03  2.0735897435897432E-02
  -7.5128205128205134E-04  2.0928205128205129E-02
  -6.4871794871794886E-04  2.1299999999999999E-02
  -5.3333333333333314E-04  2.1787179487179491E-02
  -3.5384615384615381E-04  2.2043589743589744E-02
   8.2051282051281722E-05  2.2376923076923079E-02
  -1.6153846153846166E-04  2.2582051282051284E-02
  -2.5128205128205176E-04  2.2787179487179485E-02
  -2.3846153846153852E-04  2.2979487179487178E-02
  -1.4871794871794885E-04  2.3389743589743588E-02
   8.2051282051281722E-05  2.3658974358974356E-02
   2.4871794871794868E-04  2.3966666666666660E-02
   3.6410256410256353E-04  2.4210256410256419E-02
   7.9999999999999993E-04  2.4364102564102565E-02
   1.0692307692307698E-03  2.4838461538461538E-02
   1.1333333333333330E-03  2.5235897435897436E-02
   1.4410256410256404E-03  2.5735897435897433E-02
   1.6076923076923078E-03  2.6030769230769229E-02
   1.7615384615384615E-03  2.6120512820512812E-02
   2.0820512820512818E-03  2.6287179487179482E-02
   2.2230769230769227E-03  2.6351282051282048E-02
   3.0435897435897434E-03  2.6748717948717957E-02
   3.1076923076923074E-03  2.6761538461538455E-02
   3.4153846153846148E-03  2.6941025641025643E-02
   3.7743589743589744E-03  2.7287179487179489E-02
   3.8512820512820512E-03  2.7479487179487179E-02
   3.9410256410256413E-03  2.7825641025641026E-02
   4.1205128205128207E-03  2.8235897435897432E-02
   4.1589743589743582E-03  2.8479487179487173E-02
   4.3000000000000000E-03  2.8825641025641023E-02
   4.4794871794871793E-03  2.9325641025641024E-02
   4.6205128205128211E-03  2.9364102564102566E-02
   5.1461538461538454E-03  2.9505128205128205E-02
   5.6205128205128203E-03  2.9851282051282048E-02
   5.8897435897435884E-03  3.0351282051282055E-02
   6.0051282051282063E-03  3.0594871794871789E-02
   6.1205128205128207E-03  3.0928205128205127E-02
   6.3384615384615376E-03  3.1094871794871796E-02
   6.4923076923076948E-03  3.1235897435897435E-02
   6.3641025641025650E-03  3.1569230769230766E-02
   6.1589743589743600E-03  3.1787179487179483E-02
   6.1461538461538481E-03  3.2158974358974357E-02
   5.9794871794871789E-03  3.2569230769230767E-02
   5.9923076923076943E-03  3.2889743589743593E-02
   6.0307692307692302E-03  3.3158974358974358E-02
   6.0820512820512814E-03  3.3492307692307689E-02
   6.2102564102564112E-03  3.3799999999999997E-02
   6.4666666666666674E-03  3.3838461538461539E-02
   6.7358974358974338E-03  3.3953846153846154E-02
   7.2871794871794873E-03  3.4107692307692304E-02
   7.3384615384615385E-03  3.4261538461538461E-02
   7.6076923076923049E-03  3.4453846153846154E-02
   8.1589743589743635E-03  3.4915384615384612E-02
   8.4282051282051264E-03  3.4953846153846155E-02
   8.6333333333333366E-03  3.5043589743589745E-02
   8.9410256410256423E-03  3.5146153846153848E-02
   9.2487179487179497E-03  3.5056410256410257E-02
   9.3128205128205129E-03  3.4953846153846155E-02
   9.0820512820512806E-03  3.4453846153846154E-02
   9.3897435897435915E-03  3.4671794871794871E-02
   9.4923076923076940E-03  3.4658974358974359E-02
   9.9923076923076910E-03  3.5005128205128209E-02
   1.0248717948717951E-02  3.5274358974358974E-02
   1.0543589743589741E-02  3.5338461538461534E-02
   1.0787179487179487E-02  3.5466666666666660E-02
   1.1184615384615385E-02  3.5697435897435896E-02
   1.1402564102564102E-02  3.5902564102564101E-02
   1.1530769230769232E-02  3.6171794871794873E-02
   1.1594871794871793E-02  3.6582051282051282E-02
   1.1710256410256409E-02  3.7030769230769228E-02
   1.1915384615384616E-02  3.7312820512820512E-02
   1.2184615384615384E-02  3.7543589743589748E-02
   1.2441025641025638E-02  3.7658974358974355E-02
   1.2594871794871792E-02  3.7723076923076922E-02
   1.2723076923076922E-02  3.8171794871794881E-02
   1.2812820512820513E-02  3.8710256410256404E-02
   1.3017948717948718E-02  3.8928205128205121E-02
   1.3274358974358977E-02  3.9287179487179483E-02
   1.3915384615384619E-02  3.9543589743589742E-02
   1.4184615384615388E-02  3.9620512820512821E-02
   1.4864102564102566E-02  3.9876923076923067E-02
   1.5261538461538464E-02  3.9915384615384623E-02
   1.5902564102564101E-02  4.0056410256410255E-02
   1.6120512820512821E-02  4.0517948717948706E-02
   1.6197435897435893E-02  4.0864102564102563E-02
   1.6146153846153845E-02  4.1197435897435887E-02
   1.6351282051282057E-02  4.1723076923076925E-02
   1.6479487179487180E-02  4.1979487179487185E-02
   1.6761538461538463E-02  4.2325641025641021E-02
   1.7146153846153842E-02  4.2748717948717950E-02
   1.7325641025641027E-02  4.2876923076923069E-02
   1.7825641025641031E-02  4.3235897435897432E-02
   1.8146153846153843E-02  4.3556410256410265E-02
   1.8415384615384611E-02  4.3710256410256408E-02
   1.8838461538461533E-02  4.3889743589743596E-02
   1.9261538461538462E-02  4.4082051282051289E-02
   1.9594871794871793E-02  4.4184615384615385E-02
   2.0248717948717947E-02  4.4543589743589740E-02
   2.0402564102564101E-02  4.4902564102564102E-02
   2.0492307692307692E-02  4.4851282051282040E-02
   2.0864102564102562E-02  4.4992307692307686E-02
   2.1146153846153846E-02  4.5415384615384621E-02
   2.1441025641025638E-02  4.5761538461538472E-02
   2.1851282051282044E-02  4.6158974358974363E-02
   2.2338461538461540E-02  4.6248717948717946E-02
   2.2543589743589745E-02  4.6325641025641025E-02
   2.2966666666666666E-02  4.6838461538461544E-02
   2.3107692307692305E-02  4.7492307692307681E-02
   2.3223076923076923E-02  4.7466666666666664E-02
   2.3389743589743588E-02  4.7492307692307681E-02
   2.3325641025641022E-02  4.7953846153846146E-02
   2.2710256410256410E-02  4.8376923076923081E-02
   2.2543589743589745E-02  4.8838461538461532E-02
   2.2479487179487181E-02  4.9428205128205123E-02
   2.2338461538461540E-02  5.0133333333333321E-02
   2.2338461538461540E-02  5.0351282051282052E-02
   2.2530769230769233E-02  5.0825641025641029E-02
   2.2800000000000001E-02  5.1453846153846142E-02
   2.3043589743589742E-02  5.1735897435897432E-02
   2.3684615384615391E-02  5.1966666666666654E-02
   2.4120512820512814E-02  5.2094871794871808E-02
   2.4710256410256412E-02  5.2210256410256409E-02
   2.5287179487179488E-02  5.1992307692307692E-02
   2.5928205128205126E-02  5.1556410256410244E-02
   2.6274358974358973E-02  5.1223076923076927E-02
   2.6582051282051287E-02  5.0966666666666667E-02
   2.6876923076923069E-02  5.1107692307692305E-02
   2.7133333333333325E-02  5.1325641025641029E-02
   2.7389743589743585E-02  5.1505128205128203E-02
   2.7646153846153845E-02  5.1569230769230770E-02
   2.7889743589743589E-02  5.1735897435897432E-02
   2.8171794871794865E-02  5.1992307692307692E-02
   2.8402564102564101E-02  5.2030769230769235E-02
   2.8620512820512818E-02  5.2017948717948709E-02
   2.8992307692307685E-02  5.2184615384615385E-02
   2.9261538461538464E-02  5.2235897435897440E-02
   2.9569230769230764E-02  5.2210256410256409E-02
   2.9851282051282048E-02  5.2351282051282040E-02
   3.0210256410256410E-02  5.2543589743589747E-02
   3.0774358974358977E-02  5.2441025641025645E-02
   3.1082051282051285E-02  5.2748717948717945E-02
   3.1582051282051278E-02  5.3184615384615386E-02
   3.2620512820512822E-02  5.3979487179487168E-02
   3.2966666666666665E-02  5.4184615384615373E-02
   3.3466666666666665E-02  5.4671794871794861E-02
   3.3825641025641028E-02  5.5005128205128200E-02
   3.4005128205128202E-02  5.5069230769230766E-02
   3.4556410256410257E-02  5.5364102564102576E-02
   3.4723076923076919E-02  5.5530769230769231E-02
   3.5082051282051281E-02  5.5876923076923081E-02
   3.5851282051282053E-02  5.6158974358974344E-02
   3.6287179487179487E-02  5.6082051282051286E-02
   3.6671794871794873E-02  5.6069230769230767E-02
   3.6928205128205126E-02  5.6133333333333327E-02
   3.7505128205128198E-02  5.6735897435897423E-02
   3.8005128205128205E-02  5.6953846153846154E-02
   3.8479487179487189E-02  5.7133333333333328E-02
   3.8787179487179489E-02  5.7479487179487178E-02
   3.9146153846153837E-02  5.7812820512820509E-02
   3.9428205128205128E-02  5.8030769230769226E-02
   3.9582051282051278E-02  5.8043589743589745E-02
   3.9735897435897435E-02  5.8376923076923062E-02
   4.0082051282051286E-02  5.8889743589743589E-02
   4.0556410256410262E-02  5.9094871794871787E-02
   4.1043589743589744E-02  5.8928205128205131E-02
   4.1428205128205130E-02  5.8761538461538469E-02
   4.1543589743589744E-02  5.9171794871794872E-02
   4.1915384615384611E-02  5.9799999999999999E-02
   4.2107692307692297E-02  6.0223076923076914E-02
   4.2389743589743588E-02  6.0441025641025638E-02
   4.3005128205128203E-02  6.0364102564102566E-02
   4.3338461538461548E-02  6.0415384615384614E-02
   4.3684615384615384E-02  6.0671794871794867E-02
   4.3928205128205125E-02  6.0889743589743590E-02
   4.4248717948717944E-02  6.1197435897435905E-02
   4.5030769230769242E-02  6.1594871794871796E-02
   4.5530769230769222E-02  6.1556410256410253E-02
   4.5671794871794881E-02  6.1825641025641025E-02
   4.5825641025641024E-02  6.2184615384615387E-02
   4.6005128205128205E-02  6.2197435897435892E-02
   4.6274358974358977E-02  6.2197435897435892E-02
   4.6415384615384622E-02  6.2415384615384616E-02
   4.6594871794871796E-02  6.2633333333333346E-02
   4.7017948717948718E-02  6.2735897435897442E-02
   4.7479487179487169E-02  6.2697435897435913E-02
   4.7710256410256398E-02  6.2658974358974370E-02
   4.7928205128205129E-02  6.3056410256410261E-02
   4.8300000000000010E-02  6.3466666666666671E-02
   4.8633333333333341E-02  6.3671794871794876E-02
   4.9120512820512822E-02  6.3864102564102562E-02
   4.9441025641025628E-02  6.4107692307692310E-02
   4.9876923076923090E-02  6.4530769230769239E-02
   5.0312820512820523E-02  6.4646153846153853E-02
   5.0620512820512831E-02  6.4569230769230782E-02
   5.0812820512820503E-02  6.5223076923076939E-02
   5.1133333333333336E-02  6.5402564102564106E-02
   5.1633333333333330E-02  6.5582051282051287E-02
   5.2158974358974354E-02  6.5517948717948721E-02
   5.2184615384615385E-02  6.5646153846153854E-02
   5.2543589743589747E-02  6.6056410256410264E-02
   5.2774358974358976E-02  6.6261538461538469E-02
   5.3556410256410260E-02  6.6505128205128217E-02
   5.4030769230769222E-02  6.6428205128205131E-02
   5.4376923076923073E-02  6.6812820512820517E-02
   5.4556410256410247E-02  6.6838461538461541E-02
   5.4710256410256404E-02  6.6928205128205145E-02
   5.4992307692307694E-02  6.7197435897435903E-02
   5.5120512820512814E-02  6.7338461538461555E-02
   5.5415384615384602E-02  6.7492307692307699E-02
   5.5697435897435907E-02  6.7466666666666675E-02
   5.6274358974358965E-02  6.7453846153846156E-02
   5.6889743589743587E-02  6.7364102564102579E-02
   5.7582051282051294E-02  6.7325641025641036E-02
   5.7761538461538454E-02  6.7710256410256422E-02
   5.8069230769230762E-02  6.8389743589743604E-02
   5.8799999999999998E-02  6.9184615384615386E-02
   5.9005128205128203E-02  6.9338461538461543E-02
   5.9735897435897418E-02  6.9376923076923086E-02
   5.9915384615384613E-02  6.9389743589743591E-02
   6.0646153846153843E-02  6.9646153846153858E-02
   6.0953846153846157E-02  6.9889743589743605E-02
   6.1082051282051276E-02  7.0351282051282049E-02
   6.1389743589743591E-02  7.0876923076923087E-02
   6.1864102564102567E-02  7.1030769230769231E-02
   6.2338461538461530E-02  7.1171794871794883E-02
   6.2838461538461551E-02  7.1171794871794883E-02
   6.3325641025641033E-02  7.1428205128205136E-02
   6.3582051282051286E-02  7.1569230769230774E-02
   6.4248717948717948E-02  7.2171794871794884E-02
   6.4633333333333334E-02  7.2594871794871799E-02
   6.5082051282051287E-02  7.3005128205128209E-02
   6.5338461538461540E-02  7.3030769230769246E-02
   6.6082051282051288E-02  7.3146153846153847E-02
   6.6287179487179493E-02  7.3005128205128209E-02
   6.7325641025641036E-02  7.3453846153846161E-02
   6.7620512820512818E-02  7.3979487179487186E-02
   6.8094871794871795E-02  7.4325641025641043E-02
   6.8376923076923085E-02  7.4556410256410258E-02
   6.8928205128205133E-02  7.5133333333333344E-02
   6.9402564102564110E-02  7.5505128205128211E-02
   6.9889743589743605E-02  7.5915384615384621E-02
   7.0287179487179496E-02  7.5953846153846163E-02
   7.0953846153846159E-02  7.5787179487179501E-02
   7.1223076923076931E-02  7.5889743589743597E-02
   7.1876923076923088E-02  7.6171794871794887E-02
   7.2248717948717955E-02  7.6453846153846164E-02
   7.2697435897435894E-02  7.6748717948717959E-02
   7.2928205128205137E-02  7.6838461538461550E-02
   7.2800000000000004E-02  7.6402564102564116E-02
   7.2453846153846160E-02  7.5941025641025645E-02
   7.2287179487179498E-02  7.5402564102564101E-02
   7.2043589743589750E-02  7.4864102564102572E-02
   7.2017948717948727E-02  7.4082051282051295E-02
   7.2223076923076931E-02  7.4466666666666681E-02
   7.2223076923076931E-02  7.4992307692307691E-02
   7.2556410256410256E-02  7.5569230769230777E-02
   7.2889743589743594E-02  7.5787179487179501E-02
   7.3248717948717956E-02  7.5953846153846163E-02
   7.3838461538461547E-02  7.6017948717948730E-02
   7.4146153846153848E-02  7.5889743589743597E-02
   7.4658974358974367E-02  7.5748717948717958E-02
   7.5223076923076920E-02  7.5594871794871801E-02
   7.5658974358974368E-02  7.5428205128205125E-02
   7.6005128205128211E-02  7.5479487179487187E-02
   7.6094871794871802E-02  7.5594871794871801E-02
   7.6274358974358983E-02  7.6094871794871802E-02
   7.6351282051282054E-02  7.6428205128205140E-02
   7.6697435897435898E-02  7.6915384615384635E-02
   7.7107692307692308E-02  7.7210256410256417E-02
   7.7517948717948718E-02  7.7364102564102574E-02
   7.7889743589743599E-02  7.7428205128205141E-02
   7.8184615384615366E-02  7.7338461538461536E-02
   7.8684615384615395E-02  7.7197435897435898E-02
   7.8928205128205142E-02  7.7146153846153864E-02
   7.9197435897435928E-02  7.7338461538461536E-02
   7.9505128205128214E-02  7.7492307692307708E-02
   7.9941025641025648E-02  7.7748717948717946E-02
   8.0017948717948720E-02  7.7761538461538479E-02
   8.0287179487179491E-02  7.8120512820512841E-02
   8.0428205128205171E-02  7.8300000000000008E-02
   8.0735897435897430E-02  7.8787179487179490E-02
   8.1017948717948721E-02  7.8941025641025647E-02
   8.1235897435897444E-02  7.9210256410256405E-02
   8.1441025641025649E-02  7.9658974358974344E-02
   8.1876923076923083E-02  8.0158974358974372E-02
   8.2312820512820517E-02  8.0453846153846154E-02
   8.2543589743589746E-02  8.0582051282051287E-02
   8.3005128205128217E-02  8.0646153846153854E-02
   8.3492307692307685E-02  8.0505128205128187E-02
   8.4094871794871781E-02  8.0069230769230754E-02
   8.4646153846153857E-02  7.9530769230769238E-02
   8.4864102564102609E-02  7.8992307692307723E-02
   8.4928205128205134E-02  7.8492307692307695E-02
   8.5017948717948724E-02  7.7953846153846179E-02
   8.5594871794871810E-02  7.7556410256410274E-02
   8.5902564102564111E-02  7.7146153846153864E-02
   9.1620512820512826E-02  7.8453846153846166E-02
   9.1800000000000007E-02  7.8671794871794876E-02
   9.2082051282051311E-02  7.8953846153846194E-02
   9.2235897435897440E-02  7.9171794871794876E-02
   9.2569230769230779E-02  7.9287179487179490E-02
   9.2800000000000007E-02  7.9376923076923081E-02
   9.3402564102564117E-02  7.9530769230769238E-02
   9.3941025641025647E-02  7.9492307692307682E-02
   9.4441025641025661E-02  7.9505128205128214E-02
   9.4800000000000037E-02  7.9505128205128214E-02
   9.5171794871794876E-02  7.9556410256410262E-02
   0.1049025641025641      8.2082051282051288E-02
   0.1052743589743590      8.2274358974358988E-02
   0.1056076923076923      8.2441025641025650E-02
   0.1059538461538462      8.2582051282051275E-02
   0.1060051282051282      8.2966666666666675E-02
   0.1062358974358974      8.3235897435897419E-02
   0.1066717948717949      8.3556410256410266E-02
   0.1070435897435897      8.3774358974358976E-02
   0.1073512820512820      8.4005128205128218E-02
   0.1079153846153846      8.4017948717948723E-02
   0.1083384615384615      8.3941025641025652E-02
   0.1088000000000000      8.3864102564102594E-02
   0.1093256410256410      8.3748717948717952E-02
   0.1096333333333333      8.3658974358974347E-02
   0.1101846153846154      8.3697435897435890E-02
   0.1103128205128205      8.4069230769230799E-02
   0.1106333333333333      8.4338461538461529E-02
   0.1109923076923077      8.4658974358974404E-02
   0.1113897435897436      8.4941025641025625E-02
   0.1115692307692308      8.5171794871794868E-02
   0.1118128205128205      8.5415384615384601E-02
   0.1121333333333333      8.5697435897435906E-02
   0.1122743589743590      8.5864102564102568E-02
   0.1124153846153846      8.6146153846153886E-02
   0.1125820512820513      8.6274358974358978E-02
   0.1129153846153846      8.6517948717948726E-02
   0.1131717948717949      8.6620512820512807E-02
   0.1134538461538462      8.6735897435897449E-02
   0.1139410256410256      8.6735897435897449E-02
   0.1143641025641026      8.6517948717948726E-02
   0.1148769230769231      8.6338461538461544E-02
   0.1151846153846154      8.6210256410256411E-02
   0.1162743589743590      8.5966666666666677E-02
   0.1167230769230769      8.5671794871794882E-02
   0.1173512820512820      8.5479487179487210E-02
   0.1173000000000000      8.5748717948717981E-02
   0.1173512820512820      8.5941025641025640E-02
   0.1174794871794872      8.6351282051282091E-02
   0.1176846153846154      8.6825641025641026E-02
   0.1180307692307692      8.7069230769230760E-02
   0.1183256410256410      8.7364102564102569E-02
   0.1186333333333333      8.7543589743589750E-02
   0.1189538461538461      8.7646153846153860E-02
   0.1191846153846154      8.7710256410256426E-02
   0.1196076923076923      8.7851282051282051E-02
   0.1198641025641026      8.7774358974358979E-02
   0.1203256410256410      8.7543589743589750E-02
   0.1212615384615385      8.7133333333333340E-02
   0.1219153846153846      8.6889743589743593E-02
   0.1224923076923077      8.6710256410256425E-02
