   9.1107692307692320E-02 -4.7443589743589747E-02
   9.1261538461538450E-02 -4.7687179487179487E-02
   9.1158974358974368E-02 -4.7905128205128204E-02
   9.1069230769230791E-02 -4.8033333333333338E-02
   9.0889743589743596E-02 -4.8187179487179481E-02
   9.0761538461538491E-02 -4.8366666666666669E-02
   9.0658974358974354E-02 -4.8507692307692300E-02
   9.0453846153846149E-02 -4.8661538461538464E-02
   9.0325641025641029E-02 -4.8725641025641024E-02
   9.0171794871794872E-02 -4.8879487179487181E-02
   9.0069230769230776E-02 -4.8994871794871796E-02
   8.9787179487179486E-02 -4.9097435897435898E-02
   8.9505128205128209E-02 -4.9007692307692308E-02
   8.9197435897435909E-02 -4.8930769230769236E-02
   8.8992307692307704E-02 -4.8738461538461536E-02
   8.8492307692307690E-02 -4.8469230769230771E-02
   8.8312820512820495E-02 -4.8225641025641024E-02
   8.7941025641025627E-02 -4.7815384615384607E-02
   8.7825641025641027E-02 -4.7328205128205125E-02
   8.7697435897435880E-02 -4.7020512820512825E-02
   8.7492307692307689E-02 -4.6930769230769220E-02
   8.7312820512820521E-02 -4.7058974358974368E-02
   8.7094871794871784E-02 -4.6930769230769220E-02
   8.6543589743589749E-02 -4.6687179487179487E-02
   8.6120512820512848E-02 -4.6597435897435889E-02
   8.5864102564102568E-02 -4.6610256410256401E-02
   8.5569230769230772E-02 -4.6494871794871787E-02
   8.5338461538461530E-02 -4.6430769230769227E-02
   8.5158974358974376E-02 -4.6341025641025643E-02
   8.5043589743589748E-02 -4.6520512820512817E-02
   8.5043589743589748E-02 -4.6905128205128203E-02
   8.4928205128205134E-02 -4.7110256410256422E-02
   8.4761538461538471E-02 -4.7225641025641023E-02
   8.4492307692307686E-02 -4.7341025641025644E-02
   8.3953846153846157E-02 -4.7469230769230771E-02
   8.3876923076923099E-02 -4.7469230769230771E-02
   8.3543589743589747E-02 -4.7776923076923078E-02
   8.3415384615384613E-02 -4.7930769230769235E-02
   8.2928205128205132E-02 -4.8251282051282054E-02
   8.2633333333333350E-02 -4.8328205128205126E-02
   8.2325641025641036E-02 -4.8225641025641024E-02
   8.1979487179487165E-02 -4.8123076923076928E-02
   8.1800000000000012E-02 -4.8046153846153850E-02
   8.1492307692307697E-02 -4.7853846153846163E-02
   8.1287179487179492E-02 -4.7725641025641030E-02
   8.1043589743589758E-02 -4.7405128205128204E-02
   8.0953846153846168E-02 -4.7148717948717951E-02
   8.0812820512820516E-02 -4.6687179487179487E-02
   8.0646153846153854E-02 -4.6289743589743582E-02
   8.0364102564102577E-02 -4.5982051282051281E-02
   8.0210256410256420E-02 -4.5687179487179486E-02
   8.0043589743589758E-02 -4.5315384615384625E-02
   7.9876923076923095E-02 -4.5020512820512809E-02
   7.9633333333333362E-02 -4.5046153846153847E-02
   7.9556410256410262E-02 -4.5148717948717949E-02
   7.9415384615384610E-02 -4.5238461538461540E-02
   7.8838461538461552E-02 -4.5302564102564107E-02
   7.8235897435897442E-02 -4.5341025641025642E-02
   7.7915384615384650E-02 -4.5341025641025642E-02
   7.7556410256410274E-02 -4.5417948717948714E-02
   7.7364102564102574E-02 -4.5469230769230769E-02
   7.7312820512820513E-02 -4.5494871794871786E-02
   7.7082051282051284E-02 -4.5494871794871786E-02
   7.6543589743589754E-02 -4.5494871794871786E-02
   7.5761538461538477E-02 -4.5238461538461540E-02
   7.5223076923076920E-02 -4.5097435897435909E-02
   7.4838461538461548E-02 -4.4956410256410263E-02
   7.4441025641025643E-02 -4.5520512820512830E-02
   7.4300000000000005E-02 -4.5802564102564107E-02
   7.4312820512820524E-02 -4.6251282051282053E-02
   7.4300000000000005E-02 -4.6520512820512817E-02
   7.4094871794871800E-02 -4.6751282051282046E-02
   7.3915384615384619E-02 -4.6866666666666661E-02
   7.3723076923076919E-02 -4.6828205128205118E-02
   7.3441025641025656E-02 -4.6738461538461548E-02
   7.2594871794871799E-02 -4.6597435897435889E-02
   7.2441025641025641E-02 -4.6366666666666667E-02
   7.2287179487179498E-02 -4.6071794871794865E-02
   7.1761538461538474E-02 -4.5571794871794871E-02
   7.1223076923076931E-02 -4.5264102564102564E-02
   7.0556410256410254E-02 -4.4930769230769232E-02
   7.0389743589743592E-02 -4.4815384615384618E-02
   7.0287179487179496E-02 -4.4994871794871806E-02
   7.0120512820512820E-02 -4.5315384615384625E-02
   6.9864102564102581E-02 -4.5661538461538462E-02
   6.9761538461538458E-02 -4.5866666666666660E-02
   6.9582051282051291E-02 -4.5982051282051281E-02
   6.9274358974358977E-02 -4.5943589743589745E-02
   6.8902564102564109E-02 -4.5738461538461547E-02
   6.8556410256410266E-02 -4.5687179487179486E-02
   6.8107692307692314E-02 -4.5494871794871786E-02
   6.7697435897435904E-02 -4.5302564102564107E-02
   6.7338461538461555E-02 -4.5161538461538468E-02
   6.7082051282051289E-02 -4.5251282051282052E-02
   6.6851282051282060E-02 -4.5264102564102564E-02
   6.6543589743589746E-02 -4.5212820512820509E-02
   6.6094871794871807E-02 -4.5007692307692304E-02
   6.5441025641025649E-02 -4.4815384615384618E-02
   6.5210256410256420E-02 -4.4725641025641028E-02
   6.4646153846153853E-02 -4.4494871794871785E-02
   6.4479487179487177E-02 -4.4417948717948727E-02
   6.4056410256410262E-02 -4.4212820512820522E-02
   6.3376923076923081E-02 -4.3648717948717941E-02
   6.3030769230769237E-02 -4.3456410256410255E-02
   6.2787179487179490E-02 -4.3315384615384624E-02
   6.2364102564102554E-02 -4.3225641025641019E-02
   6.2120512820512820E-02 -4.3084615384615388E-02
   6.1889743589743591E-02 -4.2892307692307688E-02
   6.1594871794871796E-02 -4.2712820512820514E-02
   6.1441025641025653E-02 -4.2764102564102568E-02
   6.1223076923076929E-02 -4.3020512820512821E-02
   6.0992307692307700E-02 -4.3251282051282050E-02
   6.0710256410256409E-02 -4.3494871794871798E-02
   6.0415384615384614E-02 -4.3700000000000003E-02
   6.0223076923076914E-02 -4.3610256410256412E-02
   6.0005128205128218E-02 -4.3507692307692310E-02
   5.9428205128205132E-02 -4.3276923076923081E-02
   5.9043589743589746E-02 -4.3110256410256405E-02
   5.8171794871794864E-02 -4.2635897435897435E-02
   5.7723076923076926E-02 -4.2430769230769230E-02
   5.6966666666666672E-02 -4.1930769230769237E-02
   5.6197435897435900E-02 -4.1700000000000001E-02
   5.5787179487179483E-02 -4.1623076923076929E-02
   5.5082051282051285E-02 -4.1379487179487182E-02
   5.4389743589743585E-02 -4.1084615384615386E-02
   5.3799999999999994E-02 -4.0815384615384614E-02
   5.3210256410256410E-02 -4.0546153846153850E-02
   5.2325641025641030E-02 -4.0097435897435897E-02
   5.1953846153846149E-02 -3.9930769230769235E-02
   5.1517948717948729E-02 -3.9584615384615385E-02
   5.1043589743589739E-02 -3.9302564102564108E-02
   5.0517948717948728E-02 -3.9238461538461542E-02
   5.0069230769230762E-02 -3.9046153846153848E-02
   4.9530769230769225E-02 -3.8841025641025644E-02
   4.8710256410256413E-02 -3.8507692307692305E-02
   4.8248717948717948E-02 -3.8379487179487179E-02
   4.7838461538461531E-02 -3.8212820512820517E-02
   4.7287179487179483E-02 -3.8007692307692312E-02
   4.6851282051282056E-02 -3.7930769230769233E-02
   4.6274358974358977E-02 -3.7879487179487178E-02
   4.5492307692307679E-02 -3.7610256410256414E-02
   4.5056410256410245E-02 -3.7405128205128209E-02
   4.4671794871794880E-02 -3.7135897435897437E-02
   4.4633333333333337E-02 -3.7058974358974359E-02
   4.4133333333333330E-02 -3.6828205128205130E-02
   4.3505128205128203E-02 -3.6558974358974358E-02
   4.3107692307692298E-02 -3.6494871794871792E-02
   4.2928205128205124E-02 -3.6443589743589751E-02
   4.2479487179487178E-02 -3.6276923076923075E-02
   4.1787179487179478E-02 -3.6007692307692310E-02
   4.1248717948717942E-02 -3.5879487179487177E-02
   4.0928205128205122E-02 -3.5738461538461538E-02
   4.0569230769230774E-02 -3.5661538461538460E-02
   4.0235897435897443E-02 -3.5533333333333333E-02
   3.9799999999999995E-02 -3.5366666666666664E-02
   3.9517948717948718E-02 -3.5482051282051286E-02
   3.9107692307692309E-02 -3.5558974358974357E-02
   3.8633333333333332E-02 -3.5392307692307695E-02
   3.7851282051282062E-02 -3.4828205128205128E-02
   3.7607692307692300E-02 -3.4353846153846151E-02
   3.7543589743589748E-02 -3.4212820512820513E-02
   3.7312820512820512E-02 -3.4200000000000001E-02
   3.6684615384615385E-02 -3.4161538461538458E-02
   3.6274358974358975E-02 -3.4007692307692301E-02
   3.5915384615384613E-02 -3.3853846153846151E-02
   3.5825641025641029E-02 -3.3930769230769230E-02
   3.5479487179487179E-02 -3.4353846153846151E-02
   3.5338461538461534E-02 -3.4558974358974356E-02
   3.4915384615384612E-02 -3.4751282051282056E-02
   3.4479487179487178E-02 -3.4828205128205128E-02
   3.4210256410256407E-02 -3.4674358974358971E-02
   3.3646153846153846E-02 -3.4315384615384616E-02
   3.3146153846153846E-02 -3.4071794871794861E-02
   3.2710256410256405E-02 -3.3905128205128206E-02
   3.2287179487179483E-02 -3.3469230769230765E-02
   3.1915384615384616E-02 -3.2930769230769243E-02
   3.1748717948717947E-02 -3.2469230769230764E-02
   3.1505128205128206E-02 -3.2084615384615385E-02
   3.1184615384615387E-02 -3.1905128205128204E-02
   3.0864102564102561E-02 -3.1764102564102566E-02
   3.0325641025641024E-02 -3.1341025641025644E-02
   3.0210256410256410E-02 -3.1558974358974361E-02
   3.0082051282051277E-02 -3.1841025641025644E-02
   2.9864102564102560E-02 -3.1956410256410259E-02
   2.9671794871794867E-02 -3.2046153846153842E-02
   2.9325641025641024E-02 -3.2033333333333330E-02
   2.9069230769230771E-02 -3.2071794871794873E-02
   2.8684615384615378E-02 -3.2046153846153842E-02
   2.8351282051282047E-02 -3.1828205128205125E-02
   2.8094871794871794E-02 -3.1802564102564101E-02
   2.7594871794871793E-02 -3.1841025641025644E-02
   2.7261538461538462E-02 -3.2058974358974361E-02
   2.7017948717948721E-02 -3.2187179487179488E-02
   2.6787179487179485E-02 -3.2238461538461535E-02
   2.6210256410256417E-02 -3.2212820512820511E-02
   2.5735897435897433E-02 -3.2033333333333330E-02
   2.5389743589743594E-02 -3.1661538461538463E-02
   2.5235897435897436E-02 -3.1328205128205132E-02
   2.5069230769230771E-02 -3.0392307692307691E-02
   2.5158974358974358E-02 -2.9635897435897438E-02
   2.5274358974358972E-02 -2.9161538461538464E-02
   2.5274358974358972E-02 -2.8905128205128208E-02
   2.5133333333333334E-02 -2.8841025641025642E-02
   2.4851282051282054E-02 -2.8725641025641031E-02
   2.4620512820512822E-02 -2.8533333333333331E-02
   2.4402564102564105E-02 -2.8161538461538460E-02
   2.4274358974358971E-02 -2.8187179487179494E-02
   2.4082051282051278E-02 -2.8123076923076921E-02
   2.3799999999999995E-02 -2.7994871794871787E-02
   2.3492307692307691E-02 -2.7853846153846153E-02
   2.2915384615384615E-02 -2.7815384615384617E-02
   2.2607692307692308E-02 -2.7930769230769235E-02
   2.2248717948717949E-02 -2.7994871794871787E-02
   2.1864102564102563E-02 -2.7943589743589743E-02
   2.1312820512820511E-02 -2.7738461538461538E-02
   2.0492307692307692E-02 -2.7353846153846152E-02
   1.9902564102564101E-02 -2.6661538461538466E-02
   1.9505128205128206E-02 -2.6148717948717943E-02
   1.9184615384615387E-02 -2.5828205128205124E-02
   1.8889743589743584E-02 -2.5776923076923072E-02
   1.8402564102564103E-02 -2.6071794871794875E-02
   1.8043589743589748E-02 -2.6148717948717943E-02
   1.7556410256410256E-02 -2.6379487179487182E-02
   1.7312820512820508E-02 -2.6417948717948718E-02
   1.7094871794871798E-02 -2.6276923076923080E-02
   1.6864102564102566E-02 -2.5917948717948718E-02
   1.6479487179487180E-02 -2.5276923076923079E-02
   1.6184615384615384E-02 -2.5033333333333331E-02
   1.6274358974358975E-02 -2.4687179487179488E-02
   1.6479487179487180E-02 -2.4405128205128208E-02
   1.6748717948717948E-02 -2.4238461538461542E-02
   1.6928205128205125E-02 -2.4097435897435897E-02
   1.6633333333333326E-02 -2.4174358974358975E-02
   1.6389743589743589E-02 -2.4482051282051283E-02
   1.6287179487179487E-02 -2.4738461538461539E-02
   1.6120512820512821E-02 -2.4841025641025642E-02
   1.5658974358974360E-02 -2.4905128205128205E-02
   1.5197435897435897E-02 -2.4879487179487181E-02
   1.4774358974358975E-02 -2.4687179487179488E-02
   1.4376923076923077E-02 -2.4405128205128208E-02
   1.4030769230769234E-02 -2.4251282051282051E-02
   1.3466666666666667E-02 -2.3917948717948723E-02
   1.3094871794871793E-02 -2.3405128205128200E-02
   1.2658974358974362E-02 -2.2648717948717954E-02
   1.2338461538461536E-02 -2.2135897435897438E-02
   1.1966666666666667E-02 -2.1725641025641028E-02
   1.1710256410256409E-02 -2.1828205128205130E-02
   1.1261538461538463E-02 -2.1879487179487182E-02
   1.0876923076923081E-02 -2.1853846153846154E-02
   1.0428205128205128E-02 -2.1623076923076925E-02
   9.9282051282051260E-03 -2.1046153846153846E-02
   9.5948717948717965E-03 -2.0892307692307693E-02
   9.2871794871794890E-03 -2.0725641025641027E-02
   8.8641025641025637E-03 -2.0623076923076925E-02
   8.3897435897435906E-03 -2.0520512820512822E-02
   7.7102564102564091E-03 -2.0199999999999999E-02
   7.2102564102564087E-03 -1.9866666666666668E-02
   6.7999999999999988E-03 -1.9456410256410258E-02
   6.2358974358974351E-03 -1.8956410256410258E-02
   5.8641025641025645E-03 -1.8405128205128206E-02
   5.5820512820512810E-03 -1.7943589743589741E-02
   5.2102564102564104E-03 -1.7571794871794871E-02
   4.7871794871794885E-03 -1.7392307692307693E-02
   4.2230769230769231E-03 -1.7417948717948717E-02
   3.8384615384615384E-03 -1.7366666666666669E-02
   3.3384615384615380E-03 -1.7033333333333334E-02
   3.2871794871794867E-03 -1.6507692307692310E-02
   3.2999999999999995E-03 -1.6007692307692310E-02
   3.3256410256410252E-03 -1.5353846153846157E-02
   3.2358974358974364E-03 -1.4982051282051281E-02
   3.0179487179487177E-03 -1.4738461538461539E-02
   2.6333333333333334E-03 -1.4251282051282052E-02
   2.3128205128205123E-03 -1.3866666666666668E-02
   1.7871794871794871E-03 -1.3482051282051280E-02
   1.2871794871794867E-03 -1.3238461538461537E-02
   5.9487179487179454E-04 -1.2892307692307691E-02
   8.2051282051281722E-05 -1.2558974358974359E-02
  -3.1538461538461494E-04 -1.2020512820512820E-02
  -6.8717948717948729E-04 -1.1507692307692307E-02
  -1.3538461538461538E-03 -1.0892307692307694E-02
  -1.9692307692307691E-03 -1.0405128205128206E-02
  -2.2897435897435898E-03 -9.8923076923076916E-03
  -2.6487179487179489E-03 -9.3923076923076929E-03
  -2.9820512820512820E-03 -8.5974358974358969E-03
  -2.9051282051282051E-03 -8.0205128205128214E-03
  -2.6487179487179489E-03 -7.4820512820512816E-03
  -2.2256410256410258E-03 -6.9692307692307692E-03
  -1.8410256410256410E-03 -6.5333333333333337E-03
  -1.6487179487179489E-03 -6.2384615384615382E-03
  -1.7384615384615386E-03 -6.0333333333333333E-03
  -1.9051282051282053E-03 -5.7512820512820514E-03
  -2.0589743589743592E-03 -5.5205128205128209E-03
  -2.3025641025641026E-03 -5.1999999999999998E-03
  -2.5974358974358977E-03 -4.7897435897435899E-03
  -2.4820512820512824E-03 -4.1230769230769229E-03
  -2.4435897435897439E-03 -3.7000000000000002E-03
  -2.5076923076923080E-03 -3.3410256410256411E-03
  -2.5974358974358977E-03 -3.1358974358974357E-03
  -2.7256410256410258E-03 -2.9820512820512820E-03
  -2.9820512820512820E-03 -2.7128205128205130E-03
  -3.1358974358974357E-03 -2.3282051282051282E-03
  -3.3025641025641026E-03 -1.9307692307692309E-03
  -3.5333333333333336E-03 -1.3923076923076925E-03
  -3.7128205128205130E-03 -9.5641025641025673E-04
  -3.2641025641025642E-03 -4.5641025641025628E-04
  -2.9564102564102563E-03  1.5897435897435901E-04
  -2.8153846153846154E-03  6.0769230769230735E-04
  -2.7897435897435898E-03  1.1846153846153851E-03
  -2.8538461538461539E-03  1.7871794871794871E-03
  -2.8153846153846154E-03  2.0820512820512818E-03
  -2.9564102564102563E-03  2.2487179487179483E-03
  -3.1615384615384617E-03  2.5179487179487182E-03
  -3.2512820512820514E-03  2.8897435897435896E-03
  -3.2000000000000002E-03  3.5179487179487182E-03
  -3.2512820512820514E-03  4.1461538461538463E-03
  -3.2641025641025642E-03  4.6333333333333348E-03
  -3.2256410256410258E-03  4.9794871794871815E-03
  -3.3025641025641026E-03  5.2102564102564104E-03
  -3.3666666666666667E-03  5.5435897435897434E-03
  -3.4564102564102568E-03  5.9410256410256431E-03
  -3.3794871794871799E-03  6.5435897435897460E-03
  -3.3153846153846150E-03  7.0307692307692311E-03
  -3.4564102564102568E-03  7.3256410256410266E-03
  -3.4948717948717952E-03  8.0179487179487200E-03
  -3.7256410256410258E-03  8.3897435897435906E-03
  -3.5589743589743593E-03  9.0564102564102550E-03
  -3.6871794871794874E-03  9.4025641025641000E-03
  -3.8538461538461539E-03  9.7102564102564109E-03
  -3.9820512820512820E-03  1.0261538461538463E-02
  -3.6358974358974365E-03  1.0889743589743589E-02
  -3.9051282051282051E-03  1.1351282051282054E-02
  -4.0589743589743588E-03  1.1543589743589742E-02
  -4.2000000000000006E-03  1.1966666666666667E-02
  -4.2128205128205126E-03  1.2351282051282055E-02
  -4.0974358974358973E-03  1.2607692307692308E-02
  -3.9051282051282051E-03  1.3017948717948718E-02
  -3.5333333333333336E-03  1.3466666666666667E-02
  -3.3410256410256411E-03  1.3697435897435899E-02
  -3.2641025641025642E-03  1.3825641025641025E-02
  -3.4051282051282051E-03  1.4056410256410258E-02
  -3.5461538461538464E-03  1.4223076923076927E-02
  -3.7256410256410258E-03  1.4582051282051282E-02
  -3.7641025641025642E-03  1.4941025641025641E-02
  -3.5589743589743593E-03  1.5569230769230771E-02
  -3.3666666666666667E-03  1.5992307692307688E-02
  -3.2256410256410258E-03  1.6607692307692313E-02
  -3.0974358974358977E-03  1.6979487179487177E-02
  -2.9692307692307691E-03  1.7428205128205129E-02
  -2.7384615384615386E-03  1.7748717948717949E-02
  -2.5974358974358977E-03  1.8030769230769229E-02
  -2.4948717948717952E-03  1.8517948717948721E-02
  -2.3538461538461538E-03  1.8838461538461533E-02
  -1.9692307692307691E-03  1.9056410256410250E-02
  -1.8410256410256410E-03  1.9466666666666663E-02
  -1.5974358974358974E-03  1.9876923076923077E-02
  -1.3666666666666666E-03  2.0261538461538463E-02
  -1.0461538461538464E-03  2.0569230769230774E-02
  -6.4871794871794886E-04  2.0889743589743586E-02
  -6.4871794871794886E-04  2.0966666666666665E-02
  -7.8974358974358977E-04  2.1171794871794870E-02
  -9.0512820512820549E-04  2.1735897435897433E-02
  -9.1794871794871787E-04  2.2043589743589744E-02
  -8.2820512820512863E-04  2.2210256410256417E-02
  -5.7179487179487200E-04  2.2415384615384615E-02
  -1.7435897435897447E-04  2.2723076923076922E-02
   8.2051282051281722E-05  2.3120512820512824E-02
   4.7948717948717925E-04  2.3697435897435892E-02
   9.0256410256410241E-04  2.4107692307692313E-02
   1.0179487179487177E-03  2.4556410256410258E-02
   1.3128205128205123E-03  2.5056410256410255E-02
   1.8256410256410256E-03  2.5376923076923075E-02
   2.2358974358974355E-03  2.5441025641025641E-02
   2.6589743589743591E-03  2.5569230769230768E-02
   2.7615384615384615E-03  2.5684615384615382E-02
   2.7102564102564103E-03  2.5979487179487181E-02
   2.6076923076923078E-03  2.6287179487179482E-02
   2.2615384615384602E-03  2.6505128205128205E-02
   2.1461538461538467E-03  2.6697435897435905E-02
   1.7743589743589743E-03  2.7171794871794875E-02
   1.6076923076923078E-03  2.7582051282051281E-02
   1.7230769230769231E-03  2.8223076923076927E-02
   1.6205128205128197E-03  2.8492307692307685E-02
   1.7230769230769231E-03  2.9107692307692307E-02
   2.0948717948717946E-03  2.9543589743589740E-02
   2.5307692307692310E-03  2.9761538461538457E-02
   2.9923076923076921E-03  2.9889743589743591E-02
   3.2999999999999995E-03  3.0082051282051277E-02
   3.7743589743589744E-03  3.0235897435897441E-02
   4.1076923076923070E-03  3.0223076923076922E-02
   4.8000000000000004E-03  3.0300000000000001E-02
   5.4410256410256409E-03  3.0223076923076922E-02
   5.6974358974358989E-03  3.0389743589743584E-02
   5.9538461538461551E-03  3.0646153846153851E-02
   6.2358974358974351E-03  3.0966666666666663E-02
   6.6461538461538450E-03  3.1517948717948718E-02
   6.5435897435897460E-03  3.1992307692307688E-02
   6.5307692307692306E-03  3.2582051282051286E-02
   7.0564102564102549E-03  3.3274358974358972E-02
   6.8641025641025671E-03  3.3556410256410256E-02
   7.0179487179487191E-03  3.4158974358974359E-02
   7.4923076923076922E-03  3.4517948717948714E-02
   7.9282051282051295E-03  3.4671794871794871E-02
   8.3641025641025633E-03  3.4799999999999998E-02
   8.7102564102564135E-03  3.5094871794871793E-02
   8.9025641025641047E-03  3.5543589743589746E-02
   9.3256410256410266E-03  3.6479487179487180E-02
   9.6846153846153887E-03  3.6966666666666662E-02
   9.9794871794871825E-03  3.7056410256410252E-02
   1.0107692307692309E-02  3.7428205128205133E-02
   1.0351282051282053E-02  3.7800000000000007E-02
   1.0812820512820511E-02  3.8069230769230765E-02
   1.1146153846153842E-02  3.8210256410256410E-02
   1.1594871794871793E-02  3.8389743589743584E-02
   1.2287179487179486E-02  3.8556410256410260E-02
   1.2851282051282052E-02  3.8723076923076923E-02
   1.2851282051282052E-02  3.9120512820512827E-02
   1.3235897435897434E-02  3.9364102564102561E-02
   1.3312820512820513E-02  3.9710256410256405E-02
   1.3466666666666667E-02  3.9723076923076923E-02
   1.3261538461538462E-02  4.0030769230769224E-02
   1.2992307692307694E-02  4.0594871794871805E-02
   1.2979487179487178E-02  4.1017948717948713E-02
   1.3171794871794871E-02  4.1479487179487178E-02
   1.3364102564102557E-02  4.2005128205128202E-02
   1.3556410256410257E-02  4.2466666666666660E-02
   1.4069230769230773E-02  4.3043589743589745E-02
   1.4517948717948719E-02  4.3300000000000005E-02
   1.4851282051282054E-02  4.3466666666666660E-02
   1.5415384615384617E-02  4.3569230769230763E-02
   1.5941025641025640E-02  4.3748717948717951E-02
   1.6530769230769231E-02  4.3915384615384613E-02
   1.7274358974358976E-02  4.3825641025641023E-02
   1.8107692307692307E-02  4.3543589743589746E-02
   1.8479487179487178E-02  4.3453846153846162E-02
   1.8697435897435895E-02  4.3825641025641023E-02
   1.9094871794871800E-02  4.4223076923076921E-02
   1.9633333333333329E-02  4.4389743589743590E-02
   2.0017948717948719E-02  4.4582051282051283E-02
   2.0582051282051286E-02  4.4748717948717938E-02
   2.0620512820512825E-02  4.5043589743589747E-02
   2.0851282051282050E-02  4.5582051282051284E-02
   2.1158974358974354E-02  4.5992307692307687E-02
   2.1658974358974358E-02  4.6364102564102568E-02
   2.1735897435897433E-02  4.6492307692307694E-02
   2.1710256410256409E-02  4.7017948717948718E-02
   2.1274358974358969E-02  4.7479487179487169E-02
   2.0941025641025637E-02  4.7953846153846146E-02
   2.0851282051282050E-02  4.8889743589743587E-02
   2.1492307692307689E-02  4.9646153846153847E-02
   2.2017948717948717E-02  4.9825641025641021E-02
   2.2556410256410257E-02  5.0364102564102557E-02
   2.3005128205128202E-02  5.0594871794871800E-02
   2.3684615384615391E-02  5.0684615384615390E-02
   2.4120512820512814E-02  5.0838461538461534E-02
   2.4505128205128207E-02  5.1223076923076927E-02
   2.5069230769230771E-02  5.1415384615384613E-02
   2.5684615384615382E-02  5.1697435897435903E-02
   2.6274358974358973E-02  5.1851282051282047E-02
   2.7171794871794875E-02  5.2158974358974354E-02
   2.7671794871794872E-02  5.2184615384615385E-02
   2.8492307692307685E-02  5.2300000000000013E-02
   2.8966666666666661E-02  5.2594871794871788E-02
   2.9300000000000000E-02  5.2812820512820519E-02
   2.9889743589743591E-02  5.3094871794871781E-02
   3.0376923076923072E-02  5.3223076923076929E-02
   3.0787179487179489E-02  5.3287179487179488E-02
   3.1261538461538459E-02  5.3569230769230765E-02
   3.1633333333333333E-02  5.3825641025641024E-02
   3.2287179487179483E-02  5.4428205128205127E-02
   3.2607692307692303E-02  5.4479487179487189E-02
   3.2864102564102562E-02  5.4569230769230766E-02
   3.3428205128205130E-02  5.4889743589743592E-02
   3.3979487179487178E-02  5.5223076923076930E-02
   3.4325641025641028E-02  5.5735897435897436E-02
   3.4876923076923076E-02  5.6210256410256412E-02
   3.5376923076923077E-02  5.6517948717948720E-02
   3.6005128205128203E-02  5.6889743589743587E-02
   3.6158974358974361E-02  5.7017948717948713E-02
   3.6633333333333330E-02  5.7299999999999990E-02
   3.7223076923076928E-02  5.7441025641025635E-02
   3.7748717948717952E-02  5.7517948717948721E-02
   3.8120512820512827E-02  5.7582051282051294E-02
   3.8774358974358977E-02  5.7979487179487185E-02
   3.9466666666666657E-02  5.8569230769230769E-02
   3.9658974358974364E-02  5.8838461538461541E-02
   3.9953846153846152E-02  5.9184615384615391E-02
   4.0184615384615381E-02  5.9312820512820504E-02
   4.0453846153846146E-02  5.9505128205128204E-02
   4.1017948717948713E-02  5.9684615384615385E-02
   4.1120512820512829E-02  5.9748717948717937E-02
   4.1479487179487178E-02  5.9992307692307685E-02
   4.1799999999999997E-02  6.0184615384615371E-02
   4.2364102564102564E-02  6.0261538461538443E-02
   4.2658974358974366E-02  6.0415384615384614E-02
   4.3107692307692298E-02  6.0582051282051290E-02
   4.3441025641025650E-02  6.0774358974358976E-02
   4.3633333333333336E-02  6.0928205128205133E-02
   4.4530769230769235E-02  6.1428205128205134E-02
   4.4800000000000000E-02  6.1543589743589734E-02
   4.5146153846153843E-02  6.1697435897435891E-02
   4.5748717948717953E-02  6.2094871794871796E-02
   4.6210256410256417E-02  6.2556410256410261E-02
   4.6415384615384622E-02  6.2748717948717947E-02
   4.6748717948717940E-02  6.2915384615384623E-02
   4.7005128205128206E-02  6.3043589743589756E-02
   4.7184615384615380E-02  6.3120512820512828E-02
   4.7633333333333340E-02  6.3325641025641033E-02
   4.7915384615384603E-02  6.3402564102564105E-02
   4.8158974358974364E-02  6.3838461538461538E-02
   4.8479487179487184E-02  6.4017948717948719E-02
   4.8825641025641027E-02  6.4235897435897443E-02
   4.9030769230769232E-02  6.4389743589743600E-02
   4.9338461538461525E-02  6.4607692307692324E-02
   4.9864102564102564E-02  6.4761538461538468E-02
   5.0120512820512823E-02  6.4723076923076925E-02
   5.0325641025641028E-02  6.4697435897435901E-02
   5.0594871794871800E-02  6.4864102564102563E-02
   5.1030769230769234E-02  6.5056410256410263E-02
   5.1453846153846142E-02  6.5441025641025649E-02
   5.2056410256410252E-02  6.5800000000000011E-02
   5.2787179487179481E-02  6.6030769230769240E-02
   5.2928205128205126E-02  6.6005128205128216E-02
   5.3261538461538457E-02  6.6005128205128216E-02
   5.3325641025641031E-02  6.6043589743589759E-02
   5.3748717948717946E-02  6.6223076923076926E-02
   5.4056410256410253E-02  6.6543589743589746E-02
   5.4594871794871790E-02  6.6928205128205145E-02
   5.4851282051282063E-02  6.7171794871794879E-02
   5.5223076923076930E-02  6.7530769230769241E-02
   5.5466666666666671E-02  6.7594871794871794E-02
   5.5761538461538453E-02  6.7735897435897446E-02
   5.6171794871794870E-02  6.7953846153846156E-02
   5.6389743589743586E-02  6.8082051282051290E-02
   5.6543589743589751E-02  6.8300000000000000E-02
   5.6748717948717949E-02  6.8517948717948723E-02
   5.7107692307692311E-02  6.8761538461538471E-02
   5.7351282051282045E-02  6.8787179487179495E-02
   5.7838461538461540E-02  6.8748717948717952E-02
   5.8312820512820503E-02  6.9043589743589762E-02
   5.8787179487179486E-02  6.9235897435897448E-02
   5.9287179487179494E-02  6.9248717948717967E-02
   5.9787179487179480E-02  6.9223076923076929E-02
   6.0223076923076914E-02  6.9697435897435905E-02
   6.0376923076923085E-02  6.9774358974358977E-02
   6.0787179487179495E-02  6.9966666666666663E-02
   6.1210256410256410E-02  7.0620512820512821E-02
   6.1556410256410253E-02  7.1094871794871797E-02
   6.1979487179487182E-02  7.1620512820512822E-02
   6.2287179487179496E-02  7.1992307692307703E-02
   6.2543589743589742E-02  7.2235897435897437E-02
   6.2889743589743599E-02  7.2479487179487184E-02
   6.3389743589743586E-02  7.2761538461538461E-02
   6.3876923076923081E-02  7.2928205128205137E-02
   6.4402564102564119E-02  7.2684615384615389E-02
   6.4684615384615382E-02  7.2466666666666665E-02
   6.4979487179487191E-02  7.2646153846153860E-02
   6.5043589743589758E-02  7.2658974358974365E-02
   6.5376923076923082E-02  7.2658974358974365E-02
   6.5979487179487178E-02  7.2274358974358979E-02
   6.6287179487179493E-02  7.1838461538461545E-02
   6.6851282051282060E-02  7.1466666666666678E-02
   6.7312820512820518E-02  7.1107692307692316E-02
   6.7543589743589760E-02  7.1338461538461545E-02
   6.7748717948717965E-02  7.1710256410256412E-02
   6.7953846153846156E-02  7.1889743589743593E-02
   6.8094871794871795E-02  7.2312820512820522E-02
   6.8274358974358976E-02  7.2928205128205137E-02
   6.8402564102564109E-02  7.3248717948717956E-02
   6.8800000000000014E-02  7.3633333333333342E-02
   6.9184615384615386E-02  7.4120512820512824E-02
   6.9441025641025653E-02  7.4389743589743595E-02
   6.9761538461538458E-02  7.4607692307692305E-02
   7.0005128205128206E-02  7.4761538461538463E-02
   7.0376923076923073E-02  7.5120512820512825E-02
   7.0774358974358978E-02  7.5646153846153849E-02
   7.1056410256410268E-02  7.5876923076923078E-02
   7.1261538461538473E-02  7.5928205128205140E-02
   7.1928205128205136E-02  7.5902564102564102E-02
   7.2184615384615389E-02  7.5774358974358982E-02
   7.2453846153846160E-02  7.5505128205128211E-02
   7.2646153846153860E-02  7.5428205128205125E-02
   7.2723076923076932E-02  7.5389743589743596E-02
   7.3107692307692304E-02  7.5556410256410272E-02
   7.3479487179487185E-02  7.5723076923076935E-02
   7.3748717948717957E-02  7.5838461538461535E-02
   7.3992307692307691E-02  7.5889743589743597E-02
   7.4505128205128210E-02  7.5889743589743597E-02
   7.4800000000000005E-02  7.5864102564102573E-02
   7.4992307692307691E-02  7.5902564102564102E-02
   7.5441025641025644E-02  7.6017948717948730E-02
   7.5902564102564102E-02  7.5941025641025645E-02
   7.6594871794871802E-02  7.5825641025641030E-02
   7.7184615384615393E-02  7.5825641025641030E-02
   7.7364102564102574E-02  7.5915384615384621E-02
   7.7492307692307708E-02  7.6082051282051283E-02
   7.7569230769230765E-02  7.6466666666666669E-02
   7.7902564102564104E-02  7.6876923076923079E-02
   7.8133333333333332E-02  7.7043589743589755E-02
   7.8338461538461537E-02  7.7158974358974369E-02
   7.8915384615384623E-02  7.7197435897435898E-02
   7.9556410256410262E-02  7.7082051282051284E-02
   7.9735897435897443E-02  7.7441025641025646E-02
   7.9748717948717962E-02  7.7479487179487189E-02
   8.0402564102564106E-02  7.7466666666666684E-02
   8.0582051282051287E-02  7.7389743589743598E-02
   8.0851282051282058E-02  7.7543589743589741E-02
   8.0876923076923110E-02  7.7594871794871803E-02
   8.1094871794871792E-02  7.8082051282051299E-02
   8.1299999999999997E-02  7.8312820512820555E-02
   8.1800000000000012E-02  7.8658974358974371E-02
   8.2287179487179493E-02  7.9082051282051286E-02
   8.2517948717948722E-02  7.9325641025641033E-02
   8.2838461538461555E-02  7.9812820512820515E-02
   8.3082051282051289E-02  8.0184615384615396E-02
   8.3646153846153856E-02  7.9864102564102549E-02
   8.4146153846153857E-02  7.9376923076923081E-02
   8.4569230769230772E-02  7.8864102564102576E-02
   8.5453846153846158E-02  7.8171794871794861E-02
   8.6056410256410268E-02  7.7787179487179503E-02
   8.6402564102564125E-02  7.7620512820512827E-02
   0.1040435897435898      8.2800000000000026E-02
   0.1042487179487180      8.3082051282051289E-02
   0.1041205128205128      8.3312820512820518E-02
   0.1040179487179487      8.3543589743589747E-02
   0.1039794871794872      8.3864102564102594E-02
   0.1041076923076923      8.4082051282051304E-02
   0.1044923076923077      8.4223076923076928E-02
   0.1049410256410256      8.4171794871794881E-02
   0.1054025641025641      8.4069230769230799E-02
   0.1059923076923077      8.3838461538461570E-02
   0.1063897435897436      8.3671794871794894E-02
   0.1067743589743590      8.3492307692307685E-02
   0.1070948717948718      8.3287179487179494E-02
   0.1073128205128205      8.3184615384615426E-02
   0.1077102564102564      8.3312820512820518E-02
   0.1081076923076923      8.3441025641025665E-02
   0.1083512820512820      8.3517948717948723E-02
   0.1086205128205128      8.3889743589743590E-02
   0.1087102564102564      8.4299999999999986E-02
   0.1088512820512821      8.4800000000000000E-02
   0.1089025641025641      8.5017948717948724E-02
   0.1090179487179487      8.5146153846153830E-02
   0.1096461538461538      8.5492307692307701E-02
   0.1100692307692308      8.5646153846153858E-02
   0.1103769230769231      8.5684615384615401E-02
   0.1106205128205128      8.5530769230769230E-02
   0.1108256410256410      8.5235897435897448E-02
   0.1109282051282051      8.4915384615384601E-02
   0.1110820512820513      8.5261538461538472E-02
   0.1113128205128205      8.5723076923076943E-02
   0.1117871794871795      8.5941025641025640E-02
   0.1122743589743590      8.6133333333333340E-02
   0.1128128205128205      8.6133333333333340E-02
   0.1130564102564103      8.6120512820512848E-02
   0.1135307692307692      8.5992307692307673E-02
   0.1137358974358974      8.5864102564102568E-02
   0.1138769230769231      8.5697435897435906E-02
   0.1140692307692308      8.5530769230769230E-02
   0.1141589743589744      8.5735897435897435E-02
   0.1143384615384615      8.6120512820512848E-02
   0.1145307692307692      8.6287179487179497E-02
   0.1150051282051282      8.6492307692307702E-02
   0.1155564102564103      8.6569230769230773E-02
   0.1157230769230769      8.6684615384615388E-02
   0.1163000000000000      8.6774358974358978E-02
   0.1167487179487180      8.6748717948717954E-02
   0.1174923076923077      8.6530769230769244E-02
   0.1178641025641026      8.6364102564102582E-02
   0.1181846153846154      8.6146153846153886E-02
   0.1189538461538461      8.6389743589743578E-02
   0.1198897435897436      8.6697435897435907E-02
   0.1204538461538462      8.6928205128205135E-02
   0.1211205128205128      8.7107692307692317E-02
   0.1216717948717949      8.7287179487179498E-02
   0.1223384615384615      8.7479487179487198E-02
   0.1229410256410256      8.7569230769230774E-02
   0.1233512820512820      8.7787179487179498E-02
   0.1235307692307692      8.8223076923076932E-02
   0.1237615384615385      8.8428205128205137E-02
   0.1243769230769231      8.8428205128205137E-02
   0.1247871794871795      8.8492307692307690E-02
   0.1253769230769231      8.8479487179487212E-02
   0.1260179487179487      8.8556410256410270E-02
   0.1265435897435897      8.8620512820512823E-02
   0.1269794871794872      8.8800000000000004E-02
   0.1274153846153846      8.9005128205128209E-02
   0.1280051282051282      8.9158974358974380E-02
   0.1287743589743590      8.9248717948717957E-02
   0.1294794871794872      8.9261538461538475E-02
   0.1300179487179487      8.9158974358974380E-02
   0.1305435897435897      8.9056410256410271E-02
