   9.7017948717948707E-02 -4.7225641025641023E-02
   9.6966666666666701E-02 -4.7379487179487187E-02
   9.6979487179487206E-02 -4.7533333333333330E-02
   9.6928205128205103E-02 -4.7725641025641030E-02
   9.6953846153846099E-02 -4.7892307692307692E-02
   9.7005128205128202E-02 -4.8071794871794866E-02
   9.6979487179487206E-02 -4.8225641025641024E-02
   9.6889743589743602E-02 -4.8469230769230771E-02
   9.6800000000000011E-02 -4.8661538461538464E-02
   9.6710256410256448E-02 -4.8725641025641024E-02
   9.6530769230769239E-02 -4.8789743589743591E-02
   9.6338461538461526E-02 -4.8841025641025639E-02
   9.6133333333333335E-02 -4.8879487179487181E-02
   9.5800000000000010E-02 -4.8892307692307693E-02
   9.5582051282051286E-02 -4.8802564102564110E-02
   9.5364102564102576E-02 -4.8584615384615386E-02
   9.5274358974358958E-02 -4.8469230769230771E-02
   9.5107692307692296E-02 -4.8315384615384614E-02
   9.4838461538461566E-02 -4.8200000000000000E-02
   9.4453846153846152E-02 -4.8110256410256409E-02
   9.4274358974358985E-02 -4.8123076923076928E-02
   9.4197435897435886E-02 -4.8225641025641024E-02
   9.3838461538461551E-02 -4.8148717948717952E-02
   9.3351282051282083E-02 -4.8007692307692307E-02
   9.3082051282051312E-02 -4.7943589743589747E-02
   9.2684615384615407E-02 -4.7764102564102566E-02
   9.2133333333333331E-02 -4.7584615384615385E-02
   9.1800000000000007E-02 -4.7520512820512832E-02
   9.1607692307692321E-02 -4.7430769230769228E-02
   9.1492307692307692E-02 -4.7225641025641023E-02
   9.1261538461538450E-02 -4.6738461538461548E-02
   9.1146153846153849E-02 -4.6635897435897446E-02
   9.0800000000000033E-02 -4.6482051282051288E-02
   9.0030769230769220E-02 -4.6135897435897438E-02
   8.9992307692307719E-02 -4.6341025641025643E-02
   9.0120512820512824E-02 -4.6648717948717944E-02
   9.0082051282051295E-02 -4.6917948717948722E-02
   8.9902564102564114E-02 -4.7110256410256422E-02
   8.9825641025641015E-02 -4.7212820512820525E-02
   8.9748717948717957E-02 -4.7417948717948730E-02
   8.9723076923076947E-02 -4.7584615384615385E-02
   8.9543589743589738E-02 -4.7776923076923078E-02
   8.9415384615384605E-02 -4.7866666666666662E-02
   8.9325641025641042E-02 -4.7905128205128204E-02
   8.9210256410256414E-02 -4.7917948717948723E-02
   8.8825641025641028E-02 -4.7956410256410266E-02
   8.8697435897435895E-02 -4.7956410256410266E-02
   8.8376923076923089E-02 -4.7917948717948723E-02
   8.8197435897435908E-02 -4.8097435897435897E-02
   8.8351282051282065E-02 -4.8417948717948717E-02
   8.8133333333333327E-02 -4.8584615384615386E-02
   8.7953846153846160E-02 -4.8661538461538464E-02
   8.7774358974358979E-02 -4.8661538461538464E-02
   8.7453846153846146E-02 -4.8623076923076922E-02
   8.7017948717948712E-02 -4.8623076923076922E-02
   8.6838461538461559E-02 -4.8571794871794874E-02
   8.6325641025641039E-02 -4.8366666666666669E-02
   8.5851282051282063E-02 -4.8161538461538471E-02
   8.5582051282051264E-02 -4.8007692307692307E-02
   8.5441025641025653E-02 -4.7776923076923078E-02
   8.5120512820512848E-02 -4.7520512820512832E-02
   8.4800000000000000E-02 -4.7353846153846156E-02
   8.4607692307692314E-02 -4.7212820512820525E-02
   8.4505128205128191E-02 -4.6943589743589746E-02
   8.4325641025641038E-02 -4.6712820512820517E-02
   8.4094871794871781E-02 -4.6507692307692299E-02
   8.3825641025641023E-02 -4.6392307692307684E-02
   8.3748717948717952E-02 -4.6494871794871787E-02
   8.3556410256410266E-02 -4.6584615384615384E-02
   8.3312820512820518E-02 -4.6700000000000005E-02
   8.2979487179487180E-02 -4.6815384615384606E-02
   8.2646153846153855E-02 -4.6930769230769220E-02
   8.2453846153846141E-02 -4.6969230769230777E-02
   8.2248717948717950E-02 -4.6982051282051282E-02
   8.2082051282051288E-02 -4.6994871794871794E-02
   8.1864102564102578E-02 -4.7148717948717951E-02
   8.1723076923076940E-02 -4.7392307692307685E-02
   8.1441025641025649E-02 -4.7597435897435890E-02
   8.1274358974359015E-02 -4.7700000000000006E-02
   8.1043589743589758E-02 -4.7712820512820518E-02
   8.0466666666666659E-02 -4.7546153846153856E-02
   8.0158974358974372E-02 -4.7482051282051289E-02
   7.9889743589743586E-02 -4.7366666666666668E-02
   7.9748717948717962E-02 -4.7161538461538470E-02
   7.9748717948717962E-02 -4.6828205128205118E-02
   7.9787179487179491E-02 -4.6648717948717944E-02
   7.9864102564102549E-02 -4.6405128205128203E-02
   7.9864102564102549E-02 -4.6084615384615384E-02
   7.9864102564102549E-02 -4.5802564102564107E-02
   7.9838461538461566E-02 -4.5648717948717943E-02
   7.9671794871794890E-02 -4.5276923076923069E-02
   7.9556410256410262E-02 -4.5123076923076925E-02
   7.9133333333333347E-02 -4.4930769230769232E-02
   7.8620512820512814E-02 -4.4674358974358973E-02
   7.8325641025641032E-02 -4.4533333333333328E-02
   7.7992307692307708E-02 -4.4443589743589744E-02
   7.7646153846153851E-02 -4.4328205128205123E-02
   7.7415384615384622E-02 -4.4379487179487184E-02
   7.7235897435897441E-02 -4.4392307692307696E-02
   7.6735897435897440E-02 -4.4212820512820522E-02
   7.6530769230769236E-02 -4.4187179487179477E-02
   7.6300000000000007E-02 -4.4225641025641020E-02
   7.6120512820512826E-02 -4.4507692307692297E-02
   7.6069230769230778E-02 -4.4712820512820502E-02
   7.6082051282051283E-02 -4.4917948717948707E-02
   7.6005128205128211E-02 -4.5251282051282052E-02
   7.5941025641025645E-02 -4.5366666666666666E-02
   7.5633333333333330E-02 -4.5430769230769226E-02
   7.5069230769230777E-02 -4.5546153846153840E-02
   7.4787179487179486E-02 -4.5764102564102564E-02
   7.4466666666666681E-02 -4.6020512820512824E-02
   7.4274358974358981E-02 -4.6212820512820510E-02
   7.4107692307692319E-02 -4.6392307692307684E-02
   7.3966666666666667E-02 -4.6417948717948715E-02
   7.3479487179487185E-02 -4.6469230769230770E-02
   7.3312820512820509E-02 -4.6315384615384612E-02
   7.3043589743589751E-02 -4.6187179487179479E-02
   7.2748717948717956E-02 -4.6187179487179479E-02
   7.2415384615384631E-02 -4.6289743589743582E-02
   7.1941025641025655E-02 -4.6341025641025643E-02
   7.1466666666666678E-02 -4.6174358974358981E-02
   7.1248717948717954E-02 -4.5969230769230776E-02
   7.1017948717948726E-02 -4.5776923076923076E-02
   7.0800000000000002E-02 -4.5623076923076926E-02
   7.0607692307692316E-02 -4.5533333333333342E-02
   7.0415384615384616E-02 -4.5635897435897445E-02
   7.0274358974358991E-02 -4.5725641025641028E-02
   7.0094871794871810E-02 -4.5841025641025650E-02
   6.9825641025641039E-02 -4.5802564102564107E-02
   6.9671794871794882E-02 -4.5764102564102564E-02
   6.9248717948717967E-02 -4.5443589743589745E-02
   6.9069230769230772E-02 -4.5520512820512830E-02
   6.8671794871794881E-02 -4.5430769230769226E-02
   6.8325641025641037E-02 -4.5225641025641021E-02
   6.7966666666666675E-02 -4.5046153846153847E-02
   6.7607692307692313E-02 -4.4956410256410263E-02
   6.7210256410256408E-02 -4.4828205128205130E-02
   6.6864102564102579E-02 -4.4712820512820502E-02
   6.6607692307692312E-02 -4.4674358974358973E-02
   6.6351282051282046E-02 -4.4815384615384618E-02
   6.6171794871794878E-02 -4.4943589743589744E-02
   6.6005128205128216E-02 -4.4982051282051287E-02
   6.5761538461538468E-02 -4.4956410256410263E-02
   6.5428205128205144E-02 -4.4853846153846147E-02
   6.5235897435897444E-02 -4.4776923076923089E-02
   6.4569230769230782E-02 -4.4264102564102563E-02
   6.4441025641025648E-02 -4.4071794871794863E-02
   6.4056410256410262E-02 -4.3687179487179484E-02
   6.3723076923076938E-02 -4.3469230769230767E-02
   6.3351282051282057E-02 -4.3353846153846153E-02
   6.3171794871794876E-02 -4.3482051282051286E-02
   6.2953846153846152E-02 -4.3546153846153839E-02
   6.2582051282051285E-02 -4.3405128205128207E-02
   6.2082051282051291E-02 -4.3187179487179490E-02
   6.1851282051282062E-02 -4.3084615384615388E-02
   6.1761538461538458E-02 -4.3174358974358978E-02
   6.1479487179487168E-02 -4.3379487179487183E-02
   6.1325641025641024E-02 -4.3456410256410255E-02
   6.1069230769230771E-02 -4.3507692307692310E-02
   6.0928205128205133E-02 -4.3443589743589743E-02
   6.0723076923076928E-02 -4.3341025641025641E-02
   6.0569230769230771E-02 -4.3174358974358978E-02
   6.0248717948717952E-02 -4.3084615384615388E-02
   6.0069230769230771E-02 -4.3110256410256405E-02
   5.9864102564102566E-02 -4.3020512820512821E-02
   5.9517948717948709E-02 -4.2841025641025647E-02
   5.9184615384615391E-02 -4.2597435897435899E-02
   5.8966666666666674E-02 -4.2430769230769230E-02
   5.8812820512820510E-02 -4.2264102564102561E-02
   5.8466666666666667E-02 -4.2046153846153851E-02
   5.8338461538461533E-02 -4.1917948717948718E-02
   5.8312820512820503E-02 -4.1982051282051285E-02
   5.8184615384615390E-02 -4.2097435897435899E-02
   5.7889743589743595E-02 -4.2071794871794868E-02
   5.7582051282051294E-02 -4.1994871794871796E-02
   5.7197435897435901E-02 -4.1969230769230766E-02
   5.6928205128205130E-02 -4.2020512820512820E-02
   5.6697435897435894E-02 -4.2020512820512820E-02
   5.6517948717948720E-02 -4.2007692307692308E-02
   5.6223076923076931E-02 -4.1917948717948718E-02
   5.5800000000000009E-02 -4.1802564102564103E-02
   5.5415384615384602E-02 -4.1776923076923080E-02
   5.5248717948717947E-02 -4.1853846153846151E-02
   5.4992307692307694E-02 -4.1853846153846151E-02
   5.4684615384615394E-02 -4.1738461538461537E-02
   5.4376923076923073E-02 -4.1597435897435898E-02
   5.4043589743589755E-02 -4.1328205128205127E-02
   5.3825641025641024E-02 -4.1276923076923079E-02
   5.3235897435897427E-02 -4.1148717948717946E-02
   5.2979487179487181E-02 -4.1033333333333331E-02
   5.2607692307692314E-02 -4.0866666666666669E-02
   5.2184615384615385E-02 -4.0674358974358976E-02
   5.1915384615384606E-02 -4.0392307692307693E-02
   5.1697435897435903E-02 -4.0289743589743590E-02
   5.1376923076923084E-02 -4.0148717948717952E-02
   5.1120512820512824E-02 -3.9956410256410252E-02
   5.0876923076923063E-02 -3.9828205128205132E-02
   5.0953846153846162E-02 -3.9828205128205132E-02
   5.0582051282051274E-02 -3.9699999999999999E-02
   5.0338461538461526E-02 -3.9751282051282054E-02
   4.9825641025641021E-02 -3.9674358974358975E-02
   4.9441025641025628E-02 -3.9520512820512818E-02
   4.9120512820512822E-02 -3.9379487179487180E-02
   4.8889743589743587E-02 -3.9328205128205125E-02
   4.8607692307692310E-02 -3.9212820512820511E-02
   4.8197435897435907E-02 -3.9033333333333337E-02
   4.7876923076923074E-02 -3.8879487179487179E-02
   4.7658974358974371E-02 -3.8738461538461541E-02
   4.7325641025641026E-02 -3.8571794871794872E-02
   4.6915384615384616E-02 -3.8469230769230769E-02
   4.6723076923076930E-02 -3.8328205128205131E-02
   4.6620512820512827E-02 -3.8225641025641029E-02
   4.6402564102564110E-02 -3.8097435897435895E-02
   4.6069230769230772E-02 -3.8097435897435895E-02
   4.5889743589743584E-02 -3.8174358974358974E-02
   4.5838461538461543E-02 -3.8225641025641029E-02
   4.5556410256410253E-02 -3.8251282051282053E-02
   4.5248717948717945E-02 -3.8276923076923076E-02
   4.4941025641025645E-02 -3.8161538461538462E-02
   4.4851282051282040E-02 -3.8007692307692312E-02
   4.4607692307692307E-02 -3.7892307692307690E-02
   4.4492307692307692E-02 -3.7700000000000004E-02
   4.4338461538461535E-02 -3.7469230769230769E-02
   4.4133333333333330E-02 -3.7251282051282052E-02
   4.3710256410256408E-02 -3.7007692307692304E-02
   4.3441025641025650E-02 -3.6879487179487178E-02
   4.3235897435897432E-02 -3.6661538461538461E-02
   4.2735897435897438E-02 -3.6353846153846153E-02
   4.2248717948717943E-02 -3.6071794871794870E-02
   4.1761538461538468E-02 -3.5815384615384617E-02
   4.1543589743589744E-02 -3.5687179487179491E-02
   4.1389743589743587E-02 -3.5700000000000003E-02
   4.1082051282051286E-02 -3.5700000000000003E-02
   4.0517948717948706E-02 -3.5469230769230767E-02
   4.0223076923076924E-02 -3.5341025641025640E-02
   3.9646153846153845E-02 -3.5071794871794876E-02
   3.9146153846153837E-02 -3.4853846153846159E-02
   3.8748717948717946E-02 -3.4546153846153851E-02
   3.8376923076923086E-02 -3.4276923076923073E-02
   3.8171794871794881E-02 -3.4135897435897435E-02
   3.8043589743589748E-02 -3.4174358974358970E-02
   3.7889743589743577E-02 -3.4251282051282049E-02
   3.7607692307692300E-02 -3.4123076923076930E-02
   3.7376923076923085E-02 -3.4058974358974356E-02
   3.7184615384615378E-02 -3.4020512820512827E-02
   3.6876923076923078E-02 -3.4033333333333332E-02
   3.6530769230769228E-02 -3.3982051282051284E-02
   3.6056410256410258E-02 -3.3828205128205127E-02
   3.5799999999999998E-02 -3.3571794871794874E-02
   3.5710256410256408E-02 -3.3417948717948717E-02
   3.5530769230769234E-02 -3.3379487179487174E-02
   3.5299999999999998E-02 -3.3405128205128205E-02
   3.4953846153846155E-02 -3.3405128205128205E-02
   3.4710256410256407E-02 -3.3341025641025639E-02
   3.4312820512820509E-02 -3.3174358974358976E-02
   3.3941025641025642E-02 -3.3007692307692300E-02
   3.3582051282051280E-02 -3.2802564102564102E-02
   3.3133333333333334E-02 -3.2584615384615385E-02
   3.2723076923076924E-02 -3.2315384615384607E-02
   3.2261538461538460E-02 -3.2033333333333330E-02
   3.1812820512820514E-02 -3.1828205128205125E-02
   3.1428205128205128E-02 -3.1776923076923078E-02
   3.1017948717948718E-02 -3.1725641025641023E-02
   3.0684615384615387E-02 -3.1597435897435897E-02
   3.0351282051282055E-02 -3.1469230769230770E-02
   3.0171794871794867E-02 -3.1251282051282053E-02
   2.9812820512820512E-02 -3.0994871794871801E-02
   2.9441025641025638E-02 -3.0789743589743585E-02
   2.9184615384615385E-02 -3.0674358974358974E-02
   2.8851282051282047E-02 -3.0546153846153844E-02
   2.8415384615384613E-02 -3.0341025641025639E-02
   2.7979487179487179E-02 -3.0264102564102568E-02
   2.7607692307692309E-02 -3.0161538461538462E-02
   2.7146153846153848E-02 -2.9943589743589748E-02
   2.6646153846153851E-02 -2.9687179487179489E-02
   2.6312820512820512E-02 -2.9417948717948721E-02
   2.6107692307692314E-02 -2.9123076923076925E-02
   2.5864102564102563E-02 -2.8956410256410259E-02
   2.5582051282051280E-02 -2.8815384615384618E-02
   2.5364102564102563E-02 -2.8853846153846157E-02
   2.5300000000000000E-02 -2.8994871794871799E-02
   2.5300000000000000E-02 -2.9148717948717952E-02
   2.5184615384615385E-02 -2.9289743589743591E-02
   2.4928205128205129E-02 -2.9456410256410256E-02
   2.4620512820512822E-02 -2.9789743589743591E-02
   2.4517948717948719E-02 -2.9866666666666666E-02
   2.4364102564102565E-02 -2.9879487179487178E-02
   2.4017948717948712E-02 -2.9866666666666666E-02
   2.3646153846153841E-02 -2.9764102564102564E-02
   2.3492307692307691E-02 -2.9687179487179489E-02
   2.3556410256410254E-02 -2.9815384615384615E-02
   2.3517948717948715E-02 -3.0058974358974359E-02
   2.3338461538461537E-02 -3.0135897435897434E-02
   2.3171794871794871E-02 -3.0161538461538462E-02
   2.2774358974358973E-02 -3.0264102564102568E-02
   2.2543589743589745E-02 -3.0353846153846162E-02
   2.2351282051282052E-02 -3.0302564102564100E-02
   2.1915384615384614E-02 -3.0033333333333332E-02
   2.1594871794871785E-02 -2.9776923076923072E-02
   2.1428205128205122E-02 -2.9494871794871796E-02
   2.0992307692307692E-02 -2.9046153846153850E-02
   2.0761538461538460E-02 -2.8661538461538467E-02
   2.0543589743589743E-02 -2.8161538461538460E-02
   2.0312820512820511E-02 -2.7879487179487177E-02
   2.0146153846153845E-02 -2.7623076923076924E-02
   2.0312820512820511E-02 -2.7443589743589743E-02
   2.0364102564102562E-02 -2.7123076923076923E-02
   2.0287179487179487E-02 -2.6776923076923080E-02
   2.0274358974358975E-02 -2.6635897435897438E-02
   2.0133333333333333E-02 -2.6558974358974363E-02
   1.9928205128205128E-02 -2.6571794871794872E-02
   1.9594871794871793E-02 -2.6507692307692312E-02
   1.9197435897435902E-02 -2.6302564102564104E-02
   1.8928205128205134E-02 -2.6264102564102564E-02
   1.8697435897435895E-02 -2.6212820512820513E-02
   1.8261538461538461E-02 -2.6033333333333339E-02
   1.7838461538461532E-02 -2.5866666666666673E-02
   1.7466666666666669E-02 -2.5571794871794871E-02
   1.7158974358974358E-02 -2.5174358974358976E-02
   1.6812820512820514E-02 -2.4982051282051283E-02
   1.6428205128205128E-02 -2.4584615384615385E-02
   1.5825641025641029E-02 -2.3930769230769231E-02
   1.5402564102564105E-02 -2.3533333333333337E-02
   1.4735897435897436E-02 -2.3123076923076923E-02
   1.4402564102564104E-02 -2.2969230769230773E-02
   1.4210256410256411E-02 -2.2789743589743588E-02
   1.3966666666666671E-02 -2.2533333333333332E-02
   1.3748717948717950E-02 -2.2289743589743585E-02
   1.3453846153846151E-02 -2.1956410256410257E-02
   1.3235897435897434E-02 -2.1776923076923079E-02
   1.3056410256410257E-02 -2.1712820512820512E-02
   1.2723076923076922E-02 -2.1738461538461540E-02
   1.2517948717948721E-02 -2.1930769230769233E-02
   1.2261538461538464E-02 -2.1969230769230769E-02
   1.1979487179487181E-02 -2.1879487179487182E-02
   1.1620512820512822E-02 -2.1725641025641028E-02
   1.1569230769230771E-02 -2.1866666666666666E-02
   1.1441025641025643E-02 -2.1905128205128205E-02
   1.1261538461538463E-02 -2.1828205128205130E-02
   1.0941025641025641E-02 -2.1687179487179489E-02
   1.0684615384615384E-02 -2.1571794871794874E-02
   1.0479487179487179E-02 -2.1507692307692308E-02
   1.0300000000000002E-02 -2.1610256410256410E-02
   1.0107692307692309E-02 -2.1751282051282052E-02
   9.8256410256410218E-03 -2.1712820512820512E-02
   9.4666666666666666E-03 -2.1494871794871799E-02
   9.0051282051282020E-03 -2.1110256410256413E-02
   8.7230769230769237E-03 -2.0776923076923078E-02
   8.4794871794871777E-03 -2.0238461538461539E-02
   8.4666666666666657E-03 -1.9802564102564105E-02
   8.5820512820512802E-03 -1.9533333333333333E-02
   8.7487179487179493E-03 -1.9482051282051282E-02
   8.7487179487179493E-03 -1.9251282051282053E-02
   8.7102564102564135E-03 -1.8982051282051281E-02
   8.6205128205128195E-03 -1.8635897435897438E-02
   8.4794871794871777E-03 -1.8443589743589742E-02
   8.2358974358974369E-03 -1.8315384615384619E-02
   7.9923076923076927E-03 -1.8200000000000001E-02
   7.4666666666666683E-03 -1.8007692307692308E-02
   6.9794871794871816E-03 -1.7815384615384611E-02
   6.5692307692307699E-03 -1.7456410256410256E-02
   6.1461538461538481E-03 -1.7046153846153850E-02
   5.7358974358974347E-03 -1.6597435897435897E-02
   5.3769230769230760E-03 -1.6302564102564109E-02
   5.0692307692307686E-03 -1.5905128205128207E-02
   4.7871794871794885E-03 -1.5648717948717951E-02
   4.4923076923076930E-03 -1.5379487179487178E-02
   4.1589743589743582E-03 -1.5199999999999997E-02
   3.6974358974358975E-03 -1.4982051282051281E-02
   3.3128205128205124E-03 -1.4815384615384614E-02
   2.8641025641025640E-03 -1.4558974358974358E-02
   2.4025641025641020E-03 -1.4558974358974358E-02
   2.0692307692307690E-03 -1.4546153846153846E-02
   1.7102564102564103E-03 -1.4443589743589743E-02
   1.1461538461538467E-03 -1.4174358974358975E-02
   1.0179487179487177E-03 -1.3956410256410258E-02
   7.9999999999999993E-04 -1.3674358974358975E-02
   5.8205128205128173E-04 -1.3430769230769231E-02
   3.3846153846153835E-04 -1.3302564102564104E-02
   1.5897435897435901E-04 -1.3084615384615387E-02
   5.1282051282048637E-06 -1.2789743589743588E-02
  -1.1025641025641042E-04 -1.2405128205128206E-02
  -2.2564102564102571E-04 -1.2123076923076920E-02
  -2.3846153846153852E-04 -1.1802564102564101E-02
  -3.4102564102564056E-04 -1.1533333333333331E-02
  -4.3076923076923066E-04 -1.1200000000000000E-02
  -2.3846153846153852E-04 -1.0943589743589745E-02
  -2.1282051282051290E-04 -1.0635897435897436E-02
  -9.7435897435897614E-05 -1.0341025641025643E-02
   4.3589743589743293E-05 -1.0110256410256410E-02
   1.9743589743589744E-04 -9.7384615384615379E-03
   2.2307692307692306E-04 -9.4948717948717936E-03
   4.2820512820512802E-04 -9.3794871794871809E-03
   7.6153846153846150E-04 -9.4820512820512817E-03
   8.8974358974358960E-04 -9.4435897435897424E-03
   1.0692307692307698E-03 -9.4051282051282065E-03
   1.2871794871794867E-03 -9.3025641025641041E-03
   1.1205128205128210E-03 -9.2769230769230784E-03
   7.8717948717948712E-04 -9.1871794871794879E-03
   4.1538461538461521E-04 -9.0205128205128205E-03
   1.8461538461538507E-04 -8.8410256410256412E-03
  -2.0512820512820322E-05 -8.6871794871794875E-03
  -1.4871794871794885E-04 -8.5589743589743594E-03
  -2.5128205128205176E-04 -8.2897435897435895E-03
  -4.1794871794871786E-04 -8.1871794871794870E-03
  -6.2307692307692368E-04 -8.0846153846153845E-03
  -9.3076923076923111E-04 -7.6871794871794866E-03
  -1.0333333333333336E-03 -7.4307692307692304E-03
  -1.1487179487179489E-03 -7.2384615384615391E-03
  -1.2000000000000001E-03 -6.8410256410256411E-03
  -1.2128205128205129E-03 -6.3538461538461544E-03
  -1.2128205128205129E-03 -6.0717948717948717E-03
  -1.4307692307692309E-03 -5.8282051282051283E-03
  -1.5205128205128208E-03 -5.4948717948717953E-03
  -1.6358974358974361E-03 -5.0589743589743597E-03
  -1.8923076923076925E-03 -4.7897435897435899E-03
  -2.1102564102564105E-03 -4.4564102564102568E-03
  -2.3538461538461538E-03 -4.1102564102564101E-03
  -2.5589743589743592E-03 -3.7641025641025642E-03
  -2.9564102564102563E-03 -3.3538461538461539E-03
  -3.1230769230769229E-03 -3.0333333333333336E-03
  -3.1743589743589745E-03 -2.7128205128205130E-03
  -3.3025641025641026E-03 -2.3282051282051282E-03
  -3.4820512820512824E-03 -2.0076923076923076E-03
  -3.5333333333333336E-03 -1.5076923076923080E-03
  -3.1358974358974357E-03 -1.1615384615384617E-03
  -2.9307692307692307E-03 -9.9487179487179516E-04
  -2.7512820512820514E-03 -7.2564102564102572E-04
  -2.8153846153846154E-03 -3.1538461538461494E-04
  -2.7769230769230770E-03  1.8461538461538507E-04
  -2.8025641025641026E-03  4.4102564102564083E-04
  -2.9179487179487179E-03  6.2051282051282059E-04
  -3.0333333333333336E-03  8.1282051282051187E-04
  -3.1487179487179489E-03  9.9230769230769207E-04
  -3.2641025641025642E-03  1.5435897435897429E-03
  -3.1871794871794873E-03  2.1333333333333339E-03
  -3.0076923076923076E-03  2.4794871794871789E-03
  -2.9435897435897435E-03  2.5948717948717933E-03
  -2.9307692307692307E-03  2.7615384615384615E-03
  -2.9948717948717952E-03  2.9923076923076921E-03
  -3.1358974358974357E-03  3.0948717948717946E-03
  -3.2897435897435903E-03  3.4794871794871798E-03
  -3.1871794871794873E-03  3.9282051282051277E-03
  -3.0205128205128208E-03  4.4666666666666674E-03
  -2.9948717948717952E-03  4.8128205128205124E-03
  -2.9051282051282051E-03  5.1974358974358984E-03
  -2.8666666666666667E-03  5.5692307692307690E-03
  -2.8410256410256410E-03  5.9282051282051277E-03
  -2.7512820512820514E-03  6.3897435897435888E-03
  -2.8538461538461539E-03  6.7102564102564082E-03
  -2.6230769230769233E-03  7.2102564102564087E-03
  -2.6230769230769233E-03  7.4923076923076922E-03
  -2.8794871794871795E-03  7.8769230769230782E-03
  -3.1358974358974357E-03  8.1461538461538464E-03
  -3.2897435897435903E-03  8.4282051282051264E-03
  -3.3538461538461539E-03  8.7487179487179493E-03
  -3.6487179487179489E-03  9.4410256410256427E-03
  -3.8282051282051283E-03  9.7615384615384621E-03
  -3.9307692307692307E-03  1.0197435897435896E-02
  -3.7641025641025642E-03  1.0505128205128209E-02
  -3.6102564102564105E-03  1.0889743589743589E-02
  -3.5333333333333336E-03  1.1364102564102566E-02
  -3.4435897435897440E-03  1.1928205128205133E-02
  -3.4307692307692312E-03  1.2248717948717949E-02
  -3.1743589743589745E-03  1.2479487179487181E-02
  -2.9435897435897435E-03  1.2671794871794874E-02
  -2.8410256410256410E-03  1.3248717948717953E-02
  -2.7769230769230770E-03  1.3582051282051285E-02
  -3.0333333333333336E-03  1.3697435897435899E-02
  -3.2128205128205130E-03  1.3825641025641025E-02
  -3.3538461538461539E-03  1.4043589743589742E-02
  -3.3153846153846150E-03  1.4376923076923077E-02
  -3.3538461538461539E-03  1.4774358974358975E-02
  -3.4692307692307696E-03  1.5158974358974361E-02
  -3.4948717948717952E-03  1.5646153846153844E-02
  -3.4307692307692312E-03  1.6184615384615384E-02
  -3.3153846153846150E-03  1.6620512820512821E-02
  -3.0974358974358977E-03  1.6966666666666668E-02
  -2.8666666666666667E-03  1.7184615384615385E-02
  -2.5717948717948720E-03  1.7594871794871795E-02
  -2.3538461538461538E-03  1.8056410256410256E-02
  -2.1358974358974361E-03  1.8364102564102560E-02
  -1.9051282051282053E-03  1.8492307692307690E-02
  -1.7256410256410257E-03  1.8889743589743584E-02
  -1.4948717948717950E-03  1.9223076923076923E-02
  -1.3153846153846154E-03  1.9312820512820517E-02
  -1.4435897435897437E-03  1.9543589743589742E-02
  -1.5589743589743592E-03  2.0146153846153845E-02
  -1.3282051282051284E-03  2.0428205128205128E-02
  -1.1102564102564104E-03  2.0838461538461535E-02
  -1.0333333333333336E-03  2.1287179487179484E-02
  -8.1538461538461582E-04  2.1735897435897433E-02
  -5.7179487179487200E-04  2.2005128205128201E-02
  -5.8974358974359185E-05  2.2492307692307693E-02
   5.1282051282048637E-06  2.2928205128205127E-02
   3.5128205128205116E-04  2.3210256410256407E-02
   7.6153846153846150E-04  2.3543589743589746E-02
   1.0948717948717954E-03  2.3710256410256408E-02
   8.1282051282051187E-04  2.3864102564102565E-02
   7.3589743589743588E-04  2.4287179487179476E-02
   9.0256410256410241E-04  2.4787179487179487E-02
   1.0435897435897433E-03  2.5043589743589743E-02
   1.2487179487179491E-03  2.5479487179487177E-02
   1.4923076923076917E-03  2.5787179487179485E-02
   1.7230769230769231E-03  2.6069230769230765E-02
   1.9794871794871793E-03  2.6299999999999997E-02
   2.3512820512820508E-03  2.6376923076923083E-02
   2.7743589743589744E-03  2.6505128205128205E-02
   3.2102564102564099E-03  2.6607692307692297E-02
   3.6333333333333335E-03  2.6825641025641028E-02
   3.5692307692307703E-03  2.6992307692307694E-02
   3.7102564102564103E-03  2.7492307692307694E-02
   3.8769230769230769E-03  2.7812820512820514E-02
   4.1076923076923070E-03  2.8030769230769231E-02
   4.0820512820512814E-03  2.8287179487179480E-02
   4.2230769230769231E-03  2.8761538461538456E-02
   4.5948717948717955E-03  2.8953846153846156E-02
   4.9538461538461542E-03  2.9312820512820512E-02
   5.1461538461538454E-03  2.9658974358974355E-02
   5.0692307692307686E-03  3.0005128205128205E-02
   5.0051282051282054E-03  3.0402564102564103E-02
   5.0307692307692293E-03  3.0864102564102561E-02
   5.1717948717948711E-03  3.1479487179487176E-02
   5.3641025641025641E-03  3.1928205128205128E-02
   5.5307692307692297E-03  3.2351282051282050E-02
   5.4153846153846153E-03  3.2620512820512822E-02
   5.3256410256410248E-03  3.2966666666666665E-02
   5.3000000000000009E-03  3.3351282051282051E-02
   5.4153846153846153E-03  3.3812820512820516E-02
   5.6205128205128203E-03  3.4299999999999997E-02
   5.9923076923076943E-03  3.4710256410256407E-02
   6.2230769230769232E-03  3.4928205128205124E-02
   6.5307692307692306E-03  3.5146153846153848E-02
   6.7999999999999988E-03  3.5376923076923077E-02
   7.0435897435897447E-03  3.5530769230769234E-02
   7.2487179487179480E-03  3.5646153846153848E-02
   7.3769230769230778E-03  3.5735897435897439E-02
   7.9410256410256414E-03  3.5889743589743589E-02
   8.3256410256410274E-03  3.6158974358974361E-02
   8.7358974358974373E-03  3.6312820512820511E-02
   9.1333333333333318E-03  3.6633333333333330E-02
   9.5179487179487179E-03  3.7005128205128204E-02
   9.8384615384615372E-03  3.7312820512820512E-02
   1.0030769230769234E-02  3.7543589743589748E-02
   1.0235897435897435E-02  3.7800000000000007E-02
   1.0479487179487179E-02  3.7992307692307679E-02
   1.0915384615384615E-02  3.8133333333333325E-02
   1.1312820512820515E-02  3.8261538461538465E-02
   1.1684615384615385E-02  3.8376923076923086E-02
   1.1966666666666667E-02  3.8466666666666670E-02
   1.2184615384615384E-02  3.8517948717948718E-02
   1.2389743589743587E-02  3.8569230769230772E-02
   1.2517948717948721E-02  3.8851282051282049E-02
   1.2569230769230772E-02  3.9261538461538459E-02
   1.2633333333333335E-02  3.9864102564102562E-02
   1.2800000000000001E-02  4.0235897435897443E-02
   1.3017948717948718E-02  4.0684615384615382E-02
   1.3300000000000005E-02  4.0953846153846153E-02
   1.3658974358974363E-02  4.1338461538461546E-02
   1.3966666666666671E-02  4.1825641025641021E-02
   1.4184615384615388E-02  4.2248717948717943E-02
   1.4517948717948719E-02  4.2453846153846161E-02
   1.5005128205128207E-02  4.2646153846153848E-02
   1.5492307692307692E-02  4.2748717948717950E-02
   1.5582051282051283E-02  4.3005128205128203E-02
   1.5582051282051283E-02  4.3312820512820503E-02
   1.5671794871794868E-02  4.3723076923076927E-02
   1.5979487179487183E-02  4.4005128205128204E-02
   1.6120512820512821E-02  4.4287179487179487E-02
   1.6287179487179487E-02  4.4646153846153842E-02
   1.6607692307692313E-02  4.5005128205128204E-02
   1.6799999999999999E-02  4.5402564102564109E-02
   1.7171794871794873E-02  4.5646153846153850E-02
   1.7287179487179487E-02  4.5851282051282055E-02
   1.7697435897435897E-02  4.5992307692307687E-02
   1.8005128205128205E-02  4.6030769230769229E-02
   1.8428205128205127E-02  4.6005128205128205E-02
   1.8838461538461533E-02  4.6069230769230772E-02
   1.9389743589743592E-02  4.6197435897435891E-02
   1.9851282051282049E-02  4.6235897435897434E-02
   2.0415384615384613E-02  4.6261538461538465E-02
   2.1210256410256412E-02  4.6235897435897434E-02
   2.2005128205128201E-02  4.6325641025641025E-02
   2.2479487179487181E-02  4.6441025641025639E-02
   2.2761538461538462E-02  4.6594871794871796E-02
   2.2915384615384615E-02  4.7197435897435892E-02
   2.2992307692307690E-02  4.7325641025641026E-02
   2.3210256410256407E-02  4.7479487179487169E-02
   2.3441025641025640E-02  4.7607692307692302E-02
   2.3620512820512817E-02  4.7838461538461531E-02
   2.3748717948717944E-02  4.7915384615384603E-02
   2.4030769230769231E-02  4.8043589743589750E-02
   2.4197435897435900E-02  4.8133333333333334E-02
   2.4325641025641030E-02  4.8338461538461538E-02
   2.4723076923076924E-02  4.8633333333333341E-02
   2.4979487179487180E-02  4.8748717948717941E-02
   2.5402564102564102E-02  4.8761538461538460E-02
   2.5556410256410256E-02  4.8812820512820515E-02
   2.5787179487179485E-02  4.9017948717948720E-02
   2.6184615384615383E-02  4.9351282051282051E-02
   2.6428205128205137E-02  4.9556410256410256E-02
   2.6594871794871799E-02  4.9812820512820516E-02
   2.6671794871794868E-02  5.0441025641025629E-02
   2.7120512820512817E-02  5.0761538461538462E-02
   2.7402564102564104E-02  5.1017948717948708E-02
   2.7697435897435896E-02  5.1287179487179486E-02
   2.8030769230769231E-02  5.1543589743589746E-02
   2.8530769230769235E-02  5.1966666666666654E-02
   2.8684615384615378E-02  5.2082051282051282E-02
   2.8902564102564109E-02  5.2223076923076928E-02
   2.9171794871794873E-02  5.2351282051282040E-02
   2.9543589743589740E-02  5.2543589743589747E-02
   2.9915384615384615E-02  5.2735897435897447E-02
   3.0235897435897441E-02  5.2941025641025652E-02
   3.0671794871794875E-02  5.3133333333333324E-02
   3.0928205128205127E-02  5.3248717948717952E-02
   3.1364102564102561E-02  5.3402564102564089E-02
   3.1633333333333333E-02  5.3646153846153850E-02
   3.1787179487179483E-02  5.3953846153846151E-02
   3.2017948717948719E-02  5.4197435897435899E-02
   3.2146153846153852E-02  5.4376923076923073E-02
   3.2338461538461538E-02  5.4530769230769230E-02
   3.2710256410256405E-02  5.4697435897435892E-02
   3.2953846153846153E-02  5.4697435897435892E-02
   3.3479487179487177E-02  5.4620512820512834E-02
   3.4146153846153847E-02  5.4748717948717947E-02
   3.4517948717948714E-02  5.5069230769230766E-02
   3.4710256410256407E-02  5.5223076923076930E-02
   3.5056410256410257E-02  5.5428205128205128E-02
   3.5299999999999998E-02  5.5761538461538453E-02
   3.5517948717948722E-02  5.6120512820512815E-02
   3.5748717948717951E-02  5.6376923076923074E-02
   3.5928205128205132E-02  5.6530769230769225E-02
   3.6210256410256408E-02  5.6838461538461553E-02
   3.6312820512820511E-02  5.7107692307692311E-02
   3.6505128205128204E-02  5.7517948717948721E-02
   3.6774358974358975E-02  5.7799999999999997E-02
   3.6992307692307692E-02  5.7902564102564100E-02
   3.7582051282051283E-02  5.7953846153846154E-02
   3.7800000000000007E-02  5.8069230769230762E-02
   3.8146153846153837E-02  5.8441025641025636E-02
   3.8364102564102567E-02  5.8633333333333336E-02
   3.8658974358974363E-02  5.8838461538461541E-02
   3.8697435897435906E-02  5.8966666666666674E-02
   3.8915384615384623E-02  5.8915384615384613E-02
   3.9235897435897442E-02  5.8941025641025643E-02
   3.9505128205128200E-02  5.9184615384615391E-02
   3.9774358974358978E-02  5.9492307692307685E-02
   4.0158974358974357E-02  5.9915384615384613E-02
   4.0569230769230774E-02  6.0299999999999999E-02
   4.1300000000000003E-02  6.0466666666666662E-02
   4.1684615384615382E-02  6.0530769230769228E-02
   4.1876923076923082E-02  6.0556410256410252E-02
   4.2312820512820516E-02  6.0556410256410252E-02
   4.2594871794871793E-02  6.0607692307692314E-02
   4.2966666666666667E-02  6.0710256410256409E-02
   4.3133333333333329E-02  6.0915384615384614E-02
   4.3351282051282046E-02  6.1158974358974362E-02
   4.3569230769230763E-02  6.1402564102564110E-02
   4.3748717948717951E-02  6.1607692307692315E-02
   4.3864102564102565E-02  6.1684615384615386E-02
   4.4069230769230770E-02  6.1723076923076915E-02
   4.4223076923076921E-02  6.1774358974358977E-02
   4.4607692307692307E-02  6.2133333333333325E-02
   4.4902564102564102E-02  6.2389743589743592E-02
   4.5274358974358976E-02  6.2697435897435913E-02
   4.5671794871794881E-02  6.2723076923076937E-02
   4.5928205128205127E-02  6.2697435897435913E-02
   4.6402564102564110E-02  6.2684615384615394E-02
   4.6812820512820513E-02  6.2851282051282056E-02
   4.7107692307692302E-02  6.2992307692307695E-02
   4.7312820512820507E-02  6.3056410256410261E-02
   4.7607692307692302E-02  6.3710256410256419E-02
   4.7658974358974371E-02  6.3774358974358986E-02
   4.7953846153846146E-02  6.4082051282051286E-02
   4.8364102564102569E-02  6.4389743589743600E-02
   4.8658974358974358E-02  6.4646153846153853E-02
   4.9082051282051280E-02  6.4671794871794877E-02
   4.9364102564102570E-02  6.4671794871794877E-02
   4.9607692307692311E-02  6.4671794871794877E-02
   4.9825641025641021E-02  6.4800000000000010E-02
   5.0389743589743595E-02  6.4761538461538468E-02
   5.0671794871794858E-02  6.4774358974358986E-02
   5.0992307692307691E-02  6.4825641025641034E-02
   5.1223076923076927E-02  6.5171794871794878E-02
   5.1646153846153849E-02  6.5761538461538468E-02
   5.1953846153846149E-02  6.6158974358974360E-02
   5.2210256410256409E-02  6.6505128205128217E-02
   5.2453846153846143E-02  6.6671794871794879E-02
   5.2697435897435890E-02  6.6723076923076940E-02
   5.2941025641025652E-02  6.6851282051282060E-02
   5.3299999999999986E-02  6.7210256410256408E-02
   5.3492307692307686E-02  6.7364102564102579E-02
   5.3851282051282048E-02  6.7376923076923084E-02
   5.4351282051282042E-02  6.7325641025641036E-02
   5.4774358974358964E-02  6.7312820512820518E-02
   5.5287179487179490E-02  6.7312820512820518E-02
   5.5671794871794876E-02  6.7415384615384613E-02
   5.5825641025641026E-02  6.7492307692307699E-02
   5.6261538461538460E-02  6.7928205128205132E-02
   5.6441025641025648E-02  6.8594871794871809E-02
   5.6761538461538454E-02  6.9017948717948724E-02
   5.7133333333333328E-02  6.9351282051282048E-02
   5.7594871794871792E-02  6.9569230769230772E-02
   5.8312820512820503E-02  6.9633333333333339E-02
   5.8941025641025643E-02  6.9658974358974377E-02
   5.9158974358974346E-02  6.9902564102564110E-02
   5.9415384615384599E-02  7.0094871794871810E-02
   5.9787179487179480E-02  7.0287179487179496E-02
   6.0274358974358976E-02  7.0530769230769244E-02
   6.0530769230769228E-02  7.0941025641025654E-02
   6.0966666666666662E-02  7.1312820512820521E-02
   6.1235897435897434E-02  7.1748717948717955E-02
   6.1479487179487168E-02  7.2005128205128222E-02
   6.1774358974358977E-02  7.2146153846153860E-02
   6.2107692307692301E-02  7.2120512820512822E-02
   6.2351282051282049E-02  7.2043589743589750E-02
   6.2569230769230766E-02  7.1941025641025655E-02
   6.2800000000000009E-02  7.1915384615384617E-02
   6.3082051282051285E-02  7.2197435897435908E-02
   6.3338461538461552E-02  7.2466666666666665E-02
   6.3556410256410262E-02  7.2710256410256413E-02
   6.3812820512820514E-02  7.2966666666666666E-02
   6.4184615384615396E-02  7.2915384615384618E-02
   6.4364102564102577E-02  7.2864102564102570E-02
   6.4620512820512829E-02  7.2812820512820522E-02
   6.4953846153846154E-02  7.2671794871794870E-02
   6.5261538461538468E-02  7.2543589743589751E-02
   6.5517948717948721E-02  7.2325641025641027E-02
   6.5594871794871806E-02  7.2171794871794884E-02
   6.6030769230769240E-02  7.1838461538461545E-02
   6.6223076923076926E-02  7.1658974358974364E-02
   6.6543589743589746E-02  7.1235897435897436E-02
   6.6799999999999998E-02  7.0928205128205135E-02
   6.6966666666666674E-02  7.0646153846153859E-02
   6.7197435897435903E-02  7.0441025641025654E-02
   6.7300000000000013E-02  7.0338461538461544E-02
   6.7517948717948723E-02  7.0312820512820520E-02
   6.7620512820512818E-02  7.0441025641025654E-02
   6.7582051282051289E-02  7.0800000000000002E-02
   6.7505128205128218E-02  7.1094871794871797E-02
   6.7235897435897446E-02  7.1697435897435907E-02
   6.7376923076923084E-02  7.1979487179487184E-02
   6.7658974358974361E-02  7.2338461538461546E-02
   6.7787179487179494E-02  7.2633333333333341E-02
   6.8030769230769228E-02  7.3171794871794871E-02
   6.8492307692307700E-02  7.3287179487179499E-02
   6.8697435897435905E-02  7.3492307692307704E-02
   6.8928205128205133E-02  7.3889743589743609E-02
   6.9146153846153843E-02  7.4223076923076933E-02
   6.9312820512820519E-02  7.4351282051282053E-02
   6.9441025641025653E-02  7.4415384615384619E-02
   6.9851282051282063E-02  7.4517948717948729E-02
   6.9966666666666663E-02  7.4517948717948729E-02
   7.0364102564102568E-02  7.4697435897435910E-02
   7.0582051282051278E-02  7.4979487179487186E-02
   7.0825641025641026E-02  7.5158974358974368E-02
   7.1197435897435893E-02  7.5261538461538463E-02
   7.1530769230769245E-02  7.5223076923076920E-02
   7.1787179487179498E-02  7.5184615384615391E-02
   7.2030769230769232E-02  7.5223076923076920E-02
   7.2415384615384631E-02  7.5492307692307692E-02
   7.2774358974358980E-02  7.5851282051282054E-02
   7.3043589743589751E-02  7.6158974358974368E-02
   7.3248717948717956E-02  7.6287179487179488E-02
   7.3582051282051281E-02  7.6466666666666669E-02
   7.3838461538461547E-02  7.6658974358974369E-02
   7.4210256410256414E-02  7.6748717948717959E-02
   7.4517948717948729E-02  7.6697435897435898E-02
   7.4812820512820510E-02  7.6735897435897440E-02
   7.5158974358974368E-02  7.6774358974358983E-02
   7.5569230769230777E-02  7.6838461538461550E-02
   7.5889743589743597E-02  7.6735897435897440E-02
   7.6402564102564116E-02  7.6582051282051283E-02
   7.6594871794871802E-02  7.6594871794871802E-02
   7.6671794871794874E-02  7.6633333333333345E-02
   7.7017948717948731E-02  7.6928205128205127E-02
   7.7389743589743598E-02  7.7171794871794860E-02
   7.7582051282051270E-02  7.7197435897435898E-02
   7.8158974358974384E-02  7.7235897435897441E-02
   7.8325641025641032E-02  7.7466666666666684E-02
   7.8582051282051271E-02  7.7594871794871803E-02
   7.9133333333333347E-02  7.7761538461538479E-02
   7.9607692307692310E-02  7.7748717948717946E-02
   8.0056410256410249E-02  7.7800000000000008E-02
   8.0402564102564106E-02  7.7928205128205127E-02
   8.0825641025641035E-02  7.8235897435897442E-02
   8.1056410256410263E-02  7.8402564102564118E-02
   8.1402564102564107E-02  7.8658974358974371E-02
   8.1723076923076940E-02  7.8851282051282043E-02
   8.1902564102564149E-02  7.8902564102564104E-02
   8.2325641025641036E-02  7.8876923076923081E-02
   8.2684615384615398E-02  7.9146153846153852E-02
   8.2992307692307726E-02  7.9505128205128214E-02
   8.3351282051282061E-02  7.9748717948717962E-02
   8.3787179487179494E-02  7.9812820512820515E-02
   8.4030769230769270E-02  7.9761538461538467E-02
   8.4633333333333338E-02  7.9684615384615395E-02
   8.4992307692307700E-02  7.9774358974358986E-02
   8.5389743589743577E-02  7.9735897435897443E-02
   8.5992307692307673E-02  7.9633333333333362E-02
   8.6453846153846145E-02  7.9428205128205115E-02
   8.6902564102564112E-02  7.9043589743589757E-02
   8.7120512820512822E-02  7.8825641025641019E-02
   8.7658974358974351E-02  7.8466666666666671E-02
   8.7979487179487184E-02  7.8235897435897442E-02
   8.8171794871794884E-02  7.8107692307692350E-02
   9.1171794871794887E-02  7.9530769230769238E-02
   9.1197435897435938E-02  7.9735897435897443E-02
   9.1120512820512825E-02  7.9992307692307696E-02
   9.1312820512820525E-02  8.0158974358974372E-02
   9.1197435897435938E-02  8.0441025641025662E-02
   9.1184615384615392E-02  8.0620512820512830E-02
   9.1479487179487201E-02  8.0774358974358959E-02
   9.1658974358974354E-02  8.0889743589743587E-02
   9.1928205128205140E-02  8.1094871794871792E-02
   9.2043589743589768E-02  8.1171794871794864E-02
   9.2299999999999993E-02  8.1299999999999997E-02
   9.2505128205128198E-02  8.1338461538461526E-02
   9.2735897435897427E-02  8.1479487179487206E-02
   9.2915384615384650E-02  8.1812820512820503E-02
   9.3094871794871803E-02  8.2133333333333336E-02
   9.3171794871794875E-02  8.2171794871794865E-02
   9.3582051282051271E-02  8.2005128205128217E-02
   9.4056410256410247E-02  8.1761538461538483E-02
   9.4312820512820528E-02  8.1453846153846168E-02
   9.4671794871794862E-02  8.1210256410256421E-02
   9.5005128205128228E-02  8.0928205128205130E-02
   9.5248717948717962E-02  8.0517948717948734E-02
   9.5517948717948734E-02  8.0184615384615396E-02
   9.5697435897435887E-02  7.9876923076923095E-02
   0.1093384615384615      8.3941025641025652E-02
   0.1093384615384615      8.4171794871794881E-02
   0.1094410256410256      8.4543589743589734E-02
   0.1095692307692308      8.4735897435897420E-02
   0.1098384615384615      8.5107692307692301E-02
   0.1100179487179487      8.5338461538461530E-02
   0.1101589743589744      8.5582051282051264E-02
   0.1102487179487180      8.5966666666666677E-02
   0.1104538461538462      8.6120512820512848E-02
   0.1106974358974359      8.6223076923076916E-02
   0.1109538461538462      8.6261538461538473E-02
   0.1113256410256410      8.6287179487179497E-02
   0.1115307692307692      8.6248717948717954E-02
   0.1121589743589744      8.6171794871794868E-02
   0.1129538461538461      8.6069230769230773E-02
   0.1132487179487180      8.5953846153846186E-02
   0.1135820512820513      8.5812820512820534E-02
   0.1137871794871795      8.5620512820512806E-02
   0.1139923076923077      8.5594871794871810E-02
   0.1142358974358974      8.5761538461538486E-02
   0.1145051282051282      8.6056410256410268E-02
   0.1151205128205128      8.6325641025641039E-02
   0.1155564102564103      8.6338461538461544E-02
   0.1160564102564103      8.6402564102564125E-02
   0.1164538461538462      8.6389743589743578E-02
   0.1168641025641026      8.6351282051282091E-02
   0.1173256410256410      8.6364102564102582E-02
   0.1176076923076923      8.6415384615384602E-02
   0.1179538461538462      8.6787179487179483E-02
   0.1179794871794872      8.7017948717948712E-02
   0.1179666666666667      8.7299999999999989E-02
   0.1180820512820513      8.7787179487179498E-02
   0.1182487179487179      8.8197435897435908E-02
   0.1184538461538462      8.8556410256410270E-02
   0.1187615384615385      8.8966666666666680E-02
   0.1190948717948718      8.9223076923076933E-02
   0.1194538461538462      8.9338461538461533E-02
   0.1199153846153846      8.9376923076923062E-02
   0.1205564102564103      8.9082051282051308E-02
   0.1209538461538462      8.8735897435897423E-02
   0.1212102564102564      8.8415384615384618E-02
   0.1217871794871795      8.7928205128205136E-02
   0.1220179487179487      8.7697435897435880E-02
   0.1221589743589743      8.7466666666666651E-02
