   7.4184615384615391E-02 -4.2943589743589743E-02
   7.3915384615384619E-02 -4.2982051282051285E-02
   7.3787179487179486E-02 -4.3033333333333333E-02
   7.3453846153846161E-02 -4.3187179487179490E-02
   7.3351282051282052E-02 -4.3315384615384624E-02
   7.3505128205128209E-02 -4.3533333333333327E-02
   7.3582051282051281E-02 -4.3751282051282044E-02
   7.3633333333333342E-02 -4.4046153846153846E-02
   7.3594871794871800E-02 -4.4405128205128201E-02
   7.3505128205128209E-02 -4.4700000000000004E-02
   7.3338461538461547E-02 -4.4956410256410263E-02
   7.3287179487179499E-02 -4.5264102564102564E-02
   7.3389743589743595E-02 -4.5405128205128209E-02
   7.3364102564102571E-02 -4.5674358974358974E-02
   7.3312820512820509E-02 -4.5853846153846148E-02
   7.3248717948717956E-02 -4.6033333333333336E-02
   7.3133333333333342E-02 -4.6225641025641022E-02
   7.2915384615384618E-02 -4.6341025641025643E-02
   7.2697435897435894E-02 -4.6302564102564100E-02
   7.2441025641025641E-02 -4.6212820512820510E-02
   7.2312820512820522E-02 -4.6161538461538469E-02
   7.1710256410256412E-02 -4.6187179487179479E-02
   7.1633333333333341E-02 -4.6379487179487186E-02
   7.1723076923076931E-02 -4.6623076923076920E-02
   7.1492307692307702E-02 -4.7199999999999999E-02
   7.1415384615384617E-02 -4.6841025641025651E-02
   7.1466666666666678E-02 -4.6546153846153841E-02
   7.1351282051282064E-02 -4.6238461538461541E-02
   7.1325641025641040E-02 -4.5892307692307691E-02
   7.1325641025641040E-02 -4.5610256410256414E-02
   7.1376923076923088E-02 -4.5379487179487185E-02
   7.1248717948717954E-02 -4.5315384615384625E-02
   7.1030769230769231E-02 -4.5276923076923069E-02
   7.0941025641025654E-02 -4.5135897435897437E-02
   7.1017948717948726E-02 -4.4828205128205130E-02
   7.1197435897435893E-02 -4.4571794871794884E-02
   7.1235897435897436E-02 -4.4366666666666665E-02
   7.1376923076923088E-02 -4.4007692307692303E-02
   7.1505128205128207E-02 -4.3648717948717941E-02
   7.1530769230769245E-02 -4.3392307692307695E-02
   7.1569230769230774E-02 -4.3187179487179490E-02
   6.9402564102564110E-02 -4.2046153846153851E-02
   6.9364102564102567E-02 -4.2225641025641025E-02
   6.9248717948717967E-02 -4.2520512820512821E-02
   6.9146153846153843E-02 -4.2725641025641026E-02
   6.8941025641025652E-02 -4.2943589743589743E-02
   6.8710256410256410E-02 -4.3187179487179490E-02
   6.8415384615384628E-02 -4.3405128205128207E-02
   6.8325641025641037E-02 -4.3635897435897443E-02
   6.8223076923076928E-02 -4.3956410256410262E-02
   6.8094871794871795E-02 -4.4187179487179477E-02
   6.7941025641025651E-02 -4.4341025641025641E-02
   6.7594871794871794E-02 -4.4571794871794884E-02
   6.7338461538461555E-02 -4.4469230769230768E-02
   6.7158974358974360E-02 -4.4058974358974365E-02
   6.6941025641025650E-02 -4.3674358974358972E-02
   6.6966666666666674E-02 -4.3289743589743593E-02
   6.7210256410256408E-02 -4.2802564102564104E-02
   6.7338461538461555E-02 -4.2469230769230766E-02
   6.7389743589743589E-02 -4.2187179487179483E-02
   6.7505128205128218E-02 -4.1802564102564103E-02
   6.7428205128205132E-02 -4.1879487179487182E-02
   6.7312820512820518E-02 -4.2212820512820513E-02
   6.7223076923076927E-02 -4.2623076923076923E-02
   6.6953846153846155E-02 -4.2905128205128200E-02
   6.6851282051282060E-02 -4.3225641025641019E-02
   6.6710256410256422E-02 -4.3597435897435900E-02
   6.6530769230769241E-02 -4.3879487179487177E-02
   6.6441025641025650E-02 -4.4007692307692303E-02
   6.6287179487179493E-02 -4.4071794871794863E-02
   6.6056410256410264E-02 -4.3905128205128201E-02
   6.5774358974358973E-02 -4.3725641025641027E-02
   6.5517948717948721E-02 -4.3507692307692310E-02
   6.5441025641025649E-02 -4.3443589743589743E-02
   6.5274358974358973E-02 -4.3494871794871798E-02
   6.5082051282051287E-02 -4.3610256410256412E-02
   6.4902564102564106E-02 -4.3661538461538460E-02
   6.4697435897435901E-02 -4.3623076923076924E-02
   6.4723076923076925E-02 -4.3366666666666664E-02
   6.4761538461538468E-02 -4.2969230769230773E-02
   6.4697435897435901E-02 -4.2687179487179483E-02
   6.4735897435897444E-02 -4.2482051282051285E-02
   6.4915384615384625E-02 -4.2174358974358971E-02
   6.5210256410256420E-02 -4.1815384615384615E-02
   6.5312820512820516E-02 -4.1571794871794875E-02
   6.5402564102564106E-02 -4.1353846153846151E-02
   6.5441025641025649E-02 -4.1264102564102567E-02
   6.1582051282051277E-02 -4.0174358974358969E-02
   6.1517948717948710E-02 -4.0341025641025645E-02
   6.1235897435897434E-02 -4.0507692307692307E-02
   6.1120512820512819E-02 -4.0661538461538464E-02
   6.0915384615384614E-02 -4.0828205128205126E-02
   6.0774358974358976E-02 -4.1071794871794874E-02
   6.0710256410256409E-02 -4.1212820512820512E-02
   6.0505128205128204E-02 -4.1558974358974356E-02
   6.0402564102564109E-02 -4.1751282051282049E-02
   6.0210256410256409E-02 -4.1982051282051285E-02
   6.0120512820512818E-02 -4.2097435897435899E-02
   5.9851282051282047E-02 -4.2276923076923066E-02
   5.9710256410256408E-02 -4.2482051282051285E-02
   5.9543589743589732E-02 -4.2507692307692309E-02
   5.8979487179487186E-02 -4.2033333333333339E-02
   5.8774358974358967E-02 -4.1584615384615387E-02
   5.8787179487179486E-02 -4.1161538461538465E-02
   5.8735897435897438E-02 -4.0674358974358976E-02
   5.8646153846153855E-02 -4.0251282051282054E-02
   5.8633333333333336E-02 -3.9815384615384621E-02
   5.8582051282051281E-02 -3.9520512820512818E-02
   5.8082051282051274E-02 -3.9199999999999999E-02
   5.7620512820512823E-02 -3.9174358974358975E-02
   5.7184615384615389E-02 -3.9123076923076920E-02
   5.6800000000000010E-02 -3.8982051282051282E-02
   5.6428205128205143E-02 -3.8892307692307691E-02
   5.6069230769230767E-02 -3.8751282051282053E-02
   5.5723076923076910E-02 -3.8725641025641029E-02
   5.5466666666666671E-02 -3.8623076923076927E-02
   4.6620512820512827E-02 -3.5738461538461538E-02
   4.6543589743589742E-02 -3.5892307692307696E-02
   4.6325641025641025E-02 -3.6174358974358972E-02
   4.6082051282051291E-02 -3.6392307692307689E-02
   4.5787179487179482E-02 -3.6905128205128201E-02
   4.5876923076923086E-02 -3.7341025641025642E-02
   4.5812820512820512E-02 -3.7661538461538462E-02
   4.5671794871794881E-02 -3.8007692307692312E-02
   4.5607692307692307E-02 -3.8135897435897438E-02
   4.5453846153846150E-02 -3.8443589743589746E-02
   4.5364102564102567E-02 -3.8776923076923077E-02
   4.5146153846153843E-02 -3.9148717948717951E-02
   4.5005128205128204E-02 -3.9366666666666668E-02
   4.4825641025641023E-02 -3.9597435897435897E-02
   4.4671794871794880E-02 -3.9751282051282054E-02
   4.4274358974358975E-02 -4.0007692307692307E-02
   4.4107692307692299E-02 -4.0058974358974354E-02
   4.3851282051282053E-02 -4.0033333333333337E-02
   4.3517948717948722E-02 -3.9982051282051283E-02
   4.3287179487179486E-02 -3.9930769230769235E-02
   4.2928205128205124E-02 -3.9776923076923078E-02
   4.2761538461538469E-02 -3.9699999999999999E-02
   4.2710256410256421E-02 -3.9405128205128211E-02
   4.2710256410256421E-02 -3.9020512820512818E-02
   4.2684615384615383E-02 -3.8712820512820510E-02
   4.2569230769230762E-02 -3.8456410256410258E-02
   4.2517948717948721E-02 -3.8199999999999998E-02
   4.2530769230769219E-02 -3.7828205128205131E-02
   4.2517948717948721E-02 -3.7841025641025643E-02
   4.2184615384615383E-02 -3.8328205128205131E-02
   4.2043589743589745E-02 -3.8507692307692305E-02
   4.1825641025641021E-02 -3.8712820512820510E-02
   4.1658974358974366E-02 -3.8776923076923077E-02
   4.1364102564102563E-02 -3.8764102564102565E-02
   4.1082051282051286E-02 -3.8699999999999998E-02
   4.0710256410256405E-02 -3.8456410256410258E-02
   4.0287179487179484E-02 -3.7982051282051281E-02
   3.9953846153846152E-02 -3.7661538461538462E-02
   3.9735897435897435E-02 -3.7507692307692311E-02
   3.9428205128205128E-02 -3.7366666666666666E-02
   3.9082051282051285E-02 -3.7225641025641028E-02
   3.8864102564102561E-02 -3.7135897435897437E-02
   3.8569230769230772E-02 -3.6866666666666666E-02
   3.8492307692307687E-02 -3.6584615384615382E-02
   3.8389743589743584E-02 -3.6200000000000003E-02
   3.8210256410256410E-02 -3.5866666666666665E-02
   3.8158974358974369E-02 -3.5392307692307695E-02
   3.8146153846153837E-02 -3.4930769230769231E-02
   3.8005128205128205E-02 -3.4405128205128206E-02
   3.7761538461538458E-02 -3.4007692307692301E-02
   3.7543589743589748E-02 -3.3905128205128206E-02
   3.7325641025641031E-02 -3.3802564102564103E-02
   3.6812820512820511E-02 -3.3610256410256410E-02
   3.6261538461538463E-02 -3.3405128205128205E-02
   3.5864102564102565E-02 -3.3084615384615379E-02
   3.5787179487179487E-02 -3.2635897435897433E-02
   3.5646153846153848E-02 -3.1969230769230771E-02
   3.5274358974358974E-02 -3.1610256410256408E-02
   3.4902564102564107E-02 -3.1417948717948722E-02
   3.4556410256410257E-02 -3.1264102564102558E-02
   3.4261538461538461E-02 -3.1392307692307692E-02
   3.4094871794871792E-02 -3.1546153846153849E-02
   3.3633333333333335E-02 -3.1764102564102566E-02
   3.3261538461538460E-02 -3.1956410256410259E-02
   3.2966666666666665E-02 -3.2071794871794873E-02
   3.2492307692307688E-02 -3.2174358974358976E-02
   3.1876923076923074E-02 -3.2110256410256409E-02
   3.1428205128205128E-02 -3.2084615384615385E-02
   3.0941025641025639E-02 -3.1969230769230771E-02
   3.0915384615384615E-02 -3.1789743589743583E-02
   3.0941025641025639E-02 -3.1482051282051275E-02
   3.1223076923076923E-02 -3.1097435897435903E-02
   3.0838461538461537E-02 -3.1764102564102566E-02
   3.0710256410256410E-02 -3.2174358974358976E-02
   3.0594871794871789E-02 -3.2571794871794867E-02
   3.0505128205128205E-02 -3.2879487179487174E-02
   3.0389743589743584E-02 -3.3430769230769229E-02
   3.0274358974358970E-02 -3.3712820512820513E-02
   3.0069230769230765E-02 -3.4084615384615387E-02
   2.9889743589743591E-02 -3.4443589743589749E-02
   2.9787179487179488E-02 -3.4982051282051285E-02
   2.9658974358974355E-02 -3.5507692307692310E-02
   2.9646153846153843E-02 -3.6187179487179484E-02
   2.9441025641025638E-02 -3.6546153846153853E-02
   2.9261538461538464E-02 -3.6802564102564099E-02
   2.8915384615384614E-02 -3.6917948717948720E-02
   2.8274358974358968E-02 -3.6610256410256413E-02
   2.7812820512820514E-02 -3.6315384615384617E-02
   2.7325641025641025E-02 -3.6058974358974358E-02
   2.6658974358974352E-02 -3.5738461538461538E-02
   2.6094871794871792E-02 -3.5366666666666664E-02
   2.5800000000000003E-02 -3.5058974358974357E-02
   2.5530769230769228E-02 -3.4700000000000002E-02
   2.5364102564102563E-02 -3.4071794871794861E-02
   2.5300000000000000E-02 -3.3674358974358977E-02
   2.5082051282051283E-02 -3.3392307692307686E-02
   2.4889743589743590E-02 -3.3135897435897434E-02
   2.4556410256410258E-02 -3.2815384615384614E-02
   2.4056410256410254E-02 -3.2443589743589740E-02
   2.3620512820512817E-02 -3.2110256410256409E-02
   2.3043589743589742E-02 -3.1661538461538463E-02
   2.2774358974358973E-02 -3.1353846153846149E-02
   2.2582051282051284E-02 -3.1238461538461541E-02
   2.2428205128205123E-02 -3.1033333333333336E-02
   2.2351282051282052E-02 -3.0930769230769237E-02
   2.2056410256410260E-02 -3.0597435897435896E-02
   2.1787179487179491E-02 -3.0302564102564100E-02
   2.1530769230769232E-02 -3.0058974358974359E-02
   2.1133333333333330E-02 -2.9776923076923072E-02
   2.0966666666666665E-02 -2.9584615384615386E-02
   2.0569230769230774E-02 -2.9251282051282058E-02
   2.0146153846153845E-02 -2.9058974358974362E-02
   1.9787179487179490E-02 -2.8764102564102566E-02
   1.9517948717948722E-02 -2.8520512820512815E-02
   1.9184615384615387E-02 -2.8328205128205126E-02
   1.8838461538461533E-02 -2.8123076923076921E-02
   1.8453846153846154E-02 -2.7917948717948716E-02
   1.8133333333333331E-02 -2.7674358974358972E-02
   1.7787179487179488E-02 -2.7238461538461538E-02
   1.7569230769230771E-02 -2.7071794871794872E-02
   1.7338461538461539E-02 -2.6430769230769233E-02
   1.7120512820512822E-02 -2.6251282051282045E-02
   1.6620512820512821E-02 -2.6097435897435899E-02
   1.6210256410256408E-02 -2.6071794871794875E-02
   1.5851282051282049E-02 -2.6007692307692308E-02
   1.5133333333333334E-02 -2.5507692307692304E-02
   1.4864102564102566E-02 -2.5148717948717949E-02
   1.4671794871794869E-02 -2.4776923076923078E-02
   1.4223076923076927E-02 -2.4264102564102566E-02
   1.3658974358974363E-02 -2.3700000000000006E-02
   1.3248717948717953E-02 -2.3058974358974360E-02
   1.2735897435897437E-02 -2.2597435897435895E-02
   1.2300000000000004E-02 -2.2212820512820513E-02
   1.2005128205128210E-02 -2.1815384615384615E-02
   1.1723076923076921E-02 -2.1610256410256410E-02
   1.1300000000000003E-02 -2.1430769230769232E-02
   1.0953846153846158E-02 -2.1135897435897433E-02
   1.0748717948717948E-02 -2.0700000000000000E-02
   1.0325641025641024E-02 -2.0212820512820515E-02
   9.8512820512820527E-03 -1.9956410256410258E-02
   9.5435897435897452E-03 -1.9764102564102565E-02
   9.2358974358974378E-03 -1.9546153846153845E-02
   9.0692307692307687E-03 -1.9264102564102565E-02
   8.7615384615384612E-03 -1.8917948717948718E-02
   8.3384615384615394E-03 -1.8661538461538462E-02
   7.8512820512820526E-03 -1.8469230769230773E-02
   7.5435897435897434E-03 -1.8264102564102568E-02
   7.1461538461538455E-03 -1.7853846153846154E-02
   6.8256410256410261E-03 -1.7597435897435901E-02
   6.4153846153846162E-03 -1.7366666666666669E-02
   6.2102564102564112E-03 -1.7212820512820515E-02
   5.9923076923076943E-03 -1.7020512820512822E-02
   5.7102564102564108E-03 -1.6853846153846153E-02
   5.4923076923076922E-03 -1.6648717948717948E-02
   5.3641025641025641E-03 -1.6520512820512822E-02
   5.1205128205128198E-03 -1.6558974358974361E-02
   4.8128205128205124E-03 -1.6635897435897436E-02
   4.4410256410256418E-03 -1.6687179487179488E-02
   4.0435897435897438E-03 -1.6584615384615385E-02
   3.6974358974358975E-03 -1.6917948717948720E-02
   3.6076923076923078E-03 -1.7456410256410256E-02
   3.4923076923076926E-03 -1.7789743589743588E-02
   3.2230769230769227E-03 -1.7956410256410257E-02
   2.8512820512820512E-03 -1.8110256410256410E-02
   2.5948717948717933E-03 -1.8200000000000001E-02
   2.2615384615384602E-03 -1.8238461538461533E-02
   2.2230769230769227E-03 -1.8084615384615383E-02
   2.1333333333333339E-03 -1.8058974358974363E-02
   1.8641025641025640E-03 -1.7943589743589741E-02
   1.1076923076923074E-03 -1.7443589743589741E-02
   8.8974358974358960E-04 -1.6828205128205129E-02
   5.9487179487179454E-04 -1.6507692307692310E-02
   4.5384615384615364E-04 -1.6046153846153849E-02
   2.1025641025641025E-04 -1.5610256410256410E-02
   6.9230769230768912E-05 -1.5174358974358971E-02
  -2.0512820512820322E-05 -1.4892307692307693E-02
  -7.1794871794871994E-05 -1.4725641025641027E-02
  -3.2820512820512775E-04 -1.4712820512820511E-02
  -6.6153846153846167E-04 -1.4712820512820511E-02
  -1.2128205128205129E-03 -1.4507692307692307E-02
  -1.6871794871794873E-03 -1.4007692307692310E-02
  -1.9692307692307691E-03 -1.3584615384615382E-02
  -2.1615384615384621E-03 -1.3238461538461537E-02
  -2.2641025641025642E-03 -1.2584615384615383E-02
  -2.3666666666666667E-03 -1.2200000000000001E-02
  -2.3410256410256415E-03 -1.1661538461538461E-02
  -2.2769230769230774E-03 -1.1225641025641024E-02
  -2.0846153846153853E-03 -1.0712820512820513E-02
  -1.6615384615384617E-03 -1.0276923076923078E-02
  -1.4051282051282053E-03 -1.0097435897435898E-02
  -1.2000000000000001E-03 -1.0110256410256410E-02
  -1.3666666666666666E-03 -1.0033333333333333E-02
  -1.6358974358974361E-03 -9.8794871794871796E-03
  -1.8794871794871797E-03 -9.5974358974358978E-03
  -2.0205128205128204E-03 -9.2512820512820528E-03
  -2.2512820512820514E-03 -8.8410256410256412E-03
  -2.5205128205128208E-03 -8.5717948717948713E-03
  -2.8538461538461539E-03 -8.1230769230769238E-03
  -3.2000000000000002E-03 -7.7641025641025634E-03
  -3.4179487179487184E-03 -7.4820512820512816E-03
  -3.6358974358974365E-03 -7.0846153846153854E-03
  -3.6230769230769233E-03 -6.6102564102564106E-03
  -3.5846153846153849E-03 -6.0333333333333333E-03
  -3.5846153846153849E-03 -5.5205128205128209E-03
  -3.5589743589743593E-03 -4.9564102564102564E-03
  -3.5333333333333336E-03 -4.4692307692307687E-03
  -3.5974358974358977E-03 -3.9948717948717957E-03
  -3.5589743589743593E-03 -3.5846153846153849E-03
  -3.6102564102564105E-03 -3.4564102564102568E-03
  -3.7769230769230770E-03 -3.2384615384615381E-03
  -3.8538461538461539E-03 -2.9820512820512820E-03
  -3.9179487179487179E-03 -2.4820512820512824E-03
  -4.1102564102564101E-03 -2.2000000000000001E-03
  -4.2897435897435894E-03 -1.7897435897435898E-03
  -4.3794871794871799E-03 -1.3794871794871794E-03
  -4.3923076923076928E-03 -7.0000000000000010E-04
  -4.2384615384615382E-03  5.1282051282048637E-06
  -4.0974358974358973E-03  5.9487179487179454E-04
  -3.9692307692307700E-03  1.1333333333333330E-03
  -4.1230769230769229E-03  1.3128205128205123E-03
  -4.2000000000000006E-03  1.7230769230769231E-03
  -4.1102564102564101E-03  2.1461538461538467E-03
  -3.9564102564102564E-03  2.4666666666666661E-03
  -3.9820512820512820E-03  2.7871794871794872E-03
  -4.0076923076923076E-03  3.2999999999999995E-03
  -3.9564102564102564E-03  3.9153846153846140E-03
  -3.7384615384615386E-03  4.4153846153846162E-03
  -3.7256410256410258E-03  5.1205128205128198E-03
  -3.7256410256410258E-03  5.6205128205128203E-03
  -3.8282051282051283E-03  5.8769230769230765E-03
  -3.6871794871794874E-03  6.3512820512820530E-03
  -3.6743589743589745E-03  6.5179487179487187E-03
  -3.8538461538461539E-03  6.6846153846153843E-03
  -3.9435897435897435E-03  7.2615384615384616E-03
  -3.6230769230769233E-03  7.7871794871794877E-03
  -3.6358974358974365E-03  8.4794871794871777E-03
  -3.8282051282051283E-03  8.8769230769230739E-03
  -4.0974358974358973E-03  9.3641025641025642E-03
  -4.3153846153846150E-03  9.6076923076923119E-03
  -4.4692307692307687E-03  1.0171794871794874E-02
  -4.7256410256410258E-03  1.0876923076923081E-02
  -4.5461538461538456E-03  1.1197435897435897E-02
  -4.5076923076923080E-03  1.1543589743589742E-02
  -4.3923076923076928E-03  1.1966666666666667E-02
  -4.3025641025641031E-03  1.2287179487179486E-02
  -4.4179487179487175E-03  1.2569230769230772E-02
  -4.5461538461538456E-03  1.2812820512820513E-02
  -4.6102564102564105E-03  1.3158974358974359E-02
  -4.6230769230769233E-03  1.3492307692307694E-02
  -4.8025641025641027E-03  1.3941025641025640E-02
  -4.8794871794871795E-03  1.4158974358974360E-02
  -4.8538461538461539E-03  1.4658974358974361E-02
  -4.7641025641025642E-03  1.5082051282051282E-02
  -4.7641025641025642E-03  1.5569230769230771E-02
  -4.6871794871794874E-03  1.6056410256410254E-02
  -4.1615384615384622E-03  1.6710256410256408E-02
  -3.9948717948717957E-03  1.7325641025641027E-02
  -3.7769230769230770E-03  1.7851282051282051E-02
  -3.5974358974358977E-03  1.8248717948717953E-02
  -3.6871794871794874E-03  1.8543589743589741E-02
  -3.8410256410256411E-03  1.9094871794871800E-02
  -3.7512820512820514E-03  1.9517948717948722E-02
  -3.7000000000000002E-03  1.9851282051282049E-02
  -3.5205128205128208E-03  2.0351282051282050E-02
  -3.2256410256410258E-03  2.0864102564102562E-02
  -2.7641025641025642E-03  2.1158974358974354E-02
  -2.4179487179487183E-03  2.1389743589743587E-02
  -2.3025641025641026E-03  2.1517948717948716E-02
  -2.3538461538461538E-03  2.1992307692307689E-02
  -2.2256410256410258E-03  2.2492307692307693E-02
  -1.9435897435897437E-03  2.3158974358974356E-02
  -1.2769230769230772E-03  2.3582051282051278E-02
  -9.9487179487179516E-04  2.3953846153846159E-02
  -6.8717948717948729E-04  2.4184615384615381E-02
  -5.3333333333333314E-04  2.4466666666666668E-02
  -4.4358974358974347E-04  2.4684615384615381E-02
  -3.0256410256410257E-04  2.5043589743589743E-02
  -1.2307692307692323E-04  2.5364102564102563E-02
  -8.4615384615384804E-05  2.5787179487179485E-02
  -7.1794871794871994E-05  2.5800000000000003E-02
   1.2051282051282015E-04  2.6235897435897430E-02
   3.7692307692307634E-04  2.6530769230769240E-02
   1.0051282051282049E-03  2.6876923076923069E-02
   1.3384615384615388E-03  2.6928205128205131E-02
   1.5435897435897429E-03  2.7069230769230773E-02
   2.1846153846153851E-03  2.7261538461538462E-02
   2.4282051282051276E-03  2.7441025641025643E-02
   2.1589743589743595E-03  2.7825641025641026E-02
   1.8641025641025640E-03  2.8210256410256408E-02
   1.7871794871794871E-03  2.8620512820512818E-02
   1.7102564102564103E-03  2.9082051282051283E-02
   1.8256410256410256E-03  2.9671794871794867E-02
   2.0435897435897433E-03  3.0210256410256410E-02
   2.3256410256410251E-03  3.0607692307692308E-02
   2.5179487179487182E-03  3.0799999999999994E-02
   2.6846153846153847E-03  3.0979487179487182E-02
   2.5820512820512831E-03  3.1223076923076923E-02
   2.4282051282051276E-03  3.1761538461538459E-02
   2.4025641025641020E-03  3.2248717948717955E-02
   2.4923076923076917E-03  3.2620512820512822E-02
   2.3128205128205123E-03  3.3223076923076925E-02
   2.3128205128205123E-03  3.3658974358974358E-02
   2.5307692307692310E-03  3.4171794871794871E-02
   2.8512820512820512E-03  3.4389743589743588E-02
   3.0564102564102562E-03  3.4530769230769233E-02
   3.4282051282051285E-03  3.4556410256410257E-02
   3.4538461538461541E-03  3.4351282051282052E-02
   3.6974358974358975E-03  3.4582051282051281E-02
   4.3256410256410256E-03  3.4697435897435895E-02
   4.6717948717948724E-03  3.4851282051282052E-02
   4.9410256410256422E-03  3.4902564102564107E-02
   5.2615384615384616E-03  3.4889743589743588E-02
   5.2743589743589735E-03  3.4992307692307691E-02
   5.3897435897435897E-03  3.5312820512820517E-02
   5.3897435897435897E-03  3.5530769230769234E-02
   5.4153846153846153E-03  3.5812820512820510E-02
   5.5820512820512810E-03  3.6094871794871794E-02
   5.9282051282051277E-03  3.6376923076923078E-02
   6.1333333333333327E-03  3.6671794871794873E-02
   6.4410256410256436E-03  3.6774358974358975E-02
   6.8641025641025671E-03  3.6684615384615385E-02
   7.2999999999999992E-03  3.6530769230769228E-02
   7.6589743589743579E-03  3.6428205128205125E-02
   7.8384615384615424E-03  3.6376923076923078E-02
   8.0564102564102558E-03  3.6338461538461535E-02
   8.3384615384615394E-03  3.6607692307692306E-02
   8.5948717948717956E-03  3.7082051282051283E-02
   8.8000000000000005E-03  3.7248717948717945E-02
   9.1205128205128216E-03  3.7389743589743583E-02
   9.4666666666666666E-03  3.7453846153846150E-02
   9.7102564102564109E-03  3.7556410256410253E-02
   9.9410256410256397E-03  3.7710256410256403E-02
   1.0094871794871792E-02  3.8043589743589748E-02
   1.0274358974358971E-02  3.8415384615384615E-02
   1.0582051282051282E-02  3.8479487179487189E-02
   1.0812820512820511E-02  3.8556410256410260E-02
   1.1017948717948716E-02  3.8569230769230772E-02
   1.1376923076923078E-02  3.8543589743589741E-02
   1.1607692307692307E-02  3.8697435897435906E-02
   1.1671794871794873E-02  3.8902564102564104E-02
   1.1697435897435897E-02  3.9235897435897442E-02
   1.1748717948717948E-02  3.9517948717948718E-02
   1.1864102564102565E-02  3.9838461538461538E-02
   1.1928205128205133E-02  3.9915384615384623E-02
   1.2171794871794876E-02  4.0005128205128200E-02
   1.2389743589743587E-02  4.0094871794871784E-02
   1.2582051282051284E-02  4.0312820512820501E-02
   1.2774358974358973E-02  4.0735897435897436E-02
   1.2992307692307694E-02  4.1261538461538461E-02
   1.3069230769230769E-02  4.1466666666666659E-02
   1.3300000000000005E-02  4.2094871794871785E-02
   1.3569230769230769E-02  4.2620512820512824E-02
   1.3787179487179486E-02  4.2889743589743595E-02
   1.4069230769230773E-02  4.3120512820512831E-02
   1.4299999999999998E-02  4.3415384615384606E-02
   1.4646153846153849E-02  4.3556410256410265E-02
   1.5005128205128207E-02  4.3774358974358968E-02
   1.5248717948717948E-02  4.3864102564102565E-02
   1.5415384615384617E-02  4.3928205128205125E-02
   1.5787179487179486E-02  4.4184615384615385E-02
   1.6158974358974357E-02  4.4633333333333337E-02
   1.6376923076923077E-02  4.4812820512820511E-02
   1.6889743589743589E-02  4.5094871794871788E-02
   1.7120512820512822E-02  4.5312820512820505E-02
   1.7441025641025641E-02  4.5838461538461543E-02
   1.7710256410256409E-02  4.6184615384615386E-02
   1.8005128205128205E-02  4.6428205128205120E-02
   1.8274358974358973E-02  4.6800000000000001E-02
   1.8530769230769229E-02  4.6992307692307687E-02
   1.8799999999999997E-02  4.7479487179487169E-02
   1.9120512820512820E-02  4.8030769230769231E-02
   1.9210256410256411E-02  4.8543589743589743E-02
   1.9582051282051274E-02  4.8941025641025648E-02
   1.9787179487179490E-02  4.9171794871794863E-02
   2.0171794871794872E-02  4.9428205128205123E-02
   2.0402564102564101E-02  4.9607692307692311E-02
   2.0530769230769231E-02  4.9812820512820516E-02
   2.0530769230769231E-02  5.0248717948717950E-02
   2.0710256410256409E-02  5.0582051282051274E-02
   2.0838461538461535E-02  5.0889743589743588E-02
   2.1069230769230767E-02  5.1351282051282039E-02
   2.1299999999999999E-02  5.1710256410256401E-02
   2.1556410256410256E-02  5.2043589743589740E-02
   2.1838461538461543E-02  5.2376923076923071E-02
   2.2274358974358976E-02  5.2594871794871788E-02
   2.2569230769230769E-02  5.2812820512820519E-02
   2.2774358974358973E-02  5.2979487179487181E-02
   2.2979487179487178E-02  5.3223076923076929E-02
   2.3082051282051281E-02  5.3351282051282055E-02
   2.3338461538461537E-02  5.3428205128205127E-02
   2.3851282051282046E-02  5.3466666666666662E-02
   2.4107692307692313E-02  5.3594871794871789E-02
   2.4530769230769234E-02  5.3697435897435891E-02
   2.4710256410256412E-02  5.3735897435897420E-02
   2.5210256410256409E-02  5.3915384615384622E-02
   2.5633333333333331E-02  5.4171794871794868E-02
   2.5966666666666662E-02  5.4287179487179489E-02
   2.6312820512820512E-02  5.4466666666666663E-02
   2.7030769230769233E-02  5.4915384615384609E-02
   2.7466666666666667E-02  5.5133333333333326E-02
   2.7658974358974360E-02  5.5312820512820500E-02
   2.7838461538461538E-02  5.5569230769230774E-02
   2.7889743589743589E-02  5.6005128205128214E-02
   2.8107692307692306E-02  5.6235897435897443E-02
   2.8312820512820511E-02  5.6389743589743586E-02
   2.8671794871794866E-02  5.6453846153846146E-02
   2.9069230769230771E-02  5.6312820512820515E-02
   2.9197435897435897E-02  5.6146153846153846E-02
   2.9543589743589740E-02  5.5851282051282064E-02
   2.9864102564102560E-02  5.5646153846153852E-02
   3.0364102564102567E-02  5.5312820512820500E-02
   3.0274358974358970E-02  5.5569230769230774E-02
   3.0235897435897441E-02  5.5928205128205115E-02
   3.0402564102564103E-02  5.6530769230769225E-02
   3.0710256410256410E-02  5.6992307692307682E-02
   3.0697435897435892E-02  5.7453846153846161E-02
   3.0902564102564103E-02  5.7748717948717949E-02
   3.1364102564102561E-02  5.7889743589743595E-02
   3.2056410256410255E-02  5.7748717948717949E-02
   3.2799999999999996E-02  5.7466666666666666E-02
   3.3300000000000003E-02  5.7274358974358973E-02
   3.3723076923076925E-02  5.6966666666666672E-02
   3.3620512820512823E-02  5.7441025641025635E-02
   3.3530769230769232E-02  5.7697435897435895E-02
   3.3479487179487177E-02  5.8043589743589745E-02
   3.3505128205128208E-02  5.8338461538461533E-02
   3.3582051282051280E-02  5.8633333333333336E-02
   3.3735897435897437E-02  5.9030769230769227E-02
   3.3928205128205130E-02  5.9492307692307685E-02
   3.4094871794871792E-02  5.9851282051282047E-02
   3.4248717948717949E-02  6.0171794871794866E-02
   3.4453846153846154E-02  6.0479487179487181E-02
   3.4697435897435895E-02  6.0889743589743590E-02
   3.4812820512820510E-02  6.1069230769230771E-02
   3.4992307692307691E-02  6.1261538461538458E-02
   3.5056410256410257E-02  6.1466666666666663E-02
   3.5351282051282053E-02  6.1479487179487168E-02
   3.5697435897435896E-02  6.1325641025641024E-02
   3.6184615384615385E-02  6.0928205128205133E-02
   3.6543589743589740E-02  6.0607692307692314E-02
   3.6723076923076921E-02  6.0235897435897433E-02
   3.6671794871794873E-02  5.9953846153846142E-02
   3.6671794871794873E-02  5.9607692307692313E-02
   3.6825641025641023E-02  5.9389743589743589E-02
   3.7069230769230764E-02  5.8748717948717943E-02
   3.7325641025641031E-02  5.8492307692307691E-02
   3.7453846153846150E-02  5.8287179487179493E-02
   3.7582051282051283E-02  5.8043589743589745E-02
   3.7569230769230764E-02  5.7812820512820509E-02
   3.7607692307692300E-02  5.7402564102564092E-02
   3.7735897435897441E-02  5.6992307692307682E-02
   3.7812820512820519E-02  5.6684615384615382E-02
   3.8107692307692308E-02  5.6505128205128194E-02
   3.8389743589743584E-02  5.6376923076923074E-02
   3.8864102564102561E-02  5.6389743589743586E-02
   3.9402564102564104E-02  5.6517948717948720E-02
   3.9364102564102561E-02  5.7210256410256413E-02
   3.9389743589743585E-02  5.7735897435897424E-02
   3.9325641025641025E-02  5.8223076923076933E-02
   3.9274358974358971E-02  5.8812820512820510E-02
   3.9338461538461544E-02  5.9364102564102551E-02
   3.9389743589743585E-02  5.9684615384615385E-02
   3.9248717948717940E-02  6.0017948717948709E-02
   3.9056410256410254E-02  6.0351282051282047E-02
   3.8800000000000008E-02  6.0633333333333324E-02
   3.8607692307692301E-02  6.0864102564102567E-02
   3.8402564102564103E-02  6.1171794871794867E-02
   3.8235897435897441E-02  6.1569230769230772E-02
   3.8184615384615379E-02  6.2158974358974349E-02
   3.8338461538461543E-02  6.2607692307692309E-02
   3.8248717948717939E-02  6.3069230769230780E-02
   3.8184615384615379E-02  6.3582051282051286E-02
   3.8146153846153837E-02  6.3928205128205143E-02
   3.8120512820512827E-02  6.4197435897435901E-02
   3.8312820512820513E-02  6.4094871794871805E-02
   3.8402564102564103E-02  6.4043589743589743E-02
   3.8620512820512820E-02  6.3992307692307696E-02
   3.8928205128205121E-02  6.3851282051282057E-02
   3.9261538461538459E-02  6.3582051282051286E-02
   3.9556410256410261E-02  6.3364102564102576E-02
   3.9838461538461538E-02  6.3030769230769237E-02
   3.9889743589743579E-02  6.2633333333333346E-02
   4.0094871794871784E-02  6.1966666666666663E-02
   4.0338461538461545E-02  6.1300000000000000E-02
   4.0556410256410262E-02  6.0941025641025638E-02
   4.0864102564102563E-02  6.0338461538461542E-02
   4.1274358974358973E-02  5.9812820512820504E-02
   4.1569230769230775E-02  5.9146153846153848E-02
   4.1902564102564099E-02  5.8505128205128210E-02
   4.1979487179487185E-02  5.8094871794871800E-02
   4.2210256410256400E-02  5.7633333333333321E-02
   4.4902564102564102E-02  5.9723076923076927E-02
   4.5094871794871788E-02  5.9979487179487166E-02
   4.4876923076923085E-02  6.0376923076923085E-02
   4.4735897435897440E-02  6.0658974358974362E-02
   4.4646153846153842E-02  6.0979487179487181E-02
   4.4582051282051283E-02  6.1287179487179481E-02
   4.4620512820512812E-02  6.1723076923076915E-02
   4.4800000000000000E-02  6.2171794871794868E-02
   4.5005128205128204E-02  6.2389743589743592E-02
   4.5453846153846150E-02  6.2607692307692309E-02
   4.5710256410256410E-02  6.2543589743589742E-02
   4.6005128205128205E-02  6.2479487179487182E-02
   4.6261538461538465E-02  6.2376923076923073E-02
   4.6389743589743591E-02  6.2658974358974370E-02
   4.6517948717948725E-02  6.2761538461538466E-02
   4.6928205128205128E-02  6.2735897435897442E-02
   4.7184615384615380E-02  6.2338461538461530E-02
   4.7479487179487169E-02  6.1979487179487182E-02
   4.7735897435897442E-02  6.1633333333333339E-02
   4.8235897435897436E-02  6.1376923076923072E-02
   4.8543589743589743E-02  6.1223076923076929E-02
   4.8928205128205129E-02  6.1069230769230771E-02
   5.0774358974358960E-02  6.2428205128205135E-02
   5.0748717948717943E-02  6.2658974358974370E-02
   5.0723076923076933E-02  6.2915384615384623E-02
   5.0620512820512831E-02  6.3223076923076924E-02
   5.0530769230769226E-02  6.3479487179487190E-02
   5.0505128205128202E-02  6.4005128205128214E-02
   5.0517948717948728E-02  6.4428205128205129E-02
   5.0492307692307697E-02  6.4774358974358986E-02
   5.0505128205128202E-02  6.5146153846153854E-02
   5.0428205128205124E-02  6.5389743589743601E-02
   5.0684615384615390E-02  6.5415384615384625E-02
   5.0941025641025636E-02  6.5492307692307697E-02
   5.1184615384615384E-02  6.5530769230769240E-02
   5.1248717948717944E-02  6.5364102564102564E-02
   5.1479487179487173E-02  6.5146153846153854E-02
   5.1864102564102565E-02  6.4838461538461539E-02
   5.2248717948717945E-02  6.4594871794871805E-02
   5.2543589743589747E-02  6.4325641025641034E-02
   5.2812820512820519E-02  6.4082051282051286E-02
   5.3248717948717952E-02  6.3915384615384624E-02
   5.3517948717948717E-02  6.3799999999999996E-02
   6.0864102564102567E-02  6.6979487179487179E-02
   6.0697435897435890E-02  6.7210256410256408E-02
   6.0479487179487181E-02  6.7569230769230784E-02
   6.0287179487179481E-02  6.7812820512820518E-02
   6.0158974358974347E-02  6.8120512820512832E-02
   6.0133333333333323E-02  6.8505128205128205E-02
   5.9979487179487166E-02  6.8966666666666676E-02
   6.0005128205128218E-02  6.9287179487179495E-02
   6.0043589743589747E-02  6.9748717948717953E-02
   6.0210256410256409E-02  6.9915384615384615E-02
   6.0543589743589747E-02  6.9915384615384615E-02
   6.0710256410256409E-02  6.9966666666666663E-02
   6.0671794871794867E-02  7.0235897435897449E-02
   6.1005128205128205E-02  7.0325641025641039E-02
   6.1210256410256410E-02  7.0005128205128206E-02
   6.1710256410256410E-02  6.9530769230769229E-02
   6.1941025641025639E-02  6.9197435897435905E-02
   6.2235897435897435E-02  6.8735897435897447E-02
   6.2479487179487182E-02  6.8428205128205133E-02
   6.2582051282051285E-02  6.8684615384615386E-02
   6.2658974358974370E-02  6.9056410256410267E-02
   6.2582051282051285E-02  6.9466666666666677E-02
   6.2851282051282056E-02  6.9158974358974362E-02
   6.2876923076923080E-02  6.8761538461538471E-02
   6.2941025641025647E-02  6.8415384615384628E-02
   6.3043589743589756E-02  6.8825641025641038E-02
   6.2787179487179490E-02  6.9389743589743591E-02
   6.2710256410256418E-02  6.9735897435897434E-02
   6.2735897435897442E-02  7.0017948717948725E-02
   6.2876923076923080E-02  7.0287179487179496E-02
   6.2953846153846152E-02  7.0415384615384616E-02
   6.3082051282051285E-02  7.0774358974358978E-02
   6.3171794871794876E-02  7.0992307692307688E-02
   6.3300000000000009E-02  7.1158974358974364E-02
   6.3530769230769238E-02  7.1325641025641040E-02
   6.3735897435897443E-02  7.1812820512820522E-02
   6.4171794871794877E-02  7.2030769230769232E-02
   6.4620512820512829E-02  7.2017948717948727E-02
   6.4748717948717963E-02  7.1633333333333341E-02
   6.4928205128205130E-02  7.1325641025641040E-02
   6.5274358974358973E-02  7.1017948717948726E-02
   6.5723076923076926E-02  7.0646153846153859E-02
   6.5941025641025650E-02  7.0287179487179496E-02
   6.6274358974358988E-02  6.9979487179487182E-02
   6.6505128205128217E-02  6.9735897435897434E-02
