   5.3235897435897427E-02 -3.7994871794871793E-02
   5.3005128205128212E-02 -3.8353846153846155E-02
   5.2723076923076921E-02 -3.8674358974358974E-02
   5.2479487179487173E-02 -3.8994871794871794E-02
   5.2120512820512825E-02 -3.9469230769230770E-02
   5.1876923076923077E-02 -3.9661538461538463E-02
   5.1646153846153849E-02 -3.9892307692307692E-02
   5.1325641025641029E-02 -4.0161538461538457E-02
   5.1120512820512824E-02 -4.0264102564102566E-02
   5.0851282051282046E-02 -4.0443589743589747E-02
   5.0582051282051274E-02 -4.0584615384615386E-02
   5.0351282051282052E-02 -4.0648717948717952E-02
   5.0069230769230762E-02 -4.0674358974358976E-02
   4.9812820512820516E-02 -4.0674358974358976E-02
   4.9389743589743580E-02 -4.0712820512820512E-02
   4.9184615384615382E-02 -4.0956410256410260E-02
   4.8953846153846146E-02 -4.1110256410256410E-02
   4.9069230769230761E-02 -4.1238461538461536E-02
   4.9005128205128208E-02 -4.1405128205128205E-02
   4.8851282051282044E-02 -4.1674358974358977E-02
   4.8684615384615389E-02 -4.1866666666666663E-02
   4.8479487179487184E-02 -4.2071794871794868E-02
   4.8120512820512822E-02 -4.2238461538461551E-02
   4.7851282051282043E-02 -4.2392307692307681E-02
   4.7876923076923074E-02 -4.2712820512820514E-02
   4.7761538461538473E-02 -4.2879487179487190E-02
   4.7517948717948726E-02 -4.3097435897435907E-02
   4.7107692307692302E-02 -4.3174358974358978E-02
   4.6800000000000001E-02 -4.3238461538461538E-02
   4.6069230769230772E-02 -4.3046153846153845E-02
   4.5851282051282055E-02 -4.2956410256410255E-02
   4.5607692307692307E-02 -4.2738461538461538E-02
   4.5402564102564109E-02 -4.2405128205128206E-02
   4.4825641025641023E-02 -4.1994871794871796E-02
   4.4582051282051283E-02 -4.1802564102564103E-02
   4.4530769230769235E-02 -4.1841025641025646E-02
   4.4364102564102566E-02 -4.1879487179487182E-02
   4.3928205128205125E-02 -4.1776923076923080E-02
   4.3556410256410265E-02 -4.1558974358974356E-02
   4.3325641025641029E-02 -4.1379487179487182E-02
   4.3094871794871800E-02 -4.1110256410256410E-02
   4.2928205128205124E-02 -4.0828205128205126E-02
   4.2761538461538469E-02 -4.0674358974358976E-02
   4.2671794871794864E-02 -4.0789743589743591E-02
   4.2556410256410264E-02 -4.0853846153846157E-02
   4.2338461538461547E-02 -4.0879487179487181E-02
   4.2094871794871785E-02 -4.0879487179487181E-02
   4.1735897435897437E-02 -4.0892307692307693E-02
   4.1466666666666659E-02 -4.0892307692307693E-02
   4.1235897435897444E-02 -4.0789743589743591E-02
   4.0966666666666665E-02 -4.0610256410256410E-02
   4.0787179487179477E-02 -4.0405128205128205E-02
   4.0556410256410262E-02 -4.0430769230769235E-02
   4.0261538461538460E-02 -4.0405128205128205E-02
   3.9876923076923067E-02 -4.0251282051282054E-02
   3.9723076923076923E-02 -4.0135897435897440E-02
   3.9556410256410261E-02 -4.0161538461538457E-02
   3.9466666666666657E-02 -4.0225641025641030E-02
   3.9312820512820514E-02 -4.0071794871794866E-02
   3.9146153846153837E-02 -3.9776923076923078E-02
   3.9069230769230766E-02 -3.9405128205128211E-02
   3.8979487179487182E-02 -3.8982051282051282E-02
   3.8684615384615387E-02 -3.8199999999999998E-02
   3.8569230769230772E-02 -3.7866666666666667E-02
   3.8402564102564103E-02 -3.7392307692307697E-02
   3.8248717948717939E-02 -3.6994871794871792E-02
   3.8082051282051284E-02 -3.6699999999999997E-02
   3.8607692307692301E-02 -3.6892307692307690E-02
   3.9107692307692309E-02 -3.6943589743589744E-02
   3.9530769230769230E-02 -3.6969230769230768E-02
   3.9915384615384623E-02 -3.6892307692307690E-02
   4.0235897435897443E-02 -3.6738461538461539E-02
   4.0966666666666665E-02 -3.6648717948717956E-02
   4.1274358974358973E-02 -3.6469230769230768E-02
   4.1582051282051280E-02 -3.6174358974358972E-02
   4.1671794871794864E-02 -3.6058974358974358E-02
   4.1774358974358980E-02 -3.5802564102564105E-02
   4.1492307692307689E-02 -3.5635897435897436E-02
   4.1133333333333341E-02 -3.5482051282051286E-02
   4.0735897435897436E-02 -3.5379487179487183E-02
   4.0441025641025648E-02 -3.5161538461538459E-02
   4.0223076923076924E-02 -3.4853846153846159E-02
   3.9787179487179476E-02 -3.4635897435897442E-02
   3.9517948717948718E-02 -3.4571794871794868E-02
   3.9069230769230766E-02 -3.4443589743589749E-02
   3.8838461538461537E-02 -3.4456410256410254E-02
   3.8594871794871803E-02 -3.4533333333333339E-02
   3.8287179487179482E-02 -3.4507692307692309E-02
   3.7941025641025646E-02 -3.4353846153846151E-02
   3.7646153846153850E-02 -3.4161538461538458E-02
   3.7453846153846150E-02 -3.3969230769230759E-02
   3.7146153846153843E-02 -3.3712820512820513E-02
   3.6902564102564102E-02 -3.3969230769230759E-02
   3.6761538461538464E-02 -3.4251282051282049E-02
   3.6505128205128204E-02 -3.4482051282051278E-02
   3.6184615384615385E-02 -3.4725641025641026E-02
   3.5979487179487173E-02 -3.4905128205128207E-02
   3.5761538461538456E-02 -3.5071794871794876E-02
   3.5556410256410251E-02 -3.5084615384615388E-02
   3.5056410256410257E-02 -3.4905128205128207E-02
   3.4517948717948714E-02 -3.4635897435897442E-02
   3.4133333333333335E-02 -3.4392307692307694E-02
   3.3992307692307690E-02 -3.4315384615384616E-02
   3.4082051282051280E-02 -3.4097435897435899E-02
   3.4453846153846154E-02 -3.4007692307692301E-02
   3.4543589743589745E-02 -3.3776923076923079E-02
   3.4569230769230769E-02 -3.3661538461538465E-02
   3.4376923076923076E-02 -3.3520512820512820E-02
   3.4325641025641028E-02 -3.3315384615384615E-02
   3.4248717948717949E-02 -3.3097435897435905E-02
   3.4210256410256407E-02 -3.2943589743589748E-02
   3.4120512820512823E-02 -3.2892307692307686E-02
   3.3915384615384618E-02 -3.2802564102564102E-02
   3.3671794871794870E-02 -3.2674358974358969E-02
   3.3492307692307689E-02 -3.2648717948717952E-02
   3.3158974358974358E-02 -3.2700000000000000E-02
   3.2582051282051286E-02 -3.2674358974358969E-02
   3.1915384615384616E-02 -3.2546153846153843E-02
   3.1607692307692309E-02 -3.2430769230769228E-02
   3.1235897435897435E-02 -3.2251282051282047E-02
   3.0825641025641025E-02 -3.1969230769230771E-02
   3.0261538461538465E-02 -3.1712820512820511E-02
   2.9800000000000000E-02 -3.1546153846153849E-02
   2.9453846153846150E-02 -3.1238461538461541E-02
   2.9146153846153842E-02 -3.0969230769230766E-02
   2.8889743589743583E-02 -3.0751282051282049E-02
   2.8556410256410251E-02 -3.0597435897435896E-02
   2.8299999999999999E-02 -3.0610256410256421E-02
   2.8043589743589743E-02 -3.0623076923076920E-02
   2.7748717948717947E-02 -3.0571794871794868E-02
   2.7364102564102565E-02 -3.0558974358974367E-02
   2.7030769230769233E-02 -3.0456410256410264E-02
   2.6761538461538455E-02 -3.0379487179487179E-02
   2.6441025641025632E-02 -3.0148717948717946E-02
   2.6184615384615383E-02 -2.9917948717948718E-02
   2.6030769230769229E-02 -2.9982051282051281E-02
   2.5838461538461536E-02 -3.0007692307692308E-02
   2.5453846153846153E-02 -2.9943589743589748E-02
   2.4992307692307692E-02 -2.9751282051282052E-02
   2.4812820512820515E-02 -2.9507692307692308E-02
   2.4710256410256412E-02 -2.9123076923076925E-02
   2.4492307692307685E-02 -2.9225641025641028E-02
   2.4261538461538470E-02 -2.9328205128205130E-02
   2.3851282051282046E-02 -2.9187179487179488E-02
   2.3543589743589746E-02 -2.9058974358974362E-02
   2.3223076923076923E-02 -2.8956410256410259E-02
   2.2928205128205127E-02 -2.9046153846153850E-02
   2.2556410256410257E-02 -2.8879487179487184E-02
   2.2364102564102564E-02 -2.8507692307692314E-02
   2.2069230769230768E-02 -2.8315384615384610E-02
   2.1646153846153839E-02 -2.8058974358974358E-02
   2.1197435897435897E-02 -2.7815384615384617E-02
   2.0748717948717948E-02 -2.7712820512820514E-02
   2.0428205128205128E-02 -2.7635897435897436E-02
   1.9992307692307691E-02 -2.7571794871794873E-02
   1.9428205128205128E-02 -2.7430769230769231E-02
   1.8966666666666666E-02 -2.7225641025641026E-02
   1.8594871794871792E-02 -2.6905128205128206E-02
   1.8274358974358973E-02 -2.6456410256410261E-02
   1.8030769230769229E-02 -2.6071794871794875E-02
   1.7941025641025642E-02 -2.5764102564102571E-02
   1.7723076923076921E-02 -2.5584615384615383E-02
   1.7325641025641027E-02 -2.5200000000000000E-02
   1.6979487179487177E-02 -2.4956410256410256E-02
   1.6876923076923081E-02 -2.4648717948717948E-02
   1.6774358974358972E-02 -2.4328205128205129E-02
   1.6684615384615385E-02 -2.3994871794871794E-02
   1.6543589743589743E-02 -2.3661538461538463E-02
   1.6287179487179487E-02 -2.3328205128205135E-02
   1.5915384615384616E-02 -2.3251282051282050E-02
   1.5710256410256411E-02 -2.3353846153846149E-02
   1.5812820512820513E-02 -2.3661538461538463E-02
   1.5902564102564101E-02 -2.3943589743589743E-02
   1.5851282051282049E-02 -2.4174358974358975E-02
   1.5710256410256411E-02 -2.4482051282051283E-02
   1.5517948717948720E-02 -2.4700000000000000E-02
   1.5210256410256412E-02 -2.4712820512820512E-02
   1.4607692307692309E-02 -2.4507692307692303E-02
   1.4094871794871794E-02 -2.4341025641025645E-02
   1.3466666666666667E-02 -2.4135897435897440E-02
   1.2992307692307694E-02 -2.3943589743589743E-02
   1.2723076923076922E-02 -2.3751282051282054E-02
   1.2633333333333335E-02 -2.3494871794871801E-02
   1.2287179487179486E-02 -2.3315384615384616E-02
   1.1761538461538460E-02 -2.2994871794871793E-02
   1.1441025641025643E-02 -2.2507692307692308E-02
   1.1338461538461539E-02 -2.2020512820512823E-02
   1.1210256410256412E-02 -2.1610256410256410E-02
   1.0774358974358971E-02 -2.1238461538461539E-02
   1.0287179487179486E-02 -2.0853846153846157E-02
   1.0069230769230770E-02 -2.0533333333333334E-02
   9.9282051282051260E-03 -2.0020512820512822E-02
   9.7102564102564109E-03 -1.9558974358974360E-02
   9.4794871794871786E-03 -1.9315384615384616E-02
   7.9410256410256414E-03 -1.8558974358974360E-02
   7.4666666666666683E-03 -1.8110256410256410E-02
   6.8512820512820517E-03 -1.7200000000000000E-02
   5.9794871794871789E-03 -1.6507692307692310E-02
   5.0948717948717942E-03 -1.5930769230769231E-02
   4.7102564102564099E-03 -1.5328205128205126E-02
   4.4538461538461537E-03 -1.5020512820512819E-02
   4.3384615384615393E-03 -1.4610256410256409E-02
   3.9666666666666670E-03 -1.4084615384615388E-02
   3.6974358974358975E-03 -1.3712820512820511E-02
   3.3641025641025636E-03 -1.3392307692307691E-02
   3.2102564102564099E-03 -1.3251282051282053E-02
   3.0051282051282049E-03 -1.3328205128205125E-02
   2.7358974358974359E-03 -1.3405128205128201E-02
   2.3769230769230764E-03 -1.3430769230769231E-02
   1.9282051282051272E-03 -1.3379487179487181E-02
   1.4923076923076917E-03 -1.3328205128205125E-02
   1.0051282051282049E-03 -1.3097435897435896E-02
   5.4358974358974330E-04 -1.2738461538461537E-02
   3.8974358974358915E-04 -1.2289743589743591E-02
   2.4871794871794868E-04 -1.1764102564102564E-02
   4.3589743589743293E-05 -1.1392307692307693E-02
   6.9230769230768912E-05 -1.1007692307692309E-02
   2.3589743589743587E-04 -1.0417948717948719E-02
   4.5384615384615364E-04 -9.8538461538461540E-03
   6.5897435897435946E-04 -9.3794871794871809E-03
   8.5128205128205117E-04 -8.9820512820512829E-03
   1.0435897435897433E-03 -8.6487179487179499E-03
   9.1538461538461522E-04 -8.5461538461538457E-03
   2.1025641025641025E-04 -7.8538461538461540E-03
  -1.2307692307692323E-04 -7.4307692307692304E-03
  -3.4102564102564056E-04 -7.1358974358974366E-03
  -6.1025641025641087E-04 -6.8794871794871787E-03
  -1.0205128205128208E-03 -6.5589743589743593E-03
  -1.3666666666666666E-03 -6.1615384615384614E-03
  -1.6230769230769233E-03 -5.7128205128205130E-03
  -1.9564102564102563E-03 -5.0846153846153853E-03
  -2.2256410256410258E-03 -4.5205128205128200E-03
  -2.3666666666666667E-03 -3.9820512820512820E-03
  -2.3410256410256415E-03 -3.1871794871794873E-03
  -2.4564102564102568E-03 -2.5846153846153849E-03
  -2.6230769230769233E-03 -2.0205128205128204E-03
  -2.7641025641025642E-03 -1.3794871794871794E-03
  -2.9179487179487179E-03 -8.9230769230769268E-04
  -2.9564102564102563E-03 -5.0769230769230752E-04
  -3.1871794871794873E-03  1.3333333333333296E-04
  -3.3153846153846150E-03  5.1794871794871812E-04
  -2.8923076923076923E-03  6.5897435897435946E-04
  -2.7128205128205130E-03  9.9230769230769207E-04
  -2.6487179487179489E-03  1.0948717948717954E-03
  -2.7769230769230770E-03  1.7230769230769231E-03
  -3.0717948717948721E-03  2.1076923076923082E-03
  -2.8410256410256410E-03  2.3128205128205123E-03
  -2.7256410256410258E-03  2.3641025641025636E-03
  -2.4692307692307696E-03  2.5692307692307703E-03
  -2.7384615384615386E-03  2.9282051282051272E-03
  -2.7641025641025642E-03  3.3384615384615380E-03
  -2.8410256410256410E-03  3.6076923076923078E-03
  -3.0974358974358977E-03  3.8897435897435897E-03
  -3.0205128205128208E-03  4.3512820512820512E-03
  -2.7769230769230770E-03  4.8641025641025654E-03
  -2.7000000000000001E-03  5.2743589743589735E-03
  -2.8666666666666667E-03  5.7743589743589740E-03
  -3.0461538461538464E-03  6.2230769230769232E-03
  -2.9820512820512820E-03  6.8128205128205159E-03
  -2.9692307692307691E-03  7.3769230769230778E-03
  -3.1615384615384617E-03  7.6589743589743579E-03
  -3.5333333333333336E-03  7.9153846153846141E-03
  -3.5717948717948721E-03  8.4153846153846145E-03
  -3.4692307692307696E-03  8.8512820512820518E-03
  -3.4820512820512824E-03  9.3512820512820522E-03
  -3.5974358974358977E-03  9.5692307692307691E-03
  -3.8923076923076927E-03  9.8512820512820527E-03
  -4.0333333333333332E-03  1.0376923076923077E-02
  -4.0333333333333332E-03  1.0761538461538460E-02
  -4.1487179487179485E-03  1.1146153846153842E-02
  -4.0461538461538469E-03  1.1671794871794873E-02
  -4.0461538461538469E-03  1.2005128205128210E-02
  -3.7256410256410258E-03  1.2530769230769232E-02
  -2.9435897435897435E-03  1.3005128205128206E-02
  -2.8025641025641026E-03  1.3158974358974359E-02
  -2.5846153846153849E-03  1.3261538461538462E-02
  -2.7512820512820514E-03  1.3389743589743588E-02
  -2.8282051282051282E-03  1.3684615384615384E-02
  -2.8666666666666667E-03  1.4069230769230773E-02
  -3.0205128205128208E-03  1.4351282051282053E-02
  -2.8153846153846154E-03  1.4825641025641026E-02
  -2.5846153846153849E-03  1.5158974358974361E-02
  -2.6743589743589745E-03  1.5415384615384617E-02
  -3.0333333333333336E-03  1.5851282051282049E-02
  -2.8666666666666667E-03  1.6530769230769231E-02
  -2.7769230769230770E-03  1.7017948717948719E-02
  -2.5333333333333336E-03  1.7800000000000000E-02
  -2.3153846153846154E-03  1.8389743589743587E-02
  -2.2128205128205129E-03  1.8710256410256410E-02
  -2.3923076923076927E-03  1.8966666666666666E-02
  -2.8282051282051282E-03  1.9223076923076923E-02
  -3.0589743589743588E-03  1.9453846153846155E-02
  -3.2256410256410258E-03  1.9812820512820514E-02
  -3.1615384615384617E-03  2.0261538461538463E-02
  -3.1102564102564105E-03  2.0620512820512825E-02
  -2.9948717948717952E-03  2.0992307692307692E-02
  -2.6102564102564105E-03  2.1223076923076921E-02
  -2.8923076923076923E-03  2.1466666666666672E-02
  -3.0461538461538464E-03  2.1864102564102563E-02
  -3.1615384615384617E-03  2.2146153846153847E-02
  -3.4435897435897440E-03  2.2274358974358976E-02
  -3.7128205128205130E-03  2.2530769230769233E-02
  -3.8410256410256411E-03  2.3017948717948718E-02
  -3.8923076923076927E-03  2.3428205128205124E-02
  -3.9820512820512820E-03  2.3748717948717944E-02
  -3.8025641025641026E-03  2.4133333333333330E-02
  -3.7897435897435898E-03  2.4312820512820514E-02
  -4.1743589743589750E-03  2.4671794871794873E-02
  -4.2897435897435894E-03  2.5017948717948719E-02
  -4.3538461538461543E-03  2.5210256410256409E-02
  -4.0076923076923076E-03  2.5300000000000000E-02
  -3.4948717948717952E-03  2.5492307692307693E-02
  -3.2512820512820514E-03  2.5633333333333331E-02
  -2.7128205128205130E-03  2.6030769230769229E-02
  -2.3666666666666667E-03  2.6082051282051284E-02
  -2.0333333333333332E-03  2.6069230769230765E-02
  -1.3410256410256410E-03  2.6120512820512812E-02
  -9.9487179487179516E-04  2.6210256410256417E-02
  -2.8974358974358976E-04  2.6223076923076918E-02
   2.9999999999999992E-04  2.6402564102564099E-02
   7.6153846153846150E-04  2.6479487179487185E-02
   1.2615384615384602E-03  2.6517948717948721E-02
   1.5820512820512822E-03  2.6710256410256400E-02
   1.8256410256410256E-03  2.7197435897435899E-02
   1.9282051282051272E-03  2.7543589743589746E-02
   1.8512820512820512E-03  2.8120512820512825E-02
   1.7615384615384615E-03  2.8505128205128204E-02
   1.7615384615384615E-03  2.8915384615384614E-02
   1.9153846153846152E-03  2.9171794871794873E-02
   2.3641025641025636E-03  2.9338461538461535E-02
   2.8641025641025640E-03  2.9415384615384614E-02
   3.2743589743589739E-03  2.9517948717948717E-02
   3.6205128205128207E-03  2.9428205128205126E-02
   4.1717948717948719E-03  2.9351282051282047E-02
   4.2487179487179505E-03  2.9646153846153843E-02
   4.5179487179487186E-03  2.9761538461538457E-02
   5.1717948717948711E-03  3.0030769230769236E-02
   5.7487179487179484E-03  3.0351282051282055E-02
   5.8512820512820526E-03  3.0607692307692308E-02
   5.9153846153846158E-03  3.1197435897435899E-02
   5.7487179487179484E-03  3.1492307692307694E-02
   5.0307692307692293E-03  3.2133333333333333E-02
   4.6846153846153860E-03  3.2556410256410255E-02
   4.6333333333333348E-03  3.2889743589743593E-02
   5.0820512820512805E-03  3.3171794871794870E-02
   5.5820512820512810E-03  3.3261538461538460E-02
   6.1846153846153839E-03  3.3453846153846153E-02
   6.7102564102564082E-03  3.3684615384615382E-02
   7.0564102564102549E-03  3.4056410256410256E-02
   7.8384615384615424E-03  3.4441025641025642E-02
   8.0564102564102558E-03  3.4684615384615383E-02
   8.1717948717948737E-03  3.5223076923076926E-02
   8.3769230769230752E-03  3.5723076923076927E-02
   9.1076923076923114E-03  3.6171794871794873E-02
   9.6974358974358989E-03  3.6338461538461535E-02
   1.0274358974358971E-02  3.6223076923076920E-02
   1.0620512820512821E-02  3.6146153846153849E-02
   1.0646153846153847E-02  3.6492307692307692E-02
   1.0658974358974357E-02  3.7005128205128204E-02
   1.0415384615384616E-02  3.7376923076923085E-02
   1.0556410256410258E-02  3.7800000000000007E-02
   1.0556410256410258E-02  3.8158974358974369E-02
   1.0569230769230770E-02  3.8761538461538465E-02
   1.0825641025641023E-02  3.9312820512820514E-02
   1.1184615384615385E-02  3.9184615384615380E-02
   1.1684615384615385E-02  3.8876923076923080E-02
   1.1825641025641024E-02  3.8825641025641018E-02
   1.2056410256410259E-02  3.9030769230769237E-02
   1.2479487179487181E-02  3.9402564102564104E-02
   1.2992307692307694E-02  3.9607692307692302E-02
   1.3594871794871797E-02  3.9658974358974364E-02
   1.3607692307692308E-02  4.0069230769230767E-02
   1.3479487179487182E-02  4.0415384615384617E-02
   1.3248717948717953E-02  4.0825641025641020E-02
   1.2864102564102564E-02  4.1069230769230768E-02
   1.2402564102564101E-02  4.1312820512820515E-02
   1.1992307692307693E-02  4.1633333333333335E-02
   1.1620512820512822E-02  4.1838461538461540E-02
   1.1351282051282054E-02  4.1966666666666666E-02
   1.0941025641025641E-02  4.2376923076923076E-02
   1.0979487179487180E-02  4.2620512820512824E-02
   1.1389743589743592E-02  4.3120512820512831E-02
   1.1530769230769232E-02  4.3492307692307691E-02
   1.1941025641025641E-02  4.3671794871794865E-02
   1.2325641025641029E-02  4.3684615384615384E-02
   1.2800000000000001E-02  4.3761538461538470E-02
   1.3184615384615383E-02  4.3838461538461541E-02
   1.3389743589743588E-02  4.4274358974358975E-02
   1.3402564102564104E-02  4.4658974358974368E-02
   1.3710256410256411E-02  4.5235897435897447E-02
   1.3966666666666671E-02  4.5543589743589748E-02
   1.4312820512820514E-02  4.5569230769230765E-02
   1.4787179487179487E-02  4.5594871794871782E-02
   1.5274358974358975E-02  4.5479487179487181E-02
   1.5620512820512822E-02  4.5287179487179481E-02
   1.5799999999999998E-02  4.5146153846153843E-02
   1.6299999999999999E-02  4.5069230769230771E-02
   1.6812820512820514E-02  4.4633333333333337E-02
   1.7082051282051283E-02  4.4466666666666675E-02
   1.7633333333333334E-02  4.4851282051282040E-02
   1.8338461538461536E-02  4.5069230769230771E-02
   1.9505128205128206E-02  4.5428205128205119E-02
   2.0799999999999999E-02  4.5299999999999993E-02
   2.1902564102564102E-02  4.5056410256410245E-02
   2.2800000000000001E-02  4.4607692307692307E-02
   4.6466666666666663E-02  5.9543589743589732E-02
   4.6825641025641025E-02  5.9902564102564108E-02
   4.7043589743589749E-02  6.0184615384615371E-02
   4.7287179487179483E-02  6.0415384615384614E-02
   4.7453846153846166E-02  6.0543589743589747E-02
   4.7646153846153845E-02  6.0761538461538457E-02
   4.7838461538461531E-02  6.0953846153846157E-02
   4.8005128205128207E-02  6.1107692307692300E-02
   4.8338461538461538E-02  6.1197435897435905E-02
   4.8582051282051286E-02  6.1261538461538458E-02
   4.8915384615384618E-02  6.1351282051282048E-02
   4.9120512820512822E-02  6.1505128205128205E-02
   4.9338461538461525E-02  6.1646153846153857E-02
   4.9620512820512816E-02  6.1838461538461544E-02
   4.9876923076923090E-02  6.2005128205128206E-02
   5.0146153846153847E-02  6.2069230769230772E-02
   5.0517948717948728E-02  6.2248717948717953E-02
   5.0928205128205131E-02  6.2338461538461530E-02
   5.1415384615384613E-02  6.2582051282051285E-02
   5.1812820512820504E-02  6.2761538461538466E-02
   5.2107692307692306E-02  6.3005128205128214E-02
   5.2646153846153849E-02  6.3197435897435900E-02
   5.3030769230769222E-02  6.3376923076923081E-02
   5.3364102564102560E-02  6.3517948717948733E-02
   5.3723076923076922E-02  6.3671794871794876E-02
   5.4005128205128212E-02  6.3864102564102562E-02
   5.3953846153846151E-02  6.4069230769230767E-02
   5.4197435897435899E-02  6.4235897435897443E-02
   5.4441025641025632E-02  6.4389743589743600E-02
   5.4658974358974363E-02  6.4607692307692324E-02
   5.4992307692307694E-02  6.4825641025641034E-02
   5.5325641025641033E-02  6.4966666666666673E-02
   5.5607692307692309E-02  6.5235897435897444E-02
   5.5915384615384610E-02  6.5376923076923082E-02
   5.6210256410256412E-02  6.5492307692307697E-02
   5.6351282051282044E-02  6.5556410256410264E-02
   5.6684615384615382E-02  6.5697435897435902E-02
   5.7235897435897444E-02  6.5748717948717950E-02
   5.7479487179487178E-02  6.5889743589743602E-02
   5.7774358974358966E-02  6.6043589743589759E-02
   5.7928205128205131E-02  6.6056410256410264E-02
   5.8312820512820503E-02  6.6261538461538469E-02
   5.8569230769230769E-02  6.6351282051282046E-02
   5.8864102564102572E-02  6.6428205128205131E-02
   5.9133333333333329E-02  6.6658974358974374E-02
   5.9594871794871808E-02  6.6761538461538456E-02
   5.9928205128205132E-02  6.6928205128205145E-02
   6.0094871794871794E-02  6.7210256410256408E-02
   6.0479487179487181E-02  6.7415384615384613E-02
   6.0864102564102567E-02  6.7582051282051289E-02
   6.1120512820512819E-02  6.7735897435897446E-02
   6.1441025641025653E-02  6.7876923076923085E-02
   6.1825641025641025E-02  6.7889743589743590E-02
   6.2389743589743592E-02  6.8005128205128218E-02
   6.2864102564102575E-02  6.8300000000000000E-02
   6.3389743589743586E-02  6.8556410256410266E-02
   6.3992307692307696E-02  6.8902564102564109E-02
   6.4376923076923082E-02  6.9030769230769243E-02
   6.4620512820512829E-02  6.9235897435897448E-02
   6.4517948717948720E-02  6.9569230769230772E-02
   6.4658974358974358E-02  6.9889743589743605E-02
   6.4889743589743587E-02  7.0402564102564111E-02
   6.5146153846153854E-02  7.0723076923076930E-02
   6.4992307692307696E-02  7.0966666666666678E-02
   6.4735897435897444E-02  7.1146153846153859E-02
   6.4069230769230767E-02  7.1428205128205136E-02
   6.3402564102564105E-02  7.1723076923076931E-02
   6.2864102564102575E-02  7.2005128205128222E-02
   6.2351282051282049E-02  7.2325641025641027E-02
   6.2107692307692301E-02  7.2556410256410256E-02
   6.1902564102564096E-02  7.2966666666666666E-02
   6.1966666666666663E-02  7.3351282051282052E-02
   6.2325641025641025E-02  7.4005128205128209E-02
   6.2338461538461530E-02  7.4825641025641029E-02
   6.2543589743589742E-02  7.5056410256410258E-02
   6.2889743589743599E-02  7.5261538461538463E-02
   6.3338461538461552E-02  7.5325641025641030E-02
   6.3735897435897443E-02  7.5415384615384620E-02
   6.3979487179487191E-02  7.5979487179487187E-02
   6.4082051282051286E-02  7.6261538461538464E-02
   6.4300000000000010E-02  7.6492307692307693E-02
   6.4723076923076925E-02  7.6389743589743597E-02
   6.5261538461538468E-02  7.6376923076923078E-02
   6.5838461538461554E-02  7.6415384615384621E-02
   6.6376923076923083E-02  7.6171794871794887E-02
   6.6646153846153855E-02  7.5620512820512825E-02
   6.6851282051282060E-02  7.5351282051282067E-02
   6.7261538461538470E-02  7.5274358974358982E-02
   6.7607692307692313E-02  7.5274358974358982E-02
   6.7902564102564109E-02  7.5787179487179501E-02
   6.8030769230769228E-02  7.6094871794871802E-02
   6.8235897435897433E-02  7.6415384615384621E-02
   6.8710256410256410E-02  7.6748717948717959E-02
   6.9082051282051291E-02  7.6941025641025632E-02
   6.9607692307692315E-02  7.7376923076923065E-02
   6.9902564102564110E-02  7.7876923076923107E-02
   6.9838461538461544E-02  7.8069230769230780E-02
   7.0107692307692315E-02  7.8338461538461537E-02
   7.0492307692307701E-02  7.8364102564102575E-02
   7.0825641025641026E-02  7.8441025641025647E-02
   7.1107692307692316E-02  7.8517948717948746E-02
   7.1325641025641040E-02  7.8941025641025647E-02
   7.1287179487179497E-02  7.9197435897435928E-02
   7.1402564102564098E-02  7.9543589743589757E-02
   7.2146153846153860E-02  7.9915384615384624E-02
   7.2607692307692318E-02  7.9992307692307696E-02
   7.3261538461538475E-02  7.9697435897435887E-02
   7.3441025641025656E-02  7.9300000000000009E-02
   7.3569230769230776E-02  7.8735897435897442E-02
   7.3723076923076919E-02  7.8235897435897442E-02
   7.3774358974358981E-02  7.7466666666666684E-02
   7.3620512820512823E-02  7.6415384615384621E-02
   7.5351282051282067E-02  7.3889743589743609E-02
   7.5953846153846163E-02  7.3953846153846148E-02
   7.6261538461538464E-02  7.3992307692307691E-02
   7.6607692307692321E-02  7.4171794871794872E-02
   7.6787179487179488E-02  7.4415384615384619E-02
   7.7184615384615393E-02  7.4607692307692305E-02
   7.7671794871794889E-02  7.4671794871794886E-02
   7.8441025641025647E-02  7.4761538461538463E-02
   8.1928205128205131E-02  7.5415384615384620E-02
   8.3082051282051289E-02  7.6146153846153850E-02
   8.3876923076923099E-02  7.6658974358974369E-02
   8.4876923076923114E-02  7.7158974358974369E-02
   8.5748717948717981E-02  7.7428205128205141E-02
   8.6415384615384602E-02  7.7646153846153851E-02
   8.7146153846153859E-02  7.7915384615384650E-02
   8.7441025641025669E-02  7.7902564102564104E-02
   8.7812820512820522E-02  7.7582051282051270E-02
   8.7979487179487184E-02  7.8069230769230780E-02
   8.8223076923076932E-02  7.8402564102564118E-02
   8.9005128205128209E-02  7.8787179487179490E-02
   8.9428205128205138E-02  7.9133333333333347E-02
   8.9928205128205138E-02  7.9530769230769238E-02
   9.0184615384615377E-02  8.0120512820512829E-02
   9.0684615384615391E-02  8.0735897435897430E-02
   9.1338461538461549E-02  8.0876923076923110E-02
   9.2158974358974369E-02  8.0761538461538468E-02
   9.2800000000000007E-02  8.0235897435897471E-02
   9.3569230769230780E-02  7.9787179487179491E-02
   9.3966666666666684E-02  7.9633333333333362E-02
   9.4684615384615395E-02  7.9556410256410262E-02
   9.5351282051282057E-02  7.9582051282051286E-02
   9.6120512820512843E-02  7.9658974358974344E-02
   9.6966666666666701E-02  7.9838461538461566E-02
   9.7556410256410306E-02  8.0312820512820529E-02
   9.8030769230769199E-02  8.0838461538461567E-02
   9.8812820512820504E-02  8.1082051282051301E-02
   9.9415384615384600E-02  8.1043589743589758E-02
   0.1003256410256410      8.1223076923076926E-02
   0.1009923076923077      8.1376923076923069E-02
   0.1016846153846154      8.1723076923076940E-02
   0.1019153846153846      8.2146153846153841E-02
   0.1024282051282051      8.2492307692307698E-02
   0.1030307692307692      8.2505128205128217E-02
   0.1040948717948718      8.2479487179487193E-02
   0.1046974358974359      8.2466666666666674E-02
   0.1052871794871795      8.2530769230769241E-02
   0.1056974358974359      8.2838461538461555E-02
   0.1064282051282051      8.3453846153846142E-02
   0.1069538461538461      8.3915384615384600E-02
   0.1078256410256410      8.4505128205128191E-02
   0.1085307692307692      8.4787179487179495E-02
   0.1094666666666667      8.4979487179487168E-02
   0.1103769230769231      8.4812820512820519E-02
   0.1113256410256410      8.4787179487179495E-02
   0.1120564102564103      8.4441025641025666E-02
   0.1128769230769231      8.4223076923076928E-02
   0.1131974358974359      8.4800000000000000E-02
   0.1135692307692308      8.5428205128205134E-02
   0.1135179487179487      8.5710256410256411E-02
   0.1128769230769231      8.6351282051282091E-02
   0.1125435897435897      8.6876923076923088E-02
   0.1125307692307692      8.7287179487179498E-02
   0.1127358974358974      8.7646153846153860E-02
   0.1132102564102564      8.8146153846153832E-02
   0.1137871794871795      8.8582051282051294E-02
   0.1145307692307692      8.8787179487179499E-02
   0.1154025641025641      8.8774358974358966E-02
   0.1164025641025641      8.8389743589743594E-02
   0.1174025641025641      8.6979487179487183E-02
   0.1184538461538462      8.6017948717948711E-02
   0.1189025641025641      8.5800000000000015E-02
   0.1191333333333333      8.5941025641025640E-02
   0.1195820512820513      8.6748717948717954E-02
   0.1202743589743590      8.7389743589743593E-02
   0.1207358974358974      8.7979487179487184E-02
   0.1212615384615385      8.8005128205128208E-02
   0.1218256410256410      8.8223076923076932E-02
   0.1225051282051282      8.8364102564102570E-02
   0.1254025641025641      8.7864102564102556E-02
   0.1266846153846154      8.8158974358974365E-02
   0.1290307692307692      8.8607692307692318E-02
   0.1309153846153846      8.8723076923076946E-02
   0.1315948717948718      8.9120512820512851E-02
   0.1320692307692308      8.9364102564102585E-02
   0.1324794871794872      8.9684615384615390E-02
   0.1330051282051282      9.0069230769230776E-02
   0.1339923076923077      9.0133333333333343E-02
   0.1348641025641026      9.0133333333333343E-02
   0.1358256410256410      9.0030769230769220E-02
   0.1366717948717949      9.0146153846153862E-02
   0.1375692307692308      9.0479487179487186E-02
   0.1389923076923077      9.0825641025641016E-02
   0.1399153846153846      9.0979487179487187E-02
   0.1404282051282051      9.1415384615384621E-02
   0.1405692307692308      9.1607692307692321E-02
   0.1411717948717949      9.1620512820512826E-02
   0.1417615384615384      9.1530769230769235E-02
   0.1431076923076923      9.1723076923076935E-02
   0.1443000000000000      9.1838461538461577E-02
   0.1454794871794872      9.2017948717948730E-02
   0.1464153846153846      9.2261538461538464E-02
   0.1470564102564103      9.2607692307692308E-02
   0.1472102564102564      9.2594871794871803E-02
   0.1478000000000000      9.2505128205128198E-02
