   0.1388641025641026     -5.1225641025641026E-02
   0.1387487179487179     -5.1430769230769231E-02
   0.1385948717948718     -5.1687179487179484E-02
   0.1384410256410257     -5.1943589743589744E-02
   0.1383384615384615     -5.2161538461538474E-02
   0.1381846153846154     -5.2392307692307689E-02
   0.1380692307692308     -5.2623076923076925E-02
   0.1379666666666667     -5.2815384615384625E-02
   0.1378128205128205     -5.2994871794871799E-02
   0.1374025641025641     -5.3097435897435888E-02
   0.1369794871794872     -5.2982051282051287E-02
   0.1368384615384616     -5.2776923076923069E-02
   0.1367102564102564     -5.2571794871794877E-02
   0.1365307692307692     -5.2417948717948720E-02
   0.1365948717948718     -5.2135897435897430E-02
   0.1364794871794872     -5.1956410256410269E-02
   0.1363000000000000     -5.1610256410256419E-02
   0.1361974358974359     -5.1456410256410262E-02
   0.1360564102564103     -5.1187179487179484E-02
   0.1030948717948718     -4.7943589743589747E-02
   0.1030948717948718     -4.7982051282051269E-02
   0.1033128205128205     -4.8341025641025645E-02
   0.1032743589743590     -4.8456410256410259E-02
   0.1031974358974359     -4.8610256410256403E-02
   0.1031461538461539     -4.8738461538461536E-02
   0.1030820512820513     -4.8917948717948724E-02
   0.1030307692307692     -4.9058974358974369E-02
   0.1028769230769231     -4.9097435897435898E-02
   0.1026076923076923     -4.9046153846153843E-02
   0.1024153846153846     -4.9033333333333338E-02
   0.1022871794871795     -4.8841025641025639E-02
   0.1022358974358974     -4.8584615384615386E-02
   0.1023128205128205     -4.8315384615384614E-02
   0.1023769230769231     -4.8135897435897440E-02
   0.1024410256410256     -4.7956410256410266E-02
   9.3812820512820513E-02 -4.6687179487179487E-02
   9.3812820512820513E-02 -4.6815384615384606E-02
   9.3838461538461551E-02 -4.7007692307692306E-02
   9.4094871794871804E-02 -4.7289743589743582E-02
   9.4030769230769251E-02 -4.7482051282051289E-02
   9.3941025641025647E-02 -4.7700000000000006E-02
   9.3723076923076951E-02 -4.7930769230769235E-02
   9.3556410256410288E-02 -4.8097435897435897E-02
   9.3415384615384608E-02 -4.8302564102564102E-02
   9.3351282051282083E-02 -4.8482051282051290E-02
   9.3248717948717960E-02 -4.8738461538461536E-02
   9.3082051282051312E-02 -4.9020512820512813E-02
   9.2966666666666684E-02 -4.9200000000000001E-02
   9.2825641025641031E-02 -4.9366666666666670E-02
   9.2376923076923065E-02 -4.9546153846153844E-02
   9.2158974358974369E-02 -4.9700000000000008E-02
   9.2005128205128212E-02 -4.9661538461538465E-02
   9.1735897435897426E-02 -4.9546153846153844E-02
   9.1556410256410259E-02 -4.9225641025641025E-02
   9.1543589743589754E-02 -4.9110256410256410E-02
   9.1517948717948730E-02 -4.8866666666666662E-02
   9.1364102564102573E-02 -4.8533333333333331E-02
   9.1351282051282054E-02 -4.8264102564102566E-02
   9.1325641025641030E-02 -4.7866666666666662E-02
   9.1274358974358996E-02 -4.7635897435897433E-02
   9.1338461538461549E-02 -4.7379487179487187E-02
   9.1338461538461549E-02 -4.7148717948717951E-02
   9.1197435897435938E-02 -4.7097435897435896E-02
   9.0825641025641016E-02 -4.7110256410256422E-02
   9.0633333333333316E-02 -4.7097435897435896E-02
   9.0274358974358981E-02 -4.7007692307692306E-02
   9.0184615384615377E-02 -4.7225641025641023E-02
   9.0030769230769220E-02 -4.7353846153846156E-02
   8.9812820512820510E-02 -4.7456410256410259E-02
   8.9569230769230776E-02 -4.7571794871794873E-02
   8.9274358974358980E-02 -4.7687179487179487E-02
   8.8928205128205137E-02 -4.7892307692307692E-02
   8.8351282051282065E-02 -4.8058974358974368E-02
   8.8171794871794884E-02 -4.8148717948717952E-02
   8.7941025641025627E-02 -4.8123076923076928E-02
   8.7633333333333369E-02 -4.8123076923076928E-02
   8.7210256410256412E-02 -4.8123076923076928E-02
   8.7094871794871784E-02 -4.7994871794871795E-02
   8.6928205128205135E-02 -4.7879487179487167E-02
   8.6723076923076931E-02 -4.7802564102564109E-02
   8.6671794871794883E-02 -4.7879487179487167E-02
   8.6530769230769244E-02 -4.7930769230769235E-02
   8.6300000000000016E-02 -4.8110256410256409E-02
   8.6069230769230773E-02 -4.8148717948717952E-02
   8.5876923076923087E-02 -4.8110256410256409E-02
   8.5646153846153858E-02 -4.8020512820512826E-02
   8.5351282051282076E-02 -4.7879487179487167E-02
   8.5171794871794868E-02 -4.7751282051282047E-02
   8.5030769230769243E-02 -4.7648717948717945E-02
   8.4966666666666676E-02 -4.7815384615384607E-02
   8.4864102564102609E-02 -4.8058974358974368E-02
   8.4723076923076943E-02 -4.8212820512820512E-02
   8.4530769230769229E-02 -4.8379487179487174E-02
   8.4261538461538499E-02 -4.8533333333333331E-02
   8.4069230769230799E-02 -4.8533333333333331E-02
   8.3838461538461570E-02 -4.8443589743589748E-02
   8.3723076923076928E-02 -4.8289743589743597E-02
   8.3697435897435890E-02 -4.8033333333333338E-02
   8.3671794871794894E-02 -4.7700000000000006E-02
   8.3812820512820518E-02 -4.7225641025641023E-02
   8.3864102564102594E-02 -4.6917948717948722E-02
   8.3851282051282047E-02 -4.6571794871794872E-02
   8.3928205128205133E-02 -4.6238461538461541E-02
   8.4274358974359004E-02 -4.5853846153846148E-02
   8.4364102564102567E-02 -4.5533333333333342E-02
   8.4364102564102567E-02 -4.5315384615384625E-02
   8.4223076923076928E-02 -4.5366666666666666E-02
   8.4069230769230799E-02 -4.5764102564102564E-02
   8.3620512820512818E-02 -4.6123076923076926E-02
   8.3479487179487194E-02 -4.6533333333333343E-02
   8.3466666666666689E-02 -4.6712820512820517E-02
   8.3325641025641037E-02 -4.7084615384615384E-02
   8.3223076923076914E-02 -4.7353846153846156E-02
   8.3120512820512832E-02 -4.7597435897435890E-02
   8.2992307692307726E-02 -4.7738461538461549E-02
   8.2876923076923084E-02 -4.7725641025641030E-02
   8.2607692307692313E-02 -4.7751282051282047E-02
   8.2312820512820517E-02 -4.7687179487179487E-02
   8.2082051282051288E-02 -4.7597435897435890E-02
   8.1864102564102578E-02 -4.7494871794871787E-02
   8.1774358974358960E-02 -4.7174358974358982E-02
   8.1671794871794878E-02 -4.6905128205128203E-02
   8.1466666666666673E-02 -4.6661538461538463E-02
   8.1197435897435902E-02 -4.6302564102564100E-02
   8.0953846153846168E-02 -4.5969230769230776E-02
   8.0633333333333376E-02 -4.5674358974358974E-02
   8.0517948717948734E-02 -4.5392307692307697E-02
   8.0299999999999983E-02 -4.5276923076923069E-02
   7.9992307692307696E-02 -4.5110256410256407E-02
   7.9966666666666672E-02 -4.4866666666666659E-02
   7.9825641025641020E-02 -4.4623076923076925E-02
   7.9953846153846167E-02 -4.4430769230769239E-02
   7.9735897435897443E-02 -4.4174358974358979E-02
   7.4684615384615391E-02 -4.2956410256410255E-02
   7.5171794871794886E-02 -4.3341025641025641E-02
   7.5428205128205125E-02 -4.3533333333333327E-02
   7.5517948717948730E-02 -4.3789743589743586E-02
   7.5466666666666668E-02 -4.4046153846153846E-02
   7.5376923076923091E-02 -4.4302564102564099E-02
   7.5133333333333344E-02 -4.4507692307692297E-02
   7.4851282051282053E-02 -4.4712820512820502E-02
   7.4671794871794886E-02 -4.4853846153846147E-02
   7.4505128205128210E-02 -4.5084615384615383E-02
   7.4325641025641043E-02 -4.5328205128205123E-02
   7.4171794871794872E-02 -4.5597435897435902E-02
   7.3902564102564114E-02 -4.5789743589743588E-02
   7.3710256410256414E-02 -4.5994871794871793E-02
   7.3543589743589752E-02 -4.6148717948717950E-02
   7.3274358974358980E-02 -4.6302564102564100E-02
   7.3184615384615390E-02 -4.6341025641025643E-02
   7.2812820512820522E-02 -4.6456410256410258E-02
   7.2594871794871799E-02 -4.6366666666666667E-02
   7.2133333333333341E-02 -4.6097435897435896E-02
   7.1774358974358979E-02 -4.5853846153846148E-02
   7.1594871794871798E-02 -4.5687179487179486E-02
   7.1351282051282064E-02 -4.5597435897435902E-02
   7.1043589743589750E-02 -4.5571794871794871E-02
   7.0812820512820521E-02 -4.5456410256410257E-02
   7.0453846153846159E-02 -4.5187179487179478E-02
   7.0094871794871810E-02 -4.5071794871794864E-02
   6.9825641025641039E-02 -4.5276923076923069E-02
   6.9697435897435905E-02 -4.5315384615384625E-02
   6.9428205128205134E-02 -4.5251282051282052E-02
   6.9184615384615386E-02 -4.5161538461538468E-02
   6.8684615384615386E-02 -4.5007692307692304E-02
   6.8428205128205133E-02 -4.4905128205128202E-02
   6.8005128205128218E-02 -4.4751282051282044E-02
   6.7658974358974361E-02 -4.4533333333333328E-02
   6.7453846153846156E-02 -4.4289743589743580E-02
   6.7248717948717951E-02 -4.4135897435897437E-02
   6.6979487179487179E-02 -4.3982051282051279E-02
   6.6646153846153855E-02 -4.3943589743589744E-02
   6.6517948717948722E-02 -4.3982051282051279E-02
   6.6197435897435902E-02 -4.4110256410256406E-02
   6.6030769230769240E-02 -4.4110256410256406E-02
   6.5697435897435902E-02 -4.4123076923076925E-02
   6.5415384615384625E-02 -4.4020512820512822E-02
   6.4992307692307696E-02 -4.4020512820512822E-02
   6.4761538461538468E-02 -4.3956410256410262E-02
   6.4517948717948720E-02 -4.3828205128205129E-02
   6.4248717948717948E-02 -4.3674358974358972E-02
   6.3979487179487191E-02 -4.3738461538461545E-02
   6.3556410256410262E-02 -4.3764102564102562E-02
   6.3300000000000009E-02 -4.3635897435897443E-02
   6.2979487179487176E-02 -4.3379487179487183E-02
   6.2569230769230766E-02 -4.3135897435897436E-02
   6.2287179487179496E-02 -4.3020512820512821E-02
   6.1851282051282062E-02 -4.2828205128205128E-02
   6.1325641025641024E-02 -4.2597435897435899E-02
   6.0915384615384614E-02 -4.2405128205128206E-02
   6.0274358974358976E-02 -4.2135897435897442E-02
   5.9876923076923071E-02 -4.1982051282051285E-02
   5.9517948717948709E-02 -4.2238461538461551E-02
   5.9235897435897432E-02 -4.2302564102564104E-02
   5.9043589743589746E-02 -4.2482051282051285E-02
   5.8723076923076926E-02 -4.2623076923076923E-02
   5.8402564102564107E-02 -4.2687179487179483E-02
   5.7979487179487185E-02 -4.2661538461538466E-02
   5.7658974358974366E-02 -4.2571794871794882E-02
   5.7325641025641021E-02 -4.2161538461538459E-02
   5.6825641025641027E-02 -4.1956410256410254E-02
   5.6389743589743586E-02 -4.1751282051282049E-02
   5.6030769230769224E-02 -4.1584615384615387E-02
   5.5582051282051279E-02 -4.1315384615384615E-02
   5.5428205128205128E-02 -4.0892307692307693E-02
   5.5338461538461531E-02 -4.0700000000000000E-02
   5.5505128205128207E-02 -4.0533333333333338E-02
   5.5133333333333326E-02 -4.0392307692307693E-02
   5.4799999999999995E-02 -4.0302564102564102E-02
   5.4479487179487189E-02 -4.0366666666666669E-02
   5.4261538461538458E-02 -4.0738461538461536E-02
   5.4056410256410253E-02 -4.0917948717948717E-02
   5.3723076923076922E-02 -4.1020512820512819E-02
   5.3453846153846157E-02 -4.0917948717948717E-02
   5.2889743589743583E-02 -4.0648717948717952E-02
   5.2248717948717945E-02 -4.0251282051282054E-02
   5.1594871794871787E-02 -3.9930769230769235E-02
   5.0851282051282046E-02 -3.9635897435897433E-02
   5.0505128205128202E-02 -3.9661538461538463E-02
   5.0094871794871793E-02 -3.9597435897435897E-02
   4.9492307692307683E-02 -3.9379487179487180E-02
   4.8915384615384618E-02 -3.9212820512820511E-02
   4.8530769230769225E-02 -3.9033333333333337E-02
   4.8158974358974364E-02 -3.8789743589743589E-02
   4.7684615384615374E-02 -3.8456410256410258E-02
   4.7428205128205121E-02 -3.8123076923076926E-02
   4.7082051282051278E-02 -3.7879487179487178E-02
   4.6787179487179482E-02 -3.7674358974358974E-02
   4.6517948717948725E-02 -3.7430769230769233E-02
   4.6261538461538465E-02 -3.7533333333333335E-02
   4.5825641025641024E-02 -3.7648717948717950E-02
   4.5543589743589748E-02 -3.7635897435897438E-02
   4.5005128205128204E-02 -3.7520512820512816E-02
   4.4530769230769235E-02 -3.7199999999999997E-02
   4.4030769230769227E-02 -3.6841025641025642E-02
   4.3453846153846162E-02 -3.6430769230769232E-02
   4.3094871794871800E-02 -3.6161538461538460E-02
   4.2812820512820524E-02 -3.6084615384615382E-02
   4.2479487179487178E-02 -3.6084615384615382E-02
   4.2043589743589745E-02 -3.6058974358974358E-02
   4.1556410256410263E-02 -3.5866666666666665E-02
   4.1030769230769225E-02 -3.5597435897435900E-02
   4.0684615384615382E-02 -3.5302564102564105E-02
   3.9953846153846152E-02 -3.4969230769230773E-02
   3.9517948717948718E-02 -3.4764102564102568E-02
   3.9274358974358971E-02 -3.4546153846153851E-02
   3.8979487179487182E-02 -3.4341025641025646E-02
   3.8607692307692301E-02 -3.4302564102564104E-02
   3.8287179487179482E-02 -3.4238461538461537E-02
   3.7966666666666662E-02 -3.4238461538461537E-02
   3.7607692307692300E-02 -3.4289743589743592E-02
   3.6864102564102559E-02 -3.4071794871794861E-02
   3.6338461538461535E-02 -3.3866666666666663E-02
   3.5787179487179487E-02 -3.3648717948717946E-02
   3.5184615384615384E-02 -3.3469230769230765E-02
   3.4697435897435895E-02 -3.3353846153846158E-02
   3.4261538461538461E-02 -3.3161538461538458E-02
   3.3787179487179485E-02 -3.2930769230769243E-02
   3.3338461538461539E-02 -3.2674358974358969E-02
   3.3248717948717949E-02 -3.2392307692307692E-02
   3.2928205128205129E-02 -3.2264102564102566E-02
   3.2735897435897436E-02 -3.2238461538461535E-02
   3.2517948717948719E-02 -3.2187179487179488E-02
   3.2184615384615381E-02 -3.1982051282051283E-02
   3.1761538461538459E-02 -3.1815384615384613E-02
   3.1364102564102561E-02 -3.1597435897435897E-02
   3.1005128205128206E-02 -3.1443589743589746E-02
   3.0710256410256410E-02 -3.1456410256410258E-02
   3.0171794871794867E-02 -3.1507692307692306E-02
   2.9658974358974355E-02 -3.1328205128205132E-02
   2.9287179487179488E-02 -3.1200000000000006E-02
   2.9082051282051283E-02 -3.1264102564102558E-02
   2.8864102564102566E-02 -3.1302564102564108E-02
   2.8517948717948716E-02 -3.1264102564102558E-02
   2.8146153846153842E-02 -3.1238461538461541E-02
   2.7710256410256411E-02 -3.1212820512820507E-02
   2.7248717948717950E-02 -3.1123076923076927E-02
   2.6979487179487172E-02 -3.1148717948717954E-02
   2.6812820512820506E-02 -3.1148717948717954E-02
   2.6248717948717949E-02 -3.1033333333333336E-02
   2.6030769230769229E-02 -3.0892307692307695E-02
   2.5761538461538461E-02 -3.0546153846153844E-02
   2.5543589743589744E-02 -3.0264102564102568E-02
   2.4787179487179487E-02 -2.9687179487179489E-02
   2.4287179487179476E-02 -2.9366666666666662E-02
   2.3864102564102565E-02 -2.9007692307692311E-02
   2.3466666666666663E-02 -2.8661538461538467E-02
   2.3069230769230769E-02 -2.8174358974358972E-02
   2.2505128205128205E-02 -2.7751282051282050E-02
   2.2133333333333335E-02 -2.7482051282051282E-02
   2.1543589743589740E-02 -2.6917948717948718E-02
   2.1120512820512818E-02 -2.6558974358974363E-02
   2.0812820512820511E-02 -2.6264102564102564E-02
   2.0505128205128204E-02 -2.6071794871794875E-02
   2.0197435897435896E-02 -2.6135897435897434E-02
   1.9966666666666667E-02 -2.6264102564102564E-02
   1.9812820512820514E-02 -2.6302564102564104E-02
   1.9492307692307691E-02 -2.6264102564102564E-02
   1.9120512820512820E-02 -2.6187179487179493E-02
   1.8723076923076922E-02 -2.5828205128205124E-02
   1.8338461538461536E-02 -2.5648717948717949E-02
   1.7992307692307689E-02 -2.5648717948717949E-02
   1.7761538461538461E-02 -2.5520512820512820E-02
   1.7235897435897436E-02 -2.5110256410256410E-02
   1.6966666666666668E-02 -2.4892307692307693E-02
   1.6158974358974357E-02 -2.4212820512820515E-02
   1.5697435897435896E-02 -2.3725641025641026E-02
   1.5428205128205129E-02 -2.3405128205128200E-02
   1.5274358974358975E-02 -2.3046153846153845E-02
   1.4889743589743589E-02 -2.2533333333333332E-02
   1.4479487179487180E-02 -2.2174358974358974E-02
   1.3979487179487183E-02 -2.1892307692307694E-02
   1.3441025641025643E-02 -2.1956410256410257E-02
   1.2915384615384615E-02 -2.2046153846153847E-02
   1.2235897435897435E-02 -2.2161538461538462E-02
   1.1928205128205133E-02 -2.2276923076923076E-02
   1.1594871794871793E-02 -2.2443589743589749E-02
   1.1351282051282054E-02 -2.2571794871794872E-02
   1.1043589743589740E-02 -2.2494871794871793E-02
   1.0723076923076922E-02 -2.2328205128205127E-02
   1.0312820512820514E-02 -2.1969230769230769E-02
   1.0312820512820514E-02 -2.1674358974358977E-02
   1.0274358974358971E-02 -2.1315384615384618E-02
   1.0287179487179486E-02 -2.0892307692307693E-02
   1.0223076923076920E-02 -2.0379487179487184E-02
   1.0120512820512823E-02 -1.9994871794871794E-02
   9.9025641025641056E-03 -1.9571794871794872E-02
   9.6333333333333340E-03 -1.9379487179487183E-02
   9.2615384615384617E-03 -1.9315384615384616E-02
   8.8769230769230739E-03 -1.9200000000000002E-02
   8.5051282051282068E-03 -1.9020512820512821E-02
   8.1717948717948737E-03 -1.8725641025641025E-02
   7.7102564102564091E-03 -1.8405128205128206E-02
   7.3897435897435932E-03 -1.8007692307692308E-02
   7.1333333333333318E-03 -1.7700000000000004E-02
   6.8897435897435893E-03 -1.7507692307692307E-02
   6.6205128205128212E-03 -1.7212820512820515E-02
   6.1974358974358993E-03 -1.6623076923076928E-02
   6.1205128205128207E-03 -1.6225641025641023E-02
   5.8641025641025645E-03 -1.5969230769230770E-02
   5.4923076923076922E-03 -1.5853846153846152E-02
   4.9923076923076935E-03 -1.5764102564102565E-02
   4.1974358974358975E-03 -1.5443589743589739E-02
   3.9282051282051277E-03 -1.5520512820512821E-02
   3.3769230769230764E-03 -1.5674358974358978E-02
   2.8769230769230768E-03 -1.5661538461538463E-02
   2.6846153846153847E-03 -1.5405128205128208E-02
   2.1974358974358979E-03 -1.5135897435897433E-02
   1.6461538461538454E-03 -1.4828205128205126E-02
   1.4794871794871797E-03 -1.4610256410256409E-02
   1.3897435897435900E-03 -1.4366666666666665E-02
   1.2102564102564098E-03 -1.3943589743589743E-02
   9.9230769230769207E-04 -1.3635897435897435E-02
   3.7692307692307634E-04 -1.3251282051282053E-02
  -2.5128205128205176E-04 -1.2712820512820513E-02
  -5.0769230769230752E-04 -1.2289743589743591E-02
  -4.4358974358974347E-04 -1.1764102564102564E-02
  -4.6923076923076953E-04 -1.1353846153846154E-02
  -5.4615384615384595E-04 -1.0969230769230771E-02
  -6.6153846153846167E-04 -1.0584615384615385E-02
  -6.2307692307692368E-04 -1.0264102564102564E-02
  -5.3333333333333314E-04 -9.7128205128205122E-03
  -3.9230769230769267E-04 -9.3410256410256416E-03
  -1.8717948717948728E-04 -8.9820512820512829E-03
   1.5897435897435901E-04 -8.5461538461538457E-03
   3.6410256410256353E-04 -8.2128205128205126E-03
   3.3846153846153835E-04 -8.1487179487179495E-03
  -1.2307692307692323E-04 -7.8025641025641027E-03
  -2.6410256410256414E-04 -7.5974358974358978E-03
  -3.9230769230769267E-04 -7.0846153846153854E-03
  -5.7179487179487200E-04 -6.7512820512820515E-03
  -8.1538461538461582E-04 -6.3025641025641031E-03
  -9.0512820512820549E-04 -5.9820512820512820E-03
  -1.0974358974358976E-03 -5.7512820512820514E-03
  -1.3025641025641026E-03 -5.5717948717948721E-03
  -1.5205128205128208E-03 -5.3282051282051279E-03
  -1.7000000000000001E-03 -4.8538461538461539E-03
  -1.9564102564102563E-03 -4.3410256410256406E-03
  -2.1871794871794873E-03 -3.6487179487179489E-03
  -2.5205128205128208E-03 -3.2128205128205130E-03
  -2.7384615384615386E-03 -2.7769230769230770E-03
  -2.7000000000000001E-03 -2.4179487179487183E-03
  -2.8538461538461539E-03 -2.0589743589743592E-03
  -3.0846153846153849E-03 -1.7256410256410257E-03
  -3.0205128205128208E-03 -9.5641025641025673E-04
  -2.9179487179487179E-03 -4.0512820512820505E-04
  -2.7769230769230770E-03  2.1025641025641025E-04
  -2.6487179487179489E-03  7.4871794871794869E-04
  -2.7512820512820514E-03  1.1717948717948723E-03
  -3.0205128205128208E-03  1.5564102564102566E-03
  -3.0717948717948721E-03  1.9794871794871793E-03
  -3.0076923076923076E-03  2.4794871794871789E-03
  -2.9435897435897435E-03  3.0692307692307690E-03
  -2.6615384615384617E-03  3.6974358974358975E-03
  -2.6358974358974361E-03  4.2615384615384607E-03
  -2.6102564102564105E-03  4.7871794871794885E-03
  -2.7512820512820514E-03  5.4282051282051273E-03
  -2.8538461538461539E-03  5.8384615384615372E-03
  -2.7897435897435898E-03  6.2615384615384625E-03
  -2.8025641025641026E-03  6.9666666666666679E-03
  -2.6487179487179489E-03  7.4410256410256410E-03
  -2.6358974358974361E-03  7.7487179487179484E-03
  -2.7384615384615386E-03  8.2743589743589710E-03
  -2.7897435897435898E-03  8.8256410256410227E-03
  -2.8923076923076923E-03  9.1846153846153831E-03
  -3.0717948717948721E-03  9.5435897435897452E-03
  -3.1102564102564105E-03  9.9153846153846158E-03
  -3.1487179487179489E-03  1.0248717948717951E-02
  -3.1871794871794873E-03  1.0582051282051282E-02
  -3.1487179487179489E-03  1.1043589743589740E-02
  -3.2256410256410258E-03  1.1453846153846153E-02
  -3.3025641025641026E-03  1.1953846153846159E-02
  -3.0333333333333336E-03  1.2261538461538464E-02
  -3.1230769230769229E-03  1.2697435897435898E-02
  -3.0846153846153849E-03  1.3056410256410257E-02
  -2.9307692307692307E-03  1.3517948717948718E-02
  -2.8282051282051282E-03  1.4056410256410258E-02
  -2.7769230769230770E-03  1.4556410256410258E-02
  -3.0589743589743588E-03  1.5235897435897436E-02
  -3.0333333333333336E-03  1.5838461538461537E-02
  -2.9564102564102563E-03  1.6312820512820510E-02
  -3.0717948717948721E-03  1.6582051282051282E-02
  -3.1871794871794873E-03  1.6876923076923081E-02
  -3.3538461538461539E-03  1.7235897435897436E-02
  -3.5205128205128208E-03  1.7646153846153846E-02
  -3.6358974358974365E-03  1.7941025641025642E-02
  -3.6230769230769233E-03  1.8325641025641024E-02
  -3.3666666666666667E-03  1.8761538461538461E-02
  -3.0076923076923076E-03  1.9441025641025639E-02
  -2.7128205128205130E-03  1.9607692307692309E-02
  -2.4051282051282055E-03  1.9825641025641026E-02
  -1.8666666666666669E-03  2.0082051282051282E-02
  -1.7000000000000001E-03  2.0415384615384613E-02
  -1.4564102564102565E-03  2.0812820512820511E-02
  -1.0589743589743592E-03  2.1146153846153846E-02
  -7.3846153846153853E-04  2.1299999999999999E-02
  -3.5384615384615381E-04  2.1402564102564102E-02
  -3.3333333333333132E-05  2.1492307692307689E-02
   3.2564102564102554E-04  2.1735897435897433E-02
   3.3846153846153835E-04  2.2312820512820512E-02
   3.7692307692307634E-04  2.2492307692307693E-02
   2.7435897435897430E-04  2.2915384615384615E-02
   1.7179487179487182E-04  2.3402564102564100E-02
   2.6153846153846149E-04  2.3953846153846159E-02
   8.5128205128205117E-04  2.4466666666666668E-02
   1.0820512820512817E-03  2.4876923076923078E-02
   1.3897435897435900E-03  2.5223076923076928E-02
   1.7487179487179487E-03  2.5338461538461539E-02
   1.9666666666666665E-03  2.5505128205128205E-02
   2.3128205128205123E-03  2.5582051282051280E-02
   2.5820512820512831E-03  2.5697435897435894E-02
   2.7102564102564103E-03  2.5979487179487181E-02
   2.6717948717948719E-03  2.6646153846153851E-02
   2.9410256410256409E-03  2.7274358974358974E-02
   3.1205128205128202E-03  2.7479487179487179E-02
   3.4282051282051285E-03  2.7530769230769230E-02
   3.6333333333333335E-03  2.7799999999999998E-02
   3.6205128205128207E-03  2.7684615384615384E-02
   3.7102564102564103E-03  2.8069230769230763E-02
   3.8000000000000000E-03  2.8505128205128204E-02
   3.8769230769230769E-03  2.9133333333333331E-02
   4.0820512820512814E-03  2.9607692307692307E-02
   4.1076923076923070E-03  2.9902564102564103E-02
   4.3512820512820512E-03  3.0082051282051277E-02
   4.5820512820512818E-03  3.0094871794871796E-02
   4.6846153846153860E-03  3.0146153846153850E-02
   4.4666666666666674E-03  3.0761538461538458E-02
   4.8256410256410261E-03  3.1364102564102561E-02
   4.7230769230769236E-03  3.1735897435897435E-02
   4.7487179487179492E-03  3.2184615384615381E-02
   4.8769230769230790E-03  3.2633333333333334E-02
   5.0435897435897430E-03  3.3043589743589744E-02
   5.3641025641025641E-03  3.3492307692307689E-02
   5.6974358974358989E-03  3.3825641025641028E-02
   6.1974358974358993E-03  3.4184615384615383E-02
   6.5564102564102580E-03  3.4569230769230769E-02
   6.8384615384615381E-03  3.4812820512820510E-02
   6.8769230769230773E-03  3.4953846153846155E-02
   6.7615384615384629E-03  3.5287179487179486E-02
   6.7487179487179475E-03  3.5530769230769234E-02
   6.8512820512820517E-03  3.6146153846153849E-02
   6.8512820512820517E-03  3.6505128205128204E-02
   7.2358974358974360E-03  3.7005128205128204E-02
   7.5692307692307708E-03  3.7223076923076928E-02
   7.8256410256410270E-03  3.7351282051282048E-02
   7.9025641025641039E-03  3.7505128205128198E-02
   7.7999999999999996E-03  3.7800000000000007E-02
   8.1076923076923105E-03  3.8133333333333325E-02
   8.2102564102564148E-03  3.8748717948717946E-02
   8.2615384615384608E-03  3.9082051282051285E-02
   8.3641025641025633E-03  3.9453846153846145E-02
   8.4794871794871777E-03  3.9646153846153845E-02
   8.8256410256410227E-03  3.9517948717948718E-02
   9.0948717948717960E-03  3.9415384615384616E-02
   9.5307692307692298E-03  3.9325641025641025E-02
   9.7615384615384621E-03  3.9402564102564104E-02
   1.0082051282051281E-02  3.9505128205128200E-02
   1.0248717948717951E-02  3.9530769230769230E-02
   1.0453846153846152E-02  3.9633333333333333E-02
   1.0723076923076922E-02  3.9902564102564098E-02
   1.1005128205128209E-02  3.9979487179487183E-02
   1.1274358974358977E-02  4.0094871794871784E-02
   1.1633333333333334E-02  4.0300000000000002E-02
   1.2043589743589741E-02  4.0415384615384617E-02
   1.2428205128205130E-02  4.0556410256410262E-02
   1.2915384615384615E-02  4.0761538461538467E-02
   1.3287179487179486E-02  4.0889743589743580E-02
   1.3671794871794868E-02  4.1082051282051286E-02
   1.3735897435897435E-02  4.1223076923076925E-02
   1.3812820512820517E-02  4.1646153846153847E-02
   1.3941025641025640E-02  4.2005128205128202E-02
   1.4223076923076927E-02  4.2505128205128202E-02
   1.4376923076923077E-02  4.2723076923076926E-02
   1.4723076923076924E-02  4.2761538461538469E-02
   1.5094871794871794E-02  4.2735897435897438E-02
   1.5710256410256411E-02  4.2864102564102564E-02
   1.6261538461538459E-02  4.2748717948717950E-02
   1.6646153846153845E-02  4.2864102564102564E-02
   1.6876923076923081E-02  4.3210256410256401E-02
   1.7248717948717952E-02  4.3710256410256408E-02
   1.7402564102564102E-02  4.3889743589743596E-02
   1.7825641025641031E-02  4.4133333333333330E-02
   1.8158974358974359E-02  4.4300000000000006E-02
   1.8748717948717946E-02  4.4761538461538471E-02
   1.9030769230769233E-02  4.4953846153846143E-02
   1.9069230769230769E-02  4.5197435897435891E-02
   1.9389743589743592E-02  4.5569230769230765E-02
   1.9799999999999998E-02  4.5915384615384615E-02
   2.0210256410256412E-02  4.6171794871794875E-02
   2.0799999999999999E-02  4.6312820512820506E-02
   2.1261538461538464E-02  4.6351282051282049E-02
   2.1556410256410256E-02  4.6274358974358977E-02
   2.1902564102564102E-02  4.6441025641025639E-02
   2.2158974358974366E-02  4.6453846153846151E-02
   2.2274358974358976E-02  4.6710256410256411E-02
   2.2543589743589745E-02  4.6953846153846159E-02
   2.2902564102564107E-02  4.7299999999999995E-02
   2.3299999999999998E-02  4.7658974358974371E-02
   2.3517948717948715E-02  4.8248717948717948E-02
   2.3825641025641022E-02  4.8492307692307682E-02
   2.4069230769230763E-02  4.8800000000000003E-02
   2.4492307692307685E-02  4.8915384615384618E-02
   2.4889743589743590E-02  4.9223076923076925E-02
   2.5210256410256409E-02  4.9441025641025628E-02
   2.5620512820512819E-02  4.9787179487179485E-02
   2.6005128205128212E-02  5.0094871794871793E-02
   2.6274358974358973E-02  5.0351282051282052E-02
   2.6800000000000004E-02  5.0325641025641028E-02
   2.7338461538461541E-02  5.0415384615384612E-02
   2.7697435897435896E-02  5.0620512820512831E-02
   2.7902564102564101E-02  5.0902564102564107E-02
   2.8120512820512825E-02  5.1415384615384613E-02
   2.8351282051282047E-02  5.1902564102564108E-02
   2.8428205128205132E-02  5.2133333333333337E-02
   2.8735897435897433E-02  5.2607692307692314E-02
   2.8992307692307685E-02  5.3082051282051283E-02
   2.9364102564102566E-02  5.3466666666666662E-02
   2.9505128205128205E-02  5.3684615384615393E-02
   2.9812820512820512E-02  5.3992307692307694E-02
   3.0274358974358970E-02  5.4235897435897427E-02
   3.0658974358974356E-02  5.4479487179487189E-02
   3.1312820512820513E-02  5.4466666666666663E-02
   3.2210256410256412E-02  5.4300000000000001E-02
   3.2671794871794869E-02  5.4120512820512827E-02
   3.3094871794871798E-02  5.3992307692307694E-02
   3.2992307692307696E-02  5.4235897435897427E-02
   3.2735897435897436E-02  5.4466666666666663E-02
   3.3082051282051279E-02  5.4620512820512834E-02
   3.3325641025641027E-02  5.4799999999999995E-02
   3.3684615384615382E-02  5.5107692307692302E-02
   3.3979487179487178E-02  5.5210256410256404E-02
   3.4517948717948714E-02  5.5364102564102576E-02
   3.4787179487179486E-02  5.5274358974358971E-02
   3.5287179487179486E-02  5.5082051282051285E-02
   3.5069230769230769E-02  5.5402564102564104E-02
   3.5158974358974360E-02  5.5697435897435907E-02
   3.5364102564102565E-02  5.5902564102564112E-02
   3.5671794871794865E-02  5.6248717948717948E-02
   3.5992307692307692E-02  5.6453846153846146E-02
   3.6338461538461535E-02  5.6748717948717949E-02
   3.6466666666666668E-02  5.6876923076923082E-02
   3.6710256410256409E-02  5.7082051282051287E-02
   3.7197435897435897E-02  5.7492307692307690E-02
   3.7543589743589748E-02  5.7723076923076926E-02
   3.8197435897435898E-02  5.7876923076923069E-02
   3.8671794871794875E-02  5.8017948717948728E-02
   3.9043589743589742E-02  5.8235897435897445E-02
   3.9428205128205128E-02  5.8620512820512810E-02
   3.9646153846153845E-02  5.9005128205128203E-02
   3.9928205128205121E-02  5.9402564102564108E-02
   4.0261538461538460E-02  5.9620512820512804E-02
   4.0479487179487190E-02  5.9748717948717937E-02
   4.1107692307692310E-02  5.9915384615384613E-02
   4.1787179487179478E-02  6.0043589743589747E-02
   4.2620512820512824E-02  6.0466666666666662E-02
   4.3158974358974360E-02  6.0761538461538457E-02
   4.3748717948717951E-02  6.1158974358974362E-02
   4.4107692307692299E-02  6.1505128205128205E-02
   4.4466666666666675E-02  6.1928205128205120E-02
   4.4710256410256409E-02  6.2158974358974349E-02
   4.5082051282051276E-02  6.2633333333333346E-02
   4.5492307692307679E-02  6.3082051282051285E-02
   4.5992307692307687E-02  6.3492307692307695E-02
   4.6274358974358977E-02  6.3582051282051286E-02
   4.6620512820512827E-02  6.3684615384615395E-02
   4.7120512820512821E-02  6.3799999999999996E-02
   4.7889743589743586E-02  6.4107692307692310E-02
   4.8069230769230774E-02  6.4261538461538467E-02
   4.8338461538461538E-02  6.4428205128205129E-02
   4.8492307692307682E-02  6.4594871794871805E-02
   4.8812820512820515E-02  6.4723076923076925E-02
   4.9107692307692304E-02  6.4838461538461539E-02
   4.9556410256410256E-02  6.5146153846153854E-02
   5.0082051282051294E-02  6.5505128205128202E-02
   5.0415384615384612E-02  6.5761538461538468E-02
   5.1017948717948708E-02  6.5761538461538468E-02
   5.1825641025641030E-02  6.5723076923076926E-02
   5.2376923076923071E-02  6.5992307692307697E-02
   5.2607692307692314E-02  6.6325641025641036E-02
   5.3043589743589754E-02  6.6646153846153855E-02
   5.3441025641025632E-02  6.6902564102564108E-02
   5.3915384615384622E-02  6.7158974358974360E-02
   5.4658974358974363E-02  6.7543589743589760E-02
   5.4825641025641032E-02  6.7710256410256422E-02
   5.5056410256410268E-02  6.7851282051282061E-02
   5.5402564102564104E-02  6.8133333333333337E-02
   5.5838461538461538E-02  6.8594871794871809E-02
   5.6056410256410255E-02  6.9158974358974362E-02
   5.6607692307692296E-02  6.9582051282051291E-02
   5.7146153846153847E-02  6.9915384615384615E-02
   5.7620512820512823E-02  7.0158974358974363E-02
   5.8402564102564107E-02  7.0453846153846159E-02
   5.8838461538461541E-02  7.0607692307692316E-02
   5.9389743589743589E-02  7.0800000000000002E-02
   6.0171794871794866E-02  7.1274358974358978E-02
   6.0646153846153843E-02  7.1620512820512822E-02
   6.1158974358974362E-02  7.1851282051282050E-02
   6.1658974358974362E-02  7.1851282051282050E-02
   6.2043589743589748E-02  7.1787179487179498E-02
   6.2735897435897442E-02  7.1556410256410269E-02
   6.3312820512820528E-02  7.1351282051282064E-02
   6.3389743589743586E-02  7.1684615384615388E-02
   6.3556410256410262E-02  7.2082051282051293E-02
   6.3812820512820514E-02  7.2351282051282051E-02
   6.4248717948717948E-02  7.2556410256410256E-02
   6.4530769230769239E-02  7.2723076923076932E-02
   6.5017948717948734E-02  7.2825641025641041E-02
   6.5466666666666673E-02  7.2735897435897437E-02
   6.5607692307692311E-02  7.2582051282051294E-02
   6.5851282051282059E-02  7.2351282051282051E-02
   6.6030769230769240E-02  7.2287179487179498E-02
   6.6107692307692312E-02  7.2133333333333341E-02
   6.6017948717948721E-02  7.1800000000000003E-02
   6.6133333333333336E-02  7.1376923076923088E-02
   6.6248717948717964E-02  7.0889743589743592E-02
   6.6248717948717964E-02  7.0466666666666677E-02
   6.6235897435897445E-02  7.0146153846153844E-02
   6.6953846153846155E-02  7.0428205128205135E-02
   6.6941025641025650E-02  7.0787179487179483E-02
   6.7094871794871808E-02  7.1158974358974364E-02
   6.7415384615384613E-02  7.1351282051282064E-02
   6.7748717948717965E-02  7.1441025641025641E-02
   6.8005128205128218E-02  7.1671794871794883E-02
   6.8351282051282061E-02  7.1723076923076931E-02
   6.8671794871794881E-02  7.1864102564102569E-02
   6.8876923076923086E-02  7.2492307692307689E-02
   6.9248717948717967E-02  7.3069230769230775E-02
   6.9364102564102567E-02  7.3441025641025656E-02
   6.9582051282051291E-02  7.3851282051282066E-02
   6.9825641025641039E-02  7.4171794871794872E-02
   6.9966666666666663E-02  7.4248717948717957E-02
   7.0300000000000015E-02  7.4428205128205138E-02
   7.0479487179487196E-02  7.4492307692307705E-02
   7.0941025641025654E-02  7.4556410256410258E-02
   7.0979487179487183E-02  7.4530769230769248E-02
   7.1146153846153859E-02  7.4697435897435910E-02
   7.1351282051282064E-02  7.5133333333333344E-02
   7.1594871794871798E-02  7.5210256410256415E-02
   7.2005128205128222E-02  7.5428205128205125E-02
   7.1928205128205136E-02  7.5543589743589754E-02
   7.1915384615384617E-02  7.5800000000000006E-02
   7.2274358974358979E-02  7.6158974358974368E-02
   7.2646153846153860E-02  7.6389743589743597E-02
   7.3133333333333342E-02  7.6594871794871802E-02
   7.3620512820512823E-02  7.6569230769230778E-02
   7.4056410256410271E-02  7.6415384615384621E-02
   7.4466666666666681E-02  7.6197435897435911E-02
   7.4966666666666681E-02  7.5953846153846163E-02
   7.5479487179487187E-02  7.5697435897435897E-02
   7.5915384615384621E-02  7.5325641025641030E-02
   7.6402564102564116E-02  7.4902564102564115E-02
   7.6658974358974369E-02  7.4364102564102558E-02
   7.7376923076923065E-02  7.4633333333333343E-02
   7.7235897435897441E-02  7.4889743589743596E-02
   7.6748717948717959E-02  7.5376923076923091E-02
   7.6492307692307693E-02  7.5582051282051296E-02
   7.6376923076923078E-02  7.5889743589743597E-02
   7.6620512820512826E-02  7.6082051282051283E-02
   7.6902564102564103E-02  7.6376923076923078E-02
   7.7107692307692308E-02  7.6530769230769236E-02
   7.7530769230769236E-02  7.6453846153846164E-02
   7.7684615384615394E-02  7.6069230769230778E-02
   7.8030769230769237E-02  7.5697435897435897E-02
   7.8530769230769237E-02  7.5466666666666668E-02
   7.9120512820512828E-02  7.5069230769230777E-02
   7.8787179487179490E-02  7.5466666666666668E-02
   7.8556410256410289E-02  7.6043589743589740E-02
   7.8453846153846166E-02  7.6530769230769236E-02
   7.8543589743589784E-02  7.6941025641025632E-02
   7.8915384615384623E-02  7.7184615384615393E-02
   7.9235897435897457E-02  7.7158974358974369E-02
   7.9517948717948719E-02  7.7569230769230765E-02
   7.9774358974358986E-02  7.8107692307692350E-02
   7.9851282051282044E-02  7.8364102564102575E-02
   8.0274358974359000E-02  7.8453846153846166E-02
   8.0582051282051287E-02  7.8030769230769237E-02
   8.0543589743589730E-02  7.8184615384615366E-02
   8.0915384615384639E-02  7.8197435897435913E-02
   8.1133333333333321E-02  7.8479487179487190E-02
   8.1376923076923069E-02  7.8684615384615395E-02
   8.1671794871794878E-02  7.8479487179487190E-02
   8.2107692307692312E-02  7.8056410256410261E-02
   8.2043589743589745E-02  7.7825641025641032E-02
   8.2223076923076913E-02  7.7723076923076923E-02
   8.2825641025641009E-02  7.7492307692307708E-02
   8.3107692307692313E-02  7.7300000000000008E-02
   8.3312820512820518E-02  7.6851282051282069E-02
   8.3056410256410251E-02  7.7415384615384622E-02
   8.3094871794871808E-02  7.8030769230769237E-02
   8.3223076923076914E-02  7.8466666666666671E-02
   8.3389743589743631E-02  7.8941025641025647E-02
   8.3569230769230771E-02  7.8915384615384623E-02
   8.3800000000000027E-02  7.9107692307692309E-02
   8.3889743589743590E-02  7.9146153846153852E-02
   8.4569230769230772E-02  7.8812820512820500E-02
   8.5082051282051305E-02  7.8479487179487190E-02
   8.5517948717948752E-02  7.8133333333333332E-02
   8.6120512820512848E-02  7.7787179487179503E-02
   8.6479487179487183E-02  7.7479487179487189E-02
   9.2005128205128212E-02  7.9043589743589757E-02
   9.2133333333333331E-02  7.9338461538461552E-02
   9.2261538461538464E-02  7.9774358974358986E-02
   9.2364102564102574E-02  7.9800000000000024E-02
   9.2530769230769236E-02  7.9774358974358986E-02
   9.2953846153846179E-02  8.0017948717948720E-02
   9.3017948717948704E-02  8.0364102564102577E-02
   9.3184615384615380E-02  8.0594871794871806E-02
   9.3376923076923066E-02  8.0582051282051287E-02
   9.3658974358974370E-02  8.0364102564102577E-02
   9.3902564102564118E-02  8.0120512820512829E-02
   9.4133333333333347E-02  7.9979487179487191E-02
   9.4325641025641033E-02  7.9928205128205129E-02
   9.4505128205128214E-02  8.0017948717948720E-02
   9.4646153846153866E-02  8.0210256410256420E-02
   9.4992307692307695E-02  8.0184615384615396E-02
   9.5441025641025676E-02  8.0133333333333320E-02
   9.5825641025641034E-02  8.0017948717948720E-02
   9.6043589743589772E-02  7.9979487179487191E-02
   0.1111589743589744      8.4453846153846157E-02
   0.1112615384615385      8.4710256410256396E-02
   0.1114410256410257      8.5017948717948724E-02
   0.1115820512820513      8.5210256410256410E-02
   0.1118512820512821      8.5274358974359019E-02
   0.1119282051282051      8.5376923076923059E-02
   0.1120435897435897      8.5505128205128206E-02
   0.1123384615384615      8.5530769230769230E-02
   0.1124794871794872      8.5607692307692315E-02
   0.1126076923076923      8.5710256410256411E-02
   0.1128128205128205      8.5646153846153858E-02
   0.1130435897435898      8.5607692307692315E-02
   0.1131974358974359      8.5582051282051264E-02
   0.1134153846153846      8.5812820512820534E-02
   0.1135692307692308      8.5979487179487168E-02
   0.1138256410256410      8.6107692307692316E-02
   0.1141717948717949      8.6056410256410268E-02
   0.1148000000000000      8.5941025641025640E-02
   0.1154282051282051      8.5710256410256411E-02
   0.1156333333333333      8.5658974358974363E-02
   0.1160051282051282      8.5684615384615401E-02
   0.1164410256410256      8.5697435897435906E-02
   0.1169025641025641      8.5697435897435906E-02
   0.1170051282051282      8.5979487179487168E-02
   0.1172102564102564      8.6505128205128221E-02
   0.1173512820512820      8.6876923076923088E-02
   0.1173897435897436      8.7171794871794883E-02
   0.1177487179487179      8.7338461538461545E-02
   0.1180564102564103      8.7479487179487198E-02
   0.1184410256410256      8.7620512820512822E-02
   0.1187358974358974      8.7800000000000003E-02
   0.1188769230769231      8.8158974358974365E-02
   0.1190948717948718      8.8517948717948741E-02
   0.1195564102564102      8.8671794871794912E-02
   0.1198769230769231      8.8838461538461547E-02
   0.1201589743589744      8.8941025641025628E-02
   0.1204282051282051      8.8979487179487171E-02
   0.1207615384615385      8.8825641025641028E-02
   0.1213384615384615      8.8505128205128195E-02
   0.1215564102564103      8.8325641025641041E-02
   0.1218897435897436      8.7748717948717955E-02
   0.1222743589743590      8.7441025641025669E-02
   0.1226974358974359      8.7235897435897464E-02
