   0.1043128205128205     -4.7943589743589747E-02
   0.1041333333333333     -4.8046153846153850E-02
   0.1040051282051282     -4.8161538461538471E-02
   0.1038384615384616     -4.8289743589743597E-02
   0.1038000000000000     -4.8392307692307700E-02
   0.1037102564102564     -4.8635897435897434E-02
   0.1036589743589744     -4.8802564102564110E-02
   0.1034666666666667     -4.8841025641025639E-02
   0.1031589743589744     -4.8725641025641024E-02
   0.1029025641025641     -4.8584615384615386E-02
   0.1027615384615385     -4.8469230769230771E-02
   0.1026589743589744     -4.8315384615384614E-02
   0.1026589743589744     -4.8174358974358969E-02
   0.1025307692307692     -4.7969230769230764E-02
   9.5864102564102563E-02 -4.7020512820512825E-02
   9.5825641025641034E-02 -4.7123076923076927E-02
   9.5838461538461581E-02 -4.7341025641025644E-02
   9.5864102564102563E-02 -4.7558974358974361E-02
   9.5876923076923068E-02 -4.7712820512820518E-02
   9.5889743589743601E-02 -4.8046153846153850E-02
   9.5889743589743601E-02 -4.8276923076923071E-02
   9.5838461538461581E-02 -4.8507692307692300E-02
   9.5735897435897430E-02 -4.8982051282051284E-02
   9.5646153846153867E-02 -4.9328205128205127E-02
   9.5505128205128201E-02 -4.9584615384615380E-02
   9.4966666666666671E-02 -4.9802564102564111E-02
   9.4864102564102548E-02 -4.9943589743589749E-02
   9.4748717948717961E-02 -5.0212820512820514E-02
   9.4633333333333361E-02 -5.0366666666666671E-02
   9.4505128205128214E-02 -5.0456410256410261E-02
   9.4235897435897456E-02 -5.0494871794871790E-02
   9.4069230769230780E-02 -5.0610256410256418E-02
   9.3723076923076951E-02 -5.0738461538461538E-02
   9.3479487179487189E-02 -5.0507692307692302E-02
   9.3197435897435885E-02 -5.0148717948717954E-02
   9.3056410256410260E-02 -4.9905128205128206E-02
   9.2915384615384650E-02 -4.9584615384615380E-02
   9.2607692307692308E-02 -4.9225641025641025E-02
   9.2364102564102574E-02 -4.9046153846153843E-02
   9.2146153846153836E-02 -4.8905128205128205E-02
   9.1787179487179502E-02 -4.8751282051282048E-02
   9.1569230769230778E-02 -4.8597435897435905E-02
   9.1505128205128197E-02 -4.8392307692307700E-02
   9.1505128205128197E-02 -4.8110256410256409E-02
   9.1287179487179501E-02 -4.7879487179487167E-02
   9.1056410256410245E-02 -4.7700000000000006E-02
   9.0774358974358982E-02 -4.7276923076923084E-02
   9.0543589743589753E-02 -4.7020512820512825E-02
   9.0453846153846149E-02 -4.7071794871794866E-02
   9.0248717948717957E-02 -4.7212820512820525E-02
   8.9915384615384619E-02 -4.7302564102564101E-02
   8.9517948717948756E-02 -4.7174358974358982E-02
   8.9056410256410271E-02 -4.7033333333333323E-02
   8.8748717948717970E-02 -4.6982051282051282E-02
   8.8184615384615389E-02 -4.6956410256410265E-02
   8.8017948717948727E-02 -4.7046153846153849E-02
   8.7723076923076931E-02 -4.7071794871794866E-02
   8.7505128205128194E-02 -4.7007692307692306E-02
   8.7261538461538446E-02 -4.6789743589743589E-02
   8.7325641025641026E-02 -4.6571794871794872E-02
   8.7325641025641026E-02 -4.6366666666666667E-02
   8.7158974358974364E-02 -4.6353846153846155E-02
   8.6556410256410296E-02 -4.6507692307692299E-02
   8.6235897435897449E-02 -4.6635897435897446E-02
   8.5953846153846186E-02 -4.6802564102564108E-02
   8.5787179487179469E-02 -4.6956410256410265E-02
   8.5517948717948752E-02 -4.7161538461538470E-02
   8.5312820512820506E-02 -4.7366666666666668E-02
   8.5094871794871796E-02 -4.7507692307692299E-02
   8.4851282051282062E-02 -4.7687179487179487E-02
   8.4748717948717966E-02 -4.7841025641025652E-02
   8.4582051282051290E-02 -4.8033333333333338E-02
   8.4376923076923085E-02 -4.8238461538461543E-02
   8.4005128205128218E-02 -4.8405128205128205E-02
   8.3812820512820518E-02 -4.8507692307692300E-02
   8.3351282051282061E-02 -4.8558974358974362E-02
   8.3158974358974388E-02 -4.8571794871794874E-02
   8.2915384615384627E-02 -4.8584615384615386E-02
   8.2556410256410293E-02 -4.8469230769230771E-02
   8.2210256410256408E-02 -4.8392307692307700E-02
   8.1735897435897431E-02 -4.8289743589743597E-02
   8.1556410256410278E-02 -4.8212820512820512E-02
   8.1351282051282045E-02 -4.8007692307692307E-02
   8.1120512820512844E-02 -4.7892307692307692E-02
   8.0658974358974359E-02 -4.7687179487179487E-02
   8.0325641025641034E-02 -4.7558974358974361E-02
   7.9607692307692310E-02 -4.7238461538461528E-02
   7.9312820512820514E-02 -4.6994871794871794E-02
   7.9005128205128214E-02 -4.6661538461538463E-02
   7.8864102564102576E-02 -4.6353846153846155E-02
   7.8658974358974371E-02 -4.5776923076923076E-02
   7.8466666666666671E-02 -4.5379487179487185E-02
   7.8351282051282084E-02 -4.5174358974358980E-02
   7.8069230769230780E-02 -4.5046153846153847E-02
   7.7851282051282056E-02 -4.5046153846153847E-02
   7.7607692307692308E-02 -4.4956410256410263E-02
   7.7479487179487189E-02 -4.4789743589743601E-02
   7.7223076923076936E-02 -4.4571794871794884E-02
   7.6851282051282069E-02 -4.4225641025641020E-02
   7.6133333333333345E-02 -4.3789743589743586E-02
   7.5633333333333330E-02 -4.3725641025641027E-02
   7.5325641025641030E-02 -4.3764102564102562E-02
   7.4953846153846163E-02 -4.3905128205128201E-02
   7.4697435897435910E-02 -4.4007692307692303E-02
   7.4428205128205138E-02 -4.4251282051282051E-02
   7.4364102564102558E-02 -4.4623076923076925E-02
   7.4364102564102558E-02 -4.5058974358974366E-02
   7.4376923076923077E-02 -4.5200000000000011E-02
   7.4300000000000005E-02 -4.5456410256410257E-02
   7.3800000000000004E-02 -4.5687179487179486E-02
   7.3376923076923076E-02 -4.5841025641025650E-02
   7.3043589743589751E-02 -4.5956410256410264E-02
   7.2851282051282065E-02 -4.6212820512820510E-02
   7.2774358974358980E-02 -4.6482051282051288E-02
   7.2364102564102570E-02 -4.6469230769230770E-02
   7.2043589743589750E-02 -4.6353846153846155E-02
   7.1723076923076931E-02 -4.6174358974358981E-02
   7.1325641025641040E-02 -4.6020512820512824E-02
   7.0800000000000002E-02 -4.5879487179487179E-02
   7.0428205128205135E-02 -4.5700000000000005E-02
   7.0325641025641039E-02 -4.5353846153846154E-02
   7.0441025641025654E-02 -4.5148717948717949E-02
   7.0364102564102568E-02 -4.4905128205128202E-02
   7.0082051282051291E-02 -4.4687179487179485E-02
   6.9787179487179496E-02 -4.4571794871794884E-02
   6.9453846153846172E-02 -4.4482051282051287E-02
   6.8966666666666676E-02 -4.4341025641025641E-02
   6.8992307692307700E-02 -4.4097435897435894E-02
   6.8735897435897447E-02 -4.3892307692307689E-02
   6.8235897435897433E-02 -4.3635897435897443E-02
   6.7941025641025651E-02 -4.3597435897435900E-02
   6.7748717948717965E-02 -4.3853846153846146E-02
   6.7517948717948723E-02 -4.4097435897435894E-02
   6.7094871794871808E-02 -4.4328205128205123E-02
   6.6851282051282060E-02 -4.4482051282051287E-02
   6.6543589743589746E-02 -4.4648717948717942E-02
   6.5979487179487178E-02 -4.4674358974358973E-02
   6.5517948717948721E-02 -4.4738461538461546E-02
   6.5146153846153854E-02 -4.4764102564102563E-02
   6.4633333333333334E-02 -4.4815384615384618E-02
   6.4184615384615396E-02 -4.4866666666666659E-02
   6.3697435897435900E-02 -4.4892307692307704E-02
   6.3223076923076924E-02 -4.4879487179487192E-02
   6.2928205128205142E-02 -4.4841025641025649E-02
   6.2800000000000009E-02 -4.4558974358974358E-02
   6.2594871794871804E-02 -4.4315384615384625E-02
   6.2210256410256411E-02 -4.4110256410256406E-02
   6.1376923076923072E-02 -4.3956410256410262E-02
   6.1120512820512819E-02 -4.3982051282051279E-02
   6.0812820512820519E-02 -4.3969230769230760E-02
   6.0235897435897433E-02 -4.3905128205128201E-02
   5.9838461538461542E-02 -4.3969230769230760E-02
   5.9479487179487180E-02 -4.3610256410256412E-02
   5.9171794871794872E-02 -4.3456410256410255E-02
   5.8992307692307684E-02 -4.3097435897435907E-02
   5.8710256410256408E-02 -4.2764102564102568E-02
   5.8171794871794864E-02 -4.2610256410256411E-02
   5.7415384615384618E-02 -4.2546153846153845E-02
   5.7005128205128215E-02 -4.2571794871794882E-02
   5.6582051282051279E-02 -4.2558974358974370E-02
   5.5787179487179483E-02 -4.2212820512820513E-02
   5.4966666666666671E-02 -4.1789743589743591E-02
   5.4505128205128206E-02 -4.1700000000000001E-02
   5.3966666666666670E-02 -4.1610256410256410E-02
   5.3517948717948717E-02 -4.1635897435897434E-02
   5.3389743589743584E-02 -4.1405128205128205E-02
   5.3146153846153850E-02 -4.1187179487179489E-02
   5.2838461538461549E-02 -4.1276923076923079E-02
   5.2671794871794873E-02 -4.1417948717948717E-02
   5.2069230769230763E-02 -4.1135897435897434E-02
   5.1787179487179487E-02 -4.0674358974358976E-02
   5.1248717948717944E-02 -4.0597435897435898E-02
   5.1056410256410265E-02 -4.0789743589743591E-02
   5.0633333333333329E-02 -4.0687179487179488E-02
   4.9992307692307690E-02 -4.0302564102564102E-02
   4.9338461538461525E-02 -3.9866666666666661E-02
   4.8902564102564106E-02 -3.9687179487179487E-02
   4.8479487179487184E-02 -3.9533333333333330E-02
   4.8197435897435907E-02 -3.9135897435897439E-02
   4.7825641025641026E-02 -3.8982051282051282E-02
   4.7594871794871797E-02 -3.9110256410256408E-02
   4.7133333333333333E-02 -3.9046153846153848E-02
   4.6838461538461544E-02 -3.8802564102564101E-02
   4.6338461538461537E-02 -3.8635897435897439E-02
   4.5953846153846158E-02 -3.8648717948717951E-02
   4.5556410256410253E-02 -3.8623076923076927E-02
   4.5210256410256416E-02 -3.8417948717948722E-02
   4.4723076923076928E-02 -3.8161538461538462E-02
   4.4287179487179487E-02 -3.7892307692307690E-02
   4.3799999999999999E-02 -3.7674358974358974E-02
   4.3505128205128203E-02 -3.7661538461538462E-02
   4.2966666666666667E-02 -3.7456410256410257E-02
   4.2607692307692305E-02 -3.7264102564102564E-02
   4.1966666666666666E-02 -3.6994871794871792E-02
   4.1466666666666659E-02 -3.6725641025641027E-02
   4.1005128205128208E-02 -3.6430769230769232E-02
   4.0492307692307702E-02 -3.6097435897435901E-02
   3.9838461538461538E-02 -3.5905128205128208E-02
   3.9492307692307688E-02 -3.5853846153846153E-02
   3.9069230769230766E-02 -3.5661538461538460E-02
   3.8825641025641018E-02 -3.5674358974358972E-02
   3.8441025641025646E-02 -3.5841025641025641E-02
   3.8184615384615379E-02 -3.5994871794871798E-02
   3.7505128205128198E-02 -3.5828205128205129E-02
   3.6761538461538464E-02 -3.5597435897435900E-02
   3.6005128205128203E-02 -3.5392307692307695E-02
   3.5569230769230763E-02 -3.5353846153846152E-02
   3.5107692307692312E-02 -3.5482051282051286E-02
   3.4851282051282052E-02 -3.5623076923076924E-02
   3.4492307692307690E-02 -3.5623076923076924E-02
   3.4030769230769232E-02 -3.5456410256410255E-02
   3.3364102564102563E-02 -3.5123076923076924E-02
   3.2812820512820508E-02 -3.4751282051282056E-02
   3.2633333333333334E-02 -3.4289743589743592E-02
   3.2415384615384617E-02 -3.3956410256410254E-02
   3.2120512820512821E-02 -3.3802564102564103E-02
   3.1710256410256411E-02 -3.3725641025641025E-02
   3.1261538461538459E-02 -3.3674358974358977E-02
   3.0889743589743592E-02 -3.3623076923076922E-02
   3.0402564102564103E-02 -3.3623076923076922E-02
   2.9838461538461536E-02 -3.3700000000000001E-02
   2.9479487179487181E-02 -3.3712820512820513E-02
   2.9171794871794873E-02 -3.3725641025641025E-02
   2.8646153846153849E-02 -3.3597435897435898E-02
   2.8030769230769231E-02 -3.3379487179487174E-02
   2.7633333333333333E-02 -3.3225641025641024E-02
   2.7158974358974360E-02 -3.2930769230769243E-02
   2.6941025641025643E-02 -3.2635897435897433E-02
   2.6761538461538455E-02 -3.2302564102564102E-02
   2.6453846153846151E-02 -3.2033333333333330E-02
   2.5941025641025638E-02 -3.1533333333333323E-02
   2.5582051282051280E-02 -3.0853846153846152E-02
   2.5261538461538460E-02 -3.0212820512820517E-02
   2.5017948717948719E-02 -2.9712820512820513E-02
   2.4812820512820515E-02 -2.9507692307692308E-02
   2.4620512820512822E-02 -2.9558974358974359E-02
   2.4120512820512814E-02 -2.9700000000000001E-02
   2.3774358974358971E-02 -2.9815384615384615E-02
   2.3428205128205124E-02 -3.0007692307692308E-02
   2.2646153846153840E-02 -2.9994871794871789E-02
   2.2171794871794871E-02 -2.9956410256410257E-02
   2.1658974358974358E-02 -2.9751282051282052E-02
   2.1235897435897433E-02 -2.9507692307692308E-02
   2.0787179487179491E-02 -2.9148717948717952E-02
   2.0274358974358975E-02 -2.8661538461538467E-02
   2.0261538461538463E-02 -2.8135897435897443E-02
   2.0299999999999999E-02 -2.7533333333333333E-02
   2.0299999999999999E-02 -2.7058974358974360E-02
   2.0133333333333333E-02 -2.6738461538461541E-02
   1.9864102564102565E-02 -2.6571794871794872E-02
   1.9351282051282052E-02 -2.6392307692307694E-02
   1.8992307692307690E-02 -2.6238461538461544E-02
   1.8620512820512823E-02 -2.5853846153846154E-02
   1.8274358974358973E-02 -2.5430769230769232E-02
   1.7800000000000000E-02 -2.5328205128205130E-02
   1.7030769230769231E-02 -2.5482051282051280E-02
   1.6646153846153845E-02 -2.5674358974358970E-02
   1.6351282051282057E-02 -2.5802564102564103E-02
   1.5966666666666667E-02 -2.5764102564102571E-02
   1.5389743589743590E-02 -2.5674358974358970E-02
   1.4607692307692309E-02 -2.5507692307692304E-02
   1.4441025641025644E-02 -2.5187179487179492E-02
   1.4069230769230773E-02 -2.4943589743589744E-02
   1.3466666666666667E-02 -2.4776923076923078E-02
   1.3082051282051281E-02 -2.4661538461538464E-02
   1.2671794871794874E-02 -2.4430769230769232E-02
   1.2120512820512823E-02 -2.4007692307692310E-02
   1.1838461538461539E-02 -2.3597435897435903E-02
   1.2146153846153843E-02 -2.3289743589743585E-02
   1.2274358974358978E-02 -2.2994871794871793E-02
   1.1928205128205133E-02 -2.2623076923076923E-02
   1.1876923076923082E-02 -2.2802564102564104E-02
   1.1646153846153848E-02 -2.2853846153846155E-02
   1.1235897435897436E-02 -2.2764102564102561E-02
   1.0992307692307692E-02 -2.2623076923076923E-02
   1.0761538461538460E-02 -2.2123076923076922E-02
   1.0748717948717948E-02 -2.1712820512820512E-02
   1.0748717948717948E-02 -2.1174358974358976E-02
   1.0582051282051282E-02 -2.0610256410256409E-02
   1.0312820512820514E-02 -2.0469230769230771E-02
   9.9282051282051260E-03 -2.0366666666666668E-02
   9.4666666666666666E-03 -2.0187179487179487E-02
   8.7358974358974373E-03 -1.9866666666666668E-02
   8.3641025641025633E-03 -1.9764102564102565E-02
   7.9025641025641039E-03 -1.9725641025641026E-02
   7.5564102564102554E-03 -1.9610256410256412E-02
   7.0435897435897447E-03 -1.9392307692307691E-02
   6.4794871794871794E-03 -1.8815384615384612E-02
   6.1333333333333327E-03 -1.8212820512820516E-02
   5.8897435897435884E-03 -1.7674358974358980E-02
   5.5564102564102571E-03 -1.7187179487179488E-02
   5.2487179487179497E-03 -1.6828205128205129E-02
   5.4282051282051273E-03 -1.6764102564102566E-02
   5.7358974358974347E-03 -1.6725641025641030E-02
   5.7871794871794859E-03 -1.6558974358974361E-02
   5.8128205128205133E-03 -1.6302564102564109E-02
   5.7102564102564108E-03 -1.6135897435897436E-02
   5.4538461538461546E-03 -1.6328205128205132E-02
   5.2487179487179497E-03 -1.6417948717948716E-02
   5.0307692307692293E-03 -1.6405128205128211E-02
   4.6974358974358980E-03 -1.6353846153846160E-02
   4.6333333333333348E-03 -1.5866666666666668E-02
   4.3769230769230769E-03 -1.5507692307692307E-02
   4.0307692307692301E-03 -1.5353846153846157E-02
   3.5564102564102575E-03 -1.5443589743589739E-02
   3.2999999999999995E-03 -1.5366666666666666E-02
   3.0564102564102562E-03 -1.5161538461538461E-02
   2.5820512820512831E-03 -1.4738461538461539E-02
   2.2871794871794867E-03 -1.4341025641025641E-02
   2.0948717948717946E-03 -1.4212820512820516E-02
   1.5820512820512822E-03 -1.3841025641025640E-02
   1.2358974358974355E-03 -1.3482051282051280E-02
   1.0564102564102561E-03 -1.2956410256410257E-02
   7.6153846153846150E-04 -1.2405128205128206E-02
   7.6153846153846150E-04 -1.1917948717948717E-02
   7.7435897435897431E-04 -1.1405128205128205E-02
   6.7179487179487227E-04 -1.1123076923076921E-02
   4.2820512820512802E-04 -1.0930769230769232E-02
  -8.4615384615384804E-05 -1.0546153846153847E-02
  -7.0000000000000010E-04 -9.9948717948717940E-03
  -1.0076923076923075E-03 -9.6358974358974371E-03
  -1.2512820512820514E-03 -9.1358974358974367E-03
  -1.3666666666666666E-03 -8.9307692307692317E-03
  -1.5589743589743592E-03 -8.8410256410256412E-03
  -1.8538461538461541E-03 -8.6102564102564106E-03
  -2.2897435897435898E-03 -7.9307692307692308E-03
  -2.7512820512820514E-03 -7.3794871794871791E-03
  -2.9435897435897435E-03 -6.7769230769230762E-03
  -2.9435897435897435E-03 -6.0589743589743589E-03
  -2.7512820512820514E-03 -6.0333333333333333E-03
  -2.3923076923076927E-03 -5.9820512820512820E-03
  -2.0589743589743592E-03 -5.8410256410256402E-03
  -2.3153846153846154E-03 -5.6487179487179490E-03
  -2.4179487179487183E-03 -5.3538461538461535E-03
  -2.3666666666666667E-03 -4.9307692307692308E-03
  -2.3794871794871799E-03 -4.3538461538461543E-03
  -2.4307692307692311E-03 -3.9820512820512820E-03
  -2.4051282051282055E-03 -3.7000000000000002E-03
  -2.1102564102564105E-03 -3.5461538461538464E-03
  -1.8794871794871797E-03 -3.2897435897435903E-03
  -1.7256410256410257E-03 -2.8923076923076923E-03
  -1.9435897435897437E-03 -2.4820512820512824E-03
  -2.1743589743589745E-03 -2.2128205128205129E-03
  -2.4948717948717952E-03 -2.0076923076923076E-03
  -2.6615384615384617E-03 -1.7128205128205129E-03
  -2.9435897435897435E-03 -1.2641025641025644E-03
  -3.2897435897435903E-03 -8.1538461538461582E-04
  -2.9948717948717952E-03 -6.7435897435897448E-04
  -2.8794871794871795E-03 -4.0512820512820505E-04
  -2.9307692307692307E-03 -2.0000000000000009E-04
  -2.9948717948717952E-03  1.3333333333333296E-04
  -3.0205128205128208E-03  5.4358974358974330E-04
  -2.7897435897435898E-03  9.1538461538461522E-04
  -2.5205128205128208E-03  1.2871794871794867E-03
  -2.5333333333333336E-03  1.5820512820512822E-03
  -2.5717948717948720E-03  1.9538461538461537E-03
  -2.8538461538461539E-03  2.3641025641025636E-03
  -3.0205128205128208E-03  2.8256410256410256E-03
  -3.0717948717948721E-03  3.2871794871794867E-03
  -3.1615384615384617E-03  3.6846153846153847E-03
  -3.2769230769230774E-03  3.9538461538461533E-03
  -3.4051282051282051E-03  4.2871794871794863E-03
  -3.4051282051282051E-03  4.6333333333333348E-03
  -3.0717948717948721E-03  5.0179487179487173E-03
  -3.0461538461538464E-03  5.3512820512820521E-03
  -3.0333333333333336E-03  5.8641025641025645E-03
  -3.1487179487179489E-03  6.1333333333333327E-03
  -3.3153846153846150E-03  6.5435897435897460E-03
  -3.4307692307692312E-03  6.9410256410256405E-03
  -3.3666666666666667E-03  7.5820512820512810E-03
  -3.4435897435897440E-03  8.1589743589743635E-03
  -3.5205128205128208E-03  8.3769230769230752E-03
  -3.6230769230769233E-03  8.8769230769230739E-03
  -3.7128205128205130E-03  9.6333333333333340E-03
  -3.7128205128205130E-03  9.9794871794871825E-03
  -3.6743589743589745E-03  1.0658974358974357E-02
  -3.5846153846153849E-03  1.1389743589743592E-02
  -3.3666666666666667E-03  1.1966666666666667E-02
  -3.1102564102564105E-03  1.2543589743589741E-02
  -2.9948717948717952E-03  1.2915384615384615E-02
  -2.7641025641025642E-03  1.3261538461538462E-02
  -2.9051282051282051E-03  1.3684615384615384E-02
  -3.0076923076923076E-03  1.4043589743589742E-02
  -3.1743589743589745E-03  1.4479487179487180E-02
  -3.3282051282051282E-03  1.5005128205128207E-02
  -3.4948717948717952E-03  1.5505128205128208E-02
  -3.5846153846153849E-03  1.6017948717948718E-02
  -3.7641025641025642E-03  1.6799999999999999E-02
  -3.5974358974358977E-03  1.7184615384615385E-02
  -3.3666666666666667E-03  1.7620512820512822E-02
  -3.1358974358974357E-03  1.7761538461538461E-02
  -2.7897435897435898E-03  1.7889743589743583E-02
  -2.7128205128205130E-03  1.8223076923076922E-02
  -2.4307692307692311E-03  1.8607692307692308E-02
  -2.2128205128205129E-03  1.8812820512820513E-02
  -2.0974358974358977E-03  1.9146153846153851E-02
  -1.9948717948717947E-03  1.9556410256410257E-02
  -1.7000000000000001E-03  1.9812820512820514E-02
  -1.4820512820512821E-03  2.0005128205128207E-02
  -1.0461538461538464E-03  2.0274358974358975E-02
  -8.6666666666666706E-04  2.0441025641025640E-02
  -4.1794871794871786E-04  2.1017948717948716E-02
  -4.6153846153845941E-05  2.1492307692307689E-02
   1.5897435897435901E-04  2.1941025641025649E-02
   2.1025641025641025E-04  2.2325641025641028E-02
   5.5641025641025611E-04  2.2748717948717950E-02
   7.3589743589743588E-04  2.3415384615384616E-02
   1.1205128205128210E-03  2.3723076923076920E-02
   1.3641025641025644E-03  2.4017948717948712E-02
   1.2615384615384602E-03  2.4492307692307685E-02
   1.4666666666666660E-03  2.5017948717948719E-02
   1.7230769230769231E-03  2.5364102564102563E-02
   2.0435897435897433E-03  2.5812820512820512E-02
   2.1076923076923082E-03  2.6184615384615383E-02
   1.7871794871794871E-03  2.7107692307692308E-02
   1.5692307692307685E-03  2.7684615384615384E-02
   1.5307692307692309E-03  2.8299999999999999E-02
   1.6717948717948710E-03  2.8876923076923071E-02
   1.8000000000000000E-03  2.9287179487179488E-02
   1.9538461538461537E-03  2.9864102564102560E-02
   2.1205128205128211E-03  3.0300000000000001E-02
   2.3128205128205123E-03  3.0735897435897434E-02
   2.5948717948717933E-03  3.0928205128205127E-02
   2.8128205128205128E-03  3.0979487179487182E-02
   3.0307692307692305E-03  3.0953846153846151E-02
   3.7743589743589744E-03  3.1005128205128206E-02
   3.9794871794871789E-03  3.0992307692307694E-02
   3.6076923076923078E-03  3.1338461538461537E-02
   3.3512820512820508E-03  3.1607692307692309E-02
   3.1205128205128202E-03  3.2005128205128207E-02
   2.9666666666666665E-03  3.2402564102564098E-02
   3.3256410256410252E-03  3.2902564102564105E-02
   3.6717948717948719E-03  3.3325641025641027E-02
   4.1205128205128207E-03  3.3697435897435894E-02
   4.5948717948717955E-03  3.3928205128205130E-02
   5.1589743589743591E-03  3.4120512820512823E-02
   5.7615384615384620E-03  3.4235897435897437E-02
   6.1974358974358993E-03  3.4620512820512817E-02
   6.7743589743589749E-03  3.4697435897435895E-02
   7.0948717948717942E-03  3.4658974358974359E-02
   7.4153846153846171E-03  3.4684615384615383E-02
   7.7999999999999996E-03  3.4928205128205124E-02
   8.3769230769230752E-03  3.5312820512820517E-02
   8.8000000000000005E-03  3.5556410256410251E-02
   9.4153846153846154E-03  3.5684615384615384E-02
   9.7230769230769246E-03  3.5723076923076927E-02
   1.0248717948717951E-02  3.5889743589743589E-02
   1.1325641025641023E-02  3.6056410256410258E-02
   1.1582051282051283E-02  3.6517948717948716E-02
   1.1774358974358978E-02  3.6902564102564102E-02
   1.1941025641025641E-02  3.7248717948717945E-02
   1.1928205128205133E-02  3.7889743589743577E-02
   1.2133333333333333E-02  3.8287179487179482E-02
   1.2325641025641029E-02  3.8761538461538465E-02
   1.2582051282051284E-02  3.9184615384615380E-02
   1.2966666666666666E-02  3.9479487179487176E-02
   1.3325641025641028E-02  3.9825641025641019E-02
   1.3133333333333332E-02  4.0043589743589743E-02
   1.3223076923076926E-02  4.0428205128205129E-02
   1.3441025641025643E-02  4.0800000000000010E-02
   1.3684615384615384E-02  4.0941025641025641E-02
   1.3710256410256411E-02  4.1364102564102563E-02
   1.3864102564102568E-02  4.1915384615384611E-02
   1.4197435897435896E-02  4.2479487179487178E-02
   1.4582051282051282E-02  4.2799999999999998E-02
   1.4953846153846156E-02  4.2941025641025643E-02
   1.5248717948717948E-02  4.3069230769230769E-02
   1.5658974358974360E-02  4.3274358974358974E-02
   1.5864102564102565E-02  4.3261538461538462E-02
   1.6248717948717947E-02  4.2915384615384626E-02
   1.6607692307692313E-02  4.2671794871794864E-02
   1.7261538461538460E-02  4.2492307692307690E-02
   1.7710256410256409E-02  4.2517948717948721E-02
   1.8223076923076922E-02  4.2415384615384605E-02
   1.8158974358974359E-02  4.2838461538461527E-02
   1.8274358974358973E-02  4.3133333333333329E-02
   1.8748717948717946E-02  4.3735897435897439E-02
   1.9300000000000005E-02  4.4094871794871801E-02
   1.9658974358974360E-02  4.4658974358974368E-02
   2.0158974358974353E-02  4.4864102564102566E-02
   2.0312820512820511E-02  4.5312820512820505E-02
   2.0569230769230774E-02  4.6030769230769229E-02
   2.0748717948717948E-02  4.6325641025641025E-02
   2.1530769230769232E-02  4.6889743589743585E-02
   2.1671794871794874E-02  4.7043589743589749E-02
   2.2043589743589744E-02  4.7479487179487169E-02
   2.2261538461538465E-02  4.7851282051282043E-02
   2.2415384615384615E-02  4.8312820512820508E-02
   2.2287179487179488E-02  4.8428205128205122E-02
   2.2376923076923079E-02  4.8902564102564106E-02
   2.2517948717948717E-02  4.9171794871794863E-02
   2.2415384615384615E-02  4.9607692307692311E-02
   2.2120512820512819E-02  4.9928205128205123E-02
   2.1453846153846153E-02  5.0364102564102557E-02
   2.1569230769230775E-02  5.0915384615384605E-02
   2.1684615384615382E-02  5.1120512820512824E-02
   2.1799999999999993E-02  5.1428205128205125E-02
   2.2056410256410260E-02  5.1710256410256401E-02
   2.2441025641025642E-02  5.1979487179487180E-02
   2.2812820512820513E-02  5.2261538461538470E-02
   2.3338461538461537E-02  5.2556410256410245E-02
   2.3735897435897442E-02  5.2876923076923078E-02
   2.3902564102564097E-02  5.2658974358974348E-02
   2.4146153846153848E-02  5.2210256410256409E-02
   2.4428205128205132E-02  5.2094871794871808E-02
   2.4979487179487180E-02  5.2287179487179487E-02
   2.5351282051282051E-02  5.2389743589743583E-02
   2.5735897435897433E-02  5.2248717948717945E-02
   2.6235897435897430E-02  5.2017948717948709E-02
   2.6492307692307693E-02  5.1620512820512832E-02
   2.6697435897435905E-02  5.1325641025641029E-02
   2.7210256410256411E-02  5.1530769230769227E-02
   2.7594871794871793E-02  5.1607692307692306E-02
   2.7915384615384613E-02  5.1505128205128203E-02
   2.8197435897435896E-02  5.1441025641025644E-02
   2.8569230769230763E-02  5.1594871794871787E-02
   2.8735897435897433E-02  5.1684615384615391E-02
   2.9312820512820512E-02  5.1594871794871787E-02
   2.9902564102564103E-02  5.1466666666666668E-02
   3.0594871794871789E-02  5.1274358974358968E-02
   3.1184615384615387E-02  5.1133333333333336E-02
   3.1415384615384616E-02  5.1479487179487173E-02
   3.1787179487179483E-02  5.2043589743589740E-02
   3.1774358974358971E-02  5.2517948717948716E-02
   3.2030769230769231E-02  5.2697435897435890E-02
   3.2261538461538460E-02  5.2671794871794873E-02
   3.2505128205128200E-02  5.2889743589743583E-02
   3.2569230769230767E-02  5.3312820512820512E-02
   3.2658974358974358E-02  5.3748717948717946E-02
   3.3364102564102563E-02  5.4261538461538458E-02
   3.3569230769230768E-02  5.4569230769230766E-02
   3.3787179487179485E-02  5.4761538461538466E-02
   3.4274358974358973E-02  5.5056410256410268E-02
   3.4492307692307690E-02  5.5582051282051279E-02
   3.5017948717948714E-02  5.5838461538461538E-02
   3.5325641025641029E-02  5.6171794871794870E-02
   3.5582051282051282E-02  5.6389743589743586E-02
   3.6056410256410258E-02  5.6658974358974351E-02
   3.6415384615384613E-02  5.6825641025641027E-02
   3.6928205128205126E-02  5.7133333333333328E-02
   3.7197435897435897E-02  5.7453846153846161E-02
   3.7825641025641017E-02  5.7966666666666659E-02
   3.8043589743589748E-02  5.8120512820512830E-02
   3.8415384615384615E-02  5.8274358974358960E-02
   3.8710256410256404E-02  5.8569230769230769E-02
   3.9120512820512827E-02  5.8902564102564101E-02
   3.9453846153846145E-02  5.9261538461538477E-02
   3.9556410256410261E-02  5.9517948717948709E-02
   3.9697435897435893E-02  5.9902564102564108E-02
   3.9979487179487183E-02  6.0120512820512818E-02
   4.0505128205128201E-02  6.0517948717948723E-02
   4.0915384615384624E-02  6.0646153846153843E-02
   4.1364102564102563E-02  6.0684615384615385E-02
   4.1851282051282052E-02  6.1158974358974362E-02
   4.2376923076923076E-02  6.1633333333333339E-02
   4.2864102564102564E-02  6.2133333333333325E-02
   4.3300000000000005E-02  6.2351282051282049E-02
   4.3646153846153848E-02  6.2543589743589742E-02
   4.4120512820512818E-02  6.2838461538461551E-02
   4.4530769230769235E-02  6.3120512820512828E-02
   4.4876923076923085E-02  6.3120512820512828E-02
   4.5479487179487181E-02  6.3210256410256419E-02
   4.5671794871794881E-02  6.3479487179487190E-02
   4.5979487179487188E-02  6.3851282051282057E-02
   4.6325641025641025E-02  6.4120512820512829E-02
   4.6556410256410254E-02  6.4287179487179491E-02
   4.6876923076923073E-02  6.4415384615384624E-02
   4.7197435897435892E-02  6.4633333333333334E-02
   4.7505128205128200E-02  6.4735897435897444E-02
   4.8005128205128207E-02  6.4684615384615382E-02
   4.8441025641025641E-02  6.4710256410256420E-02
   4.9030769230769232E-02  6.4787179487179491E-02
   4.9889743589743588E-02  6.5402564102564106E-02
   5.0223076923076926E-02  6.5671794871794878E-02
   5.0312820512820523E-02  6.5902564102564107E-02
   5.0287179487179492E-02  6.6171794871794878E-02
   5.0569230769230762E-02  6.6646153846153855E-02
   5.1043589743589739E-02  6.7005128205128203E-02
   5.1517948717948729E-02  6.7158974358974360E-02
   5.2120512820512825E-02  6.7248717948717951E-02
   5.2953846153846150E-02  6.7325641025641036E-02
   5.3402564102564089E-02  6.7287179487179494E-02
   5.3556410256410260E-02  6.7479487179487180E-02
   5.3864102564102567E-02  6.7582051282051289E-02
   5.3953846153846151E-02  6.7684615384615385E-02
   5.4235897435897427E-02  6.7966666666666675E-02
   5.4543589743589735E-02  6.8171794871794880E-02
   5.4876923076923066E-02  6.8402564102564109E-02
   5.5210256410256404E-02  6.8658974358974362E-02
   5.5505128205128207E-02  6.8889743589743591E-02
   5.5915384615384610E-02  6.9069230769230772E-02
   5.6312820512820515E-02  6.9171794871794881E-02
   5.6748717948717949E-02  6.9530769230769229E-02
   5.6876923076923082E-02  6.9812820512820520E-02
   5.7056410256410256E-02  7.0274358974358991E-02
   5.7505128205128195E-02  7.0658974358974364E-02
   5.7953846153846154E-02  7.0838461538461545E-02
   5.8479487179487165E-02  7.1184615384615388E-02
   5.8851282051282053E-02  7.1543589743589750E-02
   5.9351282051282046E-02  7.1838461538461545E-02
   5.9633333333333337E-02  7.1915384615384617E-02
   6.0120512820512818E-02  7.2248717948717955E-02
   6.0171794871794866E-02  7.2274358974358979E-02
   6.0915384615384614E-02  7.2248717948717955E-02
   6.1466666666666663E-02  7.2158974358974365E-02
   6.1953846153846144E-02  7.2030769230769232E-02
   6.1864102564102567E-02  7.2300000000000003E-02
   6.1928205128205120E-02  7.2466666666666665E-02
   6.2197435897435892E-02  7.2812820512820522E-02
   6.2492307692307701E-02  7.3043589743589751E-02
   6.2838461538461551E-02  7.3171794871794871E-02
   6.3338461538461552E-02  7.3210256410256414E-02
   6.3761538461538467E-02  7.3223076923076932E-02
   6.4402564102564119E-02  7.3210256410256414E-02
   6.4902564102564106E-02  7.3248717948717956E-02
   6.5274358974358973E-02  7.3543589743589752E-02
   6.5838461538461554E-02  7.3812820512820523E-02
   6.6441025641025650E-02  7.3915384615384619E-02
   6.6812820512820517E-02  7.3941025641025643E-02
   6.7274358974358975E-02  7.3953846153846148E-02
   6.7799999999999999E-02  7.4261538461538476E-02
   6.8158974358974361E-02  7.4594871794871800E-02
   6.8543589743589747E-02  7.4966666666666681E-02
   6.8876923076923086E-02  7.5492307692307692E-02
   6.9325641025641024E-02  7.6235897435897440E-02
   6.9492307692307700E-02  7.6312820512820512E-02
   6.9889743589743605E-02  7.6287179487179488E-02
   7.0376923076923073E-02  7.6171794871794887E-02
   7.0710256410256425E-02  7.6094871794871802E-02
   7.1069230769230773E-02  7.6479487179487188E-02
   7.1633333333333341E-02  7.6671794871794874E-02
   7.2210256410256426E-02  7.7043589743589755E-02
   7.2825641025641041E-02  7.7223076923076936E-02
   7.3197435897435909E-02  7.7248717948717960E-02
   7.3530769230769233E-02  7.7338461538461536E-02
   7.5056410256410258E-02  7.7684615384615394E-02
   7.5594871794871801E-02  7.7864102564102575E-02
   7.6030769230769235E-02  7.7979487179487161E-02
   7.6453846153846164E-02  7.8030769230769237E-02
   7.6710256410256417E-02  7.8056410256410261E-02
   7.7210256410256417E-02  7.8274358974358985E-02
   7.7838461538461551E-02  7.8594871794871818E-02
   7.8569230769230766E-02  7.8594871794871818E-02
   7.9082051282051286E-02  7.8646153846153852E-02
   7.9684615384615395E-02  7.8594871794871818E-02
   8.0107692307692324E-02  7.8671794871794876E-02
   8.0569230769230782E-02  7.8864102564102576E-02
   8.1120512820512844E-02  7.9402564102564119E-02
   8.2543589743589746E-02  8.0274358974359000E-02
   8.3184615384615426E-02  8.0556410256410263E-02
   8.3287179487179494E-02  8.1069230769230810E-02
   8.4056410256410252E-02  8.1274358974359015E-02
   8.4582051282051290E-02  8.1530769230769226E-02
   8.4864102564102609E-02  8.1287179487179492E-02
   8.5479487179487210E-02  8.0479487179487205E-02
   8.5889743589743606E-02  7.9928205128205129E-02
   8.6364102564102582E-02  7.9620512820512815E-02
   8.7069230769230760E-02  7.9312820512820514E-02
   8.7979487179487184E-02  7.8928205128205142E-02
   8.8376923076923089E-02  7.8556410256410289E-02
   8.8889743589743594E-02  7.8351282051282084E-02
   8.9838461538461548E-02  7.8005128205128213E-02
   0.1052102564102564      8.2800000000000026E-02
   0.1051717948717949      8.3338461538461542E-02
   0.1052230769230769      8.3556410256410266E-02
   0.1054153846153846      8.3787179487179494E-02
   0.1057102564102564      8.3864102564102594E-02
   0.1060692307692308      8.3748717948717952E-02
   0.1065307692307692      8.3582051282051290E-02
   0.1068512820512820      8.3453846153846142E-02
   0.1070948717948718      8.3389743589743631E-02
   0.1075692307692308      8.3543589743589747E-02
   0.1077230769230769      8.3658974358974347E-02
   0.1080179487179487      8.3876923076923099E-02
   0.1082230769230769      8.3992307692307699E-02
   0.1085307692307692      8.4197435897435904E-02
   0.1088769230769231      8.4325641025641038E-02
   0.1090435897435897      8.4235897435897475E-02
   0.1091333333333333      8.4107692307692300E-02
   0.1093897435897436      8.4056410256410252E-02
   0.1097102564102564      8.4094871794871781E-02
   0.1099153846153846      8.4325641025641038E-02
   0.1101974358974359      8.4620512820512833E-02
   0.1104794871794872      8.4774358974358963E-02
   0.1108769230769231      8.4902564102564096E-02
   0.1111333333333333      8.4876923076923114E-02
   0.1117743589743590      8.4864102564102609E-02
   0.1119794871794872      8.4966666666666676E-02
   0.1124153846153846      8.5338461538461530E-02
   0.1126076923076923      8.5441025641025653E-02
   0.1130051282051282      8.5646153846153858E-02
   0.1133512820512821      8.5800000000000015E-02
   0.1137102564102564      8.5953846153846186E-02
   0.1141717948717949      8.5992307692307673E-02
   0.1146076923076923      8.6017948717948711E-02
   0.1149153846153846      8.5992307692307673E-02
   0.1153000000000000      8.6094871794871811E-02
   0.1156974358974359      8.6235897435897449E-02
   0.1160564102564103      8.6248717948717954E-02
   0.1165179487179487      8.6210256410256411E-02
   0.1169410256410256      8.6120512820512848E-02
   0.1175051282051282      8.6133333333333340E-02
   0.1179923076923077      8.6261538461538473E-02
   0.1183128205128205      8.6543589743589749E-02
   0.1186717948717949      8.6915384615384617E-02
   0.1189282051282051      8.6915384615384617E-02
   0.1192871794871795      8.7094871794871784E-02
   0.1195435897435897      8.7171794871794883E-02
   0.1199410256410256      8.7235897435897464E-02
   0.1203000000000000      8.7479487179487198E-02
   0.1206461538461539      8.7838461538461574E-02
   0.1211076923076923      8.8235897435897478E-02
   0.1214410256410256      8.8530769230769232E-02
