   9.4658974358974343E-02 -4.6879487179487180E-02
   9.4505128205128214E-02 -4.6892307692307691E-02
   9.4364102564102589E-02 -4.6930769230769220E-02
   9.4441025641025661E-02 -4.7110256410256422E-02
   9.4569230769230780E-02 -4.7328205128205125E-02
   9.4492307692307695E-02 -4.7520512820512832E-02
   9.4441025641025661E-02 -4.7674358974358975E-02
   9.4389743589743585E-02 -4.7789743589743590E-02
   9.4287179487179490E-02 -4.7892307692307692E-02
   9.4223076923076909E-02 -4.7956410256410266E-02
   9.3979487179487176E-02 -4.7943589743589747E-02
   9.3864102564102575E-02 -4.8033333333333338E-02
   9.3684615384615394E-02 -4.8200000000000000E-02
   9.3530769230769237E-02 -4.8328205128205126E-02
   9.3223076923076909E-02 -4.8405128205128205E-02
   9.3017948717948704E-02 -4.8417948717948717E-02
   9.2735897435897427E-02 -4.8341025641025645E-02
   9.2569230769230779E-02 -4.8212820512820512E-02
   9.2364102564102574E-02 -4.8033333333333338E-02
   9.2158974358974369E-02 -4.7828205128205133E-02
   9.2146153846153836E-02 -4.7584615384615385E-02
   9.2146153846153836E-02 -4.7264102564102566E-02
   9.2120512820512840E-02 -4.6917948717948722E-02
   9.2069230769230806E-02 -4.6712820512820517E-02
   9.1761538461538464E-02 -4.6584615384615384E-02
   9.1312820512820525E-02 -4.6430769230769227E-02
   9.1030769230769221E-02 -4.6379487179487186E-02
   9.0569230769230777E-02 -4.6238461538461541E-02
   9.0184615384615377E-02 -4.6161538461538469E-02
   8.9466666666666680E-02 -4.6007692307692305E-02
   8.8953846153846175E-02 -4.5956410256410264E-02
   8.8774358974358966E-02 -4.5956410256410264E-02
   8.8787179487179499E-02 -4.6276923076923084E-02
   8.8800000000000004E-02 -4.6584615384615384E-02
   8.8723076923076946E-02 -4.6841025641025651E-02
   8.8748717948717970E-02 -4.7123076923076927E-02
   8.8774358974358966E-02 -4.7520512820512832E-02
   8.8658974358974366E-02 -4.7789743589743590E-02
   8.8428205128205137E-02 -4.8251282051282054E-02
   8.8299999999999990E-02 -4.8520512820512819E-02
   8.8043589743589765E-02 -4.8687179487179488E-02
   8.7825641025641027E-02 -4.8853846153846164E-02
   8.7646153846153860E-02 -4.8982051282051284E-02
   8.7453846153846146E-02 -4.9110256410256410E-02
   8.7210256410256412E-02 -4.9200000000000001E-02
   8.6466666666666678E-02 -4.9148717948717939E-02
   8.6197435897435892E-02 -4.9097435897435898E-02
   8.5979487179487168E-02 -4.8982051282051284E-02
   8.5979487179487168E-02 -4.8930769230769236E-02
   8.5774358974358964E-02 -4.8687179487179488E-02
   8.5761538461538486E-02 -4.8482051282051290E-02
   8.5633333333333339E-02 -4.8161538461538471E-02
   8.5582051282051264E-02 -4.7853846153846163E-02
   8.5389743589743577E-02 -4.7443589743589747E-02
   8.5210256410256410E-02 -4.7110256410256422E-02
   8.5069230769230814E-02 -4.6917948717948722E-02
   8.4889743589743591E-02 -4.6764102564102565E-02
   8.4851282051282062E-02 -4.7007692307692306E-02
   8.4800000000000000E-02 -4.7148717948717951E-02
   8.4723076923076943E-02 -4.7315384615384627E-02
   8.4646153846153857E-02 -4.7430769230769228E-02
   8.4402564102564109E-02 -4.7341025641025644E-02
   8.4120512820512833E-02 -4.7276923076923084E-02
   8.3889743589743590E-02 -4.7302564102564101E-02
   8.3517948717948723E-02 -4.7225641025641023E-02
   8.3146153846153856E-02 -4.7174358974358982E-02
   8.3133333333333337E-02 -4.7161538461538470E-02
   8.2902564102564108E-02 -4.6956410256410265E-02
   8.2697435897435903E-02 -4.6841025641025651E-02
   8.2428205128205118E-02 -4.6712820512820517E-02
   8.2107692307692312E-02 -4.6635897435897446E-02
   8.1851282051282059E-02 -4.6597435897435889E-02
   8.1569230769230769E-02 -4.6584615384615384E-02
   8.1299999999999997E-02 -4.6533333333333343E-02
   8.1094871794871792E-02 -4.6469230769230770E-02
   8.0915384615384639E-02 -4.6328205128205124E-02
   8.0646153846153854E-02 -4.6212820512820510E-02
   8.0415384615384625E-02 -4.6148717948717950E-02
   8.0184615384615396E-02 -4.6302564102564100E-02
   7.9992307692307696E-02 -4.6353846153846155E-02
   7.9582051282051286E-02 -4.6328205128205124E-02
   7.9248717948717948E-02 -4.6289743589743582E-02
   7.8966666666666671E-02 -4.6315384615384612E-02
   7.8864102564102576E-02 -4.6071794871794865E-02
   7.8582051282051271E-02 -4.5764102564102564E-02
   7.8505128205128213E-02 -4.5558974358974359E-02
   7.8287179487179503E-02 -4.5174358974358980E-02
   7.8210256410256404E-02 -4.4917948717948707E-02
   7.8120512820512841E-02 -4.4687179487179485E-02
   7.7876923076923107E-02 -4.4469230769230768E-02
   7.7658974358974370E-02 -4.4405128205128201E-02
   7.7466666666666684E-02 -4.4533333333333328E-02
   7.7287179487179503E-02 -4.4687179487179485E-02
   7.7069230769230779E-02 -4.4725641025641028E-02
   7.6748717948717959E-02 -4.4725641025641028E-02
   7.6376923076923078E-02 -4.4610256410256399E-02
   7.6120512820512826E-02 -4.4520512820512829E-02
   7.5979487179487187E-02 -4.4443589743589744E-02
   7.5876923076923078E-02 -4.4571794871794884E-02
   7.5710256410256416E-02 -4.4841025641025649E-02
   7.5197435897435896E-02 -4.5020512820512809E-02
   7.4992307692307691E-02 -4.5212820512820509E-02
   7.4812820512820510E-02 -4.5430769230769226E-02
   7.4582051282051282E-02 -4.5712820512820516E-02
   7.4376923076923077E-02 -4.5994871794871793E-02
   7.3941025641025643E-02 -4.6161538461538469E-02
   7.3671794871794885E-02 -4.6174358974358981E-02
   7.3479487179487185E-02 -4.6289743589743582E-02
   7.3043589743589751E-02 -4.6443589743589746E-02
   7.2915384615384618E-02 -4.6558974358974360E-02
   7.2582051282051294E-02 -4.6738461538461548E-02
   7.2338461538461546E-02 -4.6905128205128203E-02
   7.2017948717948727E-02 -4.7058974358974368E-02
   7.1787179487179498E-02 -4.7135897435897439E-02
   7.1582051282051293E-02 -4.7058974358974368E-02
   7.1235897435897436E-02 -4.6930769230769220E-02
   7.0992307692307688E-02 -4.6815384615384606E-02
   7.0646153846153859E-02 -4.6635897435897446E-02
   7.0030769230769244E-02 -4.6405128205128203E-02
   6.9876923076923086E-02 -4.6353846153846155E-02
   6.9543589743589748E-02 -4.6289743589743582E-02
   6.9146153846153843E-02 -4.6276923076923084E-02
   6.8851282051282062E-02 -4.6135897435897438E-02
   6.8646153846153857E-02 -4.5917948717948721E-02
   6.8428205128205133E-02 -4.5776923076923076E-02
   6.8210256410256423E-02 -4.5584615384615383E-02
   6.8069230769230771E-02 -4.5584615384615383E-02
   6.7633333333333337E-02 -4.5584615384615383E-02
   6.7325641025641036E-02 -4.5520512820512830E-02
   6.6876923076923084E-02 -4.5469230769230769E-02
   6.6338461538461541E-02 -4.5417948717948714E-02
   6.5851282051282059E-02 -4.5328205128205123E-02
   6.5646153846153854E-02 -4.5212820512820509E-02
   6.5299999999999997E-02 -4.5020512820512809E-02
   6.5017948717948734E-02 -4.4892307692307704E-02
   6.4876923076923082E-02 -4.4828205128205130E-02
   6.4530769230769239E-02 -4.4687179487179485E-02
   6.4120512820512829E-02 -4.4494871794871785E-02
   6.3748717948717962E-02 -4.4405128205128201E-02
   6.3338461538461552E-02 -4.4417948717948727E-02
   6.3043589743589756E-02 -4.4469230769230768E-02
   6.2735897435897442E-02 -4.4558974358974358E-02
   6.2517948717948718E-02 -4.4610256410256399E-02
   6.2351282051282049E-02 -4.4482051282051287E-02
   6.2223076923076930E-02 -4.4379487179487184E-02
   6.2069230769230772E-02 -4.4199999999999996E-02
   6.1761538461538458E-02 -4.3982051282051279E-02
   6.1338461538461529E-02 -4.3815384615384617E-02
   6.1120512820512819E-02 -4.3738461538461545E-02
   6.0864102564102567E-02 -4.3597435897435900E-02
   6.0517948717948723E-02 -4.3366666666666664E-02
   6.0223076923076914E-02 -4.3187179487179490E-02
   5.9876923076923071E-02 -4.3033333333333333E-02
   5.9543589743589732E-02 -4.2917948717948719E-02
   5.9171794871794872E-02 -4.2815384615384616E-02
   5.8748717948717943E-02 -4.2828205128205128E-02
   5.8415384615384605E-02 -4.2879487179487190E-02
   5.7953846153846154E-02 -4.2956410256410255E-02
   5.7582051282051294E-02 -4.2930769230769231E-02
   5.7261538461538461E-02 -4.2905128205128200E-02
   5.7107692307692311E-02 -4.2789743589743585E-02
   5.7043589743589758E-02 -4.2725641025641026E-02
   5.6992307692307682E-02 -4.2776923076923087E-02
   5.6812820512820508E-02 -4.2905128205128200E-02
   5.6415384615384617E-02 -4.3084615384615388E-02
   5.6043589743589743E-02 -4.3148717948717948E-02
   5.5684615384615381E-02 -4.3020512820512821E-02
   5.5146153846153845E-02 -4.2815384615384616E-02
   5.4966666666666671E-02 -4.2751282051282050E-02
   5.4402564102564104E-02 -4.2392307692307681E-02
   5.4261538461538458E-02 -4.2174358974358971E-02
   5.4082051282051284E-02 -4.2007692307692308E-02
   5.3838461538461536E-02 -4.1751282051282049E-02
   5.3556410256410260E-02 -4.1507692307692308E-02
   5.3312820512820512E-02 -4.1379487179487182E-02
   5.3107692307692307E-02 -4.1430769230769229E-02
   5.2646153846153849E-02 -4.1379487179487182E-02
   5.2069230769230763E-02 -4.1123076923076922E-02
   5.1812820512820504E-02 -4.0982051282051284E-02
   5.1582051282051275E-02 -4.0905128205128205E-02
   5.1197435897435896E-02 -4.0751282051282055E-02
   5.0748717948717943E-02 -4.0584615384615386E-02
   5.0107692307692304E-02 -4.0289743589743590E-02
   4.9812820512820516E-02 -4.0135897435897440E-02
   4.9261538461538468E-02 -3.9866666666666661E-02
   4.9030769230769232E-02 -3.9764102564102566E-02
   4.8582051282051286E-02 -3.9635897435897433E-02
   4.8146153846153845E-02 -3.9597435897435897E-02
   4.7787179487179497E-02 -3.9469230769230770E-02
   4.7415384615384623E-02 -3.9238461538461542E-02
   4.7082051282051278E-02 -3.9071794871794872E-02
   4.6761538461538459E-02 -3.8956410256410258E-02
   4.6312820512820506E-02 -3.8764102564102565E-02
   4.5889743589743584E-02 -3.8546153846153848E-02
   4.5056410256410245E-02 -3.8174358974358974E-02
   4.4812820512820511E-02 -3.8071794871794871E-02
   4.4325641025641023E-02 -3.7905128205128209E-02
   4.3992307692307699E-02 -3.7776923076923076E-02
   4.3761538461538470E-02 -3.7674358974358974E-02
   4.3415384615384606E-02 -3.7546153846153847E-02
   4.3146153846153855E-02 -3.7430769230769233E-02
   4.2851282051282052E-02 -3.7315384615384611E-02
   4.2607692307692305E-02 -3.7225641025641028E-02
   4.1992307692307683E-02 -3.6994871794871792E-02
   4.1671794871794864E-02 -3.6776923076923075E-02
   4.1261538461538461E-02 -3.6507692307692310E-02
   4.0953846153846153E-02 -3.6174358974358972E-02
   4.0338461538461545E-02 -3.5853846153846153E-02
   4.0043589743589743E-02 -3.5751282051282050E-02
   3.9543589743589742E-02 -3.5558974358974357E-02
   3.8851282051282049E-02 -3.5405128205128207E-02
   3.8517948717948718E-02 -3.5315384615384617E-02
   3.8017948717948724E-02 -3.5135897435897435E-02
   3.7748717948717952E-02 -3.5046153846153852E-02
   3.7453846153846150E-02 -3.4841025641025647E-02
   3.7069230769230764E-02 -3.4789743589743585E-02
   3.6530769230769228E-02 -3.4853846153846159E-02
   3.6248717948717951E-02 -3.5033333333333333E-02
   3.6056410256410258E-02 -3.5276923076923081E-02
   3.5723076923076927E-02 -3.5443589743589743E-02
   3.5415384615384619E-02 -3.5584615384615388E-02
   3.5210256410256414E-02 -3.5687179487179491E-02
   3.4902564102564107E-02 -3.5700000000000003E-02
   3.4556410256410257E-02 -3.5648717948717948E-02
   3.4158974358974359E-02 -3.5571794871794869E-02
   3.3787179487179485E-02 -3.5610256410256412E-02
   3.3274358974358972E-02 -3.5482051282051286E-02
   3.2569230769230767E-02 -3.5251282051282050E-02
   3.2723076923076924E-02 -3.4956410256410261E-02
   3.2646153846153846E-02 -3.4700000000000002E-02
   3.2594871794871791E-02 -3.4443589743589749E-02
   3.2274358974358971E-02 -3.4135897435897435E-02
   3.2235897435897436E-02 -3.3879487179487182E-02
   3.2235897435897436E-02 -3.3712820512820513E-02
   3.2223076923076924E-02 -3.3405128205128205E-02
   3.2223076923076924E-02 -3.3174358974358976E-02
   3.2082051282051278E-02 -3.2520512820512826E-02
   3.1825641025641026E-02 -3.2199999999999999E-02
   3.1543589743589742E-02 -3.2058974358974361E-02
   3.1300000000000001E-02 -3.1969230769230771E-02
   3.0761538461538458E-02 -3.1687179487179487E-02
   3.0428205128205127E-02 -3.1469230769230770E-02
   3.0235897435897441E-02 -3.1289743589743589E-02
   2.9851282051282048E-02 -3.0841025641025636E-02
   2.9505128205128205E-02 -3.0725641025641025E-02
   2.9133333333333331E-02 -3.0687179487179479E-02
   2.8671794871794866E-02 -3.0661538461538473E-02
   2.8235897435897432E-02 -3.0571794871794868E-02
   2.7556410256410258E-02 -3.0392307692307691E-02
   2.7210256410256411E-02 -3.0264102564102568E-02
   2.6723076923076926E-02 -3.0084615384615383E-02
   2.6338461538461533E-02 -2.9879487179487178E-02
   2.6274358974358973E-02 -2.9738461538461540E-02
   2.5876923076923075E-02 -2.9584615384615386E-02
   2.5338461538461539E-02 -2.9379487179487181E-02
   2.5210256410256409E-02 -2.9520512820512827E-02
   2.4825641025641026E-02 -2.9623076923076926E-02
   2.4594871794871798E-02 -2.9597435897435898E-02
   2.4082051282051278E-02 -2.9533333333333335E-02
   2.3799999999999995E-02 -2.9456410256410256E-02
   2.3274358974358970E-02 -2.9328205128205130E-02
   2.2774358974358973E-02 -2.9289743589743591E-02
   2.2543589743589745E-02 -2.9379487179487181E-02
   2.2235897435897437E-02 -2.9276923076923079E-02
   2.1902564102564102E-02 -2.9161538461538464E-02
   2.1466666666666672E-02 -2.8969230769230771E-02
   2.1171794871794870E-02 -2.8802564102564106E-02
   2.1223076923076921E-02 -2.8417948717948709E-02
   2.1312820512820511E-02 -2.8187179487179494E-02
   2.1402564102564102E-02 -2.8033333333333341E-02
   2.1235897435897433E-02 -2.7776923076923074E-02
   2.1056410256410252E-02 -2.7687179487179487E-02
   2.0787179487179491E-02 -2.7507692307692306E-02
   2.0569230769230774E-02 -2.7315384615384616E-02
   2.0376923076923077E-02 -2.7084615384615384E-02
   2.0287179487179487E-02 -2.7148717948717951E-02
   1.9928205128205128E-02 -2.7276923076923077E-02
   1.9748717948717947E-02 -2.7546153846153845E-02
   1.9607692307692309E-02 -2.7482051282051282E-02
   1.9453846153846155E-02 -2.7315384615384616E-02
   1.9300000000000005E-02 -2.7097435897435893E-02
   1.9171794871794871E-02 -2.6841025641025643E-02
   1.9082051282051284E-02 -2.6725641025641029E-02
   1.8889743589743584E-02 -2.6417948717948718E-02
   1.8735897435897438E-02 -2.6135897435897434E-02
   1.8543589743589741E-02 -2.5776923076923072E-02
   1.8428205128205127E-02 -2.5584615384615383E-02
   1.8069230769230768E-02 -2.5187179487179492E-02
   1.7876923076923075E-02 -2.5174358974358976E-02
   1.7556410256410256E-02 -2.5174358974358976E-02
   1.7184615384615385E-02 -2.5174358974358976E-02
   1.6928205128205125E-02 -2.5148717948717949E-02
   1.6607692307692313E-02 -2.5058974358974358E-02
   1.6261538461538459E-02 -2.4930769230769232E-02
   1.5992307692307688E-02 -2.4841025641025642E-02
   1.5812820512820513E-02 -2.4764102564102563E-02
   1.5030769230769231E-02 -2.4199999999999999E-02
   1.4876923076923078E-02 -2.3905128205128207E-02
   1.4838461538461538E-02 -2.3417948717948719E-02
   1.4902564102564105E-02 -2.2982051282051282E-02
   1.4364102564102565E-02 -2.2982051282051282E-02
   1.4235897435897439E-02 -2.3007692307692309E-02
   1.4030769230769234E-02 -2.3071794871794872E-02
   1.3889743589743589E-02 -2.3135897435897439E-02
   1.3671794871794868E-02 -2.3084615384615381E-02
   1.3453846153846151E-02 -2.3097435897435896E-02
   1.3158974358974359E-02 -2.3148717948717947E-02
   1.2941025641025642E-02 -2.3084615384615381E-02
   1.2607692307692308E-02 -2.3110256410256411E-02
   1.2325641025641029E-02 -2.3084615384615381E-02
   1.2082051282051283E-02 -2.2917948717948722E-02
   1.1838461538461539E-02 -2.2725641025641025E-02
   1.1633333333333334E-02 -2.2635897435897435E-02
   1.1415384615384617E-02 -2.2546153846153844E-02
   1.1248717948717952E-02 -2.2520512820512820E-02
   1.1030769230769235E-02 -2.2507692307692308E-02
   1.0748717948717948E-02 -2.2405128205128206E-02
   1.0428205128205128E-02 -2.2225641025641032E-02
   1.0261538461538463E-02 -2.2097435897435899E-02
   9.9282051282051260E-03 -2.1917948717948714E-02
   9.7358974358974382E-03 -2.1815384615384615E-02
   9.5692307692307691E-03 -2.1635897435897437E-02
   9.4538461538461530E-03 -2.1328205128205126E-02
   9.4410256410256427E-03 -2.1084615384615382E-02
   9.3897435897435915E-03 -2.0661538461538460E-02
   9.4794871794871786E-03 -2.0328205128205133E-02
   9.5179487179487179E-03 -2.0148717948717948E-02
   9.3384615384615403E-03 -2.0007692307692310E-02
   9.2102564102564156E-03 -1.9789743589743589E-02
   8.9923076923076935E-03 -1.9469230769230770E-02
   8.9153846153846149E-03 -1.9366666666666667E-02
   8.8641025641025637E-03 -1.9353846153846156E-02
   8.6461538461538468E-03 -1.9546153846153845E-02
   8.4410256410256419E-03 -1.9764102564102565E-02
   7.8128205128205168E-03 -1.9815384615384617E-02
   7.4025641025640999E-03 -1.9815384615384617E-02
   7.2230769230769241E-03 -1.9802564102564105E-02
   6.7615384615384629E-03 -1.9635897435897436E-02
   6.4538461538461555E-03 -1.9366666666666667E-02
   6.4282051282051281E-03 -1.9212820512820514E-02
   6.3128205128205137E-03 -1.8866666666666667E-02
   6.2230769230769232E-03 -1.8546153846153844E-02
   5.9538461538461551E-03 -1.8379487179487178E-02
   5.6846153846153834E-03 -1.8212820512820516E-02
   5.7102564102564108E-03 -1.8110256410256410E-02
   5.7358974358974347E-03 -1.7764102564102560E-02
   5.5435897435897434E-03 -1.7494871794871792E-02
   5.2358974358974377E-03 -1.7200000000000000E-02
   4.9666666666666678E-03 -1.6853846153846153E-02
   4.9025641025641029E-03 -1.6712820512820515E-02
   4.8512820512820517E-03 -1.6520512820512822E-02
   4.3897435897435905E-03 -1.6353846153846160E-02
   4.0307692307692301E-03 -1.6187179487179487E-02
   3.7615384615384616E-03 -1.6046153846153849E-02
   3.5307692307692310E-03 -1.5943589743589746E-02
   3.2487179487179492E-03 -1.5943589743589746E-02
   2.9666666666666665E-03 -1.5994871794871798E-02
   2.6717948717948719E-03 -1.5930769230769231E-02
   2.3256410256410251E-03 -1.5828205128205129E-02
   2.0692307692307690E-03 -1.5597435897435894E-02
   1.9923076923076921E-03 -1.5520512820512821E-02
   1.8769230769230768E-03 -1.5264102564102563E-02
   1.8769230769230768E-03 -1.4853846153846155E-02
   1.6846153846153838E-03 -1.4315384615384614E-02
   1.8000000000000000E-03 -1.3930769230769227E-02
   1.9025641025641024E-03 -1.3674358974358975E-02
   1.9923076923076921E-03 -1.3341025641025640E-02
   1.7743589743589743E-03 -1.3417948717948719E-02
   1.4153846153846148E-03 -1.3366666666666667E-02
   9.1538461538461522E-04 -1.3097435897435896E-02
   7.7435897435897431E-04 -1.2802564102564100E-02
   7.2307692307692307E-04 -1.2469230769230769E-02
   6.8461538461538508E-04 -1.2084615384615383E-02
   6.5897435897435946E-04 -1.1789743589743591E-02
   7.9999999999999993E-04 -1.1597435897435898E-02
   6.0769230769230735E-04 -1.1482051282051280E-02
   1.3333333333333296E-04 -1.1225641025641024E-02
  -1.7435897435897447E-04 -1.1058974358974358E-02
  -7.0000000000000010E-04 -1.0764102564102564E-02
  -8.6666666666666706E-04 -1.0597435897435899E-02
  -1.2384615384615385E-03 -1.0430769230769231E-02
  -1.5974358974358974E-03 -1.0302564102564103E-02
  -1.9948717948717947E-03 -1.0200000000000001E-02
  -2.0717948717948720E-03 -1.0007692307692308E-02
  -2.1487179487179489E-03 -9.6871794871794866E-03
  -2.3538461538461538E-03 -9.4692307692307680E-03
  -2.6102564102564105E-03 -9.2769230769230784E-03
  -2.8538461538461539E-03 -8.9435897435897437E-03
  -2.9564102564102563E-03 -8.4948717948717944E-03
  -2.9179487179487179E-03 -8.0076923076923077E-03
  -2.8666666666666667E-03 -7.5461538461538465E-03
  -2.8025641025641026E-03 -6.9820512820512829E-03
  -2.6487179487179489E-03 -6.4564102564102568E-03
  -2.3410256410256415E-03 -5.6743589743589746E-03
  -2.1358974358974361E-03 -5.3923076923076928E-03
  -1.8025641025641026E-03 -5.2641025641025647E-03
  -1.9948717948717947E-03 -4.9948717948717948E-03
  -2.1230769230769233E-03 -4.7512820512820514E-03
  -2.4564102564102568E-03 -4.4692307692307687E-03
  -2.7000000000000001E-03 -3.9692307692307700E-03
  -2.8025641025641026E-03 -3.6487179487179489E-03
  -2.8410256410256410E-03 -3.2512820512820514E-03
  -2.7512820512820514E-03 -2.8025641025641026E-03
  -3.1615384615384617E-03 -3.3025641025641026E-03
  -3.2769230769230774E-03 -3.1102564102564105E-03
  -3.1487179487179489E-03 -2.4307692307692311E-03
  -3.1230769230769229E-03 -1.7897435897435898E-03
  -3.1102564102564105E-03 -1.4948717948717950E-03
  -3.2512820512820514E-03 -1.4435897435897437E-03
  -3.3410256410256411E-03 -1.3666666666666666E-03
  -3.4051282051282051E-03 -8.4102564102564101E-04
  -3.3794871794871799E-03 -4.8205128205128190E-04
  -3.4307692307692312E-03 -2.8974358974358976E-04
  -3.5846153846153849E-03  5.1282051282048637E-06
  -3.7897435897435898E-03  4.0256410256410240E-04
  -4.0589743589743588E-03  9.6666666666666646E-04
  -4.1358974358974357E-03  1.1974358974358979E-03
  -3.8282051282051283E-03  1.4282051282051276E-03
  -3.6743589743589745E-03  1.8641025641025640E-03
  -3.5846153846153849E-03  2.1333333333333339E-03
  -3.3923076923076927E-03  2.4794871794871789E-03
  -3.2641025641025642E-03  2.7102564102564103E-03
  -3.2000000000000002E-03  2.9153846153846144E-03
  -3.1230769230769229E-03  3.2871794871794867E-03
  -3.2256410256410258E-03  3.5564102564102575E-03
  -3.4820512820512824E-03  3.7871794871794872E-03
  -3.5461538461538464E-03  4.0948717948717950E-03
  -3.6230769230769233E-03  4.5820512820512818E-03
  -3.6615384615384617E-03  4.9153846153846149E-03
  -3.7512820512820514E-03  5.5564102564102571E-03
  -3.8282051282051283E-03  5.8000000000000013E-03
  -3.8538461538461539E-03  5.9538461538461551E-03
  -3.8666666666666671E-03  6.2102564102564112E-03
  -3.7512820512820514E-03  6.8897435897435893E-03
  -3.7000000000000002E-03  7.3128205128205129E-03
  -3.6487179487179489E-03  7.9282051282051295E-03
  -3.6871794871794874E-03  8.2102564102564148E-03
  -3.9307692307692307E-03  8.5051282051282068E-03
  -4.1230769230769229E-03  8.6974358974358981E-03
  -4.4307692307692303E-03  9.0948717948717960E-03
  -4.6487179487179489E-03  9.4923076923076940E-03
  -4.4307692307692303E-03  9.9282051282051260E-03
  -4.4692307692307687E-03  1.0389743589743591E-02
  -4.3025641025641031E-03  1.0748717948717948E-02
  -4.0846153846153845E-03  1.1005128205128209E-02
  -3.9564102564102564E-03  1.1287179487179487E-02
  -4.0076923076923076E-03  1.1607692307692307E-02
  -4.2897435897435894E-03  1.2466666666666666E-02
  -4.3282051282051287E-03  1.2992307692307694E-02
  -4.2641025641025638E-03  1.3364102564102557E-02
  -4.3410256410256406E-03  1.3684615384615384E-02
  -4.4435897435897431E-03  1.3979487179487183E-02
  -4.4820512820512824E-03  1.4607692307692309E-02
  -4.3025641025641031E-03  1.5146153846153846E-02
  -4.0974358974358973E-03  1.5517948717948720E-02
  -3.7897435897435898E-03  1.5710256410256411E-02
  -3.7256410256410258E-03  1.6030769230769230E-02
  -3.6743589743589745E-03  1.6556410256410258E-02
  -3.5461538461538464E-03  1.7069230769230771E-02
  -2.9435897435897435E-03  1.7594871794871795E-02
  -2.5974358974358977E-03  1.8017948717948717E-02
  -2.4435897435897439E-03  1.8479487179487178E-02
  -2.3794871794871799E-03  1.8979487179487185E-02
  -2.2512820512820514E-03  1.9428205128205128E-02
  -2.2641025641025642E-03  2.0069230769230770E-02
  -2.0717948717948720E-03  2.0582051282051286E-02
  -1.8794871794871797E-03  2.0838461538461535E-02
  -1.5205128205128208E-03  2.1120512820512818E-02
  -1.2384615384615385E-03  2.1338461538461535E-02
  -8.4102564102564101E-04  2.1671794871794874E-02
  -5.8974358974359185E-05  2.2030769230769232E-02
  -2.1282051282051290E-04  2.2261538461538465E-02
  -3.0256410256410257E-04  2.2646153846153840E-02
  -3.5384615384615381E-04  2.3133333333333332E-02
  -2.0512820512820322E-05  2.3658974358974356E-02
   4.1538461538461521E-04  2.4338461538461528E-02
   7.2307692307692307E-04  2.4825641025641026E-02
   1.1205128205128210E-03  2.5005128205128204E-02
   1.4794871794871797E-03  2.5056410256410255E-02
   1.8000000000000000E-03  2.5158974358974358E-02
   2.0564102564102561E-03  2.5505128205128205E-02
   2.1974358974358979E-03  2.5864102564102563E-02
   2.3256410256410251E-03  2.6274358974358973E-02
   2.0564102564102561E-03  2.6428205128205137E-02
   1.8769230769230768E-03  2.6966666666666670E-02
   2.1076923076923082E-03  2.7466666666666667E-02
   2.4282051282051276E-03  2.7876923076923077E-02
   2.8897435897435896E-03  2.8287179487179480E-02
   2.7743589743589744E-03  2.8466666666666661E-02
   3.1717948717948715E-03  2.8889743589743583E-02
   3.4666666666666669E-03  2.9389743589743590E-02
   3.7615384615384616E-03  2.9800000000000000E-02
   4.1205128205128207E-03  3.0120512820512819E-02
   4.5564102564102579E-03  3.0415384615384615E-02
   4.9282051282051303E-03  3.0633333333333332E-02
   4.9153846153846149E-03  3.0864102564102561E-02
   4.8000000000000004E-03  3.1441025641025640E-02
   4.8384615384615397E-03  3.1928205128205128E-02
   4.7358974358974373E-03  3.2184615384615381E-02
   4.7871794871794885E-03  3.2415384615384617E-02
   4.9282051282051303E-03  3.2787179487179491E-02
   4.9410256410256422E-03  3.3082051282051279E-02
   4.9025641025641029E-03  3.3364102564102563E-02
   4.8000000000000004E-03  3.3992307692307690E-02
   5.0564102564102566E-03  3.4492307692307690E-02
   5.6846153846153834E-03  3.5094871794871793E-02
   6.2102564102564112E-03  3.5441025641025636E-02
   6.8128205128205159E-03  3.5441025641025636E-02
   7.2230769230769241E-03  3.5646153846153848E-02
   7.6076923076923049E-03  3.5799999999999998E-02
   7.9538461538461516E-03  3.5812820512820510E-02
   8.4794871794871777E-03  3.5799999999999998E-02
   8.7615384615384612E-03  3.5928205128205132E-02
   9.0564102564102550E-03  3.6133333333333337E-02
   9.7230769230769246E-03  3.6325641025641023E-02
   9.9410256410256397E-03  3.6351282051282054E-02
   1.0646153846153847E-02  3.6492307692307692E-02
   1.0799999999999999E-02  3.6658974358974361E-02
   1.1171794871794869E-02  3.6915384615384614E-02
   1.1530769230769232E-02  3.7261538461538457E-02
   1.1710256410256409E-02  3.7492307692307686E-02
   1.2325641025641029E-02  3.7979487179487181E-02
   1.2684615384615386E-02  3.8312820512820513E-02
   1.2979487179487178E-02  3.8415384615384615E-02
   1.3261538461538462E-02  3.8492307692307687E-02
   1.3389743589743588E-02  3.8556410256410260E-02
   1.3735897435897435E-02  3.8825641025641018E-02
   1.3966666666666671E-02  3.9094871794871797E-02
   1.4158974358974360E-02  3.9402564102564104E-02
   1.4223076923076927E-02  3.9684615384615381E-02
   1.4094871794871794E-02  4.0043589743589743E-02
   1.3966666666666671E-02  4.0300000000000002E-02
   1.3723076923076923E-02  4.0556410256410262E-02
   1.3492307692307694E-02  4.0876923076923082E-02
   1.3210256410256411E-02  4.1146153846153839E-02
   1.2966666666666666E-02  4.1517948717948720E-02
   1.2825641025641024E-02  4.1838461538461540E-02
   1.2748717948717949E-02  4.2376923076923076E-02
   1.2902564102564103E-02  4.3005128205128203E-02
   1.3261538461538462E-02  4.3671794871794865E-02
   1.3620512820512820E-02  4.4248717948717944E-02
   1.3825641025641025E-02  4.4146153846153842E-02
   1.4812820512820514E-02  4.4030769230769227E-02
   1.5287179487179487E-02  4.3876923076923070E-02
   1.5825641025641029E-02  4.3658974358974367E-02
   1.6415384615384613E-02  4.3389743589743589E-02
   1.6556410256410258E-02  4.3376923076923077E-02
   1.6966666666666668E-02  4.3364102564102565E-02
   1.7043589743589747E-02  4.3607692307692306E-02
   1.7146153846153842E-02  4.3915384615384613E-02
   1.7441025641025641E-02  4.4415384615384607E-02
   1.7953846153846154E-02  4.4979487179487188E-02
   1.8312820512820509E-02  4.5274358974358976E-02
   1.8928205128205134E-02  4.5274358974358976E-02
   1.9338461538461540E-02  4.5441025641025652E-02
   1.9479487179487179E-02  4.5646153846153850E-02
   1.9799999999999998E-02  4.6017948717948717E-02
   2.0069230769230770E-02  4.6261538461538465E-02
   2.0466666666666664E-02  4.6441025641025639E-02
   2.0723076923076920E-02  4.6479487179487182E-02
   2.0941025641025637E-02  4.6492307692307694E-02
   2.1261538461538464E-02  4.6517948717948725E-02
   2.1428205128205122E-02  4.6620512820512827E-02
   2.1594871794871785E-02  4.6979487179487175E-02
   2.1876923076923079E-02  4.7517948717948726E-02
   2.2107692307692311E-02  4.7889743589743586E-02
   2.2389743589743591E-02  4.7953846153846146E-02
   2.2748717948717950E-02  4.8107692307692303E-02
   2.2851282051282056E-02  4.8210256410256405E-02
   2.3223076923076923E-02  4.8210256410256405E-02
   2.3428205128205124E-02  4.8146153846153845E-02
   2.3761538461538459E-02  4.8120512820512822E-02
   2.3876923076923073E-02  4.8248717948717948E-02
   2.3915384615384609E-02  4.8364102564102569E-02
   2.3787179487179493E-02  4.8902564102564106E-02
   2.3658974358974356E-02  4.9287179487179485E-02
   2.3376923076923069E-02  4.9607692307692311E-02
   2.3299999999999998E-02  4.9992307692307690E-02
   2.3223076923076923E-02  5.0530769230769226E-02
   2.3338461538461537E-02  5.1082051282051268E-02
   2.3428205128205124E-02  5.1415384615384613E-02
   2.3710256410256408E-02  5.1992307692307692E-02
   2.4017948717948712E-02  5.2248717948717945E-02
   2.4530769230769234E-02  5.2441025641025645E-02
   2.4761538461538463E-02  5.2569230769230771E-02
   2.4966666666666661E-02  5.2530769230769242E-02
   2.5325641025641023E-02  5.2402564102564116E-02
   2.5761538461538461E-02  5.2210256410256409E-02
   2.6299999999999997E-02  5.2017948717948709E-02
   2.6517948717948721E-02  5.1838461538461535E-02
   2.6800000000000004E-02  5.1582051282051275E-02
   2.6979487179487172E-02  5.1915384615384606E-02
   2.7094871794871796E-02  5.2338461538461542E-02
   2.7094871794871796E-02  5.2569230769230771E-02
   2.7492307692307694E-02  5.2838461538461549E-02
   2.7735897435897435E-02  5.3248717948717952E-02
   2.8171794871794865E-02  5.3646153846153850E-02
   2.8415384615384613E-02  5.3902564102564110E-02
   2.8505128205128204E-02  5.4017948717948724E-02
   2.8697435897435904E-02  5.4107692307692322E-02
   2.8902564102564109E-02  5.4107692307692322E-02
   2.9171794871794873E-02  5.3966666666666670E-02
   2.9235897435897433E-02  5.3774358974358963E-02
   2.9210256410256409E-02  5.3389743589743584E-02
   2.9274358974358976E-02  5.3005128205128212E-02
   2.9428205128205126E-02  5.2876923076923078E-02
   2.9710256410256410E-02  5.2658974358974348E-02
   3.0030769230769236E-02  5.2325641025641030E-02
   3.0402564102564103E-02  5.2030769230769235E-02
   3.0723076923076922E-02  5.1671794871794872E-02
   3.0876923076923080E-02  5.1441025641025644E-02
   3.1428205128205128E-02  5.2376923076923071E-02
   3.1774358974358971E-02  5.2658974358974348E-02
   3.2082051282051278E-02  5.2928205128205126E-02
   3.2197435897435893E-02  5.3184615384615386E-02
   3.2351282051282050E-02  5.3517948717948717E-02
   3.2633333333333334E-02  5.3774358974358963E-02
   3.2825641025641027E-02  5.4133333333333325E-02
   3.3210256410256413E-02  5.4530769230769230E-02
   3.3338461538461539E-02  5.4979487179487169E-02
   3.3453846153846153E-02  5.5300000000000002E-02
   3.3928205128205130E-02  5.5594871794871804E-02
   3.4133333333333335E-02  5.5838461538461538E-02
   3.4492307692307690E-02  5.6082051282051286E-02
   3.4838461538461540E-02  5.6415384615384617E-02
   3.5261538461538462E-02  5.6838461538461553E-02
   3.5748717948717951E-02  5.7082051282051287E-02
   3.6043589743589746E-02  5.7210256410256413E-02
   3.6453846153846156E-02  5.7299999999999990E-02
   3.7133333333333331E-02  5.7389743589743587E-02
   3.7389743589743583E-02  5.7620512820512823E-02
   3.7671794871794867E-02  5.7928205128205131E-02
   3.8017948717948724E-02  5.8210256410256407E-02
   3.8300000000000001E-02  5.8530769230769233E-02
   3.8543589743589741E-02  5.8915384615384613E-02
   3.8851282051282049E-02  5.9261538461538477E-02
   3.9300000000000002E-02  5.9517948717948709E-02
   3.9594871794871790E-02  5.9723076923076927E-02
   3.9966666666666664E-02  6.0056410256410238E-02
   4.0312820512820501E-02  6.0364102564102566E-02
   4.0671794871794863E-02  6.0607692307692314E-02
   4.1184615384615382E-02  6.0966666666666662E-02
   4.1915384615384611E-02  6.1197435897435905E-02
   4.2466666666666660E-02  6.1620512820512820E-02
   4.2902564102564100E-02  6.1825641025641025E-02
   4.3376923076923077E-02  6.2030769230769230E-02
   4.3838461538461541E-02  6.2120512820512820E-02
   4.4274358974358975E-02  6.2184615384615387E-02
   4.4710256410256409E-02  6.2235897435897435E-02
   4.5043589743589747E-02  6.2235897435897435E-02
   4.5671794871794881E-02  6.2235897435897435E-02
   4.6056410256410260E-02  6.2620512820512828E-02
   4.6364102564102568E-02  6.2966666666666671E-02
   4.6646153846153844E-02  6.3415384615384623E-02
   4.6928205128205128E-02  6.3774358974358986E-02
   4.7389743589743578E-02  6.4094871794871805E-02
   4.7864102564102569E-02  6.4300000000000010E-02
   4.8453846153846153E-02  6.4479487179487177E-02
   4.8787179487179484E-02  6.4710256410256420E-02
   4.9300000000000010E-02  6.4825641025641034E-02
   4.9620512820512816E-02  6.4864102564102563E-02
   4.9787179487179485E-02  6.4889743589743587E-02
   4.9928205128205123E-02  6.5223076923076939E-02
   5.0274358974358967E-02  6.5556410256410264E-02
   5.0543589743589745E-02  6.5684615384615397E-02
   5.1043589743589739E-02  6.6082051282051288E-02
   5.1556410256410244E-02  6.6338461538461541E-02
   5.2107692307692306E-02  6.6569230769230769E-02
   5.2517948717948716E-02  6.6684615384615398E-02
   5.3094871794871781E-02  6.6774358974358974E-02
   5.3633333333333331E-02  6.6838461538461541E-02
   5.4107692307692322E-02  6.7005128205128203E-02
   5.4300000000000001E-02  6.7146153846153855E-02
   5.4505128205128206E-02  6.7505128205128218E-02
   5.4812820512820506E-02  6.7941025641025651E-02
   5.5287179487179490E-02  6.8492307692307700E-02
   5.5723076923076910E-02  6.8735897435897447E-02
   5.6133333333333327E-02  6.8953846153846157E-02
   5.6902564102564113E-02  6.9171794871794881E-02
   5.7530769230769226E-02  6.9479487179487182E-02
   5.8005128205128202E-02  6.9684615384615400E-02
   5.8684615384615370E-02  7.0094871794871810E-02
   5.9120512820512831E-02  7.0312820512820520E-02
   5.9633333333333337E-02  7.0671794871794882E-02
   6.0094871794871794E-02  7.0979487179487183E-02
   6.0582051282051290E-02  7.1415384615384617E-02
   6.0966666666666662E-02  7.1671794871794883E-02
   6.1530769230769229E-02  7.2017948717948727E-02
   6.2107692307692301E-02  7.2287179487179498E-02
   6.2389743589743592E-02  7.2735897435897437E-02
   6.2992307692307695E-02  7.3146153846153847E-02
   6.3389743589743586E-02  7.3428205128205137E-02
   6.3799999999999996E-02  7.3594871794871800E-02
   6.3992307692307696E-02  7.3530769230769233E-02
   6.4300000000000010E-02  7.3248717948717956E-02
   6.4505128205128215E-02  7.2992307692307704E-02
   6.4710256410256420E-02  7.2671794871794870E-02
   6.4941025641025649E-02  7.2338461538461546E-02
   6.5287179487179492E-02  7.2082051282051293E-02
   6.5671794871794878E-02  7.1748717948717955E-02
   6.6133333333333336E-02  7.1479487179487183E-02
   6.6402564102564107E-02  7.1235897435897436E-02
   6.6710256410256422E-02  7.0889743589743592E-02
   6.6658974358974374E-02  7.0633333333333340E-02
   6.8633333333333338E-02  7.2005128205128222E-02
   6.8774358974358976E-02  7.2376923076923089E-02
   6.8928205128205133E-02  7.2787179487179499E-02
   6.9094871794871796E-02  7.3261538461538475E-02
   6.9248717948717967E-02  7.3594871794871800E-02
   6.9441025641025653E-02  7.3966666666666667E-02
   6.9633333333333339E-02  7.4171794871794872E-02
   6.9825641025641039E-02  7.4248717948717957E-02
   7.0133333333333339E-02  7.4287179487179500E-02
   7.0441025641025654E-02  7.4389743589743595E-02
   7.0556410256410254E-02  7.4479487179487186E-02
   7.0864102564102568E-02  7.4582051282051282E-02
   7.1094871794871797E-02  7.4607692307692305E-02
   7.1582051282051293E-02  7.4697435897435910E-02
   7.2197435897435908E-02  7.4620512820512824E-02
   7.2492307692307689E-02  7.4697435897435910E-02
   7.2851282051282065E-02  7.4825641025641029E-02
   7.3146153846153847E-02  7.5030769230769234E-02
   7.3492307692307704E-02  7.5248717948717958E-02
   7.3723076923076919E-02  7.5364102564102572E-02
   7.4235897435897438E-02  7.5287179487179487E-02
   7.4441025641025643E-02  7.5261538461538463E-02
   7.4761538461538463E-02  7.5287179487179487E-02
   7.5146153846153863E-02  7.5376923076923091E-02
   7.5479487179487187E-02  7.5594871794871801E-02
   7.5748717948717958E-02  7.5812820512820525E-02
   7.6005128205128211E-02  7.5966666666666682E-02
   7.6428205128205140E-02  7.6197435897435911E-02
   7.6761538461538464E-02  7.6351282051282054E-02
   7.7082051282051284E-02  7.6517948717948717E-02
   7.7684615384615394E-02  7.6517948717948717E-02
   7.7915384615384650E-02  7.6556410256410259E-02
   7.8274358974358985E-02  7.6607692307692321E-02
   7.8415384615384609E-02  7.6684615384615379E-02
   7.8684615384615395E-02  7.7005128205128212E-02
   7.8966666666666671E-02  7.7197435897435898E-02
   7.9389743589743628E-02  7.7441025641025646E-02
   7.9582051282051286E-02  7.7697435897435912E-02
   7.9838461538461566E-02  7.8274358974358985E-02
   8.0133333333333320E-02  7.8556410256410289E-02
   8.0364102564102577E-02  7.8633333333333347E-02
   8.0774358974358959E-02  7.8658974358974371E-02
   8.1107692307692339E-02  7.8710256410256418E-02
   8.1530769230769226E-02  7.8851282051282043E-02
   8.2094871794871807E-02  7.8915384615384623E-02
   8.2530769230769241E-02  7.8979487179487176E-02
   8.2902564102564108E-02  7.8992307692307723E-02
   8.3325641025641037E-02  7.9210256410256405E-02
   8.3633333333333365E-02  7.9376923076923081E-02
   8.3851282051282047E-02  7.9735897435897443E-02
   8.4325641025641038E-02  8.0299999999999983E-02
   8.4864102564102609E-02  8.0774358974358959E-02
   8.5210256410256410E-02  8.0902564102564092E-02
   8.5658974358974363E-02  8.0928205128205130E-02
   8.6274358974358978E-02  8.0658974358974359E-02
   8.6479487179487183E-02  8.0299999999999983E-02
   8.6530769230769244E-02  8.0094871794871778E-02
   8.6812820512820521E-02  7.9876923076923095E-02
   8.7274358974358993E-02  7.9453846153846139E-02
   8.7646153846153860E-02  7.9184615384615423E-02
   8.8210256410256413E-02  7.8953846153846194E-02
   8.8684615384615403E-02  7.8761538461538480E-02
   8.9158974358974380E-02  7.8607692307692309E-02
   8.9325641025641042E-02  7.8902564102564104E-02
   8.9646153846153848E-02  7.9210256410256405E-02
   8.9723076923076947E-02  7.9569230769230781E-02
   8.9851282051282053E-02  7.9697435897435887E-02
   9.0184615384615377E-02  7.9800000000000024E-02
   9.0415384615384606E-02  7.9864102564102549E-02
   9.0941025641025644E-02  7.9915384615384624E-02
   9.1364102564102573E-02  8.0056410256410249E-02
   9.1620512820512826E-02  8.0479487179487205E-02
   9.1787179487179502E-02  8.0915384615384639E-02
   9.1941025641025631E-02  8.1146153846153840E-02
   9.2248717948717959E-02  8.1389743589743574E-02
   9.2646153846153850E-02  8.1556410256410278E-02
   9.3210256410256417E-02  8.1582051282051274E-02
   9.3441025641025646E-02  8.1235897435897444E-02
   9.4069230769230780E-02  8.0505128205128187E-02
   9.4607692307692323E-02  8.0120512820512829E-02
   9.4966666666666671E-02  7.9979487179487191E-02
