   7.0492307692307701E-02 -4.2033333333333339E-02
   7.0338461538461544E-02 -4.2071794871794868E-02
   7.0210256410256411E-02 -4.2264102564102561E-02
   7.0005128205128206E-02 -4.2546153846153845E-02
   6.9966666666666663E-02 -4.2892307692307688E-02
   7.0030769230769244E-02 -4.3161538461538460E-02
   6.9838461538461544E-02 -4.3558974358974357E-02
   6.9543589743589748E-02 -4.3841025641025648E-02
   6.9428205128205134E-02 -4.4187179487179477E-02
   6.9658974358974377E-02 -4.4674358974358973E-02
   6.9517948717948724E-02 -4.5046153846153847E-02
   6.9197435897435905E-02 -4.5020512820512809E-02
   6.9043589743589762E-02 -4.4802564102564106E-02
   6.8992307692307700E-02 -4.4507692307692297E-02
   6.8838461538461543E-02 -4.4353846153846153E-02
   6.8761538461538471E-02 -4.4430769230769239E-02
   6.8723076923076928E-02 -4.4661538461538461E-02
   6.8594871794871809E-02 -4.4802564102564106E-02
   6.8556410256410266E-02 -4.4571794871794884E-02
   6.8376923076923085E-02 -4.4379487179487184E-02
   6.8133333333333337E-02 -4.4097435897435894E-02
   6.8210256410256423E-02 -4.3982051282051279E-02
   6.8428205128205133E-02 -4.3700000000000003E-02
   6.8389743589743604E-02 -4.3533333333333327E-02
   6.8441025641025638E-02 -4.3353846153846153E-02
   6.8505128205128205E-02 -4.3187179487179490E-02
   6.8620512820512833E-02 -4.2866666666666671E-02
   6.8710256410256410E-02 -4.2571794871794882E-02
   6.8812820512820519E-02 -4.2187179487179483E-02
   6.8800000000000014E-02 -4.2007692307692308E-02
   6.8723076923076928E-02 -4.1828205128205134E-02
   6.1261538461538458E-02 -3.9969230769230764E-02
   6.1210256410256410E-02 -3.9982051282051283E-02
   6.1069230769230771E-02 -4.0174358974358969E-02
   6.0992307692307700E-02 -4.0366666666666669E-02
   6.0979487179487181E-02 -4.0610256410256410E-02
   6.0966666666666662E-02 -4.0776923076923079E-02
   6.0851282051282048E-02 -4.1007692307692307E-02
   6.0761538461538457E-02 -4.1123076923076922E-02
   6.0492307692307686E-02 -4.1276923076923079E-02
   6.0376923076923085E-02 -4.1405128205128205E-02
   6.0338461538461542E-02 -4.1610256410256410E-02
   6.0338461538461542E-02 -4.1879487179487182E-02
   6.0299999999999999E-02 -4.2123076923076923E-02
   6.0287179487179481E-02 -4.2328205128205128E-02
   6.0184615384615371E-02 -4.2533333333333333E-02
   6.0017948717948709E-02 -4.2328205128205128E-02
   5.9761538461538456E-02 -4.1982051282051285E-02
   5.9505128205128204E-02 -4.1725641025641032E-02
   5.9505128205128204E-02 -4.1623076923076929E-02
   5.9607692307692313E-02 -4.1353846153846151E-02
   5.9492307692307685E-02 -4.1456410256410253E-02
   5.9428205128205132E-02 -4.1610256410256410E-02
   5.9197435897435903E-02 -4.1866666666666663E-02
   5.9043589743589746E-02 -4.2097435897435899E-02
   5.8710256410256408E-02 -4.2123076923076923E-02
   5.8415384615384605E-02 -4.2058974358974356E-02
   5.8158974358974359E-02 -4.2007692307692308E-02
   5.7851282051282052E-02 -4.2174358974358971E-02
   5.7748717948717949E-02 -4.1841025641025646E-02
   5.7517948717948721E-02 -4.1443589743589741E-02
   5.7594871794871792E-02 -4.1058974358974362E-02
   5.7582051282051294E-02 -4.0687179487179488E-02
   5.7633333333333321E-02 -4.0392307692307693E-02
   5.7787179487179492E-02 -3.9930769230769235E-02
   5.7992307692307697E-02 -3.9571794871794873E-02
   5.7915384615384612E-02 -3.9430769230769228E-02
   5.7838461538461540E-02 -3.9238461538461542E-02
   4.5402564102564109E-02 -3.5341025641025640E-02
   4.5338461538461550E-02 -3.5494871794871798E-02
   4.5223076923076921E-02 -3.5725641025641026E-02
   4.5094871794871788E-02 -3.6071794871794870E-02
   4.4966666666666669E-02 -3.6597435897435894E-02
   4.4966666666666669E-02 -3.6892307692307690E-02
   4.4889743589743583E-02 -3.7225641025641028E-02
   4.4953846153846143E-02 -3.7700000000000004E-02
   4.4851282051282040E-02 -3.8007692307692312E-02
   4.4710256410256409E-02 -3.8353846153846155E-02
   4.4620512820512812E-02 -3.8597435897435896E-02
   4.4505128205128204E-02 -3.8841025641025644E-02
   4.4325641025641023E-02 -3.9353846153846156E-02
   4.4171794871794873E-02 -3.9520512820512818E-02
   4.3825641025641023E-02 -3.9648717948717951E-02
   4.3633333333333336E-02 -3.9725641025641030E-02
   4.3376923076923077E-02 -3.9866666666666661E-02
   4.3069230769230769E-02 -4.0046153846153849E-02
   4.2684615384615383E-02 -4.0097435897435897E-02
   4.2453846153846161E-02 -4.0007692307692307E-02
   4.2210256410256400E-02 -3.9982051282051283E-02
   4.1889743589743580E-02 -3.9969230769230764E-02
   4.1543589743589744E-02 -3.9802564102564102E-02
   4.1351282051282044E-02 -3.9482051282051282E-02
   4.1287179487179484E-02 -3.9251282051282053E-02
   4.1069230769230768E-02 -3.8969230769230770E-02
   4.1107692307692310E-02 -3.8738461538461541E-02
   4.1056410256410256E-02 -3.8341025641025643E-02
   4.0979487179487184E-02 -3.8007692307692312E-02
   4.0902564102564105E-02 -3.7648717948717950E-02
   4.0774358974358979E-02 -3.7315384615384611E-02
   4.0415384615384617E-02 -3.7046153846153847E-02
   4.0107692307692296E-02 -3.6802564102564099E-02
   3.9928205128205121E-02 -3.6430769230769232E-02
   3.9825641025641019E-02 -3.6161538461538460E-02
   3.9569230769230759E-02 -3.5764102564102562E-02
   3.9120512820512827E-02 -3.4802564102564104E-02
   3.8787179487179489E-02 -3.4187179487179489E-02
   3.8453846153846144E-02 -3.3764102564102567E-02
   3.8158974358974369E-02 -3.4020512820512827E-02
   3.7966666666666662E-02 -3.4353846153846151E-02
   3.7774358974358969E-02 -3.4725641025641026E-02
   3.7787179487179481E-02 -3.5212820512820514E-02
   3.7492307692307686E-02 -3.5597435897435900E-02
   3.7248717948717945E-02 -3.5905128205128208E-02
   3.6953846153846150E-02 -3.6058974358974358E-02
   3.6633333333333330E-02 -3.6200000000000003E-02
   3.6543589743589740E-02 -3.6456410256410256E-02
   3.6415384615384613E-02 -3.6969230769230768E-02
   3.6338461538461535E-02 -3.7225641025641028E-02
   3.6235897435897439E-02 -3.7507692307692311E-02
   3.6158974358974361E-02 -3.7700000000000004E-02
   3.6261538461538463E-02 -3.8187179487179486E-02
   3.6274358974358975E-02 -3.8366666666666667E-02
   3.6274358974358975E-02 -3.8751282051282053E-02
   3.6274358974358975E-02 -3.9033333333333337E-02
   3.6094871794871794E-02 -3.9328205128205125E-02
   3.5671794871794865E-02 -3.9353846153846156E-02
   3.5351282051282053E-02 -3.9353846153846156E-02
   3.5017948717948714E-02 -3.8943589743589746E-02
   3.4351282051282052E-02 -3.8584615384615384E-02
   3.3787179487179485E-02 -3.8289743589743588E-02
   3.3441025641025642E-02 -3.8046153846153848E-02
   3.3171794871794870E-02 -3.7802564102564107E-02
   3.2889743589743593E-02 -3.7610256410256414E-02
   3.2556410256410255E-02 -3.7212820512820509E-02
   3.2351282051282050E-02 -3.6917948717948720E-02
   3.2146153846153852E-02 -3.6674358974358973E-02
   3.1671794871794869E-02 -3.6302564102564105E-02
   3.1402564102564104E-02 -3.6084615384615382E-02
   3.1005128205128206E-02 -3.5751282051282050E-02
   3.0569230769230772E-02 -3.5507692307692310E-02
   3.0223076923076922E-02 -3.5276923076923081E-02
   2.9812820512820512E-02 -3.5110256410256412E-02
   2.9517948717948717E-02 -3.4994871794871790E-02
   2.9210256410256409E-02 -3.4789743589743585E-02
   2.8774358974358968E-02 -3.4443589743589749E-02
   2.8428205128205132E-02 -3.4071794871794861E-02
   2.7966666666666664E-02 -3.3802564102564103E-02
   2.7633333333333333E-02 -3.3110256410256403E-02
   2.7415384615384616E-02 -3.2751282051282048E-02
   2.7235897435897438E-02 -3.2443589743589740E-02
   2.6953846153846155E-02 -3.2148717948717945E-02
   2.6710256410256400E-02 -3.1879487179487180E-02
   2.6441025641025632E-02 -3.1610256410256408E-02
   2.6107692307692314E-02 -3.1417948717948722E-02
   2.5735897435897433E-02 -3.1161538461538456E-02
   2.5338461538461539E-02 -3.1071794871794869E-02
   2.5082051282051283E-02 -3.1058974358974353E-02
   2.4774358974358975E-02 -3.0802564102564101E-02
   2.4287179487179476E-02 -3.0405128205128213E-02
   2.3979487179487176E-02 -3.0405128205128213E-02
   2.3569230769230766E-02 -3.0135897435897434E-02
   2.3312820512820513E-02 -2.9969230769230769E-02
   2.3069230769230769E-02 -2.9623076923076926E-02
   2.2800000000000001E-02 -2.9392307692307693E-02
   2.1889743589743594E-02 -2.8905128205128208E-02
   2.1466666666666672E-02 -2.8584615384615382E-02
   2.1312820512820511E-02 -2.8289743589743597E-02
   2.0966666666666665E-02 -2.8123076923076921E-02
   2.0530769230769231E-02 -2.7738461538461538E-02
   2.0107692307692302E-02 -2.7315384615384616E-02
   1.9710256410256411E-02 -2.6943589743589746E-02
   1.9261538461538462E-02 -2.6571794871794872E-02
   1.8812820512820513E-02 -2.6264102564102564E-02
   1.8312820512820509E-02 -2.6084615384615383E-02
   1.7966666666666666E-02 -2.5879487179487182E-02
   1.7658974358974358E-02 -2.5469230769230768E-02
   1.7428205128205129E-02 -2.5161538461538461E-02
   1.7158974358974358E-02 -2.4776923076923078E-02
   1.6697435897435896E-02 -2.4507692307692303E-02
   1.6453846153846152E-02 -2.4328205128205129E-02
   1.6261538461538459E-02 -2.4405128205128208E-02
   1.5992307692307688E-02 -2.4546153846153846E-02
   1.5710256410256411E-02 -2.4494871794871795E-02
   1.5299999999999999E-02 -2.4353846153846150E-02
   1.4607692307692309E-02 -2.3969230769230774E-02
   1.4017948717948725E-02 -2.3584615384615388E-02
   1.3517948717948718E-02 -2.3187179487179490E-02
   1.3312820512820513E-02 -2.3238461538461534E-02
   1.3133333333333332E-02 -2.3392307692307691E-02
   1.3107692307692308E-02 -2.3674358974358975E-02
   1.2992307692307694E-02 -2.4033333333333330E-02
   1.2761538461538461E-02 -2.4353846153846150E-02
   1.2582051282051284E-02 -2.4610256410256413E-02
   1.2338461538461536E-02 -2.4853846153846153E-02
   1.1748717948717948E-02 -2.4841025641025642E-02
   1.1300000000000003E-02 -2.4815384615384614E-02
   1.1030769230769235E-02 -2.4674358974358976E-02
   1.0748717948717948E-02 -2.4392307692307692E-02
   1.0184615384615384E-02 -2.4174358974358975E-02
   9.5948717948717965E-03 -2.3917948717948723E-02
   9.1333333333333318E-03 -2.3764102564102562E-02
   8.8000000000000005E-03 -2.3597435897435903E-02
   8.6974358974358981E-03 -2.3341025641025644E-02
   8.3769230769230752E-03 -2.2751282051282053E-02
   8.1589743589743635E-03 -2.2046153846153847E-02
   8.0179487179487200E-03 -2.1443589743589744E-02
   7.9410256410256414E-03 -2.0866666666666665E-02
   7.7230769230769245E-03 -2.0353846153846153E-02
   7.9538461538461516E-03 -2.0187179487179487E-02
   8.1589743589743635E-03 -1.9982051282051282E-02
   8.2615384615384608E-03 -1.9712820512820514E-02
   8.0307692307692320E-03 -1.9623076923076924E-02
   7.6974358974358972E-03 -1.9841025641025641E-02
   7.3769230769230778E-03 -2.0020512820512822E-02
   7.0435897435897447E-03 -2.0161538461538463E-02
   6.7358974358974338E-03 -2.0251282051282050E-02
   6.4666666666666674E-03 -2.0225641025641027E-02
   6.1076923076923088E-03 -2.0123076923076924E-02
   5.7358974358974347E-03 -1.9956410256410258E-02
   5.3384615384615385E-03 -1.9725641025641026E-02
   4.9410256410256422E-03 -1.9379487179487183E-02
   4.3897435897435905E-03 -1.8866666666666667E-02
   3.9923076923076926E-03 -1.8494871794871789E-02
   3.6076923076923078E-03 -1.8187179487179482E-02
   3.4282051282051285E-03 -1.7802564102564103E-02
   3.2999999999999995E-03 -1.7571794871794871E-02
   3.1461538461538458E-03 -1.7725641025641031E-02
   2.8384615384615384E-03 -1.7687179487179489E-02
   2.6461538461538463E-03 -1.7366666666666669E-02
   2.3769230769230764E-03 -1.6930769230769232E-02
   2.1717948717948723E-03 -1.6430769230769235E-02
   1.9666666666666665E-03 -1.5956410256410258E-02
   1.8512820512820512E-03 -1.5687179487179490E-02
   1.5948717948717933E-03 -1.5917948717948719E-02
   1.3000000000000004E-03 -1.5853846153846152E-02
   9.1538461538461522E-04 -1.5456410256410254E-02
   7.3589743589743588E-04 -1.5058974358974356E-02
   6.7179487179487227E-04 -1.4533333333333332E-02
   6.5897435897435946E-04 -1.4123076923076924E-02
   6.5897435897435946E-04 -1.3443589743589742E-02
   6.8461538461538508E-04 -1.3135897435897433E-02
   1.9743589743589744E-04 -1.2353846153846154E-02
   3.2564102564102554E-04 -1.1712820512820512E-02
   2.8717948717948711E-04 -1.1302564102564102E-02
   8.2051282051281722E-05 -1.0879487179487181E-02
  -1.6153846153846166E-04 -1.0712820512820513E-02
  -5.5897435897435876E-04 -1.0533333333333334E-02
  -8.6666666666666706E-04 -1.0469230769230771E-02
  -1.3282051282051284E-03 -1.0482051282051283E-02
  -1.7128205128205129E-03 -1.0161538461538461E-02
  -1.9435897435897437E-03 -1.0058974358974359E-02
  -2.2000000000000001E-03 -1.0135897435897436E-02
  -2.7641025641025642E-03 -9.9051282051282052E-03
  -3.2512820512820514E-03 -9.5205128205128192E-03
  -3.7769230769230770E-03 -9.0205128205128205E-03
  -4.0076923076923076E-03 -8.5076923076923081E-03
  -4.0076923076923076E-03 -8.0717948717948726E-03
  -4.0205128205128204E-03 -7.6615384615384610E-03
  -3.9435897435897435E-03 -7.2897435897435903E-03
  -3.9820512820512820E-03 -6.6487179487179481E-03
  -3.9435897435897435E-03 -6.1615384615384614E-03
  -3.7769230769230770E-03 -5.6102564102564105E-03
  -3.5205128205128208E-03 -5.2897435897435903E-03
  -3.4820512820512824E-03 -4.9820512820512820E-03
  -3.7256410256410258E-03 -4.8153846153846155E-03
  -3.8538461538461539E-03 -4.4692307692307687E-03
  -3.9051282051282051E-03 -4.2512820512820518E-03
  -3.9307692307692307E-03 -3.9820512820512820E-03
  -4.0205128205128204E-03 -3.7000000000000002E-03
  -4.1615384615384622E-03 -3.2641025641025642E-03
  -4.2897435897435894E-03 -2.7641025641025642E-03
  -4.3025641025641031E-03 -2.2256410256410258E-03
  -4.2128205128205126E-03 -1.6743589743589745E-03
  -4.2000000000000006E-03 -9.8205128205128235E-04
  -4.0846153846153845E-03 -4.6923076923076953E-04
  -4.1230769230769229E-03 -5.8974358974359185E-05
  -4.0974358974358973E-03  2.6153846153846149E-04
  -4.1615384615384622E-03  7.1025641025641026E-04
  -4.0846153846153845E-03  1.1589743589743586E-03
  -3.9564102564102564E-03  1.4794871794871797E-03
  -4.1871794871794869E-03  1.5051282051282053E-03
  -4.2128205128205126E-03  1.7615384615384615E-03
  -4.1358974358974357E-03  2.1846153846153851E-03
  -3.9692307692307700E-03  2.6076923076923078E-03
  -4.0717948717948716E-03  2.9153846153846144E-03
  -4.0589743589743588E-03  3.5179487179487182E-03
  -4.0717948717948716E-03  3.8512820512820512E-03
  -4.0846153846153845E-03  4.1205128205128207E-03
  -4.2897435897435894E-03  4.5051282051282050E-03
  -4.4820512820512824E-03  4.9025641025641029E-03
  -4.3410256410256406E-03  5.5051282051282058E-03
  -4.2384615384615382E-03  5.7743589743589740E-03
  -4.2897435897435894E-03  6.1589743589743600E-03
  -4.0589743589743588E-03  6.4282051282051281E-03
  -4.1358974358974357E-03  6.7358974358974338E-03
  -4.3410256410256406E-03  6.9666666666666679E-03
  -4.5589743589743593E-03  7.3128205128205129E-03
  -4.4820512820512824E-03  7.5179487179487196E-03
  -4.4692307692307687E-03  7.9410256410256414E-03
  -4.6230769230769233E-03  8.3000000000000001E-03
  -4.7128205128205130E-03  8.6333333333333366E-03
  -4.7897435897435899E-03  9.0948717948717960E-03
  -4.9179487179487179E-03  9.8128205128205134E-03
  -4.9051282051282051E-03  1.0223076923076920E-02
  -4.9435897435897436E-03  1.0543589743589741E-02
  -4.8410256410256411E-03  1.1133333333333334E-02
  -4.7897435897435899E-03  1.1800000000000000E-02
  -4.6358974358974361E-03  1.2543589743589741E-02
  -4.6615384615384618E-03  1.2902564102564103E-02
  -4.6102564102564105E-03  1.3582051282051285E-02
  -4.7256410256410258E-03  1.4299999999999998E-02
  -4.9564102564102564E-03  1.4864102564102566E-02
  -4.8666666666666667E-03  1.5069230769230771E-02
  -5.0717948717948725E-03  1.5389743589743590E-02
  -5.1487179487179485E-03  1.5812820512820513E-02
  -5.0974358974358973E-03  1.6312820512820510E-02
  -5.1230769230769238E-03  1.6838461538461538E-02
  -4.8794871794871795E-03  1.7351282051282051E-02
  -4.9307692307692308E-03  1.7710256410256409E-02
  -5.1487179487179485E-03  1.8274358974358973E-02
  -4.8923076923076923E-03  1.8735897435897438E-02
  -4.6615384615384618E-03  1.8992307692307690E-02
  -4.3153846153846150E-03  1.9389743589743592E-02
  -3.4564102564102568E-03  2.0069230769230770E-02
  -3.4820512820512824E-03  2.0287179487179487E-02
  -3.4948717948717952E-03  2.0389743589743589E-02
  -3.6743589743589745E-03  2.0633333333333326E-02
  -3.8538461538461539E-03  2.1197435897435897E-02
  -3.7512820512820514E-03  2.1684615384615382E-02
  -3.9051282051282051E-03  2.2158974358974366E-02
  -3.9820512820512820E-03  2.2556410256410257E-02
  -3.6871794871794874E-03  2.3056410256410254E-02
  -3.3410256410256411E-03  2.3646153846153841E-02
  -3.0461538461538464E-03  2.3979487179487176E-02
  -2.6743589743589745E-03  2.4492307692307685E-02
  -2.4051282051282055E-03  2.4864102564102566E-02
  -2.2128205128205129E-03  2.5505128205128205E-02
  -1.9948717948717947E-03  2.5658974358974358E-02
  -1.6102564102564105E-03  2.5966666666666662E-02
  -1.1871794871794873E-03  2.6210256410256417E-02
  -7.7692307692307696E-04  2.6479487179487185E-02
   1.7179487179487182E-04  2.6723076923076926E-02
   6.9743589743589745E-04  2.6953846153846155E-02
   1.1076923076923074E-03  2.7223076923076926E-02
   1.4025641025641029E-03  2.7466666666666667E-02
   1.4794871794871797E-03  2.7838461538461538E-02
   1.5692307692307685E-03  2.8312820512820511E-02
   1.9923076923076921E-03  2.8607692307692299E-02
   2.2743589743589739E-03  2.9043589743589740E-02
   2.4153846153846148E-03  2.9300000000000000E-02
   2.2999999999999995E-03  2.9582051282051283E-02
   2.2102564102564099E-03  3.0120512820512819E-02
   2.1589743589743595E-03  3.0633333333333332E-02
   2.0948717948717946E-03  3.1210256410256411E-02
   2.1589743589743595E-03  3.1928205128205128E-02
   2.3128205128205123E-03  3.2287179487179483E-02
   2.0435897435897433E-03  3.2838461538461539E-02
   1.7743589743589743E-03  3.3274358974358972E-02
   1.6846153846153838E-03  3.3620512820512823E-02
   1.4282051282051276E-03  3.4223076923076926E-02
   1.6461538461538454E-03  3.4671794871794871E-02
   1.9410256410256409E-03  3.4915384615384612E-02
   2.3897435897435892E-03  3.5107692307692312E-02
   2.8384615384615384E-03  3.5082051282051281E-02
   3.1461538461538458E-03  3.5107692307692312E-02
   3.5051282051282054E-03  3.5274358974358974E-02
   3.8769230769230769E-03  3.5582051282051282E-02
   4.3384615384615393E-03  3.5620512820512824E-02
   4.9666666666666678E-03  3.5492307692307691E-02
   5.6717948717948715E-03  3.5453846153846155E-02
   6.0820512820512814E-03  3.5415384615384619E-02
   6.5564102564102580E-03  3.5428205128205131E-02
   6.8512820512820517E-03  3.5530769230769234E-02
   7.1333333333333318E-03  3.5684615384615384E-02
   7.8128205128205168E-03  3.5812820512820510E-02
   8.0179487179487200E-03  3.5787179487179487E-02
   8.4282051282051264E-03  3.5966666666666668E-02
   9.1589743589743627E-03  3.5941025641025644E-02
   9.6205128205128203E-03  3.5812820512820510E-02
   1.0402564102564101E-02  3.5735897435897439E-02
   1.1210256410256412E-02  3.5594871794871794E-02
   1.1543589743589742E-02  3.5825641025641029E-02
   1.1851282051282056E-02  3.6056410256410258E-02
   1.2056410256410259E-02  3.6351282051282054E-02
   1.2248717948717949E-02  3.6787179487179487E-02
   1.2325641025641029E-02  3.7082051282051283E-02
   1.2158974358974362E-02  3.7402564102564102E-02
   1.2056410256410259E-02  3.7800000000000007E-02
   1.1876923076923082E-02  3.8171794871794881E-02
   1.1761538461538460E-02  3.8556410256410260E-02
   1.1748717948717948E-02  3.9005128205128206E-02
   1.2351282051282055E-02  3.9543589743589742E-02
   1.2953846153846154E-02  3.9774358974358978E-02
   1.3517948717948718E-02  3.9864102564102562E-02
   1.4146153846153845E-02  3.9876923076923067E-02
   1.4441025641025644E-02  3.9864102564102562E-02
   1.4402564102564104E-02  4.0325641025641026E-02
   1.4697435897435900E-02  4.0812820512820508E-02
   1.4966666666666668E-02  4.1210256410256413E-02
   1.5235897435897436E-02  4.1620512820512823E-02
   1.6223076923076923E-02  4.2030769230769226E-02
   1.6505128205128207E-02  4.2389743589743588E-02
   1.6941025641025641E-02  4.2748717948717950E-02
   1.7325641025641027E-02  4.3197435897435903E-02
   1.7607692307692307E-02  4.3671794871794865E-02
   1.7915384615384614E-02  4.4274358974358975E-02
   1.8300000000000004E-02  4.4928205128205126E-02
   1.8594871794871792E-02  4.5120512820512819E-02
   1.8710256410256410E-02  4.5441025641025652E-02
   1.9261538461538462E-02  4.6030769230769229E-02
   1.9376923076923076E-02  4.6171794871794875E-02
   1.9774358974358974E-02  4.6415384615384622E-02
   1.9799999999999998E-02  4.6646153846153844E-02
   1.9889743589743592E-02  4.7351282051282050E-02
   2.0043589743589742E-02  4.7979487179487190E-02
   2.0248717948717947E-02  4.8402564102564112E-02
   2.0338461538461538E-02  4.8710256410256413E-02
   2.0402564102564101E-02  4.9146153846153846E-02
   2.0312820512820511E-02  4.9389743589743580E-02
   2.0543589743589743E-02  5.0146153846153847E-02
   2.0646153846153845E-02  5.0646153846153848E-02
   2.0735897435897432E-02  5.1005128205128210E-02
   2.0799999999999999E-02  5.1466666666666668E-02
   2.0928205128205129E-02  5.1838461538461535E-02
   2.0992307692307692E-02  5.2300000000000013E-02
   2.1197435897435897E-02  5.2517948717948716E-02
   2.1530769230769232E-02  5.2735897435897447E-02
   2.1646153846153839E-02  5.2825641025641024E-02
   2.2043589743589744E-02  5.2889743589743583E-02
   2.2556410256410257E-02  5.2864102564102566E-02
   2.2800000000000001E-02  5.3235897435897427E-02
   2.2992307692307690E-02  5.3658974358974362E-02
   2.3082051282051281E-02  5.3723076923076922E-02
   2.3428205128205124E-02  5.3799999999999994E-02
   2.3710256410256408E-02  5.3953846153846151E-02
   2.4043589743589742E-02  5.4133333333333325E-02
   2.4376923076923081E-02  5.4351282051282042E-02
   2.4864102564102566E-02  5.4428205128205127E-02
   2.5158974358974358E-02  5.4402564102564104E-02
   2.5479487179487177E-02  5.4338461538461530E-02
   2.5800000000000003E-02  5.4235897435897427E-02
   2.6133333333333331E-02  5.4094871794871796E-02
   2.6364102564102564E-02  5.3928205128205127E-02
   2.6184615384615383E-02  5.4312820512820513E-02
   2.6235897435897430E-02  5.4505128205128206E-02
   2.6364102564102564E-02  5.4825641025641032E-02
   2.6453846153846151E-02  5.5210256410256404E-02
   2.6261538461538472E-02  5.5774358974358978E-02
   2.6210256410256417E-02  5.6261538461538460E-02
   2.6223076923076918E-02  5.6889743589743587E-02
   2.6543589743589745E-02  5.7248717948717956E-02
   2.6928205128205131E-02  5.7556410256410249E-02
   2.7325641025641025E-02  5.7953846153846154E-02
   2.7402564102564104E-02  5.8184615384615390E-02
   2.7569230769230769E-02  5.8376923076923062E-02
   2.7838461538461538E-02  5.8441025641025636E-02
   2.8287179487179480E-02  5.8415384615384605E-02
   2.8517948717948716E-02  5.8300000000000005E-02
   2.8864102564102566E-02  5.8120512820512830E-02
   2.9261538461538464E-02  5.7941025641025629E-02
   2.9402564102564102E-02  5.7825641025641028E-02
   2.9364102564102566E-02  5.7479487179487178E-02
   2.9441025641025638E-02  5.7069230769230782E-02
   2.9966666666666662E-02  5.6453846153846146E-02
   3.0517948717948717E-02  5.6094871794871784E-02
   3.0889743589743592E-02  5.5633333333333333E-02
   3.1184615384615387E-02  5.5107692307692302E-02
   3.1261538461538459E-02  5.4684615384615394E-02
   3.1441025641025640E-02  5.4248717948717953E-02
   3.1594871794871797E-02  5.3556410256410260E-02
   3.1902564102564104E-02  5.2787179487179481E-02
   3.1966666666666664E-02  5.2248717948717945E-02
   3.2082051282051278E-02  5.2069230769230763E-02
   4.4453846153846149E-02  5.9184615384615391E-02
   4.4556410256410252E-02  5.9505128205128204E-02
   4.4415384615384607E-02  5.9825641025641009E-02
   4.4197435897435904E-02  6.0235897435897433E-02
   4.4376923076923078E-02  6.0351282051282047E-02
   4.4364102564102566E-02  6.0889743589743590E-02
   4.4300000000000006E-02  6.1517948717948710E-02
   4.4197435897435904E-02  6.2197435897435892E-02
   4.4158974358974361E-02  6.3351282051282057E-02
   4.4248717948717944E-02  6.3941025641025648E-02
   4.4479487179487180E-02  6.4441025641025648E-02
   4.4812820512820511E-02  6.4671794871794877E-02
   4.5697435897435884E-02  6.4364102564102577E-02
   4.6530769230769223E-02  6.3864102564102562E-02
   4.7248717948717961E-02  6.3158974358974357E-02
   4.7774358974358985E-02  6.2364102564102554E-02
   4.8530769230769225E-02  6.1646153846153857E-02
   4.8966666666666665E-02  6.1351282051282048E-02
   4.9415384615384611E-02  6.1748717948717939E-02
   5.0056410256410250E-02  6.1941025641025639E-02
   5.0556410256410257E-02  6.2158974358974349E-02
   5.0223076923076926E-02  6.2684615384615394E-02
   4.9864102564102564E-02  6.3223076923076924E-02
   4.9761538461538461E-02  6.3620512820512828E-02
   4.9915384615384618E-02  6.3941025641025648E-02
   5.0056410256410250E-02  6.4684615384615382E-02
   5.0197435897435895E-02  6.5325641025641035E-02
   5.0389743589743595E-02  6.5928205128205131E-02
   5.0594871794871800E-02  6.6325641025641036E-02
   5.0748717948717943E-02  6.6723076923076940E-02
   5.1146153846153841E-02  6.7120512820512832E-02
   5.1146153846153841E-02  6.7530769230769241E-02
   5.1338461538461541E-02  6.8171794871794880E-02
   5.1594871794871787E-02  6.8364102564102566E-02
   5.1800000000000006E-02  6.8351282051282061E-02
   5.2223076923076928E-02  6.8261538461538471E-02
   5.2825641025641024E-02  6.7941025641025651E-02
   5.3158974358974355E-02  6.7441025641025651E-02
   5.3184615384615386E-02  6.6889743589743603E-02
   5.3223076923076929E-02  6.6556410256410251E-02
   5.3620512820512820E-02  6.5876923076923083E-02
   5.3902564102564110E-02  6.5287179487179492E-02
   5.4030769230769222E-02  6.4761538461538468E-02
   5.4133333333333325E-02  6.4287179487179491E-02
   5.4197435897435899E-02  6.4094871794871805E-02
   6.2107692307692301E-02  6.7889743589743590E-02
   6.2133333333333325E-02  6.8171794871794880E-02
   6.1992307692307687E-02  6.8505128205128205E-02
   6.1748717948717939E-02  6.8992307692307700E-02
   6.1851282051282062E-02  6.9248717948717967E-02
   6.1838461538461544E-02  6.9658974358974377E-02
   6.1838461538461544E-02  6.9966666666666663E-02
   6.1761538461538458E-02  7.0287179487179496E-02
   6.1620512820512820E-02  7.0620512820512821E-02
   6.1556410256410253E-02  7.0979487179487183E-02
   6.1505128205128205E-02  7.1261538461538473E-02
   6.1120512820512819E-02  7.1723076923076931E-02
   6.1556410256410253E-02  7.1530769230769245E-02
   6.2017948717948725E-02  7.1261538461538473E-02
   6.2338461538461530E-02  7.1107692307692316E-02
   6.2530769230769237E-02  7.0748717948717954E-02
   6.2671794871794875E-02  7.0376923076923073E-02
   6.2735897435897442E-02  7.0184615384615387E-02
   6.2787179487179490E-02  6.9787179487179496E-02
   6.2979487179487176E-02  6.9287179487179495E-02
   6.3146153846153852E-02  6.8953846153846157E-02
   6.3312820512820528E-02  6.8530769230769242E-02
