   7.0389743589743592E-02 -4.2161538461538459E-02
   7.0415384615384616E-02 -4.2276923076923066E-02
   7.0364102564102568E-02 -4.2482051282051285E-02
   7.0274358974358991E-02 -4.2712820512820514E-02
   7.0133333333333339E-02 -4.2956410256410255E-02
   7.0056410256410268E-02 -4.3110256410256405E-02
   6.9941025641025639E-02 -4.3392307692307695E-02
   7.0133333333333339E-02 -4.3712820512820515E-02
   7.0082051282051291E-02 -4.3930769230769232E-02
   7.0005128205128206E-02 -4.4110256410256406E-02
   6.9953846153846158E-02 -4.4264102564102563E-02
   6.9864102564102581E-02 -4.4507692307692297E-02
   6.9838461538461544E-02 -4.4648717948717942E-02
   6.9800000000000001E-02 -4.4917948717948707E-02
   6.9646153846153858E-02 -4.5007692307692304E-02
   6.9479487179487182E-02 -4.5123076923076925E-02
   6.9389743589743591E-02 -4.4969230769230761E-02
   6.9287179487179495E-02 -4.4776923076923089E-02
   6.9158974358974362E-02 -4.4584615384615382E-02
   6.9056410256410267E-02 -4.4610256410256399E-02
   6.8864102564102567E-02 -4.4700000000000004E-02
   6.8774358974358976E-02 -4.4725641025641028E-02
   6.8697435897435905E-02 -4.4546153846153839E-02
   6.8594871794871809E-02 -4.4289743589743580E-02
   6.8633333333333338E-02 -4.4135897435897437E-02
   6.8633333333333338E-02 -4.3982051282051279E-02
   6.8517948717948723E-02 -4.3828205128205129E-02
   6.8312820512820518E-02 -4.3661538461538460E-02
   6.8120512820512832E-02 -4.3482051282051286E-02
   6.8146153846153856E-02 -4.3328205128205122E-02
   6.8325641025641037E-02 -4.3174358974358978E-02
   6.8479487179487181E-02 -4.2982051282051285E-02
   6.8582051282051290E-02 -4.2751282051282050E-02
   6.8556410256410266E-02 -4.2520512820512821E-02
   6.8505128205128205E-02 -4.2366666666666664E-02
   6.8415384615384628E-02 -4.2110256410256411E-02
   6.8287179487179495E-02 -4.1969230769230766E-02
   6.8158974358974361E-02 -4.1789743589743591E-02
   6.1223076923076929E-02 -4.0187179487179488E-02
   6.1146153846153843E-02 -4.0276923076923071E-02
   6.0966666666666662E-02 -4.0469230769230771E-02
   6.0787179487179495E-02 -4.0635897435897440E-02
   6.0748717948717952E-02 -4.0905128205128205E-02
   6.0735897435897433E-02 -4.1148717948717946E-02
   6.0658974358974362E-02 -4.1417948717948717E-02
   6.0556410256410252E-02 -4.1648717948717946E-02
   6.0492307692307686E-02 -4.1828205128205134E-02
   6.0479487179487181E-02 -4.1994871794871796E-02
   6.0517948717948723E-02 -4.2161538461538459E-02
   6.0492307692307686E-02 -4.2417948717948718E-02
   6.0441025641025638E-02 -4.2712820512820514E-02
   6.0287179487179481E-02 -4.2905128205128200E-02
   6.0210256410256409E-02 -4.3097435897435907E-02
   6.0184615384615371E-02 -4.2815384615384616E-02
   6.0056410256410238E-02 -4.2405128205128206E-02
   5.9774358974358961E-02 -4.2148717948717954E-02
   5.9453846153846156E-02 -4.1982051282051285E-02
   5.9197435897435903E-02 -4.1841025641025646E-02
   5.8992307692307684E-02 -4.1546153846153844E-02
   5.8851282051282053E-02 -4.1264102564102567E-02
   5.8735897435897438E-02 -4.0828205128205126E-02
   5.8620512820512810E-02 -4.0507692307692307E-02
   5.8543589743589738E-02 -4.0161538461538457E-02
   5.8441025641025636E-02 -3.9789743589743590E-02
   5.8235897435897445E-02 -3.9379487179487180E-02
   5.6966666666666672E-02 -3.8841025641025644E-02
   5.5748717948717941E-02 -3.8687179487179486E-02
   5.5351282051282043E-02 -3.8648717948717951E-02
   5.4979487179487169E-02 -3.8776923076923077E-02
   5.5005128205128200E-02 -3.9123076923076920E-02
   5.5017948717948711E-02 -3.9482051282051282E-02
   5.4825641025641032E-02 -4.0161538461538457E-02
   5.4902564102564097E-02 -4.0700000000000000E-02
   5.4774358974358964E-02 -4.1161538461538465E-02
   5.4723076923076937E-02 -4.1469230769230772E-02
   5.4735897435897435E-02 -4.1776923076923080E-02
   5.4723076923076937E-02 -4.2097435897435899E-02
   5.4684615384615394E-02 -4.2353846153846166E-02
   5.4530769230769230E-02 -4.2712820512820514E-02
   5.4402564102564104E-02 -4.2494871794871783E-02
   5.4184615384615373E-02 -4.2174358974358971E-02
   5.3979487179487168E-02 -4.1828205128205134E-02
   5.4030769230769222E-02 -4.1661538461538458E-02
   5.4133333333333325E-02 -4.1417948717948717E-02
   5.4094871794871796E-02 -4.1264102564102567E-02
   5.4030769230769222E-02 -4.0930769230769229E-02
   5.4107692307692322E-02 -4.0584615384615386E-02
   5.4107692307692322E-02 -4.0302564102564102E-02
   5.3992307692307694E-02 -4.0110256410256409E-02
   5.3633333333333331E-02 -3.9764102564102566E-02
   5.3466666666666662E-02 -3.9546153846153849E-02
   5.3364102564102560E-02 -3.9302564102564108E-02
   5.3351282051282055E-02 -3.8853846153846155E-02
   5.3402564102564089E-02 -3.8443589743589746E-02
   5.3466666666666662E-02 -3.8123076923076926E-02
   5.3543589743589734E-02 -3.7815384615384619E-02
   4.9620512820512816E-02 -3.7212820512820509E-02
   4.9389743589743580E-02 -3.7430769230769233E-02
   4.9300000000000010E-02 -3.7879487179487178E-02
   4.9364102564102570E-02 -3.8623076923076927E-02
   4.9197435897435908E-02 -3.8841025641025644E-02
   4.9030769230769232E-02 -3.9097435897435896E-02
   4.8902564102564106E-02 -3.9482051282051282E-02
   4.8889743589743587E-02 -3.9866666666666661E-02
   4.8902564102564106E-02 -4.0302564102564102E-02
   4.8838461538461532E-02 -4.0738461538461536E-02
   4.8748717948717941E-02 -4.0982051282051284E-02
   4.8620512820512829E-02 -4.1148717948717946E-02
   4.8479487179487184E-02 -4.1379487179487182E-02
   4.8235897435897436E-02 -4.1366666666666670E-02
   4.8005128205128207E-02 -4.1123076923076922E-02
   4.8094871794871791E-02 -4.0751282051282055E-02
   4.8030769230769231E-02 -4.0482051282051276E-02
   4.8107692307692303E-02 -4.0174358974358969E-02
   4.8094871794871791E-02 -3.9866666666666661E-02
   4.8082051282051293E-02 -3.9546153846153849E-02
   4.8133333333333334E-02 -3.9225641025641023E-02
   4.8158974358974364E-02 -3.8828205128205132E-02
   4.8210256410256405E-02 -3.8597435897435896E-02
   4.8248717948717948E-02 -3.8174358974358974E-02
   4.8069230769230774E-02 -3.7546153846153847E-02
   4.8223076923076924E-02 -3.7199999999999997E-02
   4.8351282051282050E-02 -3.6969230769230768E-02
   4.8543589743589743E-02 -3.6712820512820515E-02
   4.4915384615384614E-02 -3.5456410256410255E-02
   4.4761538461538471E-02 -3.5725641025641026E-02
   4.4646153846153842E-02 -3.6020512820512822E-02
   4.4684615384615385E-02 -3.6571794871794870E-02
   4.4582051282051283E-02 -3.6905128205128201E-02
   4.4492307692307692E-02 -3.7276923076923076E-02
   4.4441025641025637E-02 -3.7584615384615383E-02
   4.4338461538461535E-02 -3.7994871794871793E-02
   4.4235897435897432E-02 -3.8379487179487179E-02
   4.4107692307692299E-02 -3.8623076923076927E-02
   4.4094871794871801E-02 -3.8930769230769234E-02
   4.4082051282051289E-02 -3.9276923076923077E-02
   4.4030769230769227E-02 -3.9661538461538463E-02
   4.4069230769230770E-02 -4.0007692307692307E-02
   4.4120512820512818E-02 -4.0328205128205133E-02
   4.4107692307692299E-02 -4.0597435897435898E-02
   4.4069230769230770E-02 -4.1148717948717946E-02
   4.3992307692307699E-02 -4.1328205128205127E-02
   4.3492307692307691E-02 -4.1417948717948717E-02
   4.3235897435897432E-02 -4.1417948717948717E-02
   4.3146153846153855E-02 -4.1225641025641024E-02
   4.3223076923076927E-02 -4.1110256410256410E-02
   4.3094871794871800E-02 -4.1033333333333331E-02
   4.2492307692307690E-02 -4.0892307692307693E-02
   4.2210256410256400E-02 -4.0776923076923079E-02
   4.2171794871794871E-02 -4.0610256410256410E-02
   4.1928205128205123E-02 -4.0456410256410259E-02
   4.1671794871794864E-02 -4.0302564102564102E-02
   4.1338461538461546E-02 -4.0046153846153849E-02
   4.1082051282051286E-02 -3.9751282051282054E-02
   4.0851282051282051E-02 -3.9443589743589746E-02
   4.0658974358974365E-02 -3.9135897435897439E-02
   4.0530769230769231E-02 -3.8930769230769234E-02
   4.0364102564102562E-02 -3.8674358974358974E-02
   4.0094871794871784E-02 -3.8366666666666667E-02
   4.0017948717948712E-02 -3.8148717948717950E-02
   3.9979487179487183E-02 -3.7917948717948721E-02
   4.0030769230769224E-02 -3.7546153846153847E-02
   4.0030769230769224E-02 -3.7353846153846154E-02
   3.9966666666666664E-02 -3.7033333333333335E-02
   3.9761538461538466E-02 -3.6841025641025642E-02
   3.9607692307692302E-02 -3.6712820512820515E-02
   3.9492307692307688E-02 -3.6533333333333334E-02
   3.9223076923076923E-02 -3.6379487179487177E-02
   3.8825641025641018E-02 -3.6174358974358972E-02
   3.8684615384615387E-02 -3.6097435897435901E-02
   3.8479487179487189E-02 -3.6135897435897436E-02
   3.8389743589743584E-02 -3.6341025641025648E-02
   3.8197435897435898E-02 -3.6494871794871792E-02
   3.8017948717948724E-02 -3.6725641025641027E-02
   3.7825641025641017E-02 -3.6892307692307690E-02
   3.7684615384615386E-02 -3.6994871794871792E-02
   3.7389743589743583E-02 -3.7097435897435894E-02
   3.7171794871794880E-02 -3.7097435897435894E-02
   3.6851282051282047E-02 -3.6982051282051287E-02
   3.6351282051282054E-02 -3.6789743589743587E-02
   3.6197435897435896E-02 -3.6789743589743587E-02
   3.6133333333333337E-02 -3.6930769230769232E-02
   3.6005128205128203E-02 -3.7084615384615389E-02
   3.5787179487179487E-02 -3.7212820512820509E-02
   3.5479487179487179E-02 -3.7199999999999997E-02
   3.5082051282051281E-02 -3.7084615384615389E-02
   3.4825641025641021E-02 -3.7020512820512823E-02
   3.4530769230769233E-02 -3.7007692307692304E-02
   3.4056410256410256E-02 -3.6815384615384618E-02
   3.3915384615384618E-02 -3.6738461538461539E-02
   3.3684615384615382E-02 -3.6533333333333334E-02
   3.3428205128205130E-02 -3.6405128205128208E-02
   3.3171794871794870E-02 -3.6302564102564105E-02
   3.3056410256410255E-02 -3.6212820512820515E-02
   3.2979487179487177E-02 -3.6007692307692310E-02
   3.2915384615384610E-02 -3.5789743589743593E-02
   3.2748717948717948E-02 -3.5725641025641026E-02
   3.2569230769230767E-02 -3.5738461538461538E-02
   3.2299999999999995E-02 -3.5623076923076924E-02
   3.1992307692307688E-02 -3.5469230769230767E-02
   3.1825641025641026E-02 -3.5289743589743593E-02
   3.1517948717948718E-02 -3.5058974358974357E-02
   3.1184615384615387E-02 -3.4828205128205128E-02
   3.1017948717948718E-02 -3.4674358974358971E-02
   3.0799999999999994E-02 -3.4430769230769237E-02
   3.0671794871794875E-02 -3.4251282051282049E-02
   3.0492307692307687E-02 -3.3994871794871796E-02
   3.0389743589743584E-02 -3.3853846153846151E-02
   3.0184615384615379E-02 -3.3635897435897434E-02
   3.0017948717948717E-02 -3.3482051282051284E-02
   2.9723076923076928E-02 -3.3341025641025639E-02
   2.9505128205128205E-02 -3.3276923076923072E-02
   2.9107692307692307E-02 -3.3123076923076922E-02
   2.8838461538461535E-02 -3.2956410256410253E-02
   2.8594871794871794E-02 -3.2687179487179481E-02
   2.8223076923076927E-02 -3.2597435897435897E-02
   2.8017948717948715E-02 -3.2366666666666662E-02
   2.7658974358974360E-02 -3.1917948717948716E-02
   2.7466666666666667E-02 -3.1802564102564101E-02
   2.7107692307692308E-02 -3.1610256410256408E-02
   2.6838461538461540E-02 -3.1443589743589746E-02
   2.6569230769230769E-02 -3.1341025641025644E-02
   2.6261538461538472E-02 -3.1238461538461541E-02
   2.5902564102564099E-02 -3.1046153846153852E-02
   2.5723076923076921E-02 -3.0828205128205135E-02
   2.5479487179487177E-02 -3.0648717948717947E-02
   2.4915384615384617E-02 -3.0328205128205128E-02
   2.4620512820512822E-02 -3.0148717948717946E-02
   2.4158974358974364E-02 -2.9917948717948718E-02
   2.3864102564102565E-02 -2.9789743589743591E-02
   2.3658974358974356E-02 -2.9648717948717949E-02
   2.3428205128205124E-02 -2.9469230769230772E-02
   2.3210256410256407E-02 -2.9148717948717952E-02
   2.2928205128205127E-02 -2.9071794871794874E-02
   2.2620512820512820E-02 -2.9110256410256413E-02
   2.2312820512820512E-02 -2.9071794871794874E-02
   2.1979487179487181E-02 -2.8930769230769236E-02
   2.1812820512820512E-02 -2.8828205128205133E-02
   2.1376923076923071E-02 -2.8546153846153850E-02
   2.0864102564102562E-02 -2.8276923076923074E-02
   2.0582051282051286E-02 -2.8148717948717945E-02
   2.0235897435897435E-02 -2.8135897435897443E-02
   1.9876923076923077E-02 -2.8020512820512818E-02
   1.9735897435897438E-02 -2.7969230769230767E-02
   1.9517948717948722E-02 -2.7738461538461538E-02
   1.9287179487179489E-02 -2.7443589743589743E-02
   1.8915384615384615E-02 -2.7200000000000002E-02
   1.8735897435897438E-02 -2.7071794871794872E-02
   1.8466666666666669E-02 -2.6982051282051289E-02
   1.8338461538461536E-02 -2.6815384615384616E-02
   1.8158974358974359E-02 -2.6507692307692312E-02
   1.8056410256410256E-02 -2.6341025641025646E-02
   1.7928205128205126E-02 -2.6148717948717943E-02
   1.7697435897435897E-02 -2.6007692307692308E-02
   1.7274358974358976E-02 -2.5892307692307690E-02
   1.7325641025641027E-02 -2.5597435897435898E-02
   1.7005128205128204E-02 -2.5417948717948717E-02
   1.6633333333333326E-02 -2.5148717948717949E-02
   1.6338461538461538E-02 -2.4712820512820512E-02
   1.6056410256410254E-02 -2.4328205128205129E-02
   1.5941025641025640E-02 -2.4007692307692310E-02
   1.5697435897435896E-02 -2.3700000000000006E-02
   1.5428205128205129E-02 -2.3366666666666668E-02
   1.5197435897435897E-02 -2.3071794871794872E-02
   1.5082051282051282E-02 -2.2853846153846155E-02
   1.5120512820512822E-02 -2.2520512820512820E-02
   1.5158974358974361E-02 -2.2251282051282052E-02
   1.5158974358974361E-02 -2.1956410256410257E-02
   1.4915384615384617E-02 -2.1558974358974359E-02
   1.4928205128205132E-02 -2.1379487179487185E-02
   1.4876923076923078E-02 -2.1264102564102567E-02
   1.4671794871794869E-02 -2.1148717948717949E-02
   1.4492307692307695E-02 -2.1200000000000000E-02
   1.4633333333333333E-02 -2.1558974358974359E-02
   1.4658974358974361E-02 -2.1853846153846154E-02
   1.4543589743589746E-02 -2.2238461538461533E-02
   1.4428205128205128E-02 -2.2456410256410257E-02
   1.4184615384615388E-02 -2.2738461538461537E-02
   1.4056410256410258E-02 -2.2969230769230773E-02
   1.3812820512820517E-02 -2.3135897435897439E-02
   1.3582051282051285E-02 -2.3392307692307691E-02
   1.3338461538461537E-02 -2.3558974358974361E-02
   1.2761538461538461E-02 -2.3776923076923077E-02
   1.2582051282051284E-02 -2.3853846153846156E-02
   1.2389743589743587E-02 -2.3930769230769231E-02
   1.2235897435897435E-02 -2.4135897435897440E-02
   1.2133333333333333E-02 -2.4405128205128208E-02
   1.2005128205128210E-02 -2.4700000000000000E-02
   1.1928205128205133E-02 -2.4892307692307693E-02
   1.2056410256410259E-02 -2.5110256410256410E-02
   1.2235897435897435E-02 -2.5276923076923079E-02
   1.2158974358974362E-02 -2.5494871794871796E-02
   1.1928205128205133E-02 -2.5661538461538465E-02
   1.1620512820512822E-02 -2.5700000000000001E-02
   1.1287179487179487E-02 -2.5571794871794871E-02
   1.1056410256410258E-02 -2.5469230769230768E-02
   1.0761538461538460E-02 -2.5289743589743587E-02
   1.0505128205128209E-02 -2.5148717948717949E-02
   1.0235897435897435E-02 -2.4943589743589744E-02
   1.0043589743589740E-02 -2.4700000000000000E-02
   9.8897435897435885E-03 -2.4379487179487180E-02
   9.7871794871794895E-03 -2.4084615384615381E-02
   9.7358974358974382E-03 -2.3802564102564105E-02
   9.6974358974358989E-03 -2.3738461538461542E-02
   9.5307692307692298E-03 -2.3738461538461542E-02
   9.2102564102564156E-03 -2.3853846153846156E-02
   9.0692307692307687E-03 -2.3943589743589743E-02
   8.7487179487179493E-03 -2.4033333333333330E-02
   8.5564102564102597E-03 -2.4148717948717948E-02
   8.3641025641025633E-03 -2.4148717948717948E-02
   8.2102564102564148E-03 -2.4084615384615381E-02
   8.0435897435897439E-03 -2.3892307692307692E-02
   7.7102564102564091E-03 -2.3982051282051275E-02
   7.4410256410256410E-03 -2.3853846153846156E-02
   7.2615384615384616E-03 -2.3635897435897439E-02
   7.0051282051282020E-03 -2.3430769230769234E-02
   6.5948717948717973E-03 -2.3238461538461534E-02
   6.1974358974358993E-03 -2.3084615384615381E-02
   6.3000000000000018E-03 -2.2751282051282053E-02
   6.4923076923076948E-03 -2.2558974358974360E-02
   6.5820512820512819E-03 -2.2353846153846155E-02
   6.6846153846153843E-03 -2.2033333333333335E-02
   6.7102564102564082E-03 -2.1738461538461540E-02
   6.6333333333333331E-03 -2.1353846153846154E-02
   6.5948717948717973E-03 -2.0905128205128208E-02
   6.6846153846153843E-03 -2.0597435897435897E-02
   6.8769230769230773E-03 -2.0289743589743590E-02
   7.2102564102564087E-03 -2.0084615384615385E-02
   7.4794871794871803E-03 -1.9712820512820514E-02
   7.8128205128205168E-03 -1.9251282051282053E-02
   7.9794871794871807E-03 -1.9007692307692309E-02
   8.2230769230769198E-03 -1.9007692307692309E-02
   7.7358974358974399E-03 -1.8507692307692308E-02
   7.4538461538461546E-03 -1.8302564102564103E-02
   6.9794871794871816E-03 -1.7828205128205130E-02
   6.8128205128205159E-03 -1.7610256410256410E-02
   6.7230769230769202E-03 -1.7315384615384618E-02
   6.4153846153846162E-03 -1.6982051282051283E-02
   6.2743589743589744E-03 -1.6776923076923078E-02
   6.0820512820512814E-03 -1.6289743589743590E-02
   5.9410256410256431E-03 -1.5969230769230770E-02
   5.3128205128205128E-03 -1.5674358974358978E-02
   4.9923076923076935E-03 -1.5558974358974359E-02
   4.6461538461538467E-03 -1.5392307692307690E-02
   4.4794871794871793E-03 -1.5199999999999997E-02
   4.0692307692307694E-03 -1.5161538461538461E-02
   3.8256410256410247E-03 -1.5341025641025638E-02
   3.4538461538461541E-03 -1.5469230769230768E-02
   3.1205128205128202E-03 -1.5507692307692307E-02
   2.8256410256410256E-03 -1.5456410256410254E-02
   2.5692307692307703E-03 -1.5353846153846157E-02
   2.3384615384615380E-03 -1.5135897435897433E-02
   2.0948717948717946E-03 -1.5225641025641022E-02
   1.7615384615384615E-03 -1.5341025641025638E-02
   1.3641025641025644E-03 -1.5276923076923079E-02
   8.3846153846153836E-04 -1.5084615384615382E-02
   3.6410256410256353E-04 -1.5110256410256409E-02
  -1.4871794871794885E-04 -1.4917948717948716E-02
  -7.3846153846153853E-04 -1.4661538461538460E-02
  -1.3282051282051284E-03 -1.4405128205128208E-02
  -1.4564102564102565E-03 -1.4161538461538465E-02
  -1.7641025641025640E-03 -1.3751282051282050E-02
  -1.8794871794871797E-03 -1.3558974358974362E-02
  -1.7769230769230770E-03 -1.3405128205128201E-02
  -1.3666666666666666E-03 -1.3251282051282053E-02
  -1.0717948717948720E-03 -1.2866666666666667E-02
  -9.3076923076923111E-04 -1.2507692307692308E-02
  -7.0000000000000010E-04 -1.2161538461538461E-02
  -3.2820512820512775E-04 -1.1802564102564101E-02
   3.0769230769230049E-05 -1.1353846153846154E-02
   2.7435897435897430E-04 -1.1046153846153846E-02
   2.9999999999999992E-04 -1.0725641025641027E-02
   5.1282051282048637E-06 -1.0815384615384617E-02
  -5.8974358974359185E-05 -1.0661538461538462E-02
  -3.5384615384615381E-04 -1.0379487179487180E-02
  -6.7435897435897448E-04 -1.0238461538461538E-02
  -9.6923076923076997E-04 -1.0161538461538461E-02
  -1.2128205128205129E-03 -9.9820512820512804E-03
  -1.3923076923076925E-03 -9.8410256410256403E-03
  -1.8666666666666669E-03 -9.6358974358974371E-03
  -1.8025641025641026E-03 -9.5076923076923073E-03
  -1.9564102564102563E-03 -9.2384615384615391E-03
  -2.1230769230769233E-03 -8.9564102564102573E-03
  -2.2256410256410258E-03 -8.6230769230769225E-03
  -2.3153846153846154E-03 -8.3538461538461544E-03
  -2.3282051282051282E-03 -8.1358974358974358E-03
  -2.4820512820512824E-03 -7.7641025641025634E-03
  -2.7384615384615386E-03 -7.5717948717948722E-03
  -3.0589743589743588E-03 -7.2641025641025647E-03
  -3.1615384615384617E-03 -7.0333333333333341E-03
  -3.2384615384615381E-03 -6.6615384615384601E-03
  -3.0461538461538464E-03 -6.3153846153846151E-03
  -2.9435897435897435E-03 -6.0333333333333333E-03
  -2.8923076923076923E-03 -5.5717948717948721E-03
  -2.8538461538461539E-03 -5.1102564102564110E-03
  -3.2000000000000002E-03 -5.0974358974358973E-03
  -3.2641025641025642E-03 -4.8794871794871795E-03
  -3.3410256410256411E-03 -4.5974358974358986E-03
  -3.3923076923076927E-03 -4.4051282051282056E-03
  -3.3025641025641026E-03 -4.1615384615384622E-03
  -3.1871794871794873E-03 -3.5717948717948721E-03
  -3.0974358974358977E-03 -3.2897435897435903E-03
  -3.0589743589743588E-03 -3.1102564102564105E-03
  -3.2000000000000002E-03 -2.9435897435897435E-03
  -3.3025641025641026E-03 -2.6230769230769233E-03
  -3.2384615384615381E-03 -2.3538461538461538E-03
  -3.1743589743589745E-03 -2.0717948717948720E-03
  -3.1358974358974357E-03 -1.8282051282051284E-03
  -3.1358974358974357E-03 -1.6358974358974361E-03
  -3.1487179487179489E-03 -1.4692307692307693E-03
  -3.1615384615384617E-03 -1.2512820512820514E-03
  -3.1487179487179489E-03 -8.9230769230769268E-04
  -2.9948717948717952E-03 -5.2051282051282033E-04
  -2.9307692307692307E-03 -3.1538461538461494E-04
  -2.9435897435897435E-03 -1.8717948717948728E-04
  -2.9820512820512820E-03 -2.0512820512820322E-05
  -3.2769230769230774E-03  1.5897435897435901E-04
  -3.4820512820512824E-03  4.0256410256410240E-04
  -3.6230769230769233E-03  6.5897435897435946E-04
  -3.5846153846153849E-03  8.7692307692307679E-04
  -3.4307692307692312E-03  1.1974358974358979E-03
  -3.3153846153846150E-03  1.6333333333333334E-03
  -3.3025641025641026E-03  1.9025641025641024E-03
  -3.4435897435897440E-03  2.2871794871794867E-03
  -3.4564102564102568E-03  2.6717948717948719E-03
  -3.4564102564102568E-03  3.1205128205128202E-03
  -3.5974358974358977E-03  3.4794871794871798E-03
  -3.5589743589743593E-03  3.9025641025641025E-03
  -3.4692307692307696E-03  4.1846153846153838E-03
  -3.5846153846153849E-03  4.6076923076923074E-03
  -3.8282051282051283E-03  5.1589743589743591E-03
  -3.7512820512820514E-03  5.3512820512820521E-03
  -4.0846153846153845E-03  5.7615384615384620E-03
  -4.0846153846153845E-03  5.9538461538461551E-03
  -4.0846153846153845E-03  6.0948717948717951E-03
  -4.0205128205128204E-03  6.3641025641025650E-03
  -4.0205128205128204E-03  6.6461538461538450E-03
  -3.9564102564102564E-03  6.9282051282051286E-03
  -3.9435897435897435E-03  7.2102564102564087E-03
  -3.9692307692307700E-03  7.5179487179487196E-03
  -3.9179487179487179E-03  7.7487179487179484E-03
  -4.0205128205128204E-03  7.8641025641025680E-03
  -4.2256410256410262E-03  8.2743589743589710E-03
  -4.2641025641025638E-03  8.7230769230769237E-03
  -4.1615384615384622E-03  9.1589743589743627E-03
  -4.1102564102564101E-03  9.5564102564102606E-03
  -4.0846153846153845E-03  9.8256410256410218E-03
  -4.1487179487179485E-03  1.0287179487179486E-02
  -4.4435897435897431E-03  1.0697435897435896E-02
  -4.5717948717948721E-03  1.1082051282051282E-02
  -4.6358974358974361E-03  1.1607692307692307E-02
  -4.6615384615384618E-03  1.1838461538461539E-02
  -4.6230769230769233E-03  1.2312820512820516E-02
  -4.4820512820512824E-03  1.2723076923076922E-02
  -4.3282051282051287E-03  1.3287179487179486E-02
  -4.2000000000000006E-03  1.3774358974358974E-02
  -4.1871794871794869E-03  1.4274358974358975E-02
  -4.0717948717948716E-03  1.4825641025641026E-02
  -3.9948717948717957E-03  1.5351282051282054E-02
  -3.9435897435897435E-03  1.5876923076923077E-02
  -3.6230769230769233E-03  1.6146153846153845E-02
  -3.5589743589743593E-03  1.6582051282051282E-02
  -3.5589743589743593E-03  1.7069230769230771E-02
  -3.4564102564102568E-03  1.7351282051282051E-02
  -3.3666666666666667E-03  1.7607692307692307E-02
  -3.6230769230769233E-03  1.7787179487179488E-02
  -3.8923076923076927E-03  1.7992307692307689E-02
  -4.3923076923076928E-03  1.8300000000000004E-02
  -4.4307692307692303E-03  1.8517948717948721E-02
  -4.6871794871794874E-03  1.8774358974358973E-02
  -4.8410256410256411E-03  1.9107692307692301E-02
  -4.8666666666666667E-03  1.9274358974358974E-02
  -4.9692307692307692E-03  1.9902564102564101E-02
  -4.8410256410256411E-03  2.0120512820512821E-02
  -4.6102564102564105E-03  2.0312820512820511E-02
  -4.3794871794871799E-03  2.0428205128205128E-02
  -4.0589743589743588E-03  2.0569230769230774E-02
  -3.8410256410256411E-03  2.0774358974358975E-02
  -3.7512820512820514E-03  2.0979487179487180E-02
  -3.4051282051282051E-03  2.1620512820512826E-02
  -3.1743589743589745E-03  2.1825641025641027E-02
  -2.8282051282051282E-03  2.2261538461538465E-02
  -2.5461538461538464E-03  2.2492307692307693E-02
  -2.1743589743589745E-03  2.2633333333333328E-02
  -1.8282051282051284E-03  2.2735897435897434E-02
  -1.4948717948717950E-03  2.2876923076923076E-02
  -1.1871794871794873E-03  2.2979487179487178E-02
  -8.5384615384615425E-04  2.2992307692307690E-02
  -2.8974358974358976E-04  2.3235897435897435E-02
  -7.1794871794871994E-05  2.3505128205128203E-02
   1.0769230769230734E-04  2.3710256410256408E-02
   4.5384615384615364E-04  2.3979487179487176E-02
   7.4871794871794869E-04  2.4248717948717951E-02
   9.4102564102564084E-04  2.4530769230769234E-02
   9.4102564102564084E-04  2.4876923076923078E-02
   9.6666666666666646E-04  2.5184615384615385E-02
   7.8717948717948712E-04  2.5620512820512819E-02
   8.2564102564102555E-04  2.5864102564102563E-02
   9.5384615384615365E-04  2.6364102564102564E-02
   1.0564102564102561E-03  2.6620512820512823E-02
   1.5307692307692309E-03  2.7005128205128206E-02
   1.9153846153846152E-03  2.7402564102564104E-02
   2.1205128205128211E-03  2.7876923076923077E-02
   2.2615384615384602E-03  2.8171794871794865E-02
   2.4666666666666661E-03  2.8402564102564101E-02
   2.5948717948717933E-03  2.8658974358974354E-02
   2.9538461538461537E-03  2.9120512820512819E-02
   3.3384615384615380E-03  2.9364102564102566E-02
   3.6333333333333335E-03  2.9492307692307693E-02
   3.9153846153846140E-03  2.9479487179487181E-02
   3.7230769230769231E-03  2.9825641025641031E-02
   3.5820512820512831E-03  3.0082051282051277E-02
   3.4538461538461541E-03  3.0325641025641024E-02
   3.3128205128205124E-03  3.0838461538461537E-02
   3.3128205128205124E-03  3.1120512820512820E-02
   3.3256410256410252E-03  3.1479487179487176E-02
   3.3128205128205124E-03  3.1658974358974357E-02
   3.0820512820512818E-03  3.1864102564102562E-02
   3.0051282051282049E-03  3.1992307692307688E-02
   2.9538461538461537E-03  3.2325641025641026E-02
   2.9282051282051272E-03  3.2556410256410255E-02
   2.7102564102564103E-03  3.3030769230769232E-02
   2.8000000000000000E-03  3.3479487179487177E-02
   3.0564102564102562E-03  3.3787179487179485E-02
   3.3256410256410252E-03  3.4107692307692304E-02
   3.5820512820512831E-03  3.4312820512820509E-02
   3.7230769230769231E-03  3.4364102564102564E-02
   4.0692307692307694E-03  3.4287179487179485E-02
   4.3128205128205119E-03  3.4171794871794871E-02
   4.4153846153846162E-03  3.4005128205128202E-02
   4.5307692307692306E-03  3.3953846153846154E-02
   4.8128205128205124E-03  3.3876923076923075E-02
   5.1717948717948711E-03  3.3851282051282051E-02
   5.6333333333333322E-03  3.3774358974358973E-02
   6.0820512820512814E-03  3.3710256410256413E-02
   6.4794871794871794E-03  3.3620512820512823E-02
   6.9025641025640995E-03  3.3569230769230768E-02
   7.3512820512820504E-03  3.3466666666666665E-02
   7.7102564102564091E-03  3.3428205128205130E-02
   8.0564102564102558E-03  3.3415384615384618E-02
   8.3000000000000001E-03  3.3248717948717949E-02
   8.6076923076923075E-03  3.3107692307692310E-02
   8.9025641025641047E-03  3.3158974358974358E-02
   9.3641025641025642E-03  3.3428205128205130E-02
   9.6333333333333340E-03  3.3658974358974358E-02
   9.8512820512820527E-03  3.3902564102564099E-02
   1.0069230769230770E-02  3.4210256410256407E-02
   1.0210256410256411E-02  3.4389743589743588E-02
   1.0402564102564101E-02  3.4710256410256407E-02
   1.0594871794871796E-02  3.5171794871794872E-02
   1.0633333333333333E-02  3.5505128205128203E-02
   1.0620512820512821E-02  3.5902564102564101E-02
   1.0582051282051282E-02  3.6133333333333337E-02
   1.0607692307692309E-02  3.6505128205128204E-02
   1.0671794871794872E-02  3.6774358974358975E-02
   1.0876923076923081E-02  3.7274358974358969E-02
   1.1300000000000003E-02  3.7723076923076922E-02
   1.1928205128205133E-02  3.7761538461538458E-02
   1.2402564102564101E-02  3.8094871794871782E-02
   1.2774358974358973E-02  3.8287179487179482E-02
   1.3146153846153844E-02  3.8402564102564103E-02
   1.3389743589743588E-02  3.8530769230769230E-02
   1.3594871794871797E-02  3.8800000000000008E-02
   1.4133333333333336E-02  3.9146153846153837E-02
   1.4453846153846152E-02  3.9312820512820514E-02
   1.4851282051282054E-02  3.9453846153846145E-02
   1.5082051282051282E-02  3.9620512820512821E-02
   1.5325641025641027E-02  3.9851282051282050E-02
   1.5530769230769232E-02  4.0274358974358972E-02
   1.5825641025641029E-02  4.0607692307692303E-02
   1.6197435897435893E-02  4.0774358974358979E-02
   1.6299999999999999E-02  4.1017948717948713E-02
   1.6364102564102565E-02  4.1338461538461546E-02
   1.6415384615384613E-02  4.1697435897435894E-02
   1.6530769230769231E-02  4.2210256410256400E-02
   1.6735897435897432E-02  4.2710256410256421E-02
   1.6851282051282050E-02  4.2979487179487172E-02
   1.6902564102564101E-02  4.3338461538461548E-02
   1.7005128205128204E-02  4.3697435897435896E-02
   1.7351282051282051E-02  4.4158974358974361E-02
   1.7710256410256409E-02  4.4441025641025637E-02
   1.7774358974358972E-02  4.4479487179487180E-02
   1.7992307692307689E-02  4.4530769230769235E-02
   1.8210256410256410E-02  4.4492307692307692E-02
   1.8248717948717953E-02  4.4594871794871795E-02
   1.8441025641025639E-02  4.5133333333333345E-02
   1.8517948717948721E-02  4.5287179487179481E-02
   1.8543589743589741E-02  4.5505128205128205E-02
   1.8684615384615379E-02  4.5941025641025632E-02
   1.9107692307692301E-02  4.6338461538461537E-02
   1.9530769230769230E-02  4.6582051282051284E-02
   2.0133333333333333E-02  4.6915384615384616E-02
   2.0517948717948722E-02  4.7248717948717961E-02
   2.1248717948717948E-02  4.7658974358974371E-02
   2.1851282051282044E-02  4.7941025641025647E-02
   2.2146153846153847E-02  4.8120512820512822E-02
   2.2530769230769233E-02  4.8466666666666665E-02
   2.3005128205128202E-02  4.8633333333333341E-02
   2.3402564102564100E-02  4.8748717948717941E-02
   2.3851282051282046E-02  4.9017948717948720E-02
   2.4364102564102565E-02  4.9171794871794863E-02
   2.4428205128205132E-02  4.9428205128205123E-02
   2.4569230769230770E-02  4.9620512820512816E-02
   2.4633333333333333E-02  4.9851282051282045E-02
   2.4787179487179487E-02  5.0299999999999997E-02
   2.4966666666666661E-02  5.0569230769230762E-02
   2.5082051282051283E-02  5.0889743589743588E-02
   2.5158974358974358E-02  5.1312820512820510E-02
   2.5120512820512822E-02  5.1505128205128203E-02
   2.5479487179487177E-02  5.1787179487179487E-02
   2.5594871794871788E-02  5.2094871794871808E-02
   2.5671794871794870E-02  5.2825641025641024E-02
   2.5889743589743587E-02  5.3210256410256410E-02
   2.6171794871794867E-02  5.3530769230769222E-02
   2.6428205128205137E-02  5.3838461538461536E-02
   2.6761538461538455E-02  5.4364102564102561E-02
   2.7197435897435899E-02  5.4799999999999995E-02
   2.7607692307692309E-02  5.5043589743589742E-02
   2.7928205128205128E-02  5.5210256410256404E-02
   2.8223076923076927E-02  5.5441025641025647E-02
   2.8376923076923070E-02  5.5774358974358978E-02
   2.8530769230769235E-02  5.6338461538461546E-02
   2.8697435897435904E-02  5.6787179487179484E-02
   2.8979487179487173E-02  5.7197435897435901E-02
   2.9441025641025638E-02  5.7543589743589751E-02
   2.9941025641025645E-02  5.7517948717948721E-02
   3.0505128205128205E-02  5.7376923076923089E-02
   3.0799999999999994E-02  5.7184615384615389E-02
   3.1082051282051285E-02  5.6915384615384611E-02
   3.1210256410256411E-02  5.6582051282051279E-02
   3.1248717948717947E-02  5.6594871794871791E-02
   3.1428205128205128E-02  5.6800000000000010E-02
   3.1633333333333333E-02  5.7030769230769225E-02
   3.1800000000000002E-02  5.7235897435897444E-02
   3.1966666666666664E-02  5.7530769230769226E-02
   3.2171794871794869E-02  5.7941025641025629E-02
   3.2056410256410255E-02  5.8287179487179493E-02
   3.1825641025641026E-02  5.8569230769230769E-02
   3.1748717948717947E-02  5.8787179487179486E-02
   3.1851282051282050E-02  5.9094871794871787E-02
   3.1953846153846152E-02  5.9466666666666675E-02
   3.2133333333333333E-02  5.9928205128205132E-02
   3.2543589743589743E-02  6.0658974358974362E-02
   3.2992307692307696E-02  6.0902564102564095E-02
   3.3517948717948720E-02  6.0941025641025638E-02
   3.4210256410256407E-02  6.1017948717948724E-02
   3.4633333333333335E-02  6.1069230769230771E-02
   3.4607692307692305E-02  6.1005128205128205E-02
   3.4376923076923076E-02  6.0812820512820519E-02
   3.4210256410256407E-02  6.0684615384615385E-02
   3.4376923076923076E-02  6.0466666666666662E-02
   3.4658974358974359E-02  6.0287179487179481E-02
   3.4966666666666667E-02  6.0082051282051276E-02
   3.5364102564102565E-02  5.9876923076923071E-02
   3.5684615384615384E-02  5.9710256410256408E-02
   3.5761538461538456E-02  5.9402564102564108E-02
   3.5825641025641029E-02  5.9056410256410258E-02
   3.5876923076923070E-02  5.8530769230769233E-02
   3.5992307692307692E-02  5.8056410256410257E-02
   3.6056410256410258E-02  5.7517948717948721E-02
   3.6223076923076920E-02  5.6966666666666672E-02
   3.6415384615384613E-02  5.6607692307692296E-02
   3.6594871794871794E-02  5.6184615384615388E-02
   3.6710256410256409E-02  5.5812820512820507E-02
   3.7082051282051283E-02  5.5158974358974371E-02
   3.7466666666666662E-02  5.5376923076923074E-02
   3.8017948717948724E-02  5.5684615384615381E-02
   3.8697435897435906E-02  5.5966666666666672E-02
   3.9351282051282042E-02  5.6184615384615388E-02
   3.9735897435897435E-02  5.6351282051282044E-02
   3.9607692307692302E-02  5.6697435897435894E-02
   3.9671794871794862E-02  5.6992307692307682E-02
   3.9799999999999995E-02  5.7274358974358973E-02
   4.0094871794871784E-02  5.7364102564102563E-02
   4.0005128205128200E-02  5.7646153846153854E-02
   4.0043589743589743E-02  5.8184615384615390E-02
   4.0274358974358972E-02  5.8633333333333336E-02
   4.0671794871794863E-02  5.9030769230769227E-02
   4.1133333333333341E-02  5.9428205128205132E-02
   4.1351282051282044E-02  5.9748717948717937E-02
   4.1479487179487178E-02  5.9761538461538456E-02
   4.1825641025641021E-02  5.9517948717948709E-02
   4.2133333333333328E-02  5.9248717948717951E-02
   4.2505128205128202E-02  5.8902564102564101E-02
   4.3005128205128203E-02  5.8338461538461533E-02
   4.5825641025641024E-02  5.9761538461538456E-02
   4.5825641025641024E-02  6.0005128205128218E-02
   4.5684615384615386E-02  6.0235897435897433E-02
   4.5543589743589748E-02  6.0569230769230771E-02
   4.5389743589743577E-02  6.0889743589743590E-02
   4.5441025641025652E-02  6.1210256410256410E-02
   4.5479487179487181E-02  6.1607692307692315E-02
   4.5697435897435884E-02  6.1979487179487182E-02
   4.6146153846153837E-02  6.2030769230769230E-02
   4.6671794871794868E-02  6.1825641025641025E-02
   4.7146153846153845E-02  6.1633333333333339E-02
   4.7517948717948726E-02  6.1428205128205134E-02
   4.7992307692307688E-02  6.1197435897435905E-02
   4.8543589743589743E-02  6.0992307692307700E-02
   5.8043589743589745E-02  6.6094871794871807E-02
   5.8133333333333329E-02  6.6312820512820517E-02
   5.8120512820512830E-02  6.6684615384615398E-02
   5.7992307692307697E-02  6.7030769230769241E-02
   5.7697435897435895E-02  6.7274358974358975E-02
   5.7466666666666666E-02  6.7492307692307699E-02
   5.7133333333333328E-02  6.7684615384615385E-02
   5.6864102564102570E-02  6.7902564102564109E-02
   5.6851282051282051E-02  6.8120512820512832E-02
   5.6774358974358966E-02  6.8389743589743604E-02
   5.6864102564102570E-02  6.8633333333333338E-02
   5.6851282051282051E-02  6.8902564102564109E-02
   5.6633333333333348E-02  6.9133333333333338E-02
   5.6299999999999989E-02  6.9479487179487182E-02
   5.6146153846153846E-02  6.9748717948717953E-02
   5.6274358974358965E-02  6.9953846153846158E-02
   5.6569230769230767E-02  6.9735897435897434E-02
   5.6889743589743587E-02  6.9607692307692315E-02
   5.7158974358974358E-02  6.9710256410256410E-02
   5.7479487179487178E-02  6.9607692307692315E-02
   5.8056410256410257E-02  6.9351282051282048E-02
   5.8415384615384605E-02  6.9146153846153843E-02
   5.8812820512820510E-02  6.8941025641025652E-02
   5.9376923076923070E-02  6.8646153846153857E-02
   6.0030769230769228E-02  6.8351282051282061E-02
   6.0325641025641023E-02  6.8082051282051290E-02
   6.0646153846153843E-02  6.7787179487179494E-02
   6.0902564102564095E-02  6.7556410256410265E-02
   6.1120512820512819E-02  6.7146153846153855E-02
