0.170794872	-0.050974359
0.1705	-0.051230769
0.170102564	-0.051397436
0.169628205	-0.051474359
0.169282051	-0.051410256
0.168910256	-0.051384615
0.168666667	-0.05125641
0.168346154	-0.051051282
0.168	-0.050923077
0.167628205	-0.05075641
0.167205128	-0.050615385
0.166935897	-0.050666667
0.166230769	-0.050807692
0.165897436	-0.050897436
0.165666667	-0.050987179
0.165282051	-0.051102564
0.164961538	-0.051076923
0.164487179	-0.050910256
0.163884615	-0.050512821
0.163538462	-0.050294872
0.15925641	-0.050282051
0.159025641	-0.050653846
0.158769231	-0.050846154
0.158397436	-0.051038462
0.158179487	-0.051076923
0.157769231	-0.051192308
0.157294872	-0.051217949
0.157115385	-0.051141026
0.156858974	-0.051038462
0.1565	-0.050705128
0.15625641	-0.050538462
0.155782051	-0.05025641
0.155051282	-0.050179487
0.154448718	-0.050064103
0.153435897	-0.049948718
0.153089744	-0.049897436
0.152935897	-0.05
0.152692308	-0.050230769
0.152512821	-0.050371795
0.152333333	-0.050448718
0.152128205	-0.0505
0.151564103	-0.050538462
0.151397436	-0.050538462
0.151141026	-0.050564103
0.150897436	-0.050538462
0.150641026	-0.050576923
0.150538462	-0.05074359
0.150320513	-0.050782051
0.150051282	-0.050910256
0.149782051	-0.050935897
0.149346154	-0.050961538
0.149115385	-0.050782051
0.148679487	-0.050538462
0.148230769	-0.050346154
0.147666667	-0.050076923
0.147358974	-0.049987179
0.147076923	-0.049884615
0.146679487	-0.049884615
0.146461538	-0.049769231
0.146153846	-0.049487179
0.145833333	-0.049512821
0.145602564	-0.04974359
0.145358974	-0.049935897
0.14524359	-0.050128205
0.145102564	-0.050358974
0.144846154	-0.050371795
0.144448718	-0.050333333
0.143910256	-0.050217949
0.143512821	-0.050089744
0.143192308	-0.050012821
0.142884615	-0.049884615
0.14275641	-0.049833333
0.142435897	-0.049717949
0.14225641	-0.049884615
0.142102564	-0.050064103
0.141833333	-0.05024359
0.141666667	-0.050294872
0.141423077	-0.050346154
0.140858974	-0.05025641
0.140666667	-0.049858974
0.140179487	-0.049461538
0.139897436	-0.049051282
0.097153846	-0.044089744
0.096871795	-0.044153846
0.096602564	-0.044166667
0.096346154	-0.044153846
0.096141026	-0.044128205
0.095884615	-0.044076923
0.095666667	-0.044
0.095397436	-0.043961538
0.095153846	-0.043871795
0.094961538	-0.043910256
0.09474359	-0.044
0.094487179	-0.044128205
0.094179487	-0.044179487
0.094205128	-0.044282051
0.093923077	-0.044230769
0.093602564	-0.044115385
0.093346154	-0.044012821
0.093012821	-0.043871795
0.092628205	-0.043769231
0.092551282	-0.043948718
0.092128205	-0.04424359
0.091897436	-0.044346154
0.091666667	-0.0445
0.091397436	-0.044551282
0.091179487	-0.044538462
0.090935897	-0.0445
0.090782051	-0.0445
0.090666667	-0.044602564
0.090397436	-0.04474359
0.090089744	-0.044846154
0.089871795	-0.044820513
0.089589744	-0.044820513
0.089076923	-0.044833333
0.088871795	-0.044769231
0.088307692	-0.04474359
0.088038462	-0.044730769
0.087628205	-0.044615385
0.087320513	-0.044461538
0.086974359	-0.044320513
0.086551282	-0.044410256
0.086282051	-0.044282051
0.085948718	-0.044051282
0.085564103	-0.043884615
0.08525641	-0.04375641
0.084666667	-0.043487179
0.084294872	-0.043269231
0.083910256	-0.043089744
0.083230769	-0.042794872
0.082769231	-0.042628205
0.082320513	-0.042397436
0.081782051	-0.042128205
0.081346154	-0.042012821
0.081153846	-0.041987179
0.080910256	-0.042115385
0.080730769	-0.042205128
0.080461538	-0.042320513
0.080371795	-0.042410256
0.080179487	-0.042474359
0.079794872	-0.042564103
0.079512821	-0.042589744
0.079217949	-0.042589744
0.079	-0.042576923
0.078653846	-0.042833333
0.078512821	-0.043038462
0.078333333	-0.043397436
0.078089744	-0.043641026
0.077858974	-0.043807692
0.077576923	-0.043974359
0.077230769	-0.044128205
0.076871795	-0.044141026
0.076512821	-0.044012821
0.075666667	-0.043730769
0.074923077	-0.043589744
0.0745	-0.0435
0.072602564	-0.043307692
0.072051282	-0.042923077
0.071961538	-0.042769231
0.071846154	-0.042705128
0.071615385	-0.042679487
0.071371795	-0.042730769
0.071051282	-0.04275641
0.070846154	-0.042717949
0.070602564	-0.042628205
0.070487179	-0.042576923
0.070179487	-0.042679487
0.069923077	-0.042641026
0.069692308	-0.042679487
0.069423077	-0.042692308
0.069102564	-0.042653846
0.06875641	-0.042512821
0.068384615	-0.042346154
0.06774359	-0.042064103
0.067320513	-0.041897436
0.067038462	-0.041807692
0.066769231	-0.041769231
0.066423077	-0.041628205
0.066166667	-0.041525641
0.066076923	-0.041371795
0.065910256	-0.041282051
0.065679487	-0.041179487
0.065448718	-0.04124359
0.065153846	-0.041282051
0.064564103	-0.041397436
0.064269231	-0.041474359
0.06374359	-0.041397436
0.06324359	-0.041358974
0.062576923	-0.041166667
0.062115385	-0.040974359
0.061564103	-0.040717949
0.061038462	-0.040371795
0.060589744	-0.040230769
0.060307692	-0.040115385
0.060038462	-0.040115385
0.059628205	-0.040076923
0.05924359	-0.039923077
0.058858974	-0.03974359
0.058474359	-0.039602564
0.058128205	-0.039461538
0.057846154	-0.039217949
0.057576923	-0.039038462
0.057269231	-0.038871795
0.056769231	-0.038666667
0.056461538	-0.038487179
0.056089744	-0.038282051
0.055692308	-0.038115385
0.055358974	-0.037961538
0.055205128	-0.038
0.055038462	-0.03825641
0.054705128	-0.038551282
0.054346154	-0.038679487
0.054141026	-0.038564103
0.053794872	-0.038461538
0.053589744	-0.0385
0.053282051	-0.038423077
0.052923077	-0.038307692
0.052128205	-0.037858974
0.051820513	-0.037641026
0.051282051	-0.037346154
0.050961538	-0.037371795
0.050538462	-0.037230769
0.050320513	-0.037051282
0.050141026	-0.037025641
0.049833333	-0.036923077
0.04974359	-0.036858974
0.049602564	-0.036628205
0.049448718	-0.036589744
0.04924359	-0.036602564
0.048910256	-0.036487179
0.048692308	-0.036346154
0.048525641	-0.036230769
0.048282051	-0.036115385
0.048076923	-0.035961538
0.047884615	-0.035846154
0.047679487	-0.035897436
0.047410256	-0.035820513
0.047128205	-0.035730769
0.04675641	-0.035576923
0.046217949	-0.035333333
0.046012821	-0.035307692
0.045717949	-0.035217949
0.045487179	-0.035064103
0.045333333	-0.034948718
0.045102564	-0.035025641
0.045076923	-0.035179487
0.044423077	-0.034730769
0.044076923	-0.034512821
0.043794872	-0.034435897
0.043474359	-0.034346154
0.043384615	-0.034487179
0.043051282	-0.034423077
0.042820513	-0.034320513
0.042487179	-0.034128205
0.041884615	-0.033769231
0.041410256	-0.033474359
0.041179487	-0.033384615
0.041153846	-0.033525641
0.04074359	-0.033307692
0.040602564	-0.03324359
0.040615385	-0.033435897
0.040410256	-0.033423077
0.040025641	-0.033282051
0.039435897	-0.033076923
0.038987179	-0.032884615
0.038679487	-0.032705128
0.038423077	-0.032692308
0.03824359	-0.032679487
0.037871795	-0.032615385
0.037538462	-0.032423077
0.037358974	-0.03224359
0.037230769	-0.032141026
0.036935897	-0.032038462
0.036525641	-0.031858974
0.036115385	-0.031602564
0.035705128	-0.031410256
0.035461538	-0.031307692
0.035525641	-0.031551282
0.035435897	-0.031717949
0.035166667	-0.031935897
0.034987179	-0.032076923
0.034820513	-0.032179487
0.034551282	-0.032282051
0.034128205	-0.032320513
0.033935897	-0.032346154
0.033653846	-0.032307692
0.033192308	-0.032217949
0.032935897	-0.032115385
0.032538462	-0.031961538
0.032461538	-0.032076923
0.032282051	-0.032102564
0.031961538	-0.032141026
0.031653846	-0.032128205
0.031294872	-0.031987179
0.030858974	-0.031730769
0.030564103	-0.031487179
0.030282051	-0.031153846
0.029974359	-0.030679487
0.029628205	-0.030115385
0.029461538	-0.029628205
0.029371795	-0.029089744
0.029307692	-0.02874359
0.029153846	-0.028474359
0.028910256	-0.028115385
0.028897436	-0.027987179
0.028589744	-0.028
0.028346154	-0.027692308
0.02824359	-0.027435897
0.02824359	-0.02724359
0.027858974	-0.027333333
0.027487179	-0.027346154
0.027141026	-0.027346154
0.026910256	-0.027076923
0.026769231	-0.027269231
0.026153846	-0.027423077
0.025846154	-0.027487179
0.025461538	-0.027628205
0.02524359	-0.027653846
0.024987179	-0.02775641
0.024679487	-0.02774359
0.024448718	-0.027833333
0.024128205	-0.027910256
0.023910256	-0.027961538
0.023487179	-0.027910256
0.023089744	-0.027628205
0.022717949	-0.027282051
0.022538462	-0.027102564
0.022217949	-0.026794872
0.021910256	-0.026217949
0.021871795	-0.026012821
0.021705128	-0.025512821
0.021935897	-0.025115385
0.021846154	-0.024730769
0.021705128	-0.024230769
0.021628205	-0.024025641
0.021435897	-0.023820513
0.020974359	-0.023448718
0.020461538	-0.023179487
0.020307692	-0.023192308
0.019871795	-0.023051282
0.019794872	-0.023
0.019461538	-0.022769231
0.019217949	-0.022576923
0.018858974	-0.022410256
0.018564103	-0.022012821
0.018205128	-0.021807692
0.017987179	-0.021807692
0.017474359	-0.021730769
0.01724359	-0.021576923
0.016923077	-0.02125641
0.016807692	-0.021115385
0.016410256	-0.020782051
0.016089744	-0.020589744
0.015884615	-0.020487179
0.015371795	-0.020282051
0.015141026	-0.020346154
0.014961538	-0.020512821
0.014666667	-0.020615385
0.014346154	-0.020769231
0.014051282	-0.020782051
0.01374359	-0.020641026
0.013269231	-0.020448718
0.013128205	-0.020384615
0.012782051	-0.020025641
0.0125	-0.019884615
0.012166667	-0.019397436
0.011923077	-0.019089744
0.011807692	-0.018910256
0.011628205	-0.018897436
0.010807692	-0.018641026
0.010589744	-0.018641026
0.010115385	-0.018615385
0.009666667	-0.018564103
0.009166667	-0.018358974
0.008602564	-0.018051282
0.008038462	-0.017641026
0.007948718	-0.017269231
0.008025641	-0.017051282
0.008205128	-0.016769231
0.008307692	-0.016525641
0.008512821	-0.01625641
0.008679487	-0.015987179
0.00874359	-0.015820513
0.008282051	-0.015487179
0.008012821	-0.01525641
0.007833333	-0.015141026
0.00774359	-0.014820513
0.007641026	-0.014615385
0.007294872	-0.014448718
0.006794872	-0.014166667
0.006653846	-0.013717949
0.006435897	-0.013320513
0.006064103	-0.012974359
0.005564103	-0.012641026
0.005141026	-0.012487179
0.00475641	-0.012076923
0.004564103	-0.011717949
0.004448718	-0.011307692
0.004371795	-0.011012821
0.004166667	-0.010653846
0.003615385	-0.010397436
0.003128205	-0.010089744
0.002705128	-0.009833333
0.002230769	-0.009512821
0.002102564	-0.009076923
0.002346154	-0.008692308
0.002269231	-0.008333333
0.002102564	-0.008051282
0.001910256	-0.007846154
0.00174359	-0.007653846
0.001474359	-0.007282051
0.001128205	-0.007128205
0.000884615	-0.006935897
0.000551282	-0.006666667
0.000423077	-0.006346154
0.000307692	-0.006141026
0	-0.005923077
-0.000192308	-0.005641026
-0.000589744	-0.005051282
-0.000730769	-0.004461538
-0.000602564	-0.004128205
-0.000525641	-0.003935897
-0.000230769	-0.003641026
-0.000576923	-0.003294872
-0.000846154	-0.002846154
-0.001076923	-0.002474359
-0.00124359	-0.001897436
-0.001448718	-0.001358974
-0.001487179	-0.000987179
-0.001487179	-0.000653846
-0.001602564	-0.000307692
-0.001679487	0.000153846
-0.001679487	0.000653846
-0.001692308	0.001384615
-0.001538462	0.001705128
-0.001410256	0.001871795
-0.001166667	0.002294872
-0.001192308	0.002602564
-0.001307692	0.002974359
-0.001384615	0.003320513
-0.001205128	0.003794872
-0.001025641	0.004115385
-0.000910256	0.004448718
-0.001012821	0.005115385
-0.001	0.005346154
-0.000961538	0.005641026
-0.001076923	0.006153846
-0.001333333	0.00674359
-0.001217949	0.007089744
-0.001294872	0.007512821
-0.001384615	0.007794872
-0.001448718	0.008089744
-0.001576923	0.008461538
-0.001551282	0.008974359
-0.001666667	0.009384615
-0.001679487	0.009910256
-0.001512821	0.010397436
-0.001487179	0.010935897
-0.001551282	0.011333333
-0.001564103	0.011705128
-0.001884615	0.011961538
-0.002064103	0.012307692
-0.001794872	0.012474359
-0.00174359	0.013051282
-0.001858974	0.013551282
-0.002051282	0.013807692
-0.00224359	0.014166667
-0.002371795	0.014538462
-0.002448718	0.015525641
-0.002166667	0.016179487
-0.001794872	0.016589744
-0.001692308	0.016833333
-0.001564103	0.01725641
-0.001320513	0.017769231
-0.000897436	0.018230769
-0.000679487	0.018730769
-0.000333333	0.019166667
-0.00025641	0.019346154
-0.000320513	0.019576923
-0.000320513	0.01974359
-0.000461538	0.019987179
-0.000807692	0.020384615
-0.001166667	0.020820513
-0.00125641	0.021423077
-0.001320513	0.021974359
-0.001141026	0.022448718
-0.000512821	0.023012821
-0.00025641	0.023307692
-0.000128205	0.023679487
0.000153846	0.024128205
0.000615385	0.024282051
0.000910256	0.024346154
0.001358974	0.024474359
0.002038462	0.025128205
0.002282051	0.025679487
0.002423077	0.026115385
0.0025	0.026833333
0.002371795	0.02775641
0.002602564	0.028294872
0.003038462	0.028794872
0.003576923	0.029166667
0.004025641	0.029666667
0.004192308	0.029884615
0.004141026	0.030141026
0.004102564	0.030641026
0.004115385	0.031384615
0.004141026	0.032128205
0.004525641	0.032576923
0.004858974	0.033153846
0.005128205	0.033589744
0.005666667	0.033974359
0.006	0.033987179
0.006294872	0.033987179
0.00625641	0.034512821
0.006538462	0.034910256
0.006987179	0.034987179
0.00725641	0.034897436
0.007615385	0.03474359
0.008012821	0.034858974
0.008307692	0.034846154
0.00874359	0.034974359
0.009153846	0.035179487
0.009961538	0.035333333
0.010410256	0.035692308
0.010833333	0.036320513
0.01125641	0.036589744
0.011871795	0.037102564
0.012102564	0.037371795
0.012205128	0.037858974
0.012576923	0.038320513
0.012974359	0.038589744
0.013141026	0.039
0.013423077	0.039141026
0.013833333	0.039358974
0.013935897	0.039410256
0.014089744	0.039871795
0.014410256	0.040615385
0.014628205	0.041128205
0.014820513	0.041512821
0.015307692	0.042192308
0.015564103	0.042641026
0.015807692	0.043192308
0.01624359	0.043564103
0.016551282	0.043730769
0.016871795	0.043948718
0.017282051	0.044217949
0.017846154	0.044512821
0.018064103	0.044871795
0.018294872	0.04525641
0.01875641	0.0455
0.019012821	0.045730769
0.0195	0.046282051
0.019794872	0.046576923
0.020371795	0.046974359
0.020871795	0.047448718
0.021384615	0.047641026
0.021846154	0.048076923
0.021935897	0.048820513
0.022	0.049076923
0.022423077	0.049512821
0.022910256	0.049910256
0.023384615	0.050230769
0.024025641	0.050871795
0.024358974	0.05124359
0.024102564	0.051538462
0.023538462	0.051948718
0.023012821	0.052371795
0.022448718	0.052884615
0.022076923	0.053217949
0.021935897	0.0535
0.021987179	0.053871795
0.022102564	0.05425641
0.021961538	0.054551282
0.021935897	0.055153846
0.022064103	0.055512821
0.022384615	0.05574359
0.022935897	0.05575641
0.023705128	0.055602564
0.024358974	0.055320513
0.024602564	0.054961538
0.024846154	0.054602564
0.025435897	0.054474359
0.025730769	0.054397436
0.026102564	0.054666667
0.026333333	0.054794872
0.026641026	0.054935897
0.026948718	0.054961538
0.027410256	0.054935897
0.027730769	0.054820513
0.027974359	0.054807692
0.028307692	0.054923077
0.028666667	0.055115385
0.029192308	0.055333333
0.030025641	0.055461538
0.030653846	0.055397436
0.031307692	0.055012821
0.03174359	0.054833333
0.032179487	0.05475641
0.032512821	0.054833333
0.032961538	0.054961538
0.033397436	0.055038462
0.033641026	0.054948718
0.034	0.054871795
0.034	0.055384615
0.034615385	0.055974359
0.035064103	0.056282051
0.035358974	0.056628205
0.035769231	0.056846154
0.036115385	0.057166667
0.036461538	0.057628205
0.037	0.057923077
0.037435897	0.058474359
0.03774359	0.058730769
0.037897436	0.059089744
0.038294872	0.059474359
0.038884615	0.059897436
0.039282051	0.059948718
0.039679487	0.059923077
0.04	0.060269231
0.040487179	0.0605
0.040897436	0.060679487
0.041179487	0.061064103
0.041628205	0.061282051
0.042012821	0.061769231
0.042384615	0.062089744
0.042923077	0.062615385
0.043307692	0.062935897
0.043807692	0.063
0.044346154	0.063089744
0.044666667	0.063141026
0.045051282	0.063576923
0.045282051	0.064128205
0.045589744	0.064525641
0.045961538	0.064858974
0.046384615	0.065051282
0.04674359	0.065230769
0.047	0.065666667
0.047423077	0.066012821
0.047730769	0.066269231
0.048128205	0.066461538
0.048435897	0.066628205
0.04874359	0.066833333
0.049128205	0.067038462
0.049602564	0.067217949
0.050205128	0.067358974
0.050371795	0.067679487
0.050884615	0.068025641
0.051512821	0.068320513
0.051666667	0.068423077
0.051910256	0.068435897
0.052153846	0.068397436
0.052782051	0.068871795
0.053076923	0.069076923
0.05374359	0.069423077
0.054166667	0.06974359
0.054423077	0.069910256
0.054653846	0.070038462
0.055141026	0.070435897
0.055589744	0.070833333
0.056038462	0.071076923
0.056641026	0.071461538
0.057038462	0.071615385
0.057371795	0.072089744
0.058128205	0.072653846
0.058615385	0.072935897
0.059153846	0.073076923
0.060282051	0.073205128
0.060833333	0.073461538
0.061230769	0.07375641
0.061897436	0.074217949
0.062384615	0.074564103
0.062884615	0.074782051
0.063358974	0.075102564
0.063923077	0.075512821
0.064371795	0.075974359
0.064794872	0.076423077
0.065230769	0.076794872
0.065474359	0.076910256
0.065884615	0.076833333
0.066320513	0.076615385
0.066384615	0.076230769
0.066435897	0.075807692
0.066576923	0.07525641
0.066794872	0.075
0.067166667	0.07475641
0.067448718	0.074346154
0.068076923	0.073846154
0.068974359	0.073089744
0.069448718	0.072833333
0.070128205	0.073448718
0.070371795	0.074
0.070474359	0.074525641
0.070641026	0.075128205
0.070782051	0.075628205
0.071102564	0.076064103
0.071153846	0.076858974
0.071448718	0.077320513
0.071807692	0.077679487
0.072371795	0.077833333
0.072897436	0.077871795
0.073179487	0.078153846
0.073692308	0.078589744
0.073987179	0.078833333
0.07425641	0.079128205
0.074666667	0.079717949
0.075153846	0.080089744
0.075410256	0.080346154
0.075846154	0.080371795
0.076153846	0.080269231
0.076628205	0.080589744
0.07725641	0.080910256
0.078141026	0.080884615
0.079051282	0.08074359
0.0795	0.080474359
0.079525641	0.080179487
0.0795	0.079358974
0.079410256	0.078846154
0.079346154	0.078128205
0.079487179	0.077346154
0.079923077	0.076807692
0.081384615	0.077705128
0.0815	0.078089744
0.08174359	0.078782051
0.081910256	0.079192308
0.082358974	0.079794872
0.082961538	0.080371795
0.083333333	0.080794872
0.083782051	0.080871795
0.084397436	0.081064103
0.08524359	0.081128205
0.086089744	0.080897436
0.087064103	0.080576923
0.088115385	0.080179487
0.088474359	0.079769231
0.089923077	0.080012821
0.090064103	0.080461538
0.090282051	0.080782051
0.090717949	0.080987179
0.09125641	0.081217949
0.091871795	0.081397436
0.092179487	0.081423077
0.092666667	0.081192308
0.092974359	0.081051282
0.107141026	0.084179487
0.107192308	0.084730769
0.107192308	0.085153846
0.107294872	0.085551282
0.107525641	0.085794872
0.107846154	0.085987179
0.108320513	0.086141026
0.108935897	0.086089744
0.109423077	0.085961538
0.109858974	0.085974359
0.110153846	0.086192308
0.110358974	0.086487179
0.110769231	0.087025641
0.111115385	0.087602564
0.111371795	0.088051282
0.111717949	0.088410256
0.112025641	0.088666667
0.112320513	0.088807692
0.112782051	0.088615385
0.113217949	0.088320513
0.113666667	0.088230769
0.113871795	0.088269231
0.114038462	0.088294872
0.114320513	0.088051282
0.114192308	0.08775641
0.113935897	0.087423077
0.113576923	0.086987179
0.113358974	0.086833333
0.1135	0.086307692
0.113717949	0.085948718
0.115564103	0.086423077
0.116102564	0.086615385
0.116487179	0.086807692
0.116730769	0.086948718
0.117076923	0.087012821
0.117397436	0.087051282
0.117858974	0.08724359
0.118192308	0.087371795
0.118576923	0.087512821
0.118653846	0.087846154
0.118705128	0.088320513
0.118794872	0.088551282
0.119179487	0.088974359
0.119705128	0.08924359
0.120230769	0.089423077
0.120589744	0.089333333
0.120987179	0.089
0.121038462	0.088705128
0.121153846	0.088282051
0.121384615	0.08824359
0.121769231	0.088294872
0.121923077	0.088641026
0.122230769	0.089205128
0.122628205	0.089397436
0.123269231	0.089410256
0.123615385	0.089448718
0.124	0.089551282
0.12425641	0.090179487
0.124410256	0.090666667
0.124820513	0.090820513
0.125397436	0.090948718
0.125923077	0.090987179
0.1265	0.090833333
0.126897436	0.090487179
0.127307692	0.090089744
0.127833333	0.089794872
