   0.1391974358974359     -5.1110256410256412E-02
   0.1389794871794872     -5.1264102564102562E-02
   0.1388641025641026     -5.1533333333333334E-02
   0.1387615384615384     -5.1764102564102570E-02
   0.1386205128205128     -5.2046153846153846E-02
   0.1385307692307692     -5.2187179487179498E-02
   0.1383384615384615     -5.2289743589743587E-02
   0.1380564102564103     -5.2315384615384604E-02
   0.1377871794871795     -5.2430769230769232E-02
   0.1374794871794872     -5.2558974358974352E-02
   0.1371846153846154     -5.2571794871794877E-02
   0.1369794871794872     -5.2558974358974352E-02
   0.1367871794871795     -5.2533333333333335E-02
   0.1365692307692308     -5.2302564102564106E-02
   0.1363897435897436     -5.2123076923076932E-02
   0.1363384615384616     -5.1879487179487170E-02
   0.1361846153846154     -5.1546153846153846E-02
   0.1360564102564103     -5.1315384615384617E-02
   0.1358897435897436     -5.1212820512820514E-02
   0.1356589743589744     -5.1174358974358972E-02
   0.1353769230769231     -5.1148717948717941E-02
   0.1350820512820513     -5.1161538461538460E-02
   0.1347871794871795     -5.1110256410256412E-02
   0.1344923076923077     -5.1110256410256412E-02
   0.1342230769230769     -5.1148717948717941E-02
   0.1339923076923077     -5.1225641025641026E-02
   0.1335820512820513     -5.1276923076923074E-02
   0.1332230769230769     -5.1212820512820514E-02
   0.1327743589743590     -5.1123076923076931E-02
   0.1323256410256410     -5.1071794871794883E-02
   0.1318641025641026     -5.0943589743589743E-02
   0.1315179487179487     -5.0892307692307695E-02
   0.1312102564102564     -5.0879487179487183E-02
   0.1309025641025641     -5.0828205128205121E-02
   0.1305051282051282     -5.0674358974358978E-02
   0.1299282051282051     -5.0584615384615388E-02
   0.1295820512820513     -5.0469230769230773E-02
   0.1288769230769231     -5.0251282051282056E-02
   0.1285051282051282     -5.0135897435897442E-02
   0.1156589743589744     -4.9058974358974369E-02
   0.1151205128205128     -4.8905128205128205E-02
   0.1144153846153846     -4.8828205128205120E-02
   0.1135692307692308     -4.8892307692307693E-02
   0.1129923076923077     -4.8776923076923079E-02
   0.1123641025641026     -4.8725641025641024E-02
   0.1120948717948718     -4.8764102564102567E-02
   0.1116846153846154     -4.8751282051282048E-02
   0.1109923076923077     -4.8828205128205120E-02
   0.1104923076923077     -4.8751282051282048E-02
   0.1098384615384615     -4.8469230769230771E-02
   0.1091076923076923     -4.8200000000000000E-02
   0.1084282051282051     -4.7982051282051269E-02
   0.1078641025641026     -4.7917948717948723E-02
   0.1075307692307692     -4.7930769230769235E-02
   0.1070051282051282     -4.7969230769230764E-02
   0.1066461538461538     -4.8135897435897440E-02
   0.1063769230769231     -4.8238461538461543E-02
   0.1062102564102564     -4.8353846153846157E-02
   0.1059538461538462     -4.8520512820512819E-02
   0.1050179487179487     -4.8738461538461536E-02
   0.1045820512820513     -4.8738461538461536E-02
   0.1041076923076923     -4.8700000000000007E-02
   0.1036333333333333     -4.8674358974358976E-02
   0.1031846153846154     -4.8623076923076922E-02
   0.1025435897435897     -4.8520512820512819E-02
   0.1020307692307692     -4.8392307692307700E-02
   0.1015692307692308     -4.8533333333333331E-02
   0.1017230769230769     -4.8610256410256403E-02
   0.1014410256410256     -4.8430769230769229E-02
   0.1013000000000000     -4.8123076923076928E-02
   0.1012743589743590     -4.7969230769230764E-02
   0.1004538461538462     -4.7994871794871795E-02
   9.9723076923076900E-02 -4.7866666666666662E-02
   9.8966666666666703E-02 -4.7661538461538464E-02
   9.8402564102564108E-02 -4.7571794871794873E-02
   9.7787179487179507E-02 -4.7507692307692299E-02
   9.7351282051282004E-02 -4.7571794871794873E-02
   9.6928205128205103E-02 -4.7584615384615385E-02
   9.6479487179487219E-02 -4.7558974358974361E-02
   9.6094871794871792E-02 -4.7597435897435890E-02
   9.5915384615384638E-02 -4.7853846153846163E-02
   9.5748717948717935E-02 -4.8341025641025645E-02
   9.5556410256410262E-02 -4.8776923076923079E-02
   9.5415384615384624E-02 -4.9084615384615386E-02
   9.5184615384615395E-02 -4.9276923076923072E-02
   9.4876923076923067E-02 -4.9417948717948718E-02
   9.4864102564102548E-02 -4.9571794871794861E-02
   9.4735897435897443E-02 -4.9892307692307680E-02
   9.4543589743589757E-02 -5.0148717948717954E-02
   9.4620512820512814E-02 -5.0264102564102568E-02
   9.4748717948717961E-02 -5.0482051282051292E-02
   9.4915384615384624E-02 -5.0699999999999995E-02
   9.4838461538461566E-02 -5.0828205128205121E-02
   9.4492307692307695E-02 -5.0892307692307695E-02
   9.4030769230769251E-02 -5.0725641025641026E-02
   9.3517948717948760E-02 -5.0212820512820514E-02
   9.3223076923076909E-02 -4.9764102564102568E-02
   9.2876923076923121E-02 -4.8110256410256409E-02
   9.2582051282051270E-02 -4.7982051282051269E-02
   9.2056410256410259E-02 -4.7879487179487167E-02
   9.1658974358974354E-02 -4.7738461538461549E-02
   9.1248717948717958E-02 -4.7558974358974361E-02
   9.0774358974358982E-02 -4.7353846153846156E-02
   9.0287179487179500E-02 -4.7264102564102566E-02
   8.9953846153846190E-02 -4.7302564102564101E-02
   8.9543589743589738E-02 -4.7328205128205125E-02
   8.9107692307692346E-02 -4.7405128205128204E-02
   8.8787179487179499E-02 -4.7366666666666668E-02
   8.8517948717948741E-02 -4.7289743589743582E-02
   8.8261538461538461E-02 -4.7187179487179480E-02
   8.8069230769230761E-02 -4.7482051282051289E-02
   8.8030769230769274E-02 -4.7956410256410266E-02
   8.7864102564102556E-02 -4.8520512820512819E-02
   8.7748717948717955E-02 -4.8892307692307693E-02
   8.7543589743589750E-02 -4.9238461538461543E-02
   8.7299999999999989E-02 -4.9456410256410246E-02
   8.7082051282051293E-02 -4.9725641025641025E-02
   8.6838461538461559E-02 -4.9751282051282049E-02
   8.6607692307692316E-02 -4.9700000000000008E-02
   8.6312820512820521E-02 -4.9584615384615380E-02
   8.6030769230769216E-02 -4.9366666666666670E-02
   8.5889743589743606E-02 -4.8841025641025639E-02
   8.5787179487179469E-02 -4.8430769230769229E-02
   8.5428205128205134E-02 -4.7969230769230764E-02
   8.5300000000000001E-02 -4.7661538461538464E-02
   8.4979487179487168E-02 -4.7174358974358982E-02
   8.4864102564102609E-02 -4.6853846153846149E-02
   8.4710256410256396E-02 -4.6507692307692299E-02
   8.4428205128205133E-02 -4.6110256410256407E-02
   8.4223076923076928E-02 -4.5866666666666660E-02
   8.4107692307692300E-02 -4.5648717948717943E-02
   8.4082051282051304E-02 -4.5366666666666666E-02
   8.3864102564102594E-02 -4.5405128205128209E-02
   8.3697435897435890E-02 -4.5853846153846148E-02
   8.3517948717948723E-02 -4.6353846153846155E-02
   8.3364102564102580E-02 -4.6700000000000005E-02
   8.3300000000000013E-02 -4.7148717948717951E-02
   8.3364102564102580E-02 -4.7264102564102566E-02
   8.3338461538461542E-02 -4.7635897435897433E-02
   8.3248717948717951E-02 -4.7853846153846163E-02
   8.3312820512820518E-02 -4.7994871794871795E-02
   8.3338461538461542E-02 -4.8341025641025645E-02
   8.3056410256410251E-02 -4.8251282051282054E-02
   8.2761538461538484E-02 -4.8123076923076928E-02
   8.2248717948717950E-02 -4.7879487179487167E-02
   8.1761538461538483E-02 -4.7417948717948730E-02
   8.1351282051282045E-02 -4.7123076923076927E-02
   8.1069230769230810E-02 -4.7020512820512825E-02
   8.0992307692307697E-02 -4.6597435897435889E-02
   8.0787179487179492E-02 -4.6302564102564100E-02
   8.0812820512820516E-02 -4.6058974358974367E-02
   8.0825641025641035E-02 -4.5610256410256414E-02
   8.0658974358974359E-02 -4.5379487179487185E-02
   8.0607692307692311E-02 -4.4994871794871806E-02
   8.0466666666666659E-02 -4.5187179487179478E-02
   8.0364102564102577E-02 -4.5507692307692311E-02
   8.0030769230769266E-02 -4.5866666666666660E-02
   7.9774358974358986E-02 -4.6097435897435896E-02
   7.9633333333333362E-02 -4.6507692307692299E-02
   7.9556410256410262E-02 -4.6751282051282046E-02
   7.9441025641025662E-02 -4.6905128205128203E-02
   7.9300000000000009E-02 -4.7007692307692306E-02
   7.9107692307692309E-02 -4.7110256410256422E-02
   7.8876923076923081E-02 -4.7199999999999999E-02
   7.8607692307692309E-02 -4.7174358974358982E-02
   7.8351282051282084E-02 -4.7033333333333323E-02
   7.8133333333333332E-02 -4.6943589743589746E-02
   7.7774358974358970E-02 -4.6853846153846149E-02
   7.7582051282051270E-02 -4.6507692307692299E-02
   7.7274358974358984E-02 -4.6123076923076926E-02
   7.7005128205128212E-02 -4.5789743589743588E-02
   7.6838461538461550E-02 -4.5417948717948714E-02
   7.6671794871794874E-02 -4.5225641025641021E-02
   7.6376923076923078E-02 -4.5058974358974366E-02
   7.6146153846153850E-02 -4.4841025641025649E-02
   7.5889743589743597E-02 -4.4635897435897444E-02
   7.5646153846153849E-02 -4.4430769230769239E-02
   7.5415384615384620E-02 -4.4276923076923068E-02
   7.5376923076923091E-02 -4.4482051282051287E-02
   7.5389743589743596E-02 -4.4635897435897444E-02
   7.5479487179487187E-02 -4.4789743589743601E-02
   7.5556410256410272E-02 -4.4969230769230761E-02
   7.5428205128205125E-02 -4.5084615384615383E-02
   7.5223076923076920E-02 -4.5110256410256407E-02
   7.5030769230769234E-02 -4.5148717948717949E-02
   7.4851282051282053E-02 -4.5212820512820509E-02
   7.4569230769230777E-02 -4.4930769230769232E-02
   7.4300000000000005E-02 -4.4738461538461546E-02
   7.4223076923076933E-02 -4.4276923076923068E-02
   7.4338461538461548E-02 -4.3982051282051279E-02
   7.4325641025641043E-02 -4.3700000000000003E-02
   7.4543589743589753E-02 -4.3276923076923081E-02
   7.4120512820512824E-02 -4.3546153846153839E-02
   7.3851282051282066E-02 -4.3828205128205129E-02
   7.3684615384615404E-02 -4.4110256410256406E-02
   7.3556410256410257E-02 -4.4315384615384625E-02
   7.3569230769230776E-02 -4.4456410256410256E-02
   7.3479487179487185E-02 -4.4687179487179485E-02
   7.3364102564102571E-02 -4.4776923076923089E-02
   7.3120512820512823E-02 -4.4661538461538461E-02
   7.2761538461538461E-02 -4.4494871794871785E-02
   7.2479487179487184E-02 -4.4199999999999996E-02
   7.2197435897435908E-02 -4.4071794871794863E-02
   7.2351282051282051E-02 -4.4315384615384625E-02
   7.2466666666666665E-02 -4.4623076923076925E-02
   7.2646153846153860E-02 -4.4969230769230761E-02
   7.2748717948717956E-02 -4.5212820512820509E-02
   7.2851282051282065E-02 -4.5507692307692311E-02
   7.3184615384615390E-02 -4.5892307692307691E-02
   7.3120512820512823E-02 -4.6302564102564100E-02
   7.3082051282051280E-02 -4.6648717948717944E-02
   7.2966666666666666E-02 -4.7007692307692306E-02
   7.2902564102564099E-02 -4.7353846153846156E-02
   7.2889743589743594E-02 -4.7635897435897433E-02
   7.2761538461538461E-02 -4.8123076923076928E-02
   7.2620512820512836E-02 -4.8161538461538471E-02
   7.2338461538461546E-02 -4.8110256410256409E-02
   7.1979487179487184E-02 -4.7943589743589747E-02
   7.1774358974358979E-02 -4.7571794871794873E-02
   7.1338461538461545E-02 -4.7353846153846156E-02
   7.0915384615384630E-02 -4.6982051282051282E-02
   7.0620512820512821E-02 -4.6802564102564108E-02
   7.0453846153846159E-02 -4.6725641025641022E-02
   7.0287179487179496E-02 -4.6443589743589746E-02
   7.0210256410256411E-02 -4.6174358974358981E-02
   6.9876923076923086E-02 -4.6020512820512824E-02
   6.9505128205128205E-02 -4.5725641025641028E-02
   6.9287179487179495E-02 -4.5482051282051288E-02
   6.9094871794871796E-02 -4.5200000000000011E-02
   6.8966666666666676E-02 -4.4905128205128202E-02
   6.8761538461538471E-02 -4.4597435897435901E-02
   6.8812820512820519E-02 -4.4084615384615382E-02
   6.8479487179487181E-02 -4.3546153846153839E-02
   6.8505128205128205E-02 -4.3212820512820521E-02
   6.8543589743589747E-02 -4.2982051282051285E-02
   6.8351282051282061E-02 -4.2994871794871804E-02
   6.8223076923076928E-02 -4.3225641025641019E-02
   6.8210256410256423E-02 -4.3558974358974357E-02
   6.8351282051282061E-02 -4.3917948717948720E-02
   6.8248717948717952E-02 -4.4135897435897437E-02
   6.8133333333333337E-02 -4.4417948717948727E-02
   6.7953846153846156E-02 -4.4674358974358973E-02
   6.7748717948717965E-02 -4.4828205128205130E-02
   6.7517948717948723E-02 -4.5084615384615383E-02
   6.7389743589743589E-02 -4.5315384615384625E-02
   6.7428205128205132E-02 -4.5546153846153840E-02
   6.7364102564102579E-02 -4.5828205128205131E-02
   6.7312820512820518E-02 -4.5956410256410264E-02
   6.7197435897435903E-02 -4.6238461538461541E-02
   6.6941025641025650E-02 -4.6123076923076926E-02
   6.6710256410256422E-02 -4.6123076923076926E-02
   6.6338461538461541E-02 -4.6020512820512824E-02
   6.6056410256410264E-02 -4.5879487179487179E-02
   6.5787179487179492E-02 -4.5674358974358974E-02
   6.5646153846153854E-02 -4.5302564102564107E-02
   6.5569230769230769E-02 -4.5033333333333335E-02
   6.5466666666666673E-02 -4.4712820512820502E-02
   6.5325641025641035E-02 -4.4430769230769239E-02
   6.5197435897435901E-02 -4.4123076923076925E-02
   6.4992307692307696E-02 -4.3802564102564105E-02
   6.4774358974358986E-02 -4.3571794871794869E-02
   6.4594871794871805E-02 -4.3212820512820521E-02
   6.4530769230769239E-02 -4.2879487179487190E-02
   6.4389743589743600E-02 -4.2584615384615380E-02
   6.4338461538461553E-02 -4.2225641025641025E-02
   6.4107692307692310E-02 -4.1853846153846151E-02
   6.4056410256410262E-02 -4.2058974358974356E-02
   6.3928205128205143E-02 -4.2328205128205128E-02
   6.3697435897435900E-02 -4.2482051282051285E-02
   6.3453846153846166E-02 -4.2751282051282050E-02
   6.3300000000000009E-02 -4.3084615384615388E-02
   6.3338461538461552E-02 -4.3405128205128207E-02
   6.3223076923076924E-02 -4.3674358974358972E-02
   6.3030769230769237E-02 -4.4135897435897437E-02
   6.2941025641025647E-02 -4.4341025641025641E-02
   6.2953846153846152E-02 -4.4597435897435901E-02
   6.2889743589743599E-02 -4.4789743589743601E-02
   6.2671794871794875E-02 -4.5020512820512809E-02
   6.2158974358974349E-02 -4.4866666666666659E-02
   6.1735897435897434E-02 -4.4623076923076925E-02
   6.1402564102564110E-02 -4.4469230769230768E-02
   6.0902564102564095E-02 -4.4084615384615382E-02
   6.0210256410256409E-02 -4.3802564102564105E-02
   5.9453846153846156E-02 -4.3289743589743593E-02
   5.8889743589743589E-02 -4.2982051282051285E-02
   5.8594871794871793E-02 -4.2892307692307688E-02
   5.7851282051282052E-02 -4.2776923076923087E-02
   5.7607692307692297E-02 -4.2558974358974370E-02
   5.7299999999999990E-02 -4.2366666666666664E-02
   5.6889743589743587E-02 -4.2058974358974356E-02
   5.6146153846153846E-02 -4.1674358974358977E-02
   5.5761538461538453E-02 -4.1353846153846151E-02
   5.5389743589743586E-02 -4.1174358974358977E-02
   5.5274358974358971E-02 -4.1135897435897434E-02
   5.4799999999999995E-02 -4.1020512820512819E-02
   5.4415384615384629E-02 -4.0841025641025638E-02
   5.4094871794871796E-02 -4.0610256410256410E-02
   5.3812820512820506E-02 -4.0456410256410259E-02
   5.3364102564102560E-02 -4.0366666666666669E-02
   5.3069230769230764E-02 -4.0494871794871795E-02
   5.2441025641025645E-02 -4.0456410256410259E-02
   5.2120512820512825E-02 -4.0546153846153850E-02
   5.1979487179487180E-02 -4.0661538461538464E-02
   5.1607692307692306E-02 -4.0930769230769229E-02
   5.1274358974358968E-02 -4.1161538461538465E-02
   5.0864102564102565E-02 -4.1456410256410253E-02
   5.0517948717948728E-02 -4.1610256410256410E-02
   5.0248717948717950E-02 -4.1584615384615387E-02
   4.9902564102564106E-02 -4.1482051282051284E-02
   4.9312820512820509E-02 -4.1302564102564103E-02
   4.9005128205128208E-02 -4.0956410256410260E-02
   4.8646153846153846E-02 -4.0789743589743591E-02
   4.8530769230769225E-02 -4.0661538461538464E-02
   4.8017948717948719E-02 -4.0725641025641024E-02
   4.7710256410256398E-02 -4.0571794871794874E-02
   4.7325641025641026E-02 -4.0341025641025645E-02
   4.6992307692307687E-02 -4.0110256410256409E-02
   4.6748717948717940E-02 -3.9789743589743590E-02
   4.6710256410256411E-02 -3.9341025641025644E-02
   4.6505128205128206E-02 -3.9097435897435896E-02
   4.6479487179487182E-02 -3.8841025641025644E-02
   4.6274358974358977E-02 -3.9084615384615384E-02
   4.5992307692307687E-02 -3.9251282051282053E-02
   4.5466666666666676E-02 -3.9520512820512818E-02
   4.5171794871794860E-02 -3.9597435897435897E-02
   4.4505128205128204E-02 -3.9353846153846156E-02
   4.4043589743589746E-02 -3.9174358974358975E-02
   4.3671794871794865E-02 -3.8969230769230770E-02
   4.3312820512820503E-02 -3.8648717948717951E-02
   4.3158974358974360E-02 -3.8251282051282053E-02
   4.2799999999999998E-02 -3.7866666666666667E-02
   4.2376923076923076E-02 -3.7623076923076926E-02
   4.1928205128205123E-02 -3.7289743589743594E-02
   4.1658974358974366E-02 -3.7174358974358973E-02
   4.1415384615384618E-02 -3.7020512820512823E-02
   4.1197435897435887E-02 -3.7033333333333335E-02
   4.0928205128205122E-02 -3.7071794871794871E-02
   4.0569230769230774E-02 -3.7148717948717949E-02
   4.0043589743589743E-02 -3.7007692307692304E-02
   3.9543589743589742E-02 -3.6699999999999997E-02
   3.9274358974358971E-02 -3.6289743589743587E-02
   3.8979487179487182E-02 -3.6084615384615382E-02
   3.8582051282051284E-02 -3.5866666666666665E-02
   3.8171794871794881E-02 -3.5635897435897436E-02
   3.8056410256410267E-02 -3.5610256410256412E-02
   3.7825641025641017E-02 -3.5738461538461538E-02
   3.7376923076923085E-02 -3.5828205128205129E-02
   3.6966666666666662E-02 -3.5648717948717948E-02
   3.6671794871794873E-02 -3.5443589743589743E-02
   3.6325641025641023E-02 -3.5161538461538459E-02
   3.5992307692307692E-02 -3.4943589743589749E-02
   3.5812820512820510E-02 -3.4738461538461544E-02
   3.5594871794871794E-02 -3.4764102564102568E-02
   3.5479487179487179E-02 -3.4815384615384616E-02
   3.5120512820512817E-02 -3.4764102564102568E-02
   3.4466666666666666E-02 -3.4558974358974356E-02
   3.4120512820512823E-02 -3.4289743589743592E-02
   3.3928205128205130E-02 -3.4302564102564104E-02
   3.3505128205128208E-02 -3.4366666666666663E-02
   3.3094871794871798E-02 -3.4289743589743592E-02
   3.2684615384615388E-02 -3.3994871794871796E-02
   3.2543589743589743E-02 -3.3866666666666663E-02
   3.2248717948717955E-02 -3.3712820512820513E-02
   3.1876923076923074E-02 -3.3610256410256410E-02
   3.1556410256410254E-02 -3.3648717948717946E-02
   3.0902564102564103E-02 -3.3456410256410260E-02
   3.0607692307692308E-02 -3.3212820512820512E-02
   3.0556410256410260E-02 -3.2674358974358969E-02
   3.0351282051282055E-02 -3.2815384615384614E-02
   3.0017948717948717E-02 -3.3187179487179481E-02
   2.9607692307692307E-02 -3.3405128205128205E-02
   2.9376923076923078E-02 -3.3379487179487174E-02
   2.8966666666666661E-02 -3.3315384615384615E-02
   2.8671794871794866E-02 -3.3225641025641024E-02
   2.8248717948717944E-02 -3.3084615384615379E-02
   2.7889743589743589E-02 -3.2994871794871795E-02
   2.7466666666666667E-02 -3.2905128205128205E-02
   2.7107692307692308E-02 -3.2802564102564102E-02
   2.6774358974358974E-02 -3.2674358974358969E-02
   2.6299999999999997E-02 -3.2251282051282047E-02
   2.5941025641025638E-02 -3.1853846153846156E-02
   2.5492307692307693E-02 -3.1584615384615378E-02
   2.4979487179487180E-02 -3.1276923076923070E-02
   2.4582051282051286E-02 -3.0982051282051289E-02
   2.4402564102564105E-02 -3.0738461538461530E-02
   2.4043589743589742E-02 -3.0533333333333332E-02
   2.3620512820512817E-02 -3.0341025641025639E-02
   2.2761538461538462E-02 -2.9943589743589748E-02
   2.2069230769230768E-02 -2.9648717948717949E-02
   2.1671794871794874E-02 -2.9379487179487181E-02
   2.1376923076923071E-02 -2.9046153846153850E-02
   2.1171794871794870E-02 -2.8789743589743583E-02
   2.1069230769230767E-02 -2.8533333333333331E-02
   2.0889743589743586E-02 -2.8225641025641023E-02
   2.0658974358974357E-02 -2.8097435897435893E-02
   2.0543589743589743E-02 -2.8084615384615392E-02
   2.0082051282051282E-02 -2.8058974358974358E-02
   1.9799999999999998E-02 -2.7994871794871787E-02
   1.9389743589743592E-02 -2.7828205128205125E-02
   1.9030769230769233E-02 -2.7597435897435896E-02
   1.8723076923076922E-02 -2.7366666666666668E-02
   1.8505128205128205E-02 -2.7366666666666668E-02
   1.8133333333333331E-02 -2.7366666666666668E-02
   1.7633333333333334E-02 -2.7187179487179487E-02
   1.7428205128205129E-02 -2.6853846153846155E-02
   1.7069230769230771E-02 -2.6674358974358978E-02
   1.6569230769230767E-02 -2.6353846153846151E-02
   1.6376923076923077E-02 -2.5969230769230776E-02
   1.6223076923076923E-02 -2.5648717948717949E-02
   1.6082051282051282E-02 -2.5430769230769232E-02
   1.5787179487179486E-02 -2.5110256410256410E-02
   1.5441025641025641E-02 -2.4610256410256413E-02
   1.5158974358974361E-02 -2.4302564102564102E-02
   1.5107692307692310E-02 -2.3905128205128207E-02
   1.5082051282051282E-02 -2.3520512820512821E-02
   1.5120512820512822E-02 -2.3187179487179490E-02
   1.5158974358974361E-02 -2.3007692307692309E-02
   1.4774358974358975E-02 -2.3071794871794872E-02
   1.4684615384615385E-02 -2.3199999999999998E-02
   1.4505128205128207E-02 -2.3405128205128200E-02
   1.4171794871794876E-02 -2.3507692307692302E-02
   1.3851282051282053E-02 -2.3456410256410251E-02
   1.3556410256410257E-02 -2.3341025641025644E-02
   1.3351282051282056E-02 -2.3405128205128200E-02
   1.3171794871794871E-02 -2.3571794871794872E-02
   1.2774358974358973E-02 -2.3712820512820518E-02
   1.2543589743589741E-02 -2.3661538461538463E-02
   1.2325641025641029E-02 -2.3674358974358975E-02
   1.2261538461538464E-02 -2.3725641025641026E-02
   1.1953846153846159E-02 -2.3905128205128207E-02
   1.1158974358974361E-02 -2.3789743589743593E-02
   1.0876923076923081E-02 -2.3610256410256412E-02
   1.0646153846153847E-02 -2.3392307692307691E-02
   1.0517948717948719E-02 -2.3110256410256411E-02
   1.0415384615384616E-02 -2.2776923076923077E-02
   1.0376923076923077E-02 -2.2443589743589749E-02
   1.0453846153846152E-02 -2.2007692307692308E-02
   1.0376923076923077E-02 -2.1597435897435895E-02
   1.0300000000000002E-02 -2.1341025641025642E-02
   9.8641025641025646E-03 -2.0956410256410259E-02
   9.6205128205128203E-03 -2.0558974358974358E-02
   9.3256410256410266E-03 -2.0135897435897436E-02
   9.1333333333333318E-03 -2.0007692307692310E-02
   8.8897435897435911E-03 -1.9751282051282053E-02
   8.7230769230769237E-03 -1.9841025641025641E-02
   8.5051282051282068E-03 -2.0084615384615385E-02
   8.1076923076923105E-03 -2.0084615384615385E-02
   7.7487179487179484E-03 -1.9725641025641026E-02
   7.3769230769230778E-03 -1.9315384615384616E-02
   7.0307692307692311E-03 -1.8905128205128206E-02
   6.9153846153846149E-03 -1.8584615384615387E-02
   6.7615384615384629E-03 -1.7956410256410257E-02
   6.8897435897435893E-03 -1.7533333333333335E-02
   6.6846153846153843E-03 -1.6802564102564102E-02
   6.5564102564102580E-03 -1.6494871794871791E-02
   6.3512820512820530E-03 -1.6764102564102566E-02
   6.1589743589743600E-03 -1.7007692307692310E-02
   6.0820512820512814E-03 -1.7405128205128205E-02
   5.7743589743589740E-03 -1.7623076923076929E-02
   5.4666666666666665E-03 -1.7712820512820512E-02
   5.4538461538461546E-03 -1.7751282051282055E-02
   5.3897435897435897E-03 -1.8123076923076922E-02
   5.2743589743589735E-03 -1.8430769230769233E-02
   4.9410256410256422E-03 -1.8482051282051284E-02
   4.6205128205128211E-03 -1.8482051282051284E-02
   4.1205128205128207E-03 -1.8379487179487178E-02
   3.7487179487179488E-03 -1.8238461538461533E-02
   3.2102564102564099E-03 -1.7994871794871792E-02
   2.8512820512820512E-03 -1.7584615384615386E-02
   2.6076923076923078E-03 -1.6994871794871795E-02
   2.5179487179487182E-03 -1.6328205128205132E-02
   2.4153846153846148E-03 -1.5905128205128207E-02
   1.9538461538461537E-03 -1.5815384615384617E-02
   1.6717948717948710E-03 -1.5584615384615384E-02
   1.3384615384615388E-03 -1.5443589743589739E-02
   9.4102564102564084E-04 -1.5264102564102563E-02
   4.0256410256410240E-04 -1.5084615384615382E-02
  -1.1025641025641042E-04 -1.4764102564102563E-02
  -4.8205128205128190E-04 -1.4315384615384614E-02
  -5.2051282051282033E-04 -1.3956410256410258E-02
  -8.7948717948717987E-04 -1.3623076923076924E-02
  -1.0846153846153848E-03 -1.2994871794871793E-02
  -1.0974358974358976E-03 -1.2392307692307694E-02
  -1.0461538461538464E-03 -1.1956410256410257E-02
  -7.8974358974358977E-04 -1.1571794871794870E-02
  -3.4102564102564056E-04 -1.1302564102564102E-02
  -1.4871794871794885E-04 -1.0661538461538462E-02
  -4.6153846153845941E-05 -1.0405128205128206E-02
   2.7435897435897430E-04 -1.0071794871794873E-02
   6.3333333333333340E-04 -9.9435897435897428E-03
   1.1461538461538467E-03 -9.7769230769230771E-03
   1.2743589743589739E-03 -9.6615384615384610E-03
   1.0692307692307698E-03 -9.4948717948717936E-03
   7.9999999999999993E-04 -9.2256410256410255E-03
   1.3333333333333296E-04 -8.6230769230769225E-03
   8.2051282051281722E-05 -8.5205128205128201E-03
  -5.3333333333333314E-04 -7.9564102564102564E-03
  -9.4358974358974392E-04 -7.4179487179487184E-03
  -1.2256410256410257E-03 -6.9307692307692308E-03
  -1.2769230769230772E-03 -6.3538461538461544E-03
  -1.2641025641025644E-03 -5.6487179487179490E-03
  -1.5333333333333336E-03 -5.4564102564102560E-03
  -1.6615384615384617E-03 -4.9692307692307692E-03
  -1.7128205128205129E-03 -4.6487179487179489E-03
  -1.7384615384615386E-03 -4.3794871794871799E-03
  -1.9435897435897437E-03 -3.8794871794871799E-03
  -2.2641025641025642E-03 -3.1487179487179489E-03
  -2.4820512820512824E-03 -2.5333333333333336E-03
  -2.9179487179487179E-03 -1.7512820512820514E-03
  -3.1615384615384617E-03 -1.1230769230769233E-03
  -3.1358974358974357E-03 -5.8461538461538481E-04
  -3.2512820512820514E-03 -2.0000000000000009E-04
  -3.2512820512820514E-03  8.2051282051281722E-05
  -3.0461538461538464E-03  5.0512820512820487E-04
  -3.0974358974358977E-03  1.1205128205128210E-03
  -3.0589743589743588E-03  1.7230769230769231E-03
  -3.2512820512820514E-03  2.2230769230769227E-03
  -3.3282051282051282E-03  2.6076923076923078E-03
  -3.1102564102564105E-03  3.2358974358974364E-03
  -2.9051282051282051E-03  3.6589743589743591E-03
  -2.9948717948717952E-03  4.0692307692307694E-03
  -3.0461538461538464E-03  4.4025641025641025E-03
  -2.9692307692307691E-03  4.7358974358974373E-03
  -3.1743589743589745E-03  5.3128205128205128E-03
  -3.1230769230769229E-03  5.6461538461538476E-03
  -3.0717948717948721E-03  6.0307692307692302E-03
  -2.9692307692307691E-03  6.4025641025641008E-03
  -2.7384615384615386E-03  7.1461538461538455E-03
  -2.7641025641025642E-03  7.4025641025640999E-03
  -2.9820512820512820E-03  7.9794871794871807E-03
  -2.9564102564102563E-03  8.3128205128205120E-03
  -2.7128205128205130E-03  8.6333333333333366E-03
  -2.7897435897435898E-03  8.8000000000000005E-03
  -3.0076923076923076E-03  9.2487179487179497E-03
  -3.0333333333333336E-03  9.5948717948717965E-03
  -3.0205128205128208E-03  9.9410256410256397E-03
  -2.9692307692307691E-03  1.0133333333333333E-02
  -2.8153846153846154E-03  1.0479487179487179E-02
  -2.7256410256410258E-03  1.0671794871794872E-02
  -2.9435897435897435E-03  1.0902564102564107E-02
  -3.1487179487179489E-03  1.1210256410256412E-02
  -3.2641025641025642E-03  1.1556410256410255E-02
  -3.3410256410256411E-03  1.2184615384615384E-02
  -3.3794871794871799E-03  1.2697435897435898E-02
  -3.3282051282051282E-03  1.3287179487179486E-02
  -3.0205128205128208E-03  1.3620512820512820E-02
  -2.7897435897435898E-03  1.3864102564102568E-02
  -2.6230769230769233E-03  1.4428205128205128E-02
  -2.5333333333333336E-03  1.5158974358974361E-02
  -2.2512820512820514E-03  1.5466666666666668E-02
  -1.8923076923076925E-03  1.5710256410256411E-02
  -1.8025641025641026E-03  1.6005128205128203E-02
  -2.1230769230769233E-03  1.6146153846153845E-02
  -2.5717948717948720E-03  1.6287179487179487E-02
  -2.9307692307692307E-03  1.6466666666666664E-02
  -3.1615384615384617E-03  1.6748717948717948E-02
  -3.3025641025641026E-03  1.7005128205128204E-02
  -3.4307692307692312E-03  1.7492307692307692E-02
  -3.3666666666666667E-03  1.8184615384615382E-02
  -3.3025641025641026E-03  1.8389743589743587E-02
  -3.1102564102564105E-03  1.8748717948717946E-02
  -3.1230769230769229E-03  1.8966666666666666E-02
  -3.3666666666666667E-03  1.9248717948717953E-02
  -3.4820512820512824E-03  1.9633333333333329E-02
  -3.3666666666666667E-03  2.0133333333333333E-02
  -3.0589743589743588E-03  2.0364102564102562E-02
  -2.7128205128205130E-03  2.0517948717948722E-02
  -2.4948717948717952E-03  2.0876923076923078E-02
  -2.2897435897435898E-03  2.0838461538461535E-02
  -1.9692307692307691E-03  2.0864102564102562E-02
  -1.4564102564102565E-03  2.0671794871794873E-02
  -1.2769230769230772E-03  2.0594871794871794E-02
  -1.0846153846153848E-03  2.0735897435897432E-02
  -8.5384615384615425E-04  2.0928205128205129E-02
  -5.3333333333333314E-04  2.1453846153846153E-02
  -3.4102564102564056E-04  2.1851282051282044E-02
   5.6410256410256102E-05  2.2235897435897437E-02
   9.4871794871794531E-05  2.2543589743589745E-02
   1.4615384615384577E-04  2.2851282051282056E-02
   2.2307692307692306E-04  2.3402564102564100E-02
   7.2307692307692307E-04  2.4338461538461528E-02
   8.3846153846153836E-04  2.4748717948717951E-02
   7.4871794871794869E-04  2.5197435897435897E-02
   7.9999999999999993E-04  2.5453846153846153E-02
   1.0051282051282049E-03  2.5658974358974358E-02
   1.3128205128205123E-03  2.5915384615384607E-02
   1.3641025641025644E-03  2.6197435897435895E-02
   1.4282051282051276E-03  2.6710256410256400E-02
   1.5564102564102566E-03  2.7197435897435899E-02
   1.7871794871794871E-03  2.7479487179487179E-02
   2.0435897435897433E-03  2.7735897435897435E-02
   2.4282051282051276E-03  2.7992307692307691E-02
   2.7487179487179487E-03  2.8171794871794865E-02
   3.0564102564102562E-03  2.8812820512820511E-02
   3.4923076923076926E-03  2.9082051282051283E-02
   3.7487179487179488E-03  2.9646153846153843E-02
   3.9025641025641025E-03  2.9992307692307693E-02
   4.0307692307692301E-03  3.0582051282051284E-02
   4.4025641025641025E-03  3.0697435897435892E-02
   4.3256410256410256E-03  3.1492307692307694E-02
   4.2871794871794863E-03  3.2235897435897436E-02
   4.5820512820512818E-03  3.2838461538461539E-02
   5.1461538461538454E-03  3.3466666666666665E-02
   5.7102564102564108E-03  3.3646153846153846E-02
   6.5435897435897460E-03  3.3748717948717949E-02
   7.1333333333333318E-03  3.3902564102564099E-02
   7.6589743589743579E-03  3.4094871794871792E-02
   7.8256410256410270E-03  3.4479487179487178E-02
   8.1589743589743635E-03  3.4979487179487179E-02
   8.2102564102564148E-03  3.5235897435897431E-02
   8.2487179487179488E-03  3.5723076923076927E-02
   8.6205128205128195E-03  3.6389743589743589E-02
   8.9538461538461508E-03  3.6569230769230771E-02
   9.4153846153846154E-03  3.6735897435897433E-02
   9.8384615384615372E-03  3.6761538461538464E-02
   1.0030769230769234E-02  3.6799999999999999E-02
   1.0223076923076920E-02  3.7210256410256409E-02
   1.0748717948717948E-02  3.7646153846153850E-02
   1.1146153846153842E-02  3.8171794871794881E-02
   1.1505128205128204E-02  3.8569230769230772E-02
   1.1684615384615385E-02  3.8864102564102561E-02
   1.1787179487179488E-02  3.9210256410256411E-02
   1.1812820512820512E-02  3.9569230769230759E-02
   1.2094871794871790E-02  4.0184615384615381E-02
   1.2594871794871792E-02  4.0774358974358979E-02
   1.3017948717948718E-02  4.1069230769230768E-02
   1.3261538461538462E-02  4.1415384615384618E-02
   1.3800000000000002E-02  4.1235897435897444E-02
   1.4223076923076927E-02  4.1017948717948713E-02
   1.4543589743589746E-02  4.0812820512820508E-02
   1.4530769230769231E-02  4.1402564102564106E-02
   1.4697435897435900E-02  4.1812820512820509E-02
   1.5261538461538464E-02  4.2146153846153854E-02
   1.5915384615384616E-02  4.2287179487179485E-02
   1.6312820512820510E-02  4.2338461538461547E-02
   1.6748717948717948E-02  4.2505128205128202E-02
   1.7235897435897436E-02  4.2761538461538469E-02
   1.7453846153846153E-02  4.2825641025641022E-02
   1.7633333333333334E-02  4.3094871794871800E-02
   1.8069230769230768E-02  4.3530769230769234E-02
   1.8671794871794871E-02  4.4043589743589746E-02
   1.9120512820512820E-02  4.4376923076923078E-02
   1.9492307692307691E-02  4.4620512820512812E-02
   1.9582051282051274E-02  4.4646153846153842E-02
   1.9543589743589742E-02  4.5338461538461550E-02
   1.9492307692307691E-02  4.5787179487179482E-02
   1.9453846153846155E-02  4.6492307692307694E-02
   1.9671794871794872E-02  4.7056410256410261E-02
   1.9953846153846148E-02  4.7620512820512828E-02
   2.0441025641025640E-02  4.8107692307692303E-02
   2.0710256410256409E-02  4.8300000000000010E-02
   2.1005128205128201E-02  4.8389743589743579E-02
   2.1261538461538464E-02  4.8453846153846153E-02
   2.1582051282051283E-02  4.8864102564102563E-02
   2.1915384615384614E-02  4.9248717948717949E-02
   2.2197435897435898E-02  4.9453846153846154E-02
   2.2620512820512820E-02  4.9505128205128208E-02
   2.3171794871794871E-02  4.9453846153846154E-02
   2.3825641025641022E-02  4.9364102564102570E-02
   2.4415384615384617E-02  4.9351282051282051E-02
   2.4979487179487180E-02  4.9351282051282051E-02
   2.5351282051282051E-02  4.9287179487179485E-02
   2.5671794871794870E-02  4.9261538461538468E-02
   2.5761538461538461E-02  4.9312820512820509E-02
   2.5902564102564099E-02  4.9569230769230768E-02
   2.5812820512820512E-02  5.0325641025641028E-02
   2.6158974358974369E-02  5.1017948717948708E-02
   2.6543589743589745E-02  5.1299999999999998E-02
   2.6966666666666670E-02  5.1697435897435903E-02
   2.7466666666666667E-02  5.2133333333333337E-02
   2.8120512820512825E-02  5.2556410256410245E-02
   2.8889743589743583E-02  5.2825641025641024E-02
   2.9671794871794867E-02  5.2851282051282047E-02
   3.0017948717948717E-02  5.2787179487179481E-02
   3.0325641025641024E-02  5.2864102564102566E-02
   3.0723076923076922E-02  5.3248717948717952E-02
   3.1428205128205128E-02  5.3479487179487188E-02
   3.1851282051282050E-02  5.3723076923076922E-02
   3.2133333333333333E-02  5.3825641025641024E-02
   3.2556410256410255E-02  5.3966666666666670E-02
   3.2902564102564105E-02  5.4146153846153830E-02
   3.3274358974358972E-02  5.4492307692307687E-02
   3.3441025641025642E-02  5.5133333333333326E-02
   3.3723076923076925E-02  5.5633333333333333E-02
   3.3966666666666666E-02  5.5979487179487183E-02
   3.4492307692307690E-02  5.6274358974358965E-02
   3.4889743589743588E-02  5.6441025641025648E-02
   3.5312820512820517E-02  5.6594871794871791E-02
   3.5543589743589746E-02  5.6748717948717949E-02
   3.6120512820512818E-02  5.7056410256410256E-02
   3.6671794871794873E-02  5.7197435897435901E-02
   3.7300000000000000E-02  5.7287179487179478E-02
   3.7748717948717952E-02  5.7607692307692297E-02
   3.8274358974358970E-02  5.7966666666666659E-02
   3.8889743589743592E-02  5.8287179487179493E-02
   3.9748717948717961E-02  5.8774358974358967E-02
   4.0094871794871784E-02  5.9158974358974346E-02
   4.0453846153846146E-02  5.9261538461538477E-02
   4.0889743589743580E-02  5.9556410256410251E-02
   4.1223076923076925E-02  5.9799999999999999E-02
   4.1543589743589744E-02  6.0120512820512818E-02
   4.2056410256410257E-02  6.0299999999999999E-02
   4.2441025641025650E-02  6.0389743589743590E-02
   4.3120512820512831E-02  6.0851282051282048E-02
   4.3441025641025650E-02  6.1184615384615386E-02
   4.4043589743589746E-02  6.1530769230769229E-02
   4.4902564102564102E-02  6.1748717948717939E-02
   4.5338461538461550E-02  6.2235897435897435E-02
   4.6069230769230772E-02  6.2748717948717947E-02
   4.6517948717948725E-02  6.3017948717948719E-02
   4.6928205128205128E-02  6.3248717948717961E-02
   4.7402564102564097E-02  6.3441025641025647E-02
   4.7953846153846146E-02  6.3376923076923081E-02
   4.8274358974358979E-02  6.3338461538461552E-02
   4.8543589743589743E-02  6.3479487179487190E-02
   4.8825641025641027E-02  6.3620512820512828E-02
   4.9338461538461525E-02  6.3941025641025648E-02
   4.9633333333333328E-02  6.4261538461538467E-02
   5.0005128205128209E-02  6.4594871794871805E-02
   5.0133333333333321E-02  6.4941025641025649E-02
   5.0364102564102557E-02  6.5684615384615397E-02
   5.0787179487179486E-02  6.5915384615384612E-02
   5.0941025641025636E-02  6.5992307692307697E-02
   5.1312820512820510E-02  6.6030769230769240E-02
   5.1671794871794872E-02  6.6235897435897445E-02
   5.2069230769230763E-02  6.6376923076923083E-02
   5.2441025641025645E-02  6.6325641025641036E-02
   5.2799999999999993E-02  6.6415384615384626E-02
   5.3505128205128205E-02  6.6787179487179493E-02
   5.4094871794871796E-02  6.7082051282051289E-02
   5.4697435897435892E-02  6.6966666666666674E-02
   5.5082051282051285E-02  6.6825641025641036E-02
   5.5158974358974371E-02  6.6787179487179493E-02
   5.5338461538461531E-02  6.7017948717948722E-02
   5.5505128205128207E-02  6.7415384615384613E-02
   5.5658974358974350E-02  6.7953846153846156E-02
   5.5684615384615381E-02  6.8492307692307700E-02
   5.5953846153846139E-02  6.8748717948717952E-02
   5.6338461538461546E-02  6.8941025641025652E-02
   5.6479487179487177E-02  6.9017948717948724E-02
   5.6953846153846154E-02  6.9043589743589762E-02
   5.7453846153846161E-02  6.9017948717948724E-02
   5.7889743589743595E-02  6.9043589743589762E-02
   5.8825641025641015E-02  6.9082051282051291E-02
   5.8953846153846141E-02  6.9312820512820519E-02
   5.9492307692307685E-02  6.9389743589743591E-02
   5.9787179487179480E-02  6.9428205128205134E-02
   6.0171794871794866E-02  6.9492307692307700E-02
   6.0428205128205119E-02  7.0017948717948725E-02
   6.0658974358974362E-02  7.0723076923076930E-02
   6.1158974358974362E-02  7.1120512820512835E-02
   6.1569230769230772E-02  7.1376923076923088E-02
   6.2158974358974349E-02  7.1569230769230774E-02
   6.2594871794871804E-02  7.1620512820512822E-02
   6.2902564102564118E-02  7.1684615384615388E-02
   6.3594871794871791E-02  7.1941025641025655E-02
   6.4043589743589743E-02  7.1966666666666679E-02
   6.4825641025641034E-02  7.1684615384615388E-02
   6.5235897435897444E-02  7.1479487179487183E-02
   6.5376923076923082E-02  7.1723076923076931E-02
   6.5607692307692311E-02  7.1979487179487184E-02
   6.5876923076923083E-02  7.2235897435897437E-02
   6.6492307692307698E-02  7.2171794871794884E-02
   6.7082051282051289E-02  7.2056410256410255E-02
   6.7466666666666675E-02  7.1902564102564112E-02
   6.7543589743589760E-02  7.1710256410256412E-02
   6.7799999999999999E-02  7.2030769230769232E-02
   6.8171794871794880E-02  7.2415384615384631E-02
   6.8569230769230771E-02  7.2646153846153860E-02
   6.8915384615384614E-02  7.2761538461538461E-02
   6.9492307692307700E-02  7.2774358974358980E-02
   6.9812820512820520E-02  7.2723076923076932E-02
   7.0107692307692315E-02  7.3133333333333342E-02
   7.0671794871794882E-02  7.3210256410256414E-02
   7.1287179487179497E-02  7.3210256410256414E-02
   7.2069230769230774E-02  7.3133333333333342E-02
   7.2812820512820522E-02  7.3030769230769246E-02
   7.3184615384615390E-02  7.2889743589743594E-02
   7.3530769230769233E-02  7.3120512820512823E-02
   7.3825641025641028E-02  7.3428205128205137E-02
   7.4082051282051295E-02  7.3697435897435909E-02
   7.4376923076923077E-02  7.3761538461538462E-02
   7.4838461538461548E-02  7.3992307692307691E-02
   7.5158974358974368E-02  7.4274358974358981E-02
   7.5415384615384620E-02  7.4441025641025643E-02
   7.5543589743589754E-02  7.4915384615384620E-02
   7.5671794871794873E-02  7.5517948717948730E-02
   7.5851282051282054E-02  7.6120512820512826E-02
   7.6325641025641031E-02  7.6671794871794874E-02
   7.6838461538461550E-02  7.6864102564102574E-02
   7.7517948717948718E-02  7.6953846153846164E-02
   7.8235897435897442E-02  7.6902564102564103E-02
   7.8838461538461552E-02  7.6902564102564103E-02
   7.9287179487179490E-02  7.7030769230769236E-02
   7.9825641025641020E-02  7.7582051282051270E-02
   8.0441025641025662E-02  7.7723076923076923E-02
   8.1069230769230810E-02  7.7671794871794889E-02
   8.1325641025641035E-02  7.7607692307692308E-02
   8.1530769230769226E-02  7.8069230769230780E-02
   8.1761538461538483E-02  7.8428205128205114E-02
   8.2056410256410264E-02  7.8787179487179490E-02
   8.2389743589743575E-02  7.9197435897435928E-02
   8.2620512820512804E-02  7.9761538461538467E-02
   8.2902564102564108E-02  8.0299999999999983E-02
   8.3338461538461542E-02  8.0710256410256434E-02
   8.3889743589743590E-02  8.0735897435897430E-02
   8.4453846153846157E-02  8.0582051282051287E-02
   8.4953846153846171E-02  8.0325641025641034E-02
   8.5017948717948724E-02  8.0005128205128215E-02
   8.4915384615384601E-02  7.9543589743589757E-02
   8.4928205128205134E-02  7.8889743589743599E-02
   8.5120512820512848E-02  7.7966666666666670E-02
   8.5364102564102581E-02  7.7492307692307708E-02
   8.5517948717948752E-02  7.7146153846153864E-02
   8.6351282051282091E-02  7.7325641025641031E-02
   8.7094871794871784E-02  7.7556410256410274E-02
   8.8094871794871785E-02  7.8043589743589756E-02
   8.8902564102564099E-02  7.8184615384615366E-02
   8.9453846153846162E-02  7.8223076923076909E-02
   9.0146153846153862E-02  7.8351282051282084E-02
   9.0825641025641016E-02  7.8530769230769237E-02
   9.0966666666666682E-02  7.8787179487179490E-02
   9.1184615384615392E-02  7.9043589743589757E-02
   9.1530769230769235E-02  7.9428205128205115E-02
   9.1889743589743597E-02  7.9812820512820515E-02
   9.2261538461538464E-02  7.9889743589743586E-02
   9.2671794871794916E-02  7.9966666666666672E-02
   9.3415384615384608E-02  8.0005128205128215E-02
   9.3889743589743599E-02  8.0030769230769266E-02
   9.4466666666666657E-02  7.9992307692307696E-02
   9.4723076923076938E-02  7.9876923076923095E-02
   9.4902564102564091E-02  7.9710256410256419E-02
   9.5428205128205171E-02  7.9838461538461566E-02
   9.5928205128205143E-02  7.9979487179487191E-02
   9.6453846153846168E-02  8.0158974358974372E-02
   9.7133333333333308E-02  8.0582051282051287E-02
   9.8171794871794907E-02  8.0697435897435887E-02
   9.8979487179487208E-02  8.1005128205128216E-02
   9.9505128205128204E-02  8.1082051282051301E-02
   0.1001205128205128      8.1261538461538468E-02
   0.1006589743589744      8.1517948717948749E-02
   0.1012358974358974      8.1684615384615397E-02
   0.1018769230769231      8.1761538461538483E-02
   0.1024666666666667      8.1915384615384654E-02
   0.1029923076923077      8.2043589743589745E-02
   0.1038384615384616      8.2069230769230783E-02
   0.1046717948717949      8.2325641025641036E-02
   0.1055179487179487      8.2723076923076927E-02
   0.1061076923076923      8.2902564102564108E-02
   0.1068128205128205      8.3120512820512832E-02
   0.1074794871794872      8.3351282051282061E-02
   0.1081076923076923      8.3556410256410266E-02
   0.1086974358974359      8.3774358974358976E-02
   0.1091205128205128      8.3864102564102594E-02
   0.1092102564102564      8.4235897435897475E-02
   0.1093769230769231      8.4787179487179495E-02
   0.1095307692307692      8.5248717948717953E-02
   0.1096717948717949      8.5594871794871810E-02
   0.1100692307692308      8.5723076923076943E-02
   0.1104282051282051      8.5812820512820534E-02
   0.1111974358974359      8.5646153846153858E-02
   0.1112871794871795      8.5517948717948752E-02
   0.1113128205128205      8.5107692307692301E-02
   0.1114538461538462      8.4492307692307686E-02
   0.1115179487179487      8.4274358974359004E-02
   0.1203641025641026      8.6223076923076916E-02
   0.1204923076923077      8.6492307692307702E-02
   0.1206846153846154      8.6838461538461559E-02
   0.1209282051282051      8.7056410256410241E-02
   0.1211717948717949      8.7158974358974364E-02
   0.1215435897435897      8.7171794871794883E-02
   0.1218512820512820      8.7094871794871784E-02
   0.1221846153846154      8.7402564102564126E-02
   0.1225051282051282      8.7582051282051293E-02
   0.1231205128205128      8.7633333333333369E-02
   0.1234794871794872      8.7556410256410269E-02
   0.1242102564102564      8.7453846153846146E-02
   0.1253641025641026      8.7607692307692317E-02
   0.1263897435897436      8.7928205128205136E-02
   0.1270051282051282      8.8171794871794884E-02
   0.1275948717948718      8.8620512820512823E-02
   0.1276717948717949      8.8992307692307704E-02
   0.1278128205128205      8.9376923076923062E-02
   0.1282230769230769      8.9556410256410285E-02
   0.1288128205128205      8.9530769230769233E-02
   0.1293512820512821      8.9402564102564114E-02
   0.1299923076923077      8.9197435897435909E-02
   0.1303641025641026      8.9043589743589752E-02
   0.1303256410256410      8.9441025641025643E-02
   0.1300435897435897      9.0158974358974395E-02
   0.1302102564102564      9.0479487179487186E-02
   0.1305051282051282      9.0928205128205139E-02
   0.1307743589743590      9.1299999999999992E-02
   0.1311974358974359      9.1710256410256430E-02
   0.1318897435897436      9.1761538461538464E-02
   0.1324794871794872      9.1543589743589754E-02
   0.1332871794871795      9.1158974358974368E-02
   0.1339282051282051      9.0748717948717958E-02
   0.1344153846153846      9.0312820512820524E-02
   0.1348769230769231      8.9658974358974367E-02
