   0.1048641025641026     -4.7597435897435890E-02
   0.1047102564102564     -4.7738461538461549E-02
   0.1045820512820513     -4.7943589743589747E-02
   0.1044538461538462     -4.8110256410256409E-02
   0.1044923076923077     -4.8507692307692300E-02
   0.1043256410256410     -4.8815384615384608E-02
   0.1042358974358974     -4.8969230769230765E-02
   0.1039282051282051     -4.9353846153846144E-02
   0.1037615384615385     -4.9456410256410246E-02
   0.1035820512820513     -4.9520512820512820E-02
   0.1031076923076923     -4.9584615384615380E-02
   0.1028128205128205     -4.9443589743589748E-02
   0.1023769230769231     -4.9225641025641025E-02
   0.1020564102564102     -4.8982051282051284E-02
   0.1017230769230769     -4.8764102564102567E-02
   0.1014538461538462     -4.8610256410256403E-02
   0.1011846153846154     -4.8494871794871802E-02
   0.1014025641025641     -4.8328205128205126E-02
   0.1016076923076923     -4.8033333333333338E-02
   0.1015435897435898     -4.7751282051282047E-02
   9.9582051282051304E-02 -4.7379487179487187E-02
   9.7671794871794906E-02 -4.7110256410256422E-02
   9.6261538461538468E-02 -4.7020512820512825E-02
   9.4966666666666671E-02 -4.6828205128205118E-02
   9.3953846153846193E-02 -4.6725641025641022E-02
   9.3620512820512813E-02 -4.6866666666666661E-02
   9.3351282051282083E-02 -4.7058974358974368E-02
   9.3107692307692308E-02 -4.7199999999999999E-02
   9.2748717948717932E-02 -4.7341025641025644E-02
   9.2505128205128198E-02 -4.7328205128205125E-02
   9.2120512820512840E-02 -4.7289743589743582E-02
   9.1876923076923106E-02 -4.7212820512820525E-02
   9.1556410256410259E-02 -4.7058974358974368E-02
   9.1299999999999992E-02 -4.6943589743589746E-02
   9.0915384615384620E-02 -4.6828205128205118E-02
   9.0723076923076934E-02 -4.6930769230769220E-02
   9.0479487179487186E-02 -4.6982051282051282E-02
   9.0210256410256415E-02 -4.6994871794871794E-02
   8.9838461538461548E-02 -4.7020512820512825E-02
   8.9723076923076947E-02 -4.7174358974358982E-02
   8.9851282051282053E-02 -4.7430769230769228E-02
   8.9671794871794885E-02 -4.7558974358974361E-02
   8.9287179487179499E-02 -4.7648717948717945E-02
   8.8915384615384646E-02 -4.7584615384615385E-02
   8.8710256410256441E-02 -4.7417948717948730E-02
   8.8428205128205137E-02 -4.7302564102564101E-02
   8.8158974358974365E-02 -4.7264102564102566E-02
   8.7735897435897423E-02 -4.7110256410256422E-02
   8.7376923076923088E-02 -4.6930769230769220E-02
   8.7133333333333340E-02 -4.6520512820512817E-02
   8.6505128205128221E-02 -4.6058974358974367E-02
   8.5928205128205135E-02 -4.5674358974358974E-02
   8.5338461538461530E-02 -4.5302564102564107E-02
   8.4979487179487168E-02 -4.5379487179487185E-02
   8.4825641025641038E-02 -4.5623076923076926E-02
   8.4479487179487209E-02 -4.5905128205128203E-02
   8.4274358974359004E-02 -4.6071794871794865E-02
   8.3979487179487181E-02 -4.6238461538461541E-02
   8.3505128205128218E-02 -4.6251282051282053E-02
   8.3094871794871808E-02 -4.6123076923076926E-02
   8.2594871794871821E-02 -4.6020512820512824E-02
   8.2261538461538469E-02 -4.5982051282051281E-02
   8.1735897435897431E-02 -4.5917948717948721E-02
   8.1441025641025649E-02 -4.5930769230769233E-02
   8.1158974358974373E-02 -4.5930769230769233E-02
   8.0710256410256434E-02 -4.5879487179487179E-02
   8.0351282051282058E-02 -4.5751282051282045E-02
   7.9710256410256419E-02 -4.5366666666666666E-02
   7.9543589743589757E-02 -4.5161538461538468E-02
   7.9351282051282057E-02 -4.5610256410256414E-02
   7.8928205128205142E-02 -4.6058974358974367E-02
   7.8697435897435900E-02 -4.6328205128205124E-02
   7.8505128205128213E-02 -4.6648717948717944E-02
   7.8223076923076909E-02 -4.6802564102564108E-02
   7.7876923076923107E-02 -4.6687179487179487E-02
   7.7556410256410274E-02 -4.6430769230769227E-02
   7.7376923076923065E-02 -4.6187179487179479E-02
   7.7248717948717960E-02 -4.5828205128205131E-02
   7.7146153846153864E-02 -4.5584615384615383E-02
   7.7005128205128212E-02 -4.5469230769230769E-02
   7.6684615384615379E-02 -4.5264102564102564E-02
   7.6505128205128212E-02 -4.5123076923076925E-02
   7.6248717948717959E-02 -4.5020512820512809E-02
   7.6094871794871802E-02 -4.5046153846153847E-02
   7.5825641025641030E-02 -4.5443589743589745E-02
   7.5530769230769235E-02 -4.5841025641025650E-02
   7.5338461538461549E-02 -4.6058974358974367E-02
   7.5146153846153863E-02 -4.6341025641025643E-02
   7.4953846153846163E-02 -4.6584615384615384E-02
   7.4607692307692305E-02 -4.6879487179487180E-02
   7.4248717948717957E-02 -4.6930769230769220E-02
   7.3825641025641028E-02 -4.6930769230769220E-02
   7.3312820512820509E-02 -4.6738461538461548E-02
   7.2312820512820522E-02 -4.6392307692307684E-02
   7.1582051282051293E-02 -4.6135897435897438E-02
   7.1120512820512835E-02 -4.5815384615384619E-02
   7.0543589743589749E-02 -4.5533333333333342E-02
   7.0171794871794868E-02 -4.5392307692307697E-02
   6.9812820512820520E-02 -4.5366666666666666E-02
   6.9300000000000000E-02 -4.5430769230769226E-02
   6.8556410256410266E-02 -4.5494871794871786E-02
   6.8030769230769228E-02 -4.5597435897435902E-02
   6.7710256410256422E-02 -4.5610256410256414E-02
   6.7364102564102579E-02 -4.5482051282051288E-02
   6.7094871794871808E-02 -4.5469230769230769E-02
   6.6466666666666674E-02 -4.5392307692307697E-02
   6.6184615384615383E-02 -4.5251282051282052E-02
   6.6005128205128216E-02 -4.5046153846153847E-02
   6.5838461538461554E-02 -4.4828205128205130E-02
   6.5441025641025649E-02 -4.4841025641025649E-02
   6.4851282051282058E-02 -4.4789743589743601E-02
   6.4184615384615396E-02 -4.4738461538461546E-02
   6.3799999999999996E-02 -4.4687179487179485E-02
   6.2992307692307695E-02 -4.4405128205128201E-02
   6.2492307692307701E-02 -4.3866666666666658E-02
   6.1594871794871796E-02 -4.3200000000000009E-02
   6.1389743589743591E-02 -4.2764102564102568E-02
   6.1235897435897434E-02 -4.2238461538461551E-02
   6.1133333333333324E-02 -4.1930769230769237E-02
   6.0800000000000000E-02 -4.1533333333333332E-02
   6.0415384615384614E-02 -4.1469230769230772E-02
   6.0223076923076914E-02 -4.1674358974358977E-02
   5.9992307692307685E-02 -4.2046153846153851E-02
   5.9748717948717937E-02 -4.2417948717948718E-02
   5.9479487179487180E-02 -4.2751282051282050E-02
   5.8953846153846141E-02 -4.2776923076923087E-02
   5.8441025641025636E-02 -4.2623076923076923E-02
   5.8120512820512830E-02 -4.2533333333333333E-02
   5.7710256410256407E-02 -4.2430769230769230E-02
   5.7376923076923089E-02 -4.2443589743589749E-02
   5.7171794871794884E-02 -4.2430769230769230E-02
   5.6735897435897423E-02 -4.2161538461538459E-02
   5.6274358974358965E-02 -4.1828205128205134E-02
   5.5915384615384610E-02 -4.1597435897435898E-02
   5.5556410256410248E-02 -4.1302564102564103E-02
   5.5556410256410248E-02 -4.1212820512820512E-02
   5.5017948717948711E-02 -4.1187179487179489E-02
   5.4646153846153851E-02 -4.1225641025641024E-02
   5.4158974358974356E-02 -4.1225641025641024E-02
   5.3761538461538465E-02 -4.1110256410256410E-02
   5.3389743589743584E-02 -4.0956410256410260E-02
   5.3210256410256410E-02 -4.0879487179487181E-02
   5.2992307692307679E-02 -4.0789743589743591E-02
   5.2812820512820519E-02 -4.0828205128205126E-02
   5.2402564102564116E-02 -4.0905128205128205E-02
   5.1966666666666654E-02 -4.1200000000000001E-02
   5.1748717948717944E-02 -4.1430769230769229E-02
   5.1517948717948729E-02 -4.1520512820512820E-02
   5.1197435897435896E-02 -4.1623076923076929E-02
   5.0658974358974360E-02 -4.1494871794871796E-02
   4.9992307692307690E-02 -4.1148717948717946E-02
   4.9274358974358966E-02 -4.0751282051282055E-02
   4.8992307692307689E-02 -4.0533333333333338E-02
   4.8235897435897436E-02 -4.0084615384615385E-02
   4.7569230769230766E-02 -3.9725641025641030E-02
   4.6941025641025633E-02 -3.9469230769230770E-02
   4.6287179487179489E-02 -3.9187179487179487E-02
   4.5684615384615386E-02 -3.9007692307692306E-02
   4.5069230769230771E-02 -3.8789743589743589E-02
   4.4825641025641023E-02 -3.8635897435897439E-02
   4.4646153846153842E-02 -3.8661538461538462E-02
   4.4415384615384607E-02 -3.8725641025641029E-02
   4.3979487179487173E-02 -3.8764102564102565E-02
   4.3748717948717951E-02 -3.8802564102564101E-02
   4.3479487179487165E-02 -3.8443589743589746E-02
   4.3056410256410257E-02 -3.7943589743589745E-02
   4.2594871794871793E-02 -3.7751282051282052E-02
   4.2056410256410257E-02 -3.7443589743589745E-02
   4.1402564102564106E-02 -3.7084615384615389E-02
   4.0851282051282051E-02 -3.6956410256410256E-02
   4.0453846153846146E-02 -3.6738461538461539E-02
   4.0158974358974357E-02 -3.6751282051282051E-02
   3.9876923076923067E-02 -3.6635897435897437E-02
   3.9376923076923073E-02 -3.6276923076923075E-02
   3.8979487179487182E-02 -3.5943589743589743E-02
   3.8466666666666670E-02 -3.5635897435897436E-02
   3.8069230769230765E-02 -3.5571794871794869E-02
   3.7735897435897441E-02 -3.5687179487179491E-02
   3.7492307692307686E-02 -3.5841025641025641E-02
   3.7171794871794880E-02 -3.5917948717948719E-02
   3.6787179487179487E-02 -3.5956410256410255E-02
   3.6287179487179487E-02 -3.5802564102564105E-02
   3.6030769230769234E-02 -3.5648717948717948E-02
   3.5902564102564101E-02 -3.6020512820512822E-02
   3.5710256410256408E-02 -3.6443589743589751E-02
   3.5299999999999998E-02 -3.6789743589743587E-02
   3.5017948717948714E-02 -3.6789743589743587E-02
   3.4441025641025642E-02 -3.6584615384615382E-02
   3.3928205128205130E-02 -3.6494871794871792E-02
   3.3620512820512823E-02 -3.6443589743589751E-02
   3.3120512820512815E-02 -3.6212820512820515E-02
   3.2633333333333334E-02 -3.5725641025641026E-02
   3.2671794871794869E-02 -3.5302564102564105E-02
   3.2735897435897436E-02 -3.4917948717948719E-02
   3.2684615384615388E-02 -3.4392307692307694E-02
   3.2774358974358972E-02 -3.3802564102564103E-02
   3.2312820512820514E-02 -3.3648717948717946E-02
   3.1671794871794869E-02 -3.3366666666666663E-02
   3.0992307692307694E-02 -3.3046153846153850E-02
   3.0735897435897434E-02 -3.3007692307692300E-02
   3.0556410256410260E-02 -3.2982051282051277E-02
   3.0197435897435898E-02 -3.2738461538461543E-02
   2.9774358974358969E-02 -3.2546153846153843E-02
   2.9017948717948716E-02 -3.2199999999999999E-02
   2.8428205128205132E-02 -3.1853846153846156E-02
   2.8107692307692306E-02 -3.1417948717948722E-02
   2.7671794871794872E-02 -3.1058974358974353E-02
   2.7184615384615377E-02 -3.0712820512820517E-02
   2.6851282051282056E-02 -3.0110256410256411E-02
   2.6530769230769240E-02 -2.9853846153846154E-02
   2.6210256410256417E-02 -2.9687179487179489E-02
   2.5902564102564099E-02 -2.9456410256410256E-02
   2.5800000000000003E-02 -2.9610256410256410E-02
   2.5453846153846153E-02 -2.9956410256410257E-02
   2.5223076923076928E-02 -3.0276923076923076E-02
   2.4941025641025641E-02 -3.0597435897435896E-02
   2.4697435897435900E-02 -3.0994871794871801E-02
   2.4158974358974364E-02 -3.1135897435897435E-02
   2.3915384615384609E-02 -3.0930769230769237E-02
   2.3658974358974356E-02 -3.0725641025641025E-02
   2.3594871794871786E-02 -3.0584615384615384E-02
   2.3402564102564100E-02 -3.0751282051282049E-02
   2.3248717948717947E-02 -3.1007692307692302E-02
   2.2979487179487178E-02 -3.1276923076923070E-02
   2.2312820512820512E-02 -3.1058974358974353E-02
   2.1928205128205130E-02 -3.0712820512820517E-02
   2.1479487179487181E-02 -3.0264102564102568E-02
   2.0928205128205129E-02 -2.9776923076923072E-02
   2.0607692307692306E-02 -2.9507692307692308E-02
   2.0223076923076923E-02 -2.9097435897435901E-02
   2.0312820512820511E-02 -2.8789743589743583E-02
   2.0146153846153845E-02 -2.8392307692307692E-02
   2.0056410256410258E-02 -2.7853846153846153E-02
   2.0171794871794872E-02 -2.7289743589743589E-02
   2.0210256410256412E-02 -2.6866666666666667E-02
   2.0223076923076923E-02 -2.6597435897435899E-02
   2.0005128205128207E-02 -2.6482051282051285E-02
   1.9748717948717947E-02 -2.6353846153846151E-02
   1.9505128205128206E-02 -2.6366666666666667E-02
   1.9107692307692301E-02 -2.6392307692307694E-02
   1.8620512820512823E-02 -2.6405128205128203E-02
   1.8107692307692307E-02 -2.6289743589743595E-02
   1.7671794871794870E-02 -2.6110256410256411E-02
   1.7466666666666669E-02 -2.5994871794871789E-02
   1.7274358974358976E-02 -2.6174358974358977E-02
   1.6851282051282050E-02 -2.6328205128205131E-02
   1.6466666666666664E-02 -2.6366666666666667E-02
   1.5992307692307688E-02 -2.6302564102564104E-02
   1.5671794871794868E-02 -2.6110256410256411E-02
   1.5351282051282054E-02 -2.5943589743589741E-02
   1.5043589743589743E-02 -2.6084615384615383E-02
   1.4812820512820514E-02 -2.6225641025641028E-02
   1.4056410256410258E-02 -2.6328205128205131E-02
   1.3530769230769233E-02 -2.6341025641025646E-02
   1.3056410256410257E-02 -2.6187179487179493E-02
   1.2825641025641024E-02 -2.5853846153846154E-02
   1.3069230769230769E-02 -2.5558974358974355E-02
   1.2812820512820513E-02 -2.4520512820512822E-02
   1.2992307692307694E-02 -2.4110256410256412E-02
   1.3094871794871793E-02 -2.3661538461538463E-02
   1.2966666666666666E-02 -2.3315384615384616E-02
   1.2607692307692308E-02 -2.2661538461538462E-02
   1.2312820512820516E-02 -2.2328205128205127E-02
   1.1723076923076921E-02 -2.1956410256410257E-02
   1.1338461538461539E-02 -2.1776923076923079E-02
   1.1056410256410258E-02 -2.1853846153846154E-02
   1.0697435897435896E-02 -2.1828205128205130E-02
   1.0389743589743591E-02 -2.1635897435897437E-02
   9.9538461538461569E-03 -2.1430769230769232E-02
   9.6717948717948716E-03 -2.1097435897435898E-02
   9.4410256410256427E-03 -2.0815384615384614E-02
   9.3512820512820522E-03 -2.0353846153846153E-02
   8.9282051282051269E-03 -1.9789743589743589E-02
   8.2487179487179488E-03 -1.9456410256410258E-02
   7.3641025641025676E-03 -1.8879487179487179E-02
   7.3384615384615385E-03 -1.8430769230769233E-02
   7.2102564102564087E-03 -1.8071794871794871E-02
   7.0435897435897447E-03 -1.7879487179487182E-02
   6.1461538461538481E-03 -1.7623076923076929E-02
   5.5820512820512810E-03 -1.7417948717948717E-02
   5.0179487179487173E-03 -1.7315384615384618E-02
   4.3000000000000000E-03 -1.7110256410256409E-02
   3.8384615384615384E-03 -1.6892307692307689E-02
   3.4410256410256413E-03 -1.6494871794871791E-02
   3.4025641025641020E-03 -1.6315384615384617E-02
   2.6846153846153847E-03 -1.5956410256410258E-02
   2.3769230769230764E-03 -1.6135897435897436E-02
   1.9794871794871793E-03 -1.6161538461538463E-02
   1.3897435897435900E-03 -1.5943589743589746E-02
   5.1794871794871812E-04 -1.5533333333333333E-02
   1.7948717948717673E-05 -1.5212820512820512E-02
  -3.7948717948717986E-04 -1.4802564102564100E-02
  -5.2051282051282033E-04 -1.3956410256410258E-02
  -4.1794871794871786E-04 -1.3379487179487181E-02
  -3.0256410256410257E-04 -1.2930769230769227E-02
  -1.1025641025641042E-04 -1.2725641025641025E-02
   2.1025641025641025E-04 -1.2546153846153848E-02
   3.7692307692307634E-04 -1.2174358974358973E-02
   4.9230769230769206E-04 -1.1917948717948717E-02
   2.4871794871794868E-04 -1.1802564102564101E-02
  -3.3333333333333132E-05 -1.1494871794871795E-02
  -4.4358974358974347E-04 -1.0956410256410257E-02
  -1.0589743589743592E-03 -1.0289743589743590E-02
  -1.0974358974358976E-03 -9.9820512820512804E-03
  -1.2128205128205129E-03 -9.6615384615384610E-03
  -1.1743589743589745E-03 -9.1102564102564110E-03
  -9.3076923076923111E-04 -8.8282051282051292E-03
  -9.1794871794871787E-04 -8.5076923076923081E-03
  -8.0256410256410345E-04 -8.2897435897435895E-03
  -7.3846153846153853E-04 -8.1871794871794870E-03
  -1.0717948717948720E-03 -7.8025641025641027E-03
  -1.2641025641025644E-03 -7.5589743589743585E-03
  -1.5076923076923080E-03 -7.1999999999999998E-03
  -1.7897435897435898E-03 -6.8538461538461531E-03
  -2.0717948717948720E-03 -6.5461538461538474E-03
  -2.4051282051282055E-03 -6.2256410256410263E-03
  -2.5589743589743592E-03 -5.9051282051282052E-03
  -2.8794871794871795E-03 -5.5333333333333337E-03
  -3.0846153846153849E-03 -5.1999999999999998E-03
  -3.3025641025641026E-03 -4.8794871794871795E-03
  -3.8153846153846155E-03 -4.3410256410256406E-03
  -4.0589743589743588E-03 -3.7769230769230770E-03
  -3.9692307692307700E-03 -3.5461538461538464E-03
  -3.7000000000000002E-03 -3.2512820512820514E-03
  -3.3794871794871799E-03 -3.0846153846153849E-03
  -3.2000000000000002E-03 -2.8923076923076923E-03
  -3.2769230769230774E-03 -2.5076923076923080E-03
  -3.3282051282051282E-03 -2.2256410256410258E-03
  -3.2128205128205130E-03 -1.7384615384615386E-03
  -3.0076923076923076E-03 -1.3410256410256410E-03
  -2.6871794871794873E-03 -7.8974358974358977E-04
  -2.5974358974358977E-03 -6.6153846153846167E-04
  -2.7641025641025642E-03 -3.7948717948717986E-04
  -2.9948717948717952E-03  3.0769230769230049E-05
  -2.9820512820512820E-03  5.0512820512820487E-04
  -3.1358974358974357E-03  1.1589743589743586E-03
  -3.0974358974358977E-03  1.3128205128205123E-03
  -3.0205128205128208E-03  1.7871794871794871E-03
  -3.2897435897435903E-03  2.0051282051282049E-03
  -3.2512820512820514E-03  2.2487179487179483E-03
  -3.2128205128205130E-03  2.5692307692307703E-03
  -3.0589743589743588E-03  3.0051282051282049E-03
  -2.9564102564102563E-03  3.4153846153846148E-03
  -2.9948717948717952E-03  3.6589743589743591E-03
  -3.1358974358974357E-03  4.0564102564102558E-03
  -3.1487179487179489E-03  4.4410256410256418E-03
  -3.2000000000000002E-03  4.8512820512820517E-03
  -3.2512820512820514E-03  5.1717948717948711E-03
  -3.2641025641025642E-03  5.3512820512820521E-03
  -3.3666666666666667E-03  5.5179487179487178E-03
  -3.5589743589743593E-03  5.9923076923076943E-03
  -3.5846153846153849E-03  6.0307692307692302E-03
  -3.5589743589743593E-03  6.4025641025641008E-03
  -3.3282051282051282E-03  7.1589743589743574E-03
  -3.4564102564102568E-03  7.5051282051282059E-03
  -3.3410256410256411E-03  7.6974358974358972E-03
  -3.5076923076923080E-03  7.9794871794871807E-03
  -3.7000000000000002E-03  8.2230769230769198E-03
  -3.9179487179487179E-03  8.7615384615384612E-03
  -3.8153846153846155E-03  9.0179487179487174E-03
  -3.4307692307692312E-03  9.3897435897435915E-03
  -3.2641025641025642E-03  1.0017948717948718E-02
  -3.2256410256410258E-03  1.0184615384615384E-02
  -3.3025641025641026E-03  1.0453846153846152E-02
  -3.6230769230769233E-03  1.0633333333333333E-02
  -3.8410256410256411E-03  1.0992307692307692E-02
  -3.9051282051282051E-03  1.1312820512820515E-02
  -3.9820512820512820E-03  1.1658974358974358E-02
  -4.1102564102564101E-03  1.1851282051282056E-02
  -4.3282051282051287E-03  1.2030769230769236E-02
  -4.3666666666666671E-03  1.2197435897435896E-02
  -4.5205128205128200E-03  1.2658974358974362E-02
  -4.1871794871794869E-03  1.3210256410256411E-02
  -4.0333333333333332E-03  1.3543589743589745E-02
  -3.5205128205128208E-03  1.4017948717948725E-02
  -2.7000000000000001E-03  1.4607692307692309E-02
  -2.5846153846153849E-03  1.4864102564102566E-02
  -2.5974358974358977E-03  1.5235897435897436E-02
  -2.8282051282051282E-03  1.5658974358974360E-02
  -3.0846153846153849E-03  1.6133333333333333E-02
  -3.2000000000000002E-03  1.6389743589743589E-02
  -3.1102564102564105E-03  1.6735897435897432E-02
  -3.0333333333333336E-03  1.7171794871794873E-02
  -2.9948717948717952E-03  1.7389743589743590E-02
  -3.0333333333333336E-03  1.7812820512820512E-02
  -2.5076923076923080E-03  1.8248717948717953E-02
  -2.2256410256410258E-03  1.8658974358974359E-02
  -2.0589743589743592E-03  1.9043589743589748E-02
  -1.8794871794871797E-03  1.9235897435897438E-02
  -2.1230769230769233E-03  1.9261538461538462E-02
  -2.4307692307692311E-03  1.9261538461538462E-02
  -2.5846153846153849E-03  1.9479487179487179E-02
  -2.8282051282051282E-03  1.9851282051282049E-02
  -3.0717948717948721E-03  2.0210256410256412E-02
  -3.1487179487179489E-03  2.0594871794871794E-02
  -3.0333333333333336E-03  2.0825641025641026E-02
  -2.9948717948717952E-03  2.0966666666666665E-02
  -3.1358974358974357E-03  2.1402564102564102E-02
  -2.8923076923076923E-03  2.1748717948717942E-02
  -2.3923076923076927E-03  2.2146153846153847E-02
  -1.9051282051282053E-03  2.2466666666666663E-02
  -1.0846153846153848E-03  2.2812820512820513E-02
  -5.9743589743589719E-04  2.2966666666666666E-02
  -1.3589743589743648E-04  2.2979487179487178E-02
   2.4871794871794868E-04  2.3030769230769230E-02
   8.2564102564102555E-04  2.3107692307692305E-02
   1.0820512820512817E-03  2.3338461538461537E-02
   1.1205128205128210E-03  2.3658974358974356E-02
   1.1846153846153851E-03  2.4056410256410254E-02
   9.0256410256410241E-04  2.4761538461538463E-02
   9.4102564102564084E-04  2.5235897435897436E-02
   1.2230769230769235E-03  2.5876923076923075E-02
   1.5564102564102566E-03  2.6197435897435895E-02
   1.9923076923076921E-03  2.6530769230769240E-02
   2.5179487179487182E-03  2.6825641025641028E-02
   2.8000000000000000E-03  2.7107692307692308E-02
   3.0820512820512818E-03  2.7594871794871793E-02
   3.5307692307692310E-03  2.7966666666666664E-02
   3.9025641025641025E-03  2.8287179487179480E-02
   4.6589743589743587E-03  2.8607692307692299E-02
   5.0179487179487173E-03  2.8915384615384614E-02
   5.2358974358974377E-03  2.9094871794871795E-02
   5.1846153846153847E-03  2.9389743589743590E-02
   5.0435897435897430E-03  2.9864102564102560E-02
   5.0820512820512805E-03  3.0389743589743584E-02
   4.9025641025641029E-03  3.0889743589743592E-02
   4.4923076923076930E-03  3.1415384615384616E-02
   4.6589743589743587E-03  3.2056410256410255E-02
   5.0564102564102566E-03  3.2453846153846153E-02
   5.4282051282051273E-03  3.2658974358974358E-02
   5.9538461538461551E-03  3.2851282051282051E-02
   7.0564102564102549E-03  3.2774358974358972E-02
   7.6076923076923049E-03  3.2710256410256405E-02
   8.0179487179487200E-03  3.2812820512820508E-02
   8.3641025641025633E-03  3.3056410256410255E-02
   8.5948717948717956E-03  3.3338461538461539E-02
   8.8256410256410227E-03  3.3658974358974358E-02
   8.9025641025641047E-03  3.4056410256410256E-02
   9.2230769230769206E-03  3.4543589743589745E-02
   9.4282051282051273E-03  3.4761538461538462E-02
   9.7871794871794895E-03  3.4979487179487179E-02
   1.0184615384615384E-02  3.5210256410256414E-02
   1.0197435897435896E-02  3.5594871794871794E-02
   1.0338461538461538E-02  3.6158974358974361E-02
   1.0428205128205128E-02  3.6453846153846156E-02
   1.0697435897435896E-02  3.6979487179487180E-02
   1.0902564102564107E-02  3.7376923076923085E-02
   1.1248717948717952E-02  3.7620512820512819E-02
   1.1505128205128204E-02  3.7787179487179481E-02
   1.1735897435897437E-02  3.8107692307692308E-02
   1.2210256410256413E-02  3.8428205128205127E-02
   1.2658974358974362E-02  3.8479487179487189E-02
   1.2992307692307694E-02  3.8633333333333332E-02
   1.3364102564102557E-02  3.8928205128205121E-02
   1.3646153846153848E-02  3.9146153846153837E-02
   1.4069230769230773E-02  3.9300000000000002E-02
   1.4517948717948719E-02  3.9415384615384616E-02
   1.4928205128205132E-02  3.9646153846153845E-02
   1.5171794871794873E-02  3.9838461538461538E-02
   1.5287179487179487E-02  4.0056410256410255E-02
   1.4902564102564105E-02  4.0300000000000002E-02
   1.4594871794871797E-02  4.0710256410256405E-02
   1.4530769230769231E-02  4.1043589743589744E-02
   1.4761538461538463E-02  4.1646153846153847E-02
   1.4966666666666668E-02  4.2043589743589745E-02
   1.5261538461538464E-02  4.2466666666666660E-02
   1.5325641025641027E-02  4.2902564102564100E-02
   1.5197435897435897E-02  4.3133333333333329E-02
   1.5235897435897436E-02  4.3466666666666660E-02
   1.5633333333333332E-02  4.4005128205128204E-02
   1.6005128205128203E-02  4.4248717948717944E-02
   1.6556410256410258E-02  4.4338461538461535E-02
   1.6966666666666668E-02  4.4466666666666675E-02
   1.7505128205128204E-02  4.4633333333333337E-02
   1.7992307692307689E-02  4.4838461538461542E-02
   1.8582051282051280E-02  4.4902564102564102E-02
   1.9325641025641025E-02  4.4825641025641023E-02
   1.8889743589743584E-02  4.5364102564102567E-02
   1.8979487179487185E-02  4.5466666666666676E-02
   1.8697435897435895E-02  4.5671794871794881E-02
   1.8376923076923075E-02  4.5928205128205127E-02
   1.8120512820512819E-02  4.6146153846153837E-02
   1.7928205128205126E-02  4.6402564102564110E-02
   1.7838461538461532E-02  4.6774358974358970E-02
   1.7723076923076921E-02  4.7376923076923066E-02
   1.7774358974358972E-02  4.7787179487179497E-02
   1.7928205128205126E-02  4.8056410256410248E-02
   1.8158974358974359E-02  4.8158974358974364E-02
   1.8376923076923075E-02  4.8274358974358979E-02
   1.8556410256410256E-02  4.8517948717948726E-02
   1.8915384615384615E-02  4.8517948717948726E-02
   1.9428205128205128E-02  4.8569230769230767E-02
   1.9684615384615380E-02  4.8466666666666665E-02
   1.9992307692307691E-02  4.8351282051282050E-02
   2.0261538461538463E-02  4.8300000000000010E-02
   2.0441025641025640E-02  4.8376923076923081E-02
   2.0671794871794873E-02  4.8428205128205122E-02
   2.1082051282051279E-02  4.8556410256410255E-02
   2.1441025641025638E-02  4.8530769230769225E-02
   2.1671794871794874E-02  4.8556410256410255E-02
   2.1748717948717942E-02  4.8710256410256413E-02
   2.1941025641025649E-02  4.8992307692307689E-02
   2.2158974358974366E-02  4.9274358974358966E-02
   2.2415384615384615E-02  4.9389743589743580E-02
   2.2825641025641025E-02  4.9325641025641027E-02
   2.3005128205128202E-02  4.9312820512820509E-02
   2.3248717948717947E-02  4.9402564102564113E-02
   2.3556410256410254E-02  4.9479487179487185E-02
   2.3928205128205125E-02  4.9569230769230768E-02
   2.4274358974358971E-02  4.9569230769230768E-02
   2.5069230769230771E-02  4.9569230769230768E-02
   2.5492307692307693E-02  4.9658974358974359E-02
   2.5838461538461536E-02  5.0056410256410250E-02
   2.6158974358974369E-02  5.0389743589743595E-02
   2.6466666666666663E-02  5.1005128205128210E-02
   2.6812820512820506E-02  5.1530769230769227E-02
   2.7094871794871796E-02  5.2030769230769235E-02
   2.7864102564102565E-02  5.2376923076923071E-02
   2.8223076923076927E-02  5.2684615384615378E-02
   2.8428205128205132E-02  5.2517948717948716E-02
   2.8864102564102566E-02  5.2505128205128211E-02
   2.9376923076923078E-02  5.2517948717948716E-02
   2.9723076923076928E-02  5.2517948717948716E-02
   3.0017948717948717E-02  5.2492307692307685E-02
   3.0338461538461543E-02  5.2838461538461549E-02
   3.0582051282051284E-02  5.3223076923076929E-02
   3.0812820512820513E-02  5.3620512820512820E-02
   3.1210256410256411E-02  5.3851282051282048E-02
   3.1787179487179483E-02  5.4415384615384629E-02
   3.2005128205128207E-02  5.4620512820512834E-02
   3.2453846153846153E-02  5.4774358974358964E-02
   3.2671794871794869E-02  5.4787179487179490E-02
   3.2915384615384610E-02  5.5005128205128200E-02
   3.3094871794871798E-02  5.5235897435897442E-02
   3.3325641025641027E-02  5.5466666666666671E-02
   3.3505128205128208E-02  5.5607692307692309E-02
   3.3748717948717949E-02  5.5787179487179483E-02
   3.4120512820512823E-02  5.5915384615384610E-02
   3.4441025641025642E-02  5.5928205128205115E-02
   3.4812820512820510E-02  5.5825641025641026E-02
   3.5274358974358974E-02  5.5838461538461538E-02
   3.5582051282051282E-02  5.5941025641025641E-02
   3.5889743589743589E-02  5.6158974358974344E-02
   3.6248717948717951E-02  5.6505128205128194E-02
   3.6402564102564101E-02  5.6569230769230767E-02
   3.6646153846153842E-02  5.6646153846153853E-02
   3.6787179487179487E-02  5.6735897435897423E-02
   3.7120512820512819E-02  5.7133333333333328E-02
   3.7466666666666662E-02  5.7620512820512823E-02
   3.8120512820512827E-02  5.7902564102564100E-02
   3.8582051282051284E-02  5.7928205128205131E-02
   3.9069230769230766E-02  5.7915384615384612E-02
   3.9235897435897442E-02  5.8158974358974359E-02
   3.9466666666666657E-02  5.8402564102564107E-02
   3.9723076923076923E-02  5.8402564102564107E-02
   3.9889743589743579E-02  5.8376923076923062E-02
   4.0171794871794883E-02  5.8735897435897438E-02
   4.0530769230769231E-02  5.9094871794871787E-02
   4.0851282051282051E-02  5.9402564102564108E-02
   4.1312820512820515E-02  5.9902564102564108E-02
   4.1543589743589744E-02  6.0184615384615371E-02
   4.1864102564102564E-02  6.0312820512820518E-02
   4.2197435897435888E-02  6.0351282051282047E-02
   4.2517948717948721E-02  6.0299999999999999E-02
   4.2966666666666667E-02  6.0158974358974347E-02
   4.3479487179487165E-02  6.0607692307692314E-02
   4.3684615384615384E-02  6.0966666666666662E-02
   4.4210256410256402E-02  6.1223076923076929E-02
   4.4415384615384607E-02  6.1274358974358963E-02
   4.4774358974358983E-02  6.1325641025641024E-02
   4.5069230769230771E-02  6.1376923076923072E-02
   4.5389743589743577E-02  6.1607692307692315E-02
   4.5658974358974369E-02  6.1889743589743591E-02
   4.5915384615384615E-02  6.2043589743589748E-02
   4.6184615384615386E-02  6.2146153846153844E-02
   4.6505128205128206E-02  6.2376923076923073E-02
   4.6800000000000001E-02  6.2569230769230766E-02
   4.7094871794871790E-02  6.2658974358974370E-02
   4.7274358974358964E-02  6.2671794871794875E-02
   4.7517948717948726E-02  6.2953846153846152E-02
   4.7569230769230766E-02  6.3351282051282057E-02
   4.7774358974358985E-02  6.3594871794871791E-02
   4.7966666666666671E-02  6.3761538461538467E-02
   4.8223076923076924E-02  6.3851282051282057E-02
   4.8594871794871784E-02  6.3838461538461538E-02
   4.8979487179487177E-02  6.3838461538461538E-02
   4.9223076923076925E-02  6.3915384615384624E-02
   4.9479487179487185E-02  6.3864102564102562E-02
   4.9684615384615390E-02  6.3851282051282057E-02
   4.9902564102564106E-02  6.4184615384615396E-02
   5.0556410256410257E-02  6.4543589743589758E-02
   5.0748717948717943E-02  6.4646153846153853E-02
   5.1133333333333336E-02  6.4800000000000010E-02
   5.1569230769230770E-02  6.5120512820512830E-02
   5.2005128205128211E-02  6.5428205128205144E-02
   5.2325641025641030E-02  6.5556410256410264E-02
   5.2735897435897447E-02  6.5556410256410264E-02
   5.3146153846153850E-02  6.5479487179487178E-02
   5.3646153846153850E-02  6.5453846153846168E-02
   5.4017948717948724E-02  6.5492307692307697E-02
   5.4287179487179489E-02  6.5787179487179492E-02
   5.4428205128205127E-02  6.6133333333333336E-02
   5.4569230769230766E-02  6.6441025641025650E-02
   5.4774358974358964E-02  6.6812820512820517E-02
   5.4953846153846166E-02  6.6979487179487179E-02
   5.5094871794871797E-02  6.6979487179487179E-02
   5.5300000000000002E-02  6.7017948717948722E-02
   5.5376923076923074E-02  6.7171794871794879E-02
   5.5761538461538453E-02  6.7492307692307699E-02
   5.5992307692307682E-02  6.7658974358974361E-02
   5.6235897435897443E-02  6.7774358974358989E-02
   5.6299999999999989E-02  6.7953846153846156E-02
   5.6543589743589751E-02  6.8287179487179495E-02
   5.6825641025641027E-02  6.8530769230769242E-02
   5.6902564102564113E-02  6.8697435897435905E-02
   5.7184615384615389E-02  6.9043589743589762E-02
   5.7338461538461533E-02  6.9158974358974362E-02
   5.7530769230769226E-02  6.9210256410256424E-02
   5.7748717948717949E-02  6.9415384615384629E-02
   5.7966666666666659E-02  6.9594871794871796E-02
   5.8415384615384605E-02  6.9556410256410253E-02
   5.8812820512820510E-02  6.9658974358974377E-02
   5.9056410256410258E-02  6.9697435897435905E-02
   5.9287179487179494E-02  6.9800000000000001E-02
   5.9582051282051275E-02  6.9915384615384615E-02
   5.9825641025641009E-02  7.0017948717948725E-02
   6.0299999999999999E-02  6.9992307692307701E-02
   6.0492307692307686E-02  6.9941025641025639E-02
   6.0658974358974362E-02  6.9902564102564110E-02
   6.1684615384615386E-02  7.0723076923076930E-02
   6.1876923076923072E-02  7.0953846153846159E-02
   6.2043589743589748E-02  7.1094871794871797E-02
   6.2466666666666663E-02  7.1325641025641040E-02
   6.2825641025641032E-02  7.1453846153846159E-02
   6.3197435897435900E-02  7.1684615384615388E-02
   6.3223076923076924E-02  7.1723076923076931E-02
   6.3274358974358985E-02  7.2017948717948727E-02
   6.3235897435897442E-02  7.2389743589743594E-02
   6.3479487179487190E-02  7.2671794871794870E-02
   6.3748717948717962E-02  7.2800000000000004E-02
   6.4223076923076924E-02  7.2671794871794870E-02
   6.4684615384615382E-02  7.2505128205128208E-02
   6.5261538461538468E-02  7.2543589743589751E-02
   6.5453846153846168E-02  7.2530769230769232E-02
   6.5774358974358973E-02  7.2466666666666665E-02
   6.5953846153846155E-02  7.2351282051282051E-02
   6.6056410256410264E-02  7.2094871794871798E-02
   6.6235897435897445E-02  7.1825641025641027E-02
   6.6389743589743588E-02  7.1607692307692317E-02
   6.6646153846153855E-02  7.1376923076923088E-02
   6.6902564102564108E-02  7.1082051282051292E-02
   6.7069230769230784E-02  7.0748717948717954E-02
   6.7248717948717951E-02  7.0543589743589749E-02
   6.7261538461538470E-02  7.0992307692307688E-02
   6.7287179487179494E-02  7.1492307692307702E-02
   6.7351282051282060E-02  7.1902564102564112E-02
   6.7376923076923084E-02  7.2223076923076931E-02
   6.7517948717948723E-02  7.2582051282051294E-02
   6.7633333333333337E-02  7.2838461538461546E-02
   6.7838461538461542E-02  7.3158974358974366E-02
   6.7928205128205132E-02  7.3364102564102571E-02
   6.7620512820512818E-02  7.3876923076923090E-02
   6.7223076923076927E-02  7.4133333333333343E-02
   6.7223076923076927E-02  7.4428205128205138E-02
   6.7223076923076927E-02  7.4569230769230777E-02
   6.7223076923076927E-02  7.4825641025641029E-02
   6.7351282051282060E-02  7.5107692307692320E-02
   6.7479487179487180E-02  7.5248717948717958E-02
   6.7876923076923085E-02  7.5094871794871801E-02
   6.8376923076923085E-02  7.4902564102564115E-02
   6.8812820512820519E-02  7.4761538461538463E-02
   6.9210256410256424E-02  7.4684615384615391E-02
   6.9428205128205134E-02  7.4620512820512824E-02
   6.9582051282051291E-02  7.4876923076923077E-02
   6.9607692307692315E-02  7.5223076923076920E-02
   6.9761538461538458E-02  7.5261538461538463E-02
   7.0479487179487196E-02  7.5466666666666668E-02
   7.0825641025641026E-02  7.5710256410256416E-02
   7.1364102564102569E-02  7.5941025641025645E-02
   7.1812820512820522E-02  7.5658974358974368E-02
   7.2210256410256426E-02  7.5517948717948730E-02
   7.2466666666666665E-02  7.5492307692307692E-02
   7.2671794871794870E-02  7.5774358974358982E-02
   7.3005128205128209E-02  7.6094871794871802E-02
   7.3569230769230776E-02  7.6338461538461549E-02
   7.3851282051282066E-02  7.6351282051282054E-02
   7.4338461538461548E-02  7.6171794871794887E-02
   7.4838461538461548E-02  7.6030769230769235E-02
   7.5056410256410258E-02  7.5825641025641030E-02
   7.5402564102564101E-02  7.5351282051282067E-02
   7.5543589743589754E-02  7.5735897435897440E-02
   7.5684615384615392E-02  7.6197435897435911E-02
   7.5851282051282054E-02  7.6505128205128212E-02
   7.5979487179487187E-02  7.6761538461538464E-02
   7.6312820512820512E-02  7.7376923076923065E-02
   7.6569230769230778E-02  7.7748717948717946E-02
   7.6838461538461550E-02  7.7864102564102575E-02
   7.7517948717948718E-02  7.8030769230769237E-02
   7.7953846153846179E-02  7.8005128205128213E-02
   7.8094871794871804E-02  7.8133333333333332E-02
   7.8517948717948746E-02  7.8158974358974384E-02
   7.8620512820512814E-02  7.8171794871794861E-02
   7.8851282051282043E-02  7.8338461538461537E-02
   7.8941025641025647E-02  7.8479487179487190E-02
   7.9043589743589757E-02  7.8735897435897442E-02
   7.9235897435897457E-02  7.8646153846153852E-02
   7.9800000000000024E-02  7.8505128205128213E-02
   7.9646153846153853E-02  7.9082051282051286E-02
   7.9594871794871833E-02  7.9466666666666658E-02
   7.9441025641025662E-02  7.9864102564102549E-02
   7.9453846153846139E-02  8.0223076923076925E-02
   7.9543589743589757E-02  8.0569230769230782E-02
   7.9748717948717962E-02  8.0876923076923110E-02
   8.0184615384615396E-02  8.0941025641025635E-02
   8.0556410256410263E-02  8.0787179487179492E-02
   8.0825641025641035E-02  8.0607692307692311E-02
   8.1082051282051301E-02  8.0428205128205171E-02
   8.1620512820512831E-02  8.0325641025641034E-02
   8.2056410256410264E-02  8.0402564102564106E-02
   8.2389743589743575E-02  8.0274358974359000E-02
   8.2774358974358975E-02  8.0005128205128215E-02
   8.2992307692307726E-02  7.9787179487179491E-02
   8.3158974358974388E-02  7.9428205128205115E-02
   8.3261538461538484E-02  7.9748717948717962E-02
   8.3402564102564122E-02  7.9825641025641020E-02
   8.3761538461538471E-02  7.9825641025641020E-02
   8.4197435897435904E-02  7.9774358974358986E-02
   8.4902564102564096E-02  7.9569230769230781E-02
   8.5441025641025653E-02  7.9338461538461552E-02
   8.5658974358974363E-02  7.9017948717948705E-02
   8.5928205128205135E-02  7.8569230769230766E-02
   8.6300000000000016E-02  7.7941025641025632E-02
   8.6338461538461544E-02  7.7569230769230765E-02
   8.6441025641025654E-02  7.7056410256410274E-02
   8.6517948717948726E-02  7.6966666666666669E-02
   8.6710256410256425E-02  7.6979487179487188E-02
   8.7030769230769217E-02  7.7274358974358984E-02
   8.7325641025641026E-02  7.7492307692307708E-02
   8.7492307692307689E-02  7.7812820512820499E-02
   8.7530769230769231E-02  7.8082051282051299E-02
   8.7671794871794897E-02  7.8325641025641032E-02
   8.8120512820512836E-02  7.8223076923076909E-02
   8.8428205128205137E-02  7.8094871794871804E-02
   8.8697435897435895E-02  7.7979487179487161E-02
   8.8787179487179499E-02  7.7928205128205127E-02
   8.9082051282051308E-02  7.8261538461538466E-02
   8.9261538461538475E-02  7.8569230769230766E-02
   8.9428205128205138E-02  7.8825641025641019E-02
   8.9235897435897438E-02  7.9351282051282057E-02
   8.9338461538461533E-02  7.9633333333333362E-02
   8.9402564102564114E-02  7.9812820512820515E-02
   8.9761538461538490E-02  7.9428205128205115E-02
   9.0056410256410244E-02  7.9082051282051286E-02
   9.0389743589743582E-02  7.8800000000000023E-02
   9.0697435897435910E-02  7.8658974358974371E-02
   9.1133333333333344E-02  7.8684615384615395E-02
   9.1364102564102573E-02  7.9030769230769252E-02
   9.1479487179487201E-02  7.9671794871794890E-02
   9.1607692307692321E-02  7.9966666666666672E-02
   9.1684615384615406E-02  8.0146153846153853E-02
   9.1953846153846164E-02  8.0415384615384625E-02
   9.2633333333333345E-02  8.0569230769230782E-02
   9.2800000000000007E-02  8.0723076923076939E-02
   9.3005128205128212E-02  8.0800000000000011E-02
   9.3287179487179503E-02  8.0620512820512830E-02
   9.3428205128205141E-02  8.0184615384615396E-02
   9.3338461538461537E-02  8.0069230769230754E-02
   9.4287179487179490E-02  7.9710256410256419E-02
   9.4761538461538466E-02  7.9582051282051286E-02
   9.5351282051282057E-02  7.9351282051282057E-02
   0.1057743589743590      8.2364102564102579E-02
   0.1056846153846154      8.2723076923076927E-02
   0.1058769230769231      8.3069230769230784E-02
   0.1060435897435897      8.3466666666666689E-02
   0.1062615384615385      8.3671794871794894E-02
   0.1063897435897436      8.3697435897435890E-02
   0.1066846153846154      8.3723076923076928E-02
   0.1068769230769231      8.3787179487179494E-02
   0.1071076923076923      8.3941025641025652E-02
   0.1073256410256410      8.4120512820512833E-02
   0.1074666666666667      8.4184615384615386E-02
   0.1078256410256410      8.4223076923076928E-02
   0.1079410256410256      8.4235897435897475E-02
   0.1079794871794872      8.4492307692307686E-02
   0.1079666666666667      8.4876923076923114E-02
   0.1080307692307692      8.5223076923076929E-02
   0.1081846153846154      8.5582051282051264E-02
   0.1085051282051282      8.5735897435897435E-02
   0.1088128205128205      8.5710256410256411E-02
   0.1091076923076923      8.5697435897435906E-02
   0.1093897435897436      8.5735897435897435E-02
   0.1096846153846154      8.5966666666666677E-02
   0.1097743589743590      8.6082051282051292E-02
   0.1101333333333333      8.6043589743589749E-02
   0.1105051282051282      8.5915384615384657E-02
   0.1109923076923077      8.5723076923076943E-02
   0.1117358974358974      8.5428205128205134E-02
   0.1121461538461538      8.5300000000000001E-02
   0.1126717948717949      8.4953846153846171E-02
   0.1129538461538461      8.4620512820512833E-02
   0.1131076923076923      8.4351282051282062E-02
   0.1136974358974359      8.4479487179487209E-02
   0.1142743589743590      8.4684615384615400E-02
   0.1141333333333333      8.5261538461538472E-02
   0.1143128205128205      8.5671794871794882E-02
   0.1144666666666667      8.6017948717948711E-02
   0.1146333333333333      8.6466666666666678E-02
   0.1146589743589744      8.6748717948717954E-02
   0.1145564102564102      8.7120512820512822E-02
   0.1144794871794872      8.7517948717948726E-02
   0.1144923076923077      8.7825641025641027E-02
   0.1145692307692308      8.8017948717948727E-02
   0.1149025641025641      8.8223076923076932E-02
   0.1153384615384615      8.8184615384615389E-02
   0.1158256410256410      8.7979487179487184E-02
   0.1161846153846154      8.7748717948717955E-02
   0.1163000000000000      8.7312820512820521E-02
   0.1165564102564103      8.6902564102564112E-02
   0.1167230769230769      8.6402564102564125E-02
   0.1169410256410256      8.5979487179487168E-02
   0.1172615384615385      8.5453846153846158E-02
   0.1172743589743590      8.5735897435897435E-02
   0.1174025641025641      8.6133333333333340E-02
   0.1175051282051282      8.6364102564102582E-02
   0.1179538461538462      8.6274358974358978E-02
   0.1183512820512821      8.6120512820512848E-02
   0.1185820512820513      8.6017948717948711E-02
   0.1189282051282051      8.5876923076923087E-02
   0.1191205128205128      8.6351282051282091E-02
   0.1193000000000000      8.6864102564102555E-02
   0.1194666666666667      8.7235897435897464E-02
   0.1195564102564102      8.7556410256410269E-02
   0.1197358974358974      8.7723076923076931E-02
   0.1200692307692308      8.7748717948717955E-02
   0.1203897435897436      8.7620512820512822E-02
   0.1206205128205128      8.7415384615384617E-02
   0.1207615384615385      8.7171794871794883E-02
   0.1210307692307692      8.7120512820512822E-02
   0.1215307692307692      8.6966666666666678E-02
   0.1218897435897436      8.6928205128205135E-02
   0.1222615384615385      8.7210256410256412E-02
   0.1226205128205128      8.7671794871794897E-02
   0.1227615384615385      8.8043589743589765E-02
   0.1227743589743590      8.8466666666666666E-02
   0.1229282051282051      8.8915384615384646E-02
   0.1230179487179487      8.9338461538461533E-02
   0.1231333333333333      8.9812820512820510E-02
   0.1231974358974359      8.9953846153846190E-02
   0.1232358974358974      9.0082051282051295E-02
   0.1236717948717949      9.0171794871794872E-02
   0.1241205128205128      9.0184615384615377E-02
   0.1245179487179487      9.0005128205128224E-02
   0.1246589743589744      8.9838461538461548E-02
   0.1247871794871795      8.9646153846153848E-02
   0.1252487179487180      8.9684615384615390E-02
   0.1255435897435897      8.9761538461538490E-02
   0.1260564102564102      8.9864102564102571E-02
   0.1264153846153846      8.9620512820512810E-02
   0.1269538461538461      8.9492307692307704E-02
   0.1274666666666667      8.9415384615384605E-02
   0.1278641025641026      8.9389743589743581E-02
   0.1283897435897436      8.9197435897435909E-02
   0.1289666666666667      8.9030769230769233E-02
   0.1293897435897436      8.9017948717948728E-02
   0.1298128205128205      8.9248717948717957E-02
   0.1306076923076923      8.9492307692307704E-02
   0.1310692307692308      8.9530769230769233E-02
   0.1314410256410256      8.9530769230769233E-02
   0.1319282051282051      8.9453846153846162E-02
   0.1324538461538462      8.9351282051282080E-02
   0.1328000000000000      8.9223076923076933E-02
