   8.5223076923076929E-02 -4.4917948717948707E-02
   8.5171794871794868E-02 -4.5148717948717949E-02
   8.5056410256410267E-02 -4.5366666666666666E-02
   8.4979487179487168E-02 -4.5533333333333342E-02
   8.4825641025641038E-02 -4.5712820512820516E-02
   8.4902564102564096E-02 -4.5969230769230776E-02
   8.4787179487179495E-02 -4.6020512820512824E-02
   8.4530769230769229E-02 -4.5905128205128203E-02
   8.4338461538461529E-02 -4.5815384615384619E-02
   8.4005128205128218E-02 -4.5674358974358974E-02
   8.3607692307692313E-02 -4.5379487179487185E-02
   8.3415384615384613E-02 -4.5033333333333335E-02
   8.3402564102564122E-02 -4.4853846153846147E-02
   8.3389743589743631E-02 -4.4700000000000004E-02
   8.3312820512820518E-02 -4.4584615384615382E-02
   8.3133333333333337E-02 -4.4507692307692297E-02
   8.2966666666666675E-02 -4.4507692307692297E-02
   8.2838461538461555E-02 -4.4661538461538461E-02
   8.2723076923076927E-02 -4.4789743589743601E-02
   8.2633333333333350E-02 -4.4905128205128202E-02
   8.2723076923076927E-02 -4.5212820512820509E-02
   8.2646153846153855E-02 -4.5392307692307697E-02
   8.2453846153846141E-02 -4.5623076923076926E-02
   8.2248717948717950E-02 -4.5776923076923076E-02
   8.2171794871794865E-02 -4.5930769230769233E-02
   8.2082051282051288E-02 -4.6110256410256407E-02
   8.1876923076923083E-02 -4.6443589743589746E-02
   8.1812820512820503E-02 -4.6558974358974360E-02
   8.1723076923076940E-02 -4.6712820512820517E-02
   8.1428205128205131E-02 -4.6802564102564108E-02
   8.1107692307692339E-02 -4.6687179487179487E-02
   8.0825641025641035E-02 -4.6482051282051288E-02
   8.0684615384615396E-02 -4.6315384615384612E-02
   8.0530769230769225E-02 -4.6148717948717950E-02
   8.0402564102564106E-02 -4.5879487179487179E-02
   8.0210256410256420E-02 -4.5558974358974359E-02
   8.0120512820512829E-02 -4.5276923076923069E-02
   8.0043589743589758E-02 -4.5058974358974366E-02
   7.9902564102564091E-02 -4.4789743589743601E-02
   7.9800000000000024E-02 -4.4558974358974358E-02
   7.9582051282051286E-02 -4.4366666666666665E-02
   7.9441025641025662E-02 -4.4123076923076925E-02
   7.9248717948717948E-02 -4.3943589743589744E-02
   7.9005128205128214E-02 -4.3994871794871791E-02
   7.8774358974358971E-02 -4.4148717948717962E-02
   7.8607692307692309E-02 -4.4199999999999996E-02
   7.8158974358974384E-02 -4.4046153846153846E-02
   7.7812820512820499E-02 -4.3892307692307689E-02
   7.7671794871794889E-02 -4.3866666666666658E-02
   7.7210256410256417E-02 -4.3738461538461545E-02
   7.6876923076923079E-02 -4.3738461538461545E-02
   7.6492307692307693E-02 -4.3661538461538460E-02
   7.6120512820512826E-02 -4.3558974358974357E-02
   7.5671794871794873E-02 -4.3520512820512829E-02
   7.5300000000000006E-02 -4.3443589743589743E-02
   7.4979487179487186E-02 -4.3507692307692310E-02
   7.4723076923076934E-02 -4.3507692307692310E-02
   7.4300000000000005E-02 -4.3700000000000003E-02
   7.4017948717948728E-02 -4.3930769230769232E-02
   7.3800000000000004E-02 -4.4058974358974365E-02
   7.3543589743589752E-02 -4.4058974358974365E-02
   7.3197435897435909E-02 -4.4033333333333334E-02
   7.2748717948717956E-02 -4.3943589743589744E-02
   7.2441025641025641E-02 -4.3802564102564105E-02
   7.2223076923076931E-02 -4.3507692307692310E-02
   7.2082051282051293E-02 -4.3315384615384624E-02
   7.1902564102564112E-02 -4.3020512820512821E-02
   7.1620512820512822E-02 -4.2879487179487190E-02
   7.1171794871794883E-02 -4.2828205128205128E-02
   7.0710256410256425E-02 -4.2661538461538466E-02
   7.0364102564102568E-02 -4.2558974358974370E-02
   6.9928205128205134E-02 -4.2405128205128206E-02
   6.9966666666666663E-02 -4.2148717948717954E-02
   6.9710256410256410E-02 -4.1828205128205134E-02
   6.9556410256410253E-02 -4.1623076923076929E-02
   6.9030769230769243E-02 -4.1469230769230772E-02
   6.9030769230769243E-02 -4.1648717948717946E-02
   6.8928205128205133E-02 -4.1828205128205134E-02
   6.8825641025641038E-02 -4.2225641025641025E-02
   6.8684615384615386E-02 -4.2546153846153845E-02
   6.8569230769230771E-02 -4.2841025641025647E-02
   6.8479487179487181E-02 -4.3033333333333333E-02
   6.8376923076923085E-02 -4.3187179487179490E-02
   6.8197435897435904E-02 -4.3469230769230767E-02
   6.8005128205128218E-02 -4.3648717948717941E-02
   6.7799999999999999E-02 -4.3674358974358972E-02
   6.7530769230769241E-02 -4.3725641025641027E-02
   6.7287179487179494E-02 -4.3879487179487177E-02
   6.7197435897435903E-02 -4.4123076923076925E-02
   6.7056410256410265E-02 -4.4289743589743580E-02
   6.6838461538461541E-02 -4.4456410256410256E-02
   6.6646153846153855E-02 -4.4610256410256399E-02
   6.6543589743589746E-02 -4.4700000000000004E-02
   6.6402564102564107E-02 -4.4802564102564106E-02
   6.6094871794871807E-02 -4.4982051282051287E-02
   6.5889743589743602E-02 -4.5033333333333335E-02
   6.5658974358974373E-02 -4.4969230769230761E-02
   6.5402564102564106E-02 -4.4815384615384618E-02
   6.5312820512820516E-02 -4.4751282051282044E-02
   6.4979487179487191E-02 -4.4482051282051287E-02
   6.4787179487179491E-02 -4.4225641025641020E-02
   6.4633333333333334E-02 -4.3841025641025648E-02
   6.4492307692307696E-02 -4.3546153846153839E-02
   6.4364102564102577E-02 -4.3276923076923081E-02
   6.4261538461538467E-02 -4.2969230769230773E-02
   6.4171794871794877E-02 -4.2674358974358971E-02
   6.4120512820512829E-02 -4.2315384615384616E-02
   6.3992307692307696E-02 -4.2084615384615387E-02
   6.3594871794871791E-02 -4.1815384615384615E-02
   6.3389743589743586E-02 -4.1661538461538458E-02
   6.2992307692307695E-02 -4.1417948717948717E-02
   6.2812820512820514E-02 -4.1315384615384615E-02
   6.2582051282051285E-02 -4.1238461538461536E-02
   6.2710256410256418E-02 -4.1007692307692307E-02
   6.2851282051282056E-02 -4.0776923076923079E-02
   6.3017948717948719E-02 -4.0635897435897440E-02
   6.3210256410256419E-02 -4.0482051282051276E-02
   6.2966666666666671E-02 -4.0392307692307693E-02
   6.2594871794871804E-02 -4.0430769230769235E-02
   6.2492307692307701E-02 -4.0635897435897440E-02
   6.2402564102564097E-02 -4.0841025641025638E-02
   6.2312820512820506E-02 -4.1046153846153843E-02
   6.2210256410256411E-02 -4.1264102564102567E-02
   6.2107692307692301E-02 -4.1417948717948717E-02
   6.2005128205128206E-02 -4.1546153846153844E-02
   6.1838461538461544E-02 -4.1674358974358977E-02
   6.1594871794871796E-02 -4.1610256410256410E-02
   6.1300000000000000E-02 -4.1571794871794875E-02
   6.0992307692307700E-02 -4.1558974358974356E-02
   6.0338461538461542E-02 -4.1366666666666670E-02
   6.0056410256410238E-02 -4.1328205128205127E-02
   5.9941025641025637E-02 -4.1135897435897434E-02
   5.9902564102564108E-02 -4.0930769230769229E-02
   5.9889743589743590E-02 -4.0764102564102567E-02
   5.9761538461538456E-02 -4.0725641025641024E-02
   5.9453846153846156E-02 -4.0687179487179488E-02
   5.9235897435897432E-02 -4.0635897435897440E-02
   5.8876923076923070E-02 -4.0507692307692307E-02
   5.8607692307692312E-02 -4.0328205128205133E-02
   5.8569230769230769E-02 -4.0071794871794866E-02
   5.8646153846153855E-02 -3.9802564102564102E-02
   5.8748717948717943E-02 -3.9520512820512818E-02
   5.8864102564102572E-02 -3.9264102564102565E-02
   5.8697435897435896E-02 -3.9161538461538463E-02
   5.8492307692307691E-02 -3.9148717948717951E-02
   5.8287179487179493E-02 -3.9289743589743589E-02
   5.8146153846153847E-02 -3.9507692307692313E-02
   5.8082051282051274E-02 -3.9635897435897433E-02
   5.7915384615384612E-02 -3.9943589743589747E-02
   5.7710256410256407E-02 -4.0033333333333337E-02
   5.7492307692307690E-02 -4.0212820512820512E-02
   5.7184615384615389E-02 -4.0353846153846157E-02
   5.6915384615384611E-02 -4.0366666666666669E-02
   5.6620512820512822E-02 -4.0366666666666669E-02
   5.6197435897435900E-02 -4.0276923076923071E-02
   5.5620512820512807E-02 -4.0020512820512825E-02
   5.5300000000000002E-02 -3.9789743589743590E-02
   5.5005128205128200E-02 -3.9507692307692313E-02
   5.4928205128205135E-02 -3.9392307692307692E-02
   5.4799999999999995E-02 -3.9161538461538463E-02
   5.4505128205128206E-02 -3.9033333333333337E-02
   5.4158974358974356E-02 -3.8994871794871794E-02
   5.3556410256410260E-02 -3.8828205128205132E-02
   5.3082051282051283E-02 -3.8738461538461541E-02
   5.2620512820512819E-02 -3.8712820512820510E-02
   5.2248717948717945E-02 -3.8623076923076927E-02
   5.1838461538461535E-02 -3.8482051282051281E-02
   5.1594871794871787E-02 -3.8392307692307691E-02
   5.1274358974358968E-02 -3.8302564102564100E-02
   5.1030769230769234E-02 -3.8199999999999998E-02
   5.0928205128205131E-02 -3.8443589743589746E-02
   5.0864102564102565E-02 -3.8892307692307691E-02
   5.0812820512820503E-02 -3.8994871794871794E-02
   5.0402564102564100E-02 -3.9366666666666668E-02
   5.0287179487179492E-02 -3.9687179487179487E-02
   5.0197435897435895E-02 -4.0058974358974354E-02
   5.0120512820512823E-02 -4.0366666666666669E-02
   4.9966666666666666E-02 -4.0661538461538464E-02
   4.9838461538461533E-02 -4.0892307692307693E-02
   4.9633333333333328E-02 -4.1110256410256410E-02
   4.9376923076923082E-02 -4.1366666666666670E-02
   4.9120512820512822E-02 -4.1507692307692308E-02
   4.9197435897435908E-02 -4.1738461538461537E-02
   4.8876923076923075E-02 -4.1789743589743591E-02
   4.8646153846153846E-02 -4.1841025641025646E-02
   4.8441025641025641E-02 -4.1571794871794875E-02
   4.8261538461538467E-02 -4.1341025641025639E-02
   4.7979487179487190E-02 -4.1097435897435898E-02
   4.7735897435897442E-02 -4.0764102564102567E-02
   4.7582051282051285E-02 -4.0430769230769235E-02
   4.7428205128205121E-02 -4.0097435897435897E-02
   4.7299999999999995E-02 -3.9828205128205132E-02
   4.7197435897435892E-02 -3.9533333333333330E-02
   4.7197435897435892E-02 -3.9199999999999999E-02
   4.7248717948717961E-02 -3.8841025641025644E-02
   4.7312820512820507E-02 -3.8494871794871793E-02
   4.7594871794871797E-02 -3.8071794871794871E-02
   4.7787179487179497E-02 -3.7712820512820516E-02
   4.7928205128205129E-02 -3.7161538461538461E-02
   4.8043589743589750E-02 -3.6776923076923075E-02
   4.8171794871794876E-02 -3.6482051282051280E-02
   4.8223076923076924E-02 -3.6225641025641027E-02
   4.7735897435897442E-02 -3.6007692307692310E-02
   4.7223076923076923E-02 -3.5815384615384617E-02
   4.6838461538461544E-02 -3.5648717948717948E-02
   4.6479487179487182E-02 -3.5494871794871798E-02
   4.6428205128205120E-02 -3.5789743589743593E-02
   4.6287179487179489E-02 -3.6187179487179484E-02
   4.6069230769230772E-02 -3.6699999999999997E-02
   4.5825641025641024E-02 -3.7174358974358973E-02
   4.5415384615384621E-02 -3.7571794871794871E-02
   4.5235897435897447E-02 -3.8020512820512824E-02
   4.5005128205128204E-02 -3.8494871794871793E-02
   4.4633333333333337E-02 -3.9174358974358975E-02
   4.4620512820512812E-02 -3.9725641025641030E-02
   4.4492307692307692E-02 -4.0058974358974354E-02
   4.4389743589743590E-02 -4.0212820512820512E-02
   4.4030769230769227E-02 -4.0251282051282054E-02
   4.3723076923076927E-02 -4.0200000000000000E-02
   4.3287179487179486E-02 -4.0020512820512825E-02
   4.2864102564102564E-02 -3.9789743589743590E-02
   4.2235897435897431E-02 -3.9366666666666668E-02
   4.1812820512820509E-02 -3.9071794871794872E-02
   4.1530769230769232E-02 -3.8623076923076927E-02
   4.1120512820512829E-02 -3.7905128205128209E-02
   4.0979487179487184E-02 -3.7276923076923076E-02
   4.0825641025641020E-02 -3.6597435897435894E-02
   4.0671794871794863E-02 -3.6289743589743587E-02
   4.0376923076923088E-02 -3.6020512820512822E-02
   3.9941025641025640E-02 -3.5687179487179491E-02
   3.9684615384615381E-02 -3.5507692307692310E-02
   3.9030769230769237E-02 -3.5020512820512821E-02
   3.8569230769230772E-02 -3.4674358974358971E-02
   3.8184615384615379E-02 -3.4417948717948718E-02
   3.7710256410256403E-02 -3.3930769230769230E-02
   3.7723076923076922E-02 -3.3635897435897434E-02
   3.7582051282051283E-02 -3.3058974358974355E-02
   3.7300000000000000E-02 -3.2853846153846150E-02
   3.7017948717948716E-02 -3.2712820512820512E-02
   3.6787179487179487E-02 -3.2597435897435897E-02
   3.6466666666666668E-02 -3.2289743589743590E-02
   3.6184615384615385E-02 -3.2123076923076921E-02
   3.5902564102564101E-02 -3.1879487179487180E-02
   3.5582051282051282E-02 -3.1546153846153849E-02
   3.5248717948717950E-02 -3.1302564102564108E-02
   3.4979487179487179E-02 -3.1174358974358975E-02
   3.4569230769230769E-02 -3.1046153846153852E-02
   3.3889743589743587E-02 -3.0866666666666664E-02
   3.3274358974358972E-02 -3.0764102564102568E-02
   3.2799999999999996E-02 -3.0828205128205135E-02
   3.2466666666666665E-02 -3.0943589743589746E-02
   3.2094871794871790E-02 -3.1020512820512824E-02
   3.1543589743589742E-02 -3.0982051282051289E-02
   3.1376923076923073E-02 -3.0623076923076920E-02
   3.1287179487179489E-02 -3.0353846153846162E-02
   3.1235897435897435E-02 -3.0379487179487179E-02
   3.0838461538461537E-02 -3.0597435897435896E-02
   3.0594871794871789E-02 -3.0930769230769237E-02
   3.0389743589743584E-02 -3.1302564102564108E-02
   3.0274358974358970E-02 -3.1687179487179487E-02
   3.0223076923076922E-02 -3.2174358974358976E-02
   3.0056410256410253E-02 -3.2841025641025631E-02
   2.9941025641025645E-02 -3.3392307692307686E-02
   2.9684615384615386E-02 -3.3725641025641025E-02
   2.9479487179487181E-02 -3.4046153846153844E-02
   2.9312820512820512E-02 -3.4238461538461537E-02
   2.9235897435897433E-02 -3.4571794871794868E-02
   2.8851282051282047E-02 -3.4469230769230766E-02
   2.8607692307692299E-02 -3.4712820512820514E-02
   2.8633333333333337E-02 -3.4815384615384616E-02
   2.8710256410256402E-02 -3.5084615384615388E-02
   2.8633333333333337E-02 -3.5392307692307695E-02
   2.8415384615384613E-02 -3.5841025641025641E-02
   2.8274358974358968E-02 -3.6148717948717948E-02
   2.8120512820512825E-02 -3.6392307692307689E-02
   2.8146153846153842E-02 -3.6635897435897437E-02
   2.8492307692307685E-02 -3.7123076923076925E-02
   2.8556410256410251E-02 -3.7417948717948714E-02
   2.8633333333333337E-02 -3.7764102564102564E-02
   2.8441025641025637E-02 -3.7917948717948721E-02
   2.8351282051282047E-02 -3.8148717948717950E-02
   2.8120512820512825E-02 -3.8251282051282053E-02
   2.7992307692307691E-02 -3.8289743589743588E-02
   2.7658974358974360E-02 -3.8238461538461541E-02
   2.7325641025641025E-02 -3.8135897435897438E-02
   2.6876923076923069E-02 -3.8033333333333336E-02
   2.6492307692307693E-02 -3.7879487179487178E-02
   2.6107692307692314E-02 -3.7700000000000004E-02
   2.5838461538461536E-02 -3.7405128205128209E-02
   2.5594871794871788E-02 -3.7058974358974359E-02
   2.5274358974358972E-02 -3.6661538461538461E-02
   2.4671794871794873E-02 -3.6148717948717948E-02
   2.4094871794871797E-02 -3.5661538461538460E-02
   2.3735897435897442E-02 -3.5482051282051286E-02
   2.3261538461538465E-02 -3.4930769230769231E-02
   2.3171794871794871E-02 -3.4405128205128206E-02
   2.3210256410256407E-02 -3.3866666666666663E-02
   2.3235897435897435E-02 -3.3430769230769229E-02
   2.3043589743589742E-02 -3.3110256410256403E-02
   2.2889743589743588E-02 -3.2764102564102560E-02
   2.2684615384615379E-02 -3.2264102564102566E-02
   2.2556410256410257E-02 -3.1802564102564101E-02
   2.2235897435897437E-02 -3.1507692307692306E-02
   2.1851282051282044E-02 -3.1238461538461541E-02
   2.1389743589743587E-02 -3.0917948717948722E-02
   2.0594871794871794E-02 -3.0392307692307691E-02
   2.0030769230769230E-02 -3.0084615384615383E-02
   1.9312820512820517E-02 -2.9751282051282052E-02
   1.8979487179487185E-02 -2.9456410256410256E-02
   1.8723076923076922E-02 -2.9046153846153850E-02
   1.8300000000000004E-02 -2.8469230769230764E-02
   1.8389743589743587E-02 -2.8097435897435893E-02
   1.8056410256410256E-02 -2.7764102564102566E-02
   1.7774358974358972E-02 -2.7482051282051282E-02
   1.7633333333333334E-02 -2.7212820512820514E-02
   1.7223076923076924E-02 -2.6930769230769234E-02
   1.6851282051282050E-02 -2.6853846153846155E-02
   1.6312820512820510E-02 -2.7007692307692309E-02
   1.5748717948717947E-02 -2.7238461538461538E-02
   1.5761538461538462E-02 -2.7520512820512821E-02
   1.5812820512820513E-02 -2.8007692307692306E-02
   1.5902564102564101E-02 -2.8379487179487177E-02
   1.6017948717948718E-02 -2.8648717948717952E-02
   1.6197435897435893E-02 -2.9007692307692311E-02
   1.6158974358974357E-02 -2.9200000000000004E-02
   1.5825641025641029E-02 -2.9161538461538464E-02
   1.5492307692307692E-02 -2.9084615384615382E-02
   1.5146153846153846E-02 -2.9046153846153850E-02
   1.4774358974358975E-02 -2.9046153846153850E-02
   1.4325641025641026E-02 -2.8956410256410259E-02
   1.3825641025641025E-02 -2.8700000000000003E-02
   1.3569230769230769E-02 -2.8341025641025652E-02
   1.3697435897435899E-02 -2.7866666666666665E-02
   1.3800000000000002E-02 -2.7687179487179487E-02
   1.3992307692307691E-02 -2.7558974358974357E-02
   1.4210256410256411E-02 -2.7341025641025640E-02
   1.4351282051282053E-02 -2.7148717948717951E-02
   1.4299999999999998E-02 -2.6905128205128206E-02
   1.3915384615384619E-02 -2.6674358974358978E-02
   1.3864102564102568E-02 -2.6315384615384615E-02
   1.3876923076923077E-02 -2.6020512820512827E-02
   1.3607692307692308E-02 -2.5712820512820513E-02
   1.3261538461538462E-02 -2.5417948717948717E-02
   1.2966666666666666E-02 -2.5020512820512826E-02
   1.2710256410256410E-02 -2.4738461538461539E-02
   1.2466666666666666E-02 -2.4507692307692303E-02
   1.2261538461538464E-02 -2.4174358974358975E-02
   1.2017948717948717E-02 -2.3738461538461542E-02
   1.1915384615384616E-02 -2.3507692307692302E-02
   1.1787179487179488E-02 -2.3046153846153845E-02
   1.1697435897435897E-02 -2.2674358974358974E-02
   1.1582051282051283E-02 -2.2366666666666667E-02
   1.1184615384615385E-02 -2.1930769230769233E-02
   1.1107692307692310E-02 -2.1635897435897437E-02
   1.0992307692307692E-02 -2.1353846153846154E-02
   1.0915384615384615E-02 -2.1187179487179485E-02
   1.0646153846153847E-02 -2.1174358974358976E-02
   9.8256410256410218E-03 -2.0905128205128208E-02
   9.4153846153846154E-03 -2.0700000000000000E-02
   9.0307692307692346E-03 -2.0597435897435897E-02
   8.3641025641025633E-03 -2.0238461538461539E-02
   8.0948717948717951E-03 -2.0007692307692310E-02
   7.7102564102564091E-03 -1.9648717948717948E-02
   7.3512820512820504E-03 -1.9328205128205132E-02
   7.0820512820512806E-03 -1.9212820512820514E-02
   6.4923076923076948E-03 -1.8802564102564100E-02
   5.9666666666666670E-03 -1.8494871794871789E-02
   5.4025641025641016E-03 -1.8084615384615383E-02
   5.1205128205128198E-03 -1.7853846153846154E-02
   4.6974358974358980E-03 -1.7482051282051284E-02
   4.1846153846153838E-03 -1.7187179487179488E-02
   3.7743589743589744E-03 -1.6866666666666669E-02
   3.3512820512820508E-03 -1.6469230769230767E-02
   3.1717948717948715E-03 -1.5956410256410258E-02
   2.9538461538461537E-03 -1.5507692307692307E-02
   2.7743589743589744E-03 -1.5315384615384614E-02
   2.6589743589743591E-03 -1.5494871794871790E-02
   2.5820512820512831E-03 -1.5764102564102565E-02
   2.4794871794871789E-03 -1.5994871794871798E-02
   2.3256410256410251E-03 -1.6084615384615385E-02
   2.0051282051282049E-03 -1.6058974358974357E-02
   1.7102564102564103E-03 -1.5956410256410258E-02
   1.2487179487179491E-03 -1.5969230769230770E-02
   6.3333333333333340E-04 -1.5687179487179490E-02
   4.6666666666666645E-04 -1.5341025641025638E-02
   4.5384615384615364E-04 -1.5020512820512819E-02
   3.8974358974358915E-04 -1.4712820512820511E-02
   1.8461538461538507E-04 -1.4533333333333332E-02
   9.4871794871794531E-05 -1.4405128205128208E-02
  -5.5897435897435876E-04 -1.3892307692307692E-02
  -8.7948717948717987E-04 -1.3520512820512821E-02
  -1.2000000000000001E-03 -1.3341025641025640E-02
  -1.4948717948717950E-03 -1.2879487179487175E-02
  -1.8538461538461541E-03 -1.2430769230769230E-02
  -2.0333333333333332E-03 -1.1892307692307693E-02
  -2.0461538461538460E-03 -1.1494871794871795E-02
  -2.0333333333333332E-03 -1.1020512820512819E-02
  -1.6615384615384617E-03 -1.0610256410256411E-02
  -1.5461538461538464E-03 -1.0200000000000001E-02
  -1.3666666666666666E-03 -9.7128205128205122E-03
  -1.2384615384615385E-03 -9.4692307692307680E-03
  -1.1743589743589745E-03 -9.3923076923076929E-03
  -1.3282051282051284E-03 -9.0076923076923086E-03
  -1.4307692307692309E-03 -8.7128205128205131E-03
  -1.5205128205128208E-03 -8.4307692307692313E-03
  -1.7641025641025640E-03 -7.9307692307692308E-03
  -1.7128205128205129E-03 -7.6743589743589746E-03
  -1.8666666666666669E-03 -7.6102564102564097E-03
  -2.2512820512820514E-03 -7.2897435897435903E-03
  -2.5717948717948720E-03 -6.9051282051282043E-03
  -2.8410256410256410E-03 -6.3153846153846151E-03
  -2.9179487179487179E-03 -5.9307692307692308E-03
  -3.1102564102564105E-03 -5.5589743589743593E-03
  -3.3538461538461539E-03 -5.0461538461538460E-03
  -3.4564102564102568E-03 -4.5205128205128200E-03
  -3.4435897435897440E-03 -4.0717948717948716E-03
  -3.3153846153846150E-03 -3.5333333333333336E-03
  -3.1230769230769229E-03 -3.1743589743589745E-03
  -3.0461538461538464E-03 -2.9307692307692307E-03
  -3.1615384615384617E-03 -2.8025641025641026E-03
  -3.3282051282051282E-03 -2.4051282051282055E-03
  -3.4820512820512824E-03 -2.0461538461538460E-03
  -3.7256410256410258E-03 -1.4948717948717950E-03
  -3.7384615384615386E-03 -9.0512820512820549E-04
  -3.8666666666666671E-03 -3.1538461538461494E-04
  -3.9051282051282051E-03  1.0769230769230734E-04
  -3.8153846153846155E-03  6.0769230769230735E-04
  -3.7256410256410258E-03  8.7692307692307679E-04
  -3.7512820512820514E-03  1.1717948717948723E-03
  -4.0333333333333332E-03  1.4282051282051276E-03
  -4.3666666666666671E-03  1.6205128205128197E-03
  -4.5974358974358986E-03  1.8256410256410256E-03
  -4.6102564102564105E-03  2.1717948717948723E-03
  -4.4179487179487175E-03  2.8512820512820512E-03
  -4.3666666666666671E-03  3.3641025641025636E-03
  -4.3794871794871799E-03  3.8897435897435897E-03
  -4.3923076923076928E-03  4.3000000000000000E-03
  -4.3025641025641031E-03  4.6974358974358980E-03
  -4.2000000000000006E-03  4.9923076923076935E-03
  -4.0846153846153845E-03  5.1846153846153847E-03
  -4.0846153846153845E-03  5.3512820512820521E-03
  -4.1743589743589750E-03  5.5948717948717929E-03
  -4.1871794871794869E-03  5.9153846153846158E-03
  -4.1487179487179485E-03  6.2743589743589744E-03
  -4.1615384615384622E-03  6.5564102564102580E-03
  -4.0974358974358973E-03  6.9794871794871816E-03
  -4.0333333333333332E-03  7.4282051282051290E-03
  -4.3923076923076928E-03  7.7230769230769245E-03
  -4.5333333333333337E-03  8.0820512820512797E-03
  -4.7256410256410258E-03  8.3641025641025633E-03
  -4.9051282051282051E-03  8.6076923076923075E-03
  -4.9435897435897436E-03  8.8256410256410227E-03
  -4.9820512820512820E-03  9.1974358974358985E-03
  -4.8923076923076923E-03  9.4282051282051273E-03
  -4.6743589743589746E-03  9.7230769230769246E-03
  -4.5589743589743593E-03  9.8128205128205134E-03
  -4.0846153846153845E-03  9.8641025641025646E-03
  -4.0589743589743588E-03  1.0351282051282053E-02
  -4.1615384615384622E-03  1.0710256410256408E-02
  -4.1358974358974357E-03  1.1094871794871791E-02
  -4.0846153846153845E-03  1.1389743589743592E-02
  -4.0076923076923076E-03  1.1569230769230771E-02
  -4.1743589743589750E-03  1.2082051282051283E-02
  -4.5076923076923080E-03  1.2748717948717949E-02
  -4.6871794871794874E-03  1.3094871794871793E-02
  -4.7512820512820514E-03  1.3479487179487182E-02
  -4.6230769230769233E-03  1.4069230769230773E-02
  -4.5974358974358986E-03  1.4505128205128207E-02
  -4.7897435897435899E-03  1.4774358974358975E-02
  -4.9564102564102564E-03  1.5094871794871794E-02
  -5.0076923076923076E-03  1.5402564102564105E-02
  -5.0846153846153853E-03  1.5697435897435896E-02
  -4.9051282051282051E-03  1.5941025641025640E-02
  -4.9307692307692308E-03  1.6389743589743589E-02
  -4.9051282051282051E-03  1.6671794871794869E-02
  -4.7512820512820514E-03  1.7017948717948719E-02
  -4.5461538461538456E-03  1.7171794871794873E-02
  -4.2641025641025638E-03  1.7351282051282051E-02
  -4.2256410256410262E-03  1.7658974358974358E-02
  -4.1743589743589750E-03  1.8030769230769229E-02
  -4.1615384615384622E-03  1.8556410256410256E-02
  -4.0333333333333332E-03  1.8697435897435895E-02
  -3.7512820512820514E-03  1.8966666666666666E-02
  -3.7128205128205130E-03  1.9005128205128199E-02
  -3.6743589743589745E-03  1.9274358974358974E-02
  -3.5846153846153849E-03  1.9761538461538462E-02
  -3.4179487179487184E-03  2.0197435897435896E-02
  -3.2000000000000002E-03  2.0684615384615381E-02
  -3.1487179487179489E-03  2.0812820512820511E-02
  -2.9820512820512820E-03  2.1082051282051279E-02
  -2.9820512820512820E-03  2.1338461538461535E-02
  -3.0076923076923076E-03  2.1633333333333338E-02
  -2.9820512820512820E-03  2.1902564102564102E-02
  -2.9051282051282051E-03  2.2171794871794871E-02
  -2.7897435897435898E-03  2.2530769230769233E-02
  -2.6615384615384617E-03  2.2684615384615379E-02
  -2.4692307692307696E-03  2.2812820512820513E-02
  -1.9179487179487179E-03  2.2979487179487178E-02
  -1.7769230769230770E-03  2.3235897435897435E-02
  -1.7512820512820514E-03  2.3633333333333340E-02
  -1.8282051282051284E-03  2.3902564102564097E-02
  -1.8794871794871797E-03  2.4402564102564105E-02
  -1.8153846153846156E-03  2.4825641025641026E-02
  -1.7641025641025640E-03  2.5210256410256409E-02
  -1.7000000000000001E-03  2.5530769230769228E-02
  -1.9307692307692309E-03  2.6005128205128212E-02
  -1.6102564102564105E-03  2.6492307692307693E-02
  -1.2512820512820514E-03  2.7005128205128206E-02
  -1.0333333333333336E-03  2.7094871794871796E-02
  -5.5897435897435876E-04  2.7312820512820513E-02
  -3.2820512820512775E-04  2.7364102564102565E-02
   6.9230769230768912E-05  2.7582051282051281E-02
   4.2820512820512802E-04  2.7928205128205128E-02
   6.9743589743589745E-04  2.8184615384615384E-02
   8.2564102564102555E-04  2.8261538461538456E-02
   1.3641025641025644E-03  2.8351282051282047E-02
   1.6974358974358966E-03  2.8376923076923070E-02
   2.1461538461538467E-03  2.8774358974358968E-02
   2.4794871794871789E-03  2.9197435897435897E-02
   3.0435897435897434E-03  2.9505128205128205E-02
   3.3384615384615380E-03  2.9774358974358969E-02
   3.6461538461538463E-03  3.0069230769230765E-02
   3.7230769230769231E-03  3.0428205128205127E-02
   3.8128205128205119E-03  3.0723076923076922E-02
   3.9025641025641025E-03  3.0864102564102561E-02
   3.8769230769230769E-03  3.0992307692307694E-02
   3.5948717948717950E-03  3.1235897435897435E-02
   3.2358974358974364E-03  3.1607692307692309E-02
   2.9153846153846144E-03  3.2235897435897436E-02
   3.0307692307692305E-03  3.2915384615384610E-02
   3.2743589743589739E-03  3.3441025641025642E-02
   3.2999999999999995E-03  3.4030769230769232E-02
   3.4923076923076926E-03  3.4287179487179485E-02
   3.6717948717948719E-03  3.4941025641025643E-02
   3.8128205128205119E-03  3.5069230769230769E-02
   4.1333333333333326E-03  3.5197435897435896E-02
   4.4923076923076930E-03  3.5761538461538456E-02
   5.0307692307692293E-03  3.6030769230769234E-02
   5.2358974358974377E-03  3.6043589743589746E-02
   5.6076923076923083E-03  3.6158974358974361E-02
   6.0179487179487182E-03  3.6325641025641023E-02
   6.4282051282051281E-03  3.6402564102564101E-02
   6.6974358974358963E-03  3.6543589743589740E-02
   7.0948717948717942E-03  3.6889743589743590E-02
   7.4282051282051290E-03  3.7210256410256409E-02
   7.7487179487179484E-03  3.7492307692307686E-02
   8.1589743589743635E-03  3.7748717948717952E-02
   8.4666666666666657E-03  3.7787179487179481E-02
   8.9410256410256423E-03  3.7812820512820519E-02
   9.3000000000000010E-03  3.7761538461538458E-02
   9.4282051282051273E-03  3.7787179487179481E-02
   9.9666666666666671E-03  3.7748717948717952E-02
   1.0376923076923077E-02  3.7889743589743577E-02
   1.0517948717948719E-02  3.8005128205128205E-02
   1.0607692307692309E-02  3.8287179487179482E-02
   1.0710256410256408E-02  3.8684615384615387E-02
   1.0992307692307692E-02  3.9184615384615380E-02
   1.1210256410256412E-02  3.9517948717948718E-02
   1.1402564102564102E-02  3.9941025641025640E-02
   1.1723076923076921E-02  4.0351282051282043E-02
   1.1902564102564107E-02  4.0569230769230774E-02
   1.2133333333333333E-02  4.0979487179487184E-02
   1.2274358974358978E-02  4.1325641025641027E-02
   1.2351282051282055E-02  4.1415384615384618E-02
   1.2620512820512823E-02  4.1543589743589744E-02
   1.2864102564102564E-02  4.2107692307692297E-02
   1.2915384615384615E-02  4.2210256410256400E-02
   1.3197435897435902E-02  4.2658974358974366E-02
   1.3325641025641028E-02  4.2799999999999998E-02
   1.3582051282051285E-02  4.2966666666666667E-02
   1.3697435897435899E-02  4.3171794871794872E-02
   1.3876923076923077E-02  4.3582051282051268E-02
   1.4005128205128206E-02  4.3851282051282053E-02
   1.3876923076923077E-02  4.4030769230769227E-02
   1.3774358974358974E-02  4.4248717948717944E-02
   1.3774358974358974E-02  4.4466666666666675E-02
   1.3684615384615384E-02  4.4864102564102566E-02
   1.3658974358974363E-02  4.5158974358974348E-02
   1.3492307692307694E-02  4.5530769230769222E-02
   1.3312820512820513E-02  4.5876923076923086E-02
   1.3235897435897434E-02  4.6043589743589748E-02
   1.2992307692307694E-02  4.6633333333333325E-02
   1.3146153846153844E-02  4.7030769230769230E-02
   1.3325641025641028E-02  4.7428205128205121E-02
   1.3594871794871797E-02  4.8056410256410248E-02
   1.3787179487179486E-02  4.8376923076923081E-02
   1.3928205128205131E-02  4.8633333333333341E-02
   1.4043589743589742E-02  4.9235897435897423E-02
   1.4146153846153845E-02  4.9594871794871785E-02
   1.4325641025641026E-02  5.0043589743589752E-02
   1.4376923076923077E-02  5.0210256410256407E-02
   1.4787179487179487E-02  5.0530769230769226E-02
   1.5171794871794873E-02  5.0812820512820503E-02
   1.5402564102564105E-02  5.0825641025641029E-02
   1.5710256410256411E-02  5.0582051282051274E-02
   1.5928205128205124E-02  5.0223076923076926E-02
   1.6005128205128203E-02  4.9928205128205123E-02
   1.6107692307692306E-02  4.9646153846153847E-02
   1.6517948717948712E-02  4.9197435897435908E-02
   1.6966666666666668E-02  4.8710256410256413E-02
   1.7402564102564102E-02  4.8312820512820508E-02
   1.7723076923076921E-02  4.7928205128205129E-02
   1.8017948717948717E-02  4.7492307692307681E-02
   1.8312820512820509E-02  4.6966666666666664E-02
   1.8466666666666669E-02  4.6787179487179482E-02
   1.8851282051282049E-02  4.6415384615384622E-02
   1.9133333333333336E-02  4.6299999999999994E-02
   1.8928205128205134E-02  4.6800000000000001E-02
   1.8799999999999997E-02  4.7223076923076923E-02
   1.8530769230769229E-02  4.7543589743589743E-02
   1.8376923076923075E-02  4.7928205128205129E-02
   1.8338461538461536E-02  4.8415384615384624E-02
   1.8235897435897434E-02  4.8825641025641027E-02
   1.8210256410256410E-02  4.9287179487179485E-02
   1.8274358974358973E-02  4.9864102564102564E-02
   1.8415384615384611E-02  5.0274358974358967E-02
   1.8517948717948721E-02  5.0684615384615390E-02
   1.8594871794871792E-02  5.1082051282051268E-02
   1.8646153846153844E-02  5.1530769230769227E-02
   1.8697435897435895E-02  5.1338461538461541E-02
   1.9082051282051284E-02  5.0941025641025636E-02
   1.9376923076923076E-02  5.0671794871794858E-02
   2.0043589743589742E-02  5.0684615384615390E-02
   1.9941025641025643E-02  5.1338461538461541E-02
   1.9992307692307691E-02  5.1671794871794872E-02
   2.0223076923076923E-02  5.2248717948717945E-02
   2.0671794871794873E-02  5.2864102564102566E-02
   2.0979487179487180E-02  5.3133333333333324E-02
   2.1210256410256412E-02  5.3261538461538457E-02
   2.1530769230769232E-02  5.3338461538461529E-02
   2.1658974358974358E-02  5.2915384615384621E-02
   2.1658974358974358E-02  5.2453846153846143E-02
   2.1787179487179491E-02  5.2005128205128211E-02
   2.2146153846153847E-02  5.1607692307692306E-02
   2.2607692307692308E-02  5.1338461538461541E-02
   2.3069230769230769E-02  5.1274358974358968E-02
   2.3005128205128202E-02  5.1492307692307684E-02
   2.2928205128205127E-02  5.1774358974358975E-02
   2.2825641025641025E-02  5.2171794871794866E-02
   2.2889743589743588E-02  5.2594871794871788E-02
   2.3043589743589742E-02  5.2953846153846150E-02
   2.3146153846153844E-02  5.3210256410256410E-02
   2.3094871794871793E-02  5.3441025641025632E-02
   2.3223076923076923E-02  5.3915384615384622E-02
   2.3389743589743588E-02  5.4146153846153830E-02
   2.3633333333333340E-02  5.4300000000000001E-02
   2.4005128205128210E-02  5.4261538461538458E-02
   2.4492307692307685E-02  5.4133333333333325E-02
   2.4928205128205129E-02  5.3928205128205127E-02
   2.5505128205128205E-02  5.3556410256410260E-02
   2.6056410256410263E-02  5.3133333333333324E-02
   2.6248717948717949E-02  5.3043589743589754E-02
   2.6658974358974352E-02  5.3223076923076929E-02
   2.6582051282051287E-02  5.3658974358974362E-02
   2.6876923076923069E-02  5.4300000000000001E-02
   2.7171794871794875E-02  5.4799999999999995E-02
   2.7082051282051274E-02  5.5441025641025647E-02
   2.7133333333333325E-02  5.5915384615384610E-02
   2.7235897435897438E-02  5.6441025641025648E-02
   2.7376923076923076E-02  5.6902564102564113E-02
   2.7543589743589746E-02  5.7158974358974358E-02
   2.7902564102564101E-02  5.7056410256410256E-02
   2.8312820512820511E-02  5.6800000000000010E-02
   2.8620512820512818E-02  5.6325641025641020E-02
   2.8941025641025638E-02  5.5966666666666672E-02
   2.9146153846153842E-02  5.5723076923076910E-02
   2.9338461538461535E-02  5.5376923076923074E-02
   2.9607692307692307E-02  5.4953846153846166E-02
   3.0043589743589748E-02  5.4620512820512834E-02
   3.0582051282051284E-02  5.4274358974358970E-02
   3.0953846153846151E-02  5.4005128205128212E-02
   3.1428205128205128E-02  5.3607692307692308E-02
   3.2082051282051278E-02  5.3120512820512826E-02
   3.2312820512820514E-02  5.2723076923076921E-02
   3.2723076923076924E-02  5.2197435897435911E-02
   3.2928205128205129E-02  5.2697435897435890E-02
   3.2787179487179491E-02  5.3120512820512826E-02
   3.3376923076923075E-02  5.3402564102564089E-02
   3.3915384615384618E-02  5.3646153846153850E-02
   3.4441025641025642E-02  5.3799999999999994E-02
   3.4799999999999998E-02  5.3864102564102567E-02
   3.5633333333333336E-02  5.4120512820512827E-02
   3.5569230769230763E-02  5.4184615384615373E-02
   3.5094871794871793E-02  5.4505128205128206E-02
   3.4671794871794871E-02  5.4735897435897435E-02
   3.4223076923076926E-02  5.5056410256410268E-02
   3.4030769230769232E-02  5.5287179487179490E-02
   3.3825641025641028E-02  5.5505128205128207E-02
   3.3658974358974358E-02  5.5851282051282064E-02
   3.3658974358974358E-02  5.6261538461538460E-02
   3.3735897435897437E-02  5.6569230769230767E-02
   3.3915384615384618E-02  5.6979487179487184E-02
   3.4094871794871792E-02  5.7171794871794884E-02
   3.4287179487179485E-02  5.7466666666666666E-02
   3.4402564102564100E-02  5.7889743589743595E-02
   3.4441025641025642E-02  5.8171794871794864E-02
   3.4441025641025642E-02  5.8441025641025636E-02
   3.4402564102564100E-02  5.8620512820512810E-02
   3.4235897435897437E-02  5.8966666666666674E-02
   3.4120512820512823E-02  5.9299999999999999E-02
   3.3979487179487178E-02  5.9838461538461542E-02
   3.3979487179487178E-02  6.0287179487179481E-02
   3.3992307692307690E-02  6.0735897435897433E-02
   3.4133333333333335E-02  6.1223076923076929E-02
   3.4415384615384612E-02  6.1607692307692315E-02
   3.4620512820512817E-02  6.1876923076923072E-02
   3.4748717948717950E-02  6.2107692307692301E-02
   3.4902564102564107E-02  6.2261538461538458E-02
   3.5184615384615384E-02  6.2453846153846158E-02
   3.5479487179487179E-02  6.2505128205128213E-02
   3.5864102564102565E-02  6.2479487179487182E-02
   3.5723076923076927E-02  6.2351282051282049E-02
   3.5671794871794865E-02  6.2171794871794868E-02
   3.5582051282051282E-02  6.1800000000000001E-02
   3.5530769230769234E-02  6.1517948717948710E-02
   3.5517948717948722E-02  6.1184615384615386E-02
   3.5517948717948722E-02  6.0889743589743590E-02
   3.5582051282051282E-02  6.0530769230769228E-02
   3.5723076923076927E-02  6.0171794871794866E-02
   3.6235897435897439E-02  5.9658974358974361E-02
   3.6376923076923078E-02  5.9351282051282046E-02
   3.6415384615384613E-02  5.9056410256410258E-02
   3.6351282051282054E-02  5.8697435897435896E-02
   3.6325641025641023E-02  5.8376923076923062E-02
   3.6479487179487180E-02  5.7953846153846154E-02
   3.6851282051282047E-02  5.7658974358974366E-02
   3.7325641025641031E-02  5.7441025641025635E-02
   3.7735897435897441E-02  5.7428205128205123E-02
   3.8197435897435898E-02  5.7338461538461533E-02
   3.8556410256410260E-02  5.7197435897435901E-02
   3.8992307692307694E-02  5.7017948717948713E-02
   3.8697435897435906E-02  5.7325641025641021E-02
   3.8646153846153844E-02  5.7684615384615397E-02
   3.8646153846153844E-02  5.8146153846153847E-02
   3.8607692307692301E-02  5.8710256410256408E-02
   3.8671794871794875E-02  5.9197435897435903E-02
   3.8761538461538465E-02  5.9569230769230756E-02
   3.8915384615384623E-02  5.9992307692307685E-02
   3.9056410256410254E-02  6.0364102564102566E-02
   3.9043589743589742E-02  6.0671794871794867E-02
   3.9389743589743585E-02  6.0441025641025638E-02
   3.9851282051282050E-02  6.0107692307692313E-02
   4.0287179487179484E-02  5.9812820512820504E-02
   4.0876923076923082E-02  5.9479487179487180E-02
   4.1300000000000003E-02  5.9146153846153848E-02
   4.1799999999999997E-02  5.8787179487179486E-02
   4.2158974358974359E-02  5.8492307692307691E-02
   4.2364102564102564E-02  5.8312820512820503E-02
   4.2415384615384605E-02  5.8223076923076933E-02
   4.2594871794871793E-02  5.8389743589743588E-02
   4.3069230769230769E-02  5.8992307692307684E-02
   4.3530769230769234E-02  5.9364102564102551E-02
   4.3902564102564101E-02  5.9723076923076927E-02
   4.4274358974358975E-02  6.0030769230769228E-02
   4.4569230769230764E-02  6.0325641025641023E-02
   4.5069230769230771E-02  6.0607692307692314E-02
   4.5710256410256410E-02  6.0748717948717952E-02
   4.6248717948717946E-02  6.0723076923076928E-02
   4.6710256410256411E-02  6.0530769230769228E-02
   4.6966666666666664E-02  6.0402564102564109E-02
   4.7197435897435892E-02  6.0569230769230771E-02
   4.7415384615384623E-02  6.0876923076923072E-02
   4.7684615384615374E-02  6.1210256410256410E-02
   4.8094871794871791E-02  6.1530769230769229E-02
   4.8428205128205122E-02  6.1710256410256410E-02
   4.8787179487179484E-02  6.1812820512820520E-02
   4.9133333333333321E-02  6.1876923076923072E-02
   4.9261538461538468E-02  6.1928205128205120E-02
   4.9300000000000010E-02  6.2338461538461530E-02
   4.9171794871794863E-02  6.2876923076923080E-02
   4.9146153846153846E-02  6.3184615384615381E-02
   4.9094871794871792E-02  6.3364102564102576E-02
   4.9107692307692304E-02  6.3851282051282057E-02
   4.9287179487179485E-02  6.4312820512820515E-02
   4.9415384615384611E-02  6.4556410256410263E-02
   4.9274358974358966E-02  6.4774358974358986E-02
   4.9582051282051287E-02  6.5043589743589758E-02
   4.9556410256410256E-02  6.5479487179487178E-02
   4.9517948717948713E-02  6.5941025641025650E-02
   4.9530769230769225E-02  6.6620512820512831E-02
   4.9633333333333328E-02  6.7094871794871808E-02
   4.9812820512820516E-02  6.7492307692307699E-02
   4.9864102564102564E-02  6.7851282051282061E-02
   4.9992307692307690E-02  6.8300000000000000E-02
   5.0274358974358967E-02  6.8671794871794881E-02
   5.0671794871794858E-02  6.8800000000000014E-02
   5.1133333333333336E-02  6.8723076923076928E-02
   5.1748717948717944E-02  6.8453846153846157E-02
   5.2094871794871808E-02  6.8146153846153856E-02
   5.2338461538461542E-02  6.7864102564102566E-02
   5.2569230769230771E-02  6.7556410256410265E-02
   5.2620512820512819E-02  6.7171794871794879E-02
   5.2787179487179481E-02  6.6761538461538456E-02
   5.2953846153846150E-02  6.6428205128205131E-02
   5.3120512820512826E-02  6.6120512820512817E-02
   5.3312820512820512E-02  6.5800000000000011E-02
   5.3594871794871789E-02  6.5287179487179492E-02
   5.4017948717948724E-02  6.4864102564102563E-02
   5.4184615384615373E-02  6.4505128205128215E-02
   5.4428205128205127E-02  6.4133333333333348E-02
   5.5261538461538473E-02  6.4530769230769239E-02
   5.6184615384615388E-02  6.5184615384615396E-02
   5.6825641025641027E-02  6.5607692307692311E-02
   5.7453846153846161E-02  6.5876923076923083E-02
   5.7658974358974366E-02  6.5928205128205131E-02
   5.7851282051282052E-02  6.6017948717948721E-02
   5.7966666666666659E-02  6.6325641025641036E-02
   5.8133333333333329E-02  6.6787179487179493E-02
   5.8082051282051274E-02  6.7184615384615384E-02
   5.8248717948717950E-02  6.7364102564102579E-02
   5.8466666666666667E-02  6.7479487179487180E-02
   5.8684615384615370E-02  6.7646153846153856E-02
   5.8966666666666674E-02  6.7864102564102566E-02
   5.9107692307692306E-02  6.8017948717948723E-02
   5.9428205128205132E-02  6.8107692307692314E-02
   5.9838461538461542E-02  6.8210256410256423E-02
   6.0735897435897433E-02  6.8300000000000000E-02
   6.1312820512820505E-02  6.8428205128205133E-02
   6.1607692307692315E-02  6.8620512820512833E-02
   6.2069230769230772E-02  6.8761538461538471E-02
   6.2671794871794875E-02  6.8889743589743591E-02
   6.3376923076923081E-02  6.8915384615384614E-02
   6.4133333333333348E-02  6.9043589743589762E-02
   6.4505128205128215E-02  6.9184615384615386E-02
   6.4838461538461539E-02  6.9415384615384629E-02
   6.5030769230769239E-02  6.9658974358974377E-02
   6.5197435897435901E-02  7.0030769230769244E-02
   6.5517948717948721E-02  7.0364102564102568E-02
   6.5761538461538468E-02  7.0364102564102568E-02
   6.6056410256410264E-02  7.0210256410256411E-02
   6.6582051282051288E-02  7.0351282051282049E-02
   6.6825641025641036E-02  7.0479487179487196E-02
   6.7120512820512832E-02  7.0697435897435906E-02
   6.7569230769230784E-02  7.1017948717948726E-02
   6.7941025641025651E-02  7.1248717948717954E-02
   6.8479487179487181E-02  7.1197435897435893E-02
   6.9107692307692314E-02  7.1107692307692316E-02
