   9.3389743589743585E-02 -4.6494871794871787E-02
   9.3171794871794875E-02 -4.6815384615384606E-02
   9.3158974358974384E-02 -4.7123076923076927E-02
   9.3017948717948704E-02 -4.7494871794871787E-02
   9.2838461538461550E-02 -4.7725641025641030E-02
   9.2710256410256417E-02 -4.7892307692307692E-02
   9.2530769230769236E-02 -4.8110256410256409E-02
   9.2210256410256417E-02 -4.8289743589743597E-02
   9.1902564102564088E-02 -4.8328205128205126E-02
   9.1594871794871802E-02 -4.8264102564102566E-02
   9.1223076923076921E-02 -4.7994871794871795E-02
   9.0851282051282053E-02 -4.7802564102564109E-02
   9.0287179487179500E-02 -4.7533333333333330E-02
   8.9594871794871814E-02 -4.7405128205128204E-02
   8.9261538461538475E-02 -4.7289743589743582E-02
   8.8928205128205137E-02 -4.7251282051282054E-02
   8.8671794871794912E-02 -4.7174358974358982E-02
   8.8325641025641041E-02 -4.7058974358974368E-02
   8.7966666666666679E-02 -4.6917948717948722E-02
   8.7723076923076931E-02 -4.6853846153846149E-02
   8.7658974358974351E-02 -4.6905128205128203E-02
   8.7351282051282064E-02 -4.6982051282051282E-02
   8.6992307692307730E-02 -4.7161538461538470E-02
   8.6569230769230773E-02 -4.7110256410256422E-02
   8.6017948717948711E-02 -4.7007692307692306E-02
   8.5723076923076943E-02 -4.6905128205128203E-02
   8.5338461538461530E-02 -4.6802564102564108E-02
   8.5120512820512848E-02 -4.6674358974358975E-02
   8.4761538461538471E-02 -4.6520512820512817E-02
   8.4223076923076928E-02 -4.6315384615384612E-02
   8.3787179487179494E-02 -4.6161538461538469E-02
   8.3633333333333365E-02 -4.6007692307692305E-02
   8.3197435897435931E-02 -4.5635897435897445E-02
   8.2979487179487180E-02 -4.5366666666666666E-02
   8.2774358974358975E-02 -4.5123076923076925E-02
   8.2505128205128217E-02 -4.4866666666666659E-02
   8.2158974358974388E-02 -4.4725641025641028E-02
   8.1697435897435916E-02 -4.4725641025641028E-02
   8.1492307692307697E-02 -4.4815384615384618E-02
   8.0953846153846168E-02 -4.4982051282051287E-02
   8.0735897435897430E-02 -4.5033333333333335E-02
   8.0441025641025662E-02 -4.5161538461538468E-02
   8.0030769230769266E-02 -4.5289743589743581E-02
   7.9556410256410262E-02 -4.5405128205128209E-02
   7.9197435897435928E-02 -4.5520512820512830E-02
   7.9171794871794876E-02 -4.5533333333333342E-02
   7.8966666666666671E-02 -4.5623076923076926E-02
   7.8851282051282043E-02 -4.5687179487179486E-02
   7.8530769230769237E-02 -4.5802564102564107E-02
   7.8261538461538466E-02 -4.5841025641025650E-02
   7.8030769230769237E-02 -4.5815384615384619E-02
   7.7825641025641032E-02 -4.5725641025641028E-02
   7.7582051282051270E-02 -4.5507692307692311E-02
   7.7492307692307708E-02 -4.5276923076923069E-02
   7.7479487179487189E-02 -4.4994871794871806E-02
   7.7453846153846165E-02 -4.4751282051282044E-02
   7.7235897435897441E-02 -4.4661538461538461E-02
   7.6966666666666669E-02 -4.4687179487179485E-02
   7.6838461538461550E-02 -4.4815384615384618E-02
   7.6748717948717959E-02 -4.4982051282051287E-02
   7.6569230769230778E-02 -4.5187179487179478E-02
   7.6376923076923078E-02 -4.5341025641025642E-02
   7.6248717948717959E-02 -4.5635897435897445E-02
   7.6082051282051283E-02 -4.5930769230769233E-02
   7.5864102564102573E-02 -4.6251282051282053E-02
   7.5671794871794873E-02 -4.6469230769230770E-02
   7.5351282051282067E-02 -4.6776923076923077E-02
   7.5184615384615391E-02 -4.7033333333333323E-02
   7.5056410256410258E-02 -4.7135897435897439E-02
   7.4800000000000005E-02 -4.7251282051282054E-02
   7.4441025641025643E-02 -4.7546153846153856E-02
   7.4146153846153848E-02 -4.7507692307692299E-02
   7.3710256410256414E-02 -4.7328205128205125E-02
   7.3607692307692318E-02 -4.7302564102564101E-02
   7.3530769230769233E-02 -4.7353846153846156E-02
   7.3517948717948714E-02 -4.7546153846153856E-02
   7.3171794871794871E-02 -4.7430769230769228E-02
   7.2453846153846160E-02 -4.7084615384615384E-02
   7.2043589743589750E-02 -4.6853846153846149E-02
   7.1530769230769245E-02 -4.6558974358974360E-02
   7.1235897435897436E-02 -4.6289743589743582E-02
   7.0876923076923087E-02 -4.5969230769230776E-02
   7.0735897435897449E-02 -4.5635897435897445E-02
   7.0466666666666677E-02 -4.5430769230769226E-02
   7.0235897435897449E-02 -4.5264102564102564E-02
   6.9928205128205134E-02 -4.5135897435897437E-02
   6.9864102564102581E-02 -4.5148717948717949E-02
   6.9556410256410253E-02 -4.5264102564102564E-02
   6.9415384615384629E-02 -4.5405128205128209E-02
   6.9043589743589762E-02 -4.5469230769230769E-02
   6.8812820512820519E-02 -4.5315384615384625E-02
   6.8556410256410266E-02 -4.5148717948717949E-02
   6.8184615384615399E-02 -4.4815384615384618E-02
   6.7953846153846156E-02 -4.4482051282051287E-02
   6.7748717948717965E-02 -4.4199999999999996E-02
   6.7415384615384613E-02 -4.3930769230769232E-02
   6.7146153846153855E-02 -4.3571794871794869E-02
   6.6941025641025650E-02 -4.3161538461538460E-02
   6.6723076923076940E-02 -4.2648717948717947E-02
   6.6594871794871793E-02 -4.2225641025641025E-02
   6.6351282051282046E-02 -4.1751282051282049E-02
   6.6043589743589759E-02 -4.1187179487179489E-02
   6.5299999999999997E-02 -4.1020512820512819E-02
   6.4723076923076925E-02 -4.0828205128205126E-02
   6.4351282051282058E-02 -4.0969230769230772E-02
   6.4030769230769238E-02 -4.0994871794871796E-02
   6.3441025641025647E-02 -4.0917948717948717E-02
   6.2915384615384623E-02 -4.0930769230769229E-02
   6.2274358974358977E-02 -4.0917948717948717E-02
   6.1902564102564096E-02 -4.0815384615384614E-02
   6.1261538461538458E-02 -4.0687179487179488E-02
   6.0838461538461529E-02 -4.0571794871794874E-02
   6.0710256410256409E-02 -4.0802564102564103E-02
   6.0582051282051290E-02 -4.1097435897435898E-02
   6.0351282051282047E-02 -4.1366666666666670E-02
   6.0210256410256409E-02 -4.1571794871794875E-02
   6.0120512820512818E-02 -4.1751282051282049E-02
   5.9710256410256408E-02 -4.1738461538461537E-02
   5.9389743589743589E-02 -4.1700000000000001E-02
   5.9017948717948715E-02 -4.1764102564102561E-02
   5.8864102564102572E-02 -4.1853846153846151E-02
   5.8710256410256408E-02 -4.1956410256410254E-02
   5.8453846153846148E-02 -4.2084615384615387E-02
   5.8043589743589745E-02 -4.2084615384615387E-02
   5.7748717948717949E-02 -4.1930769230769237E-02
   5.7517948717948721E-02 -4.1546153846153844E-02
   5.7274358974358973E-02 -4.1341025641025639E-02
   5.7120512820512816E-02 -4.1135897435897434E-02
   5.6928205128205130E-02 -4.0930769230769229E-02
   5.6851282051282051E-02 -4.0764102564102567E-02
   5.6697435897435894E-02 -4.0482051282051276E-02
   5.6876923076923082E-02 -4.0302564102564102E-02
   5.6684615384615382E-02 -4.0135897435897440E-02
   5.6441025641025648E-02 -3.9866666666666661E-02
   5.6197435897435900E-02 -3.9571794871794873E-02
   5.5941025641025641E-02 -3.9353846153846156E-02
   5.5748717948717941E-02 -3.8930769230769234E-02
   5.5171794871794869E-02 -3.8687179487179486E-02
   5.4402564102564104E-02 -3.8443589743589746E-02
   5.3915384615384622E-02 -3.8238461538461541E-02
   5.3338461538461529E-02 -3.7994871794871793E-02
   5.2787179487179481E-02 -3.7841025641025643E-02
   5.2479487179487173E-02 -3.7751282051282052E-02
   5.2594871794871788E-02 -3.8020512820512824E-02
   5.2658974358974348E-02 -3.8225641025641029E-02
   5.2941025641025652E-02 -3.8417948717948722E-02
   5.3197435897435884E-02 -3.8571794871794872E-02
   5.3235897435897427E-02 -3.8789743589743589E-02
   5.2915384615384621E-02 -3.8956410256410258E-02
   5.2735897435897447E-02 -3.9135897435897439E-02
   5.2594871794871788E-02 -3.9315384615384613E-02
   5.2466666666666668E-02 -3.9546153846153849E-02
   5.2402564102564116E-02 -3.9725641025641030E-02
   5.2261538461538470E-02 -3.9943589743589747E-02
   5.1889743589743589E-02 -4.0110256410256409E-02
   5.1607692307692306E-02 -4.0200000000000000E-02
   5.1133333333333336E-02 -4.0264102564102566E-02
   5.0825641025641029E-02 -4.0328205128205133E-02
   5.0620512820512831E-02 -4.0469230769230771E-02
   5.0697435897435902E-02 -4.0841025641025638E-02
   5.0543589743589745E-02 -4.1084615384615386E-02
   5.0338461538461526E-02 -4.1187179487179489E-02
   5.0133333333333321E-02 -4.1289743589743591E-02
   4.9774358974358987E-02 -4.1251282051282048E-02
   4.9415384615384611E-02 -4.1033333333333331E-02
   4.9235897435897423E-02 -4.0635897435897440E-02
   4.9184615384615382E-02 -4.0366666666666669E-02
   4.9120512820512822E-02 -3.9712820512820518E-02
   4.9287179487179485E-02 -3.9302564102564108E-02
   4.9325641025641027E-02 -3.9161538461538463E-02
   4.9133333333333321E-02 -3.8699999999999998E-02
   4.9158974358974365E-02 -3.8328205128205131E-02
   4.9197435897435908E-02 -3.7943589743589745E-02
   4.9274358974358966E-02 -3.7533333333333335E-02
   4.9543589743589744E-02 -3.7315384615384611E-02
   4.9517948717948713E-02 -3.6982051282051287E-02
   4.9312820512820509E-02 -3.7110256410256406E-02
   4.8774358974358972E-02 -3.7225641025641028E-02
   4.8530769230769225E-02 -3.7456410256410257E-02
   4.8274358974358979E-02 -3.7661538461538462E-02
   4.8082051282051293E-02 -3.7982051282051281E-02
   4.7876923076923074E-02 -3.8123076923076926E-02
   4.7607692307692302E-02 -3.8353846153846155E-02
   4.7312820512820507E-02 -3.8623076923076927E-02
   4.7056410256410261E-02 -3.8866666666666667E-02
   4.6838461538461544E-02 -3.9110256410256408E-02
   4.6876923076923073E-02 -3.9366666666666668E-02
   4.6517948717948725E-02 -3.9392307692307692E-02
   4.6223076923076922E-02 -3.8841025641025644E-02
   4.6158974358974363E-02 -3.8341025641025643E-02
   4.6133333333333332E-02 -3.7879487179487178E-02
   4.6133333333333332E-02 -3.7584615384615383E-02
   4.6017948717948717E-02 -3.7148717948717949E-02
   4.5941025641025632E-02 -3.7430769230769233E-02
   4.5774358974358983E-02 -3.7635897435897438E-02
   4.5607692307692307E-02 -3.7815384615384619E-02
   4.5364102564102567E-02 -3.8161538461538462E-02
   4.5248717948717945E-02 -3.8546153846153848E-02
   4.5261538461538464E-02 -3.8969230769230770E-02
   4.5107692307692300E-02 -3.9058974358974360E-02
   4.4966666666666669E-02 -3.9020512820512818E-02
   4.4479487179487180E-02 -3.9033333333333337E-02
   4.4184615384615385E-02 -3.9123076923076920E-02
   4.3812820512820511E-02 -3.9456410256410258E-02
   4.3838461538461541E-02 -3.9841025641025637E-02
   4.3902564102564101E-02 -3.9994871794871795E-02
   4.3799999999999999E-02 -4.0058974358974354E-02
   4.3556410256410265E-02 -4.0033333333333337E-02
   4.3287179487179486E-02 -3.9969230769230764E-02
   4.2697435897435895E-02 -3.9764102564102566E-02
   4.2210256410256400E-02 -3.9417948717948716E-02
   4.2017948717948714E-02 -3.9046153846153848E-02
   4.1941025641025642E-02 -3.8764102564102565E-02
   4.1928205128205123E-02 -3.8546153846153848E-02
   4.1671794871794864E-02 -3.8353846153846155E-02
   4.1441025641025649E-02 -3.8199999999999998E-02
   4.1043589743589744E-02 -3.7969230769230769E-02
   4.0671794871794863E-02 -3.7764102564102564E-02
   4.0402564102564105E-02 -3.7456410256410257E-02
   4.0223076923076924E-02 -3.6969230769230768E-02
   4.0210256410256398E-02 -3.6738461538461539E-02
   4.0005128205128200E-02 -3.6084615384615382E-02
   4.0146153846153838E-02 -3.5648717948717948E-02
   4.0312820512820501E-02 -3.5071794871794876E-02
   4.0415384615384617E-02 -3.4815384615384616E-02
   4.0479487179487190E-02 -3.4597435897435899E-02
   4.0646153846153846E-02 -3.4174358974358970E-02
   4.0428205128205129E-02 -3.4174358974358970E-02
   4.0210256410256398E-02 -3.4482051282051278E-02
   4.0082051282051286E-02 -3.4789743589743585E-02
   3.9966666666666664E-02 -3.5123076923076924E-02
   3.9889743589743579E-02 -3.5494871794871798E-02
   3.9761538461538466E-02 -3.5828205128205129E-02
   3.9646153846153845E-02 -3.6084615384615382E-02
   3.9684615384615381E-02 -3.6430769230769232E-02
   3.9517948717948718E-02 -3.6674358974358973E-02
   3.9300000000000002E-02 -3.6841025641025642E-02
   3.9082051282051285E-02 -3.6879487179487178E-02
   3.8902564102564104E-02 -3.6841025641025642E-02
   3.8517948717948718E-02 -3.6558974358974358E-02
   3.8389743589743584E-02 -3.6379487179487177E-02
   3.8146153846153837E-02 -3.6161538461538460E-02
   3.7915384615384622E-02 -3.5815384615384617E-02
   3.8107692307692308E-02 -3.5366666666666664E-02
   3.8223076923076922E-02 -3.4994871794871790E-02
   3.8479487179487189E-02 -3.4200000000000001E-02
   3.8517948717948718E-02 -3.4071794871794861E-02
   3.8569230769230772E-02 -3.3866666666666663E-02
   3.8453846153846144E-02 -3.3648717948717946E-02
   3.8287179487179482E-02 -3.3430769230769229E-02
   3.7838461538461550E-02 -3.3148717948717960E-02
   3.7517948717948717E-02 -3.3007692307692300E-02
   3.7210256410256409E-02 -3.3046153846153850E-02
   3.6825641025641023E-02 -3.3084615384615379E-02
   3.6402564102564101E-02 -3.3225641025641024E-02
   3.5979487179487173E-02 -3.3392307692307686E-02
   3.5748717948717951E-02 -3.3584615384615386E-02
   3.5543589743589746E-02 -3.4007692307692301E-02
   3.5261538461538462E-02 -3.4366666666666663E-02
   3.5133333333333329E-02 -3.4661538461538466E-02
   3.4838461538461540E-02 -3.5174358974358978E-02
   3.4684615384615383E-02 -3.5443589743589743E-02
   3.4479487179487178E-02 -3.5969230769230767E-02
   3.4261538461538461E-02 -3.6212820512820515E-02
   3.4017948717948721E-02 -3.6443589743589751E-02
   3.3684615384615382E-02 -3.6917948717948720E-02
   3.3607692307692311E-02 -3.7341025641025642E-02
   3.3415384615384618E-02 -3.7828205128205131E-02
   3.2953846153846153E-02 -3.7776923076923076E-02
   3.2376923076923074E-02 -3.7712820512820516E-02
   3.1851282051282050E-02 -3.7687179487179485E-02
   3.1492307692307694E-02 -3.7648717948717950E-02
   3.0710256410256410E-02 -3.7366666666666666E-02
   3.0261538461538465E-02 -3.7148717948717949E-02
   2.9966666666666662E-02 -3.7020512820512823E-02
   2.9428205128205126E-02 -3.6802564102564099E-02
   2.8787179487179480E-02 -3.6635897435897437E-02
   2.8312820512820511E-02 -3.6571794871794870E-02
   2.7735897435897435E-02 -3.6341025641025648E-02
   2.7530769230769230E-02 -3.6200000000000003E-02
   2.7312820512820513E-02 -3.5776923076923074E-02
   2.7261538461538462E-02 -3.5482051282051286E-02
   2.7184615384615377E-02 -3.5199999999999995E-02
   2.7017948717948721E-02 -3.4943589743589749E-02
   2.6800000000000004E-02 -3.4776923076923073E-02
   2.6505128205128205E-02 -3.4584615384615380E-02
   2.6197435897435895E-02 -3.4212820512820513E-02
   2.5748717948717945E-02 -3.4007692307692301E-02
   2.5415384615384614E-02 -3.3841025641025639E-02
   2.5223076923076928E-02 -3.3610256410256410E-02
   2.5056410256410255E-02 -3.3353846153846158E-02
   2.4594871794871798E-02 -3.3097435897435905E-02
   2.4325641025641030E-02 -3.2930769230769243E-02
   2.4107692307692313E-02 -3.2764102564102560E-02
   2.3966666666666660E-02 -3.2328205128205126E-02
   2.3851282051282046E-02 -3.2046153846153842E-02
   2.3594871794871786E-02 -3.1712820512820511E-02
   2.3338461538461537E-02 -3.1379487179487173E-02
   2.3158974358974356E-02 -3.1020512820512824E-02
   2.2864102564102564E-02 -3.0802564102564101E-02
   2.2492307692307693E-02 -3.0533333333333332E-02
   2.2287179487179488E-02 -3.0392307692307691E-02
   2.1953846153846150E-02 -3.0097435897435895E-02
   2.1799999999999993E-02 -2.9776923076923072E-02
   2.1479487179487181E-02 -2.9776923076923072E-02
   2.1299999999999999E-02 -2.9712820512820513E-02
   2.0838461538461535E-02 -2.9623076923076926E-02
   2.0543589743589743E-02 -2.9443589743589745E-02
   2.0274358974358975E-02 -2.9276923076923079E-02
   1.9825641025641026E-02 -2.8994871794871799E-02
   1.9633333333333329E-02 -2.8725641025641031E-02
   1.9389743589743592E-02 -2.8469230769230764E-02
   1.9094871794871800E-02 -2.8276923076923074E-02
   1.8825641025641032E-02 -2.8071794871794870E-02
   1.8607692307692308E-02 -2.7866666666666665E-02
   1.8453846153846154E-02 -2.7712820512820514E-02
   1.8223076923076922E-02 -2.7443589743589743E-02
   1.8325641025641024E-02 -2.7315384615384616E-02
   1.8338461538461536E-02 -2.6969230769230770E-02
   1.8069230769230768E-02 -2.6853846153846155E-02
   1.7735897435897437E-02 -2.6687179487179490E-02
   1.7505128205128204E-02 -2.6520512820512820E-02
   1.7184615384615385E-02 -2.6174358974358977E-02
   1.6864102564102566E-02 -2.5982051282051284E-02
   1.6428205128205128E-02 -2.5725641025641021E-02
   1.6158974358974357E-02 -2.5379487179487181E-02
   1.5928205128205124E-02 -2.5161538461538461E-02
   1.5556410256410259E-02 -2.4905128205128205E-02
   1.5351282051282054E-02 -2.4764102564102563E-02
   1.5171794871794873E-02 -2.4623076923076925E-02
   1.4928205128205132E-02 -2.4430769230769232E-02
   1.4697435897435900E-02 -2.4289743589743593E-02
   1.4441025641025644E-02 -2.4123076923076924E-02
   1.4287179487179490E-02 -2.4007692307692310E-02
   1.4056410256410258E-02 -2.3802564102564105E-02
   1.3864102564102568E-02 -2.3635897435897439E-02
   1.3684615384615384E-02 -2.3469230769230770E-02
   1.3505128205128206E-02 -2.3264102564102565E-02
   1.3415384615384612E-02 -2.3443589743589750E-02
   1.3351282051282056E-02 -2.3687179487179490E-02
   1.3261538461538462E-02 -2.3994871794871794E-02
   1.3235897435897434E-02 -2.4315384615384617E-02
   1.3005128205128206E-02 -2.4648717948717948E-02
   1.2825641025641024E-02 -2.4905128205128205E-02
   1.2248717948717949E-02 -2.4982051282051283E-02
   1.1902564102564107E-02 -2.5161538461538461E-02
   1.1671794871794873E-02 -2.5276923076923079E-02
   1.1171794871794869E-02 -2.5430769230769232E-02
   1.0902564102564107E-02 -2.5443589743589744E-02
   1.0710256410256408E-02 -2.5405128205128202E-02
   1.0530769230769231E-02 -2.5110256410256410E-02
   1.0492307692307691E-02 -2.4712820512820512E-02
   1.0466666666666668E-02 -2.4379487179487180E-02
   1.0300000000000002E-02 -2.4264102564102566E-02
   1.0184615384615384E-02 -2.3982051282051275E-02
   9.6589743589743579E-03 -2.3405128205128200E-02
   9.5564102564102606E-03 -2.3097435897435896E-02
   9.2743589743589719E-03 -2.2853846153846155E-02
   8.9923076923076935E-03 -2.2584615384615384E-02
   8.7871794871794886E-03 -2.2610256410256411E-02
   8.3641025641025633E-03 -2.2687179487179486E-02
   8.0948717948717951E-03 -2.2969230769230773E-02
   7.7102564102564091E-03 -2.3302564102564101E-02
   7.2999999999999992E-03 -2.3443589743589750E-02
   6.9153846153846149E-03 -2.3366666666666668E-02
   6.6974358974358963E-03 -2.3135897435897439E-02
   6.3384615384615376E-03 -2.2892307692307691E-02
   6.1717948717948719E-03 -2.2520512820512820E-02
   6.2358974358974351E-03 -2.2007692307692308E-02
   6.1589743589743600E-03 -2.1687179487179489E-02
   6.0820512820512814E-03 -2.1123076923076922E-02
   6.1461538461538481E-03 -2.0776923076923078E-02
   6.1846153846153839E-03 -2.0610256410256409E-02
   6.1717948717948719E-03 -2.0328205128205133E-02
   6.1974358974358993E-03 -1.9969230769230770E-02
   6.2358974358974351E-03 -1.9738461538461538E-02
   6.0820512820512814E-03 -1.9302564102564104E-02
   6.1846153846153839E-03 -1.8982051282051281E-02
   5.8769230769230765E-03 -1.8661538461538462E-02
   5.6076923076923083E-03 -1.8520512820512824E-02
   5.3641025641025641E-03 -1.8328205128205127E-02
   5.2358974358974377E-03 -1.8238461538461533E-02
   5.0564102564102566E-03 -1.8161538461538465E-02
   4.4666666666666674E-03 -1.7764102564102560E-02
   4.2102564102564095E-03 -1.7597435897435901E-02
   4.0307692307692301E-03 -1.7482051282051284E-02
   3.6846153846153847E-03 -1.7200000000000000E-02
   3.3512820512820508E-03 -1.7007692307692310E-02
   3.0692307692307690E-03 -1.6764102564102566E-02
   2.7615384615384615E-03 -1.6417948717948716E-02
   2.5692307692307703E-03 -1.6161538461538463E-02
   2.4666666666666661E-03 -1.5982051282051282E-02
   2.4410256410256404E-03 -1.5558974358974359E-02
   2.4025641025641020E-03 -1.5212820512820512E-02
   2.4153846153846148E-03 -1.4892307692307693E-02
   2.1846153846153851E-03 -1.4584615384615383E-02
   1.8384615384615384E-03 -1.4289743589743590E-02
   1.6461538461538454E-03 -1.3866666666666668E-02
   1.4538461538461532E-03 -1.3648717948717947E-02
   1.4410256410256404E-03 -1.3392307692307691E-02
   1.1461538461538467E-03 -1.3251282051282053E-02
   7.3589743589743588E-04 -1.2930769230769227E-02
   4.6666666666666645E-04 -1.2661538461538458E-02
   2.2307692307692306E-04 -1.2443589743589745E-02
  -1.8717948717948728E-04 -1.2238461538461540E-02
  -5.9743589743589719E-04 -1.2071794871794871E-02
  -8.7948717948717987E-04 -1.1892307692307693E-02
  -1.0717948717948720E-03 -1.1674358974358973E-02
  -1.2897435897435898E-03 -1.1417948717948717E-02
  -1.3153846153846154E-03 -1.1097435897435897E-02
  -1.3153846153846154E-03 -1.0764102564102564E-02
  -1.4307692307692309E-03 -1.0379487179487180E-02
  -1.5205128205128208E-03 -1.0110256410256410E-02
  -1.5974358974358974E-03 -9.8794871794871796E-03
  -1.8923076923076925E-03 -9.6743589743589747E-03
  -2.1230769230769233E-03 -9.4435897435897424E-03
  -2.3538461538461538E-03 -9.0846153846153854E-03
  -2.5205128205128208E-03 -8.8666666666666668E-03
  -2.6230769230769233E-03 -8.5717948717948713E-03
  -2.6743589743589745E-03 -8.1102564102564102E-03
  -2.7000000000000001E-03 -7.7000000000000002E-03
  -2.6615384615384617E-03 -7.3153846153846160E-03
  -2.7000000000000001E-03 -7.0076923076923085E-03
  -2.9051282051282051E-03 -6.6743589743589737E-03
  -3.0589743589743588E-03 -6.4435897435897432E-03
  -3.2256410256410258E-03 -6.1871794871794870E-03
  -3.2256410256410258E-03 -5.8794871794871795E-03
  -3.2000000000000002E-03 -5.6615384615384618E-03
  -3.4051282051282051E-03 -5.4948717948717953E-03
  -3.5333333333333336E-03 -5.2256410256410254E-03
  -3.6615384615384617E-03 -5.0205128205128204E-03
  -3.7256410256410258E-03 -4.5974358974358986E-03
  -3.6743589743589745E-03 -4.1871794871794869E-03
  -3.5717948717948721E-03 -3.7641025641025642E-03
  -3.5589743589743593E-03 -3.4564102564102568E-03
  -3.4692307692307696E-03 -3.1230769230769229E-03
  -3.4051282051282051E-03 -2.9307692307692307E-03
  -3.2128205128205130E-03 -2.7256410256410258E-03
  -3.0333333333333336E-03 -2.5589743589743592E-03
  -3.1102564102564105E-03 -2.3538461538461538E-03
  -3.1615384615384617E-03 -1.5205128205128208E-03
  -3.2512820512820514E-03 -1.3153846153846154E-03
  -3.4179487179487184E-03 -9.9487179487179516E-04
  -3.7897435897435898E-03 -5.8461538461538481E-04
  -3.9051282051282051E-03 -2.6410256410256414E-04
  -3.8923076923076927E-03  4.3589743589743293E-05
  -3.8025641025641026E-03  2.7435897435897430E-04
  -3.7256410256410258E-03  4.5384615384615364E-04
  -3.7256410256410258E-03  6.5897435897435946E-04
  -3.7384615384615386E-03  9.9230769230769207E-04
  -3.7384615384615386E-03  1.1717948717948723E-03
  -3.4948717948717952E-03  1.5179487179487181E-03
  -3.2769230769230774E-03  1.7871794871794871E-03
  -2.9179487179487179E-03  1.9282051282051272E-03
  -2.9307692307692307E-03  1.9282051282051272E-03
  -3.0974358974358977E-03  2.2102564102564099E-03
  -2.9948717948717952E-03  2.4666666666666661E-03
  -2.8666666666666667E-03  2.7615384615384615E-03
  -2.7384615384615386E-03  3.0948717948717946E-03
  -2.8923076923076923E-03  3.2999999999999995E-03
  -2.9948717948717952E-03  3.5564102564102575E-03
  -3.0717948717948721E-03  3.8512820512820512E-03
  -3.0461538461538464E-03  4.1974358974358975E-03
  -3.3025641025641026E-03  4.5948717948717955E-03
  -3.3025641025641026E-03  4.7615384615384612E-03
  -3.3923076923076927E-03  5.0820512820512805E-03
  -3.4051282051282051E-03  5.4282051282051273E-03
  -3.3282051282051282E-03  5.7230769230769210E-03
  -3.2769230769230774E-03  5.9666666666666670E-03
  -3.3410256410256411E-03  6.2230769230769232E-03
  -3.3666666666666667E-03  6.4153846153846162E-03
  -3.5846153846153849E-03  6.6205128205128212E-03
  -3.7256410256410258E-03  6.5948717948717973E-03
  -3.9948717948717957E-03  6.7743589743589749E-03
  -4.0974358974358973E-03  7.0307692307692311E-03
  -4.2000000000000006E-03  7.3384615384615385E-03
  -4.1743589743589750E-03  7.6205128205128220E-03
  -4.1358974358974357E-03  7.9923076923076927E-03
  -4.1615384615384622E-03  8.2230769230769198E-03
  -4.0589743589743588E-03  8.4794871794871777E-03
  -3.8025641025641026E-03  9.1589743589743627E-03
  -3.7897435897435898E-03  9.3256410256410266E-03
  -3.7897435897435898E-03  9.4538461538461530E-03
  -3.8410256410256411E-03  9.8512820512820527E-03
  -3.8025641025641026E-03  1.0261538461538463E-02
  -3.5461538461538464E-03  1.0376923076923077E-02
  -3.5461538461538464E-03  1.0723076923076922E-02
  -3.5461538461538464E-03  1.0941025641025641E-02
  -3.6102564102564105E-03  1.1043589743589740E-02
  -3.6615384615384617E-03  1.1223076923076926E-02
  -3.8538461538461539E-03  1.1697435897435897E-02
  -3.8794871794871799E-03  1.2146153846153843E-02
  -3.8282051282051283E-03  1.2620512820512823E-02
  -3.9820512820512820E-03  1.3146153846153844E-02
  -4.0076923076923076E-03  1.3505128205128206E-02
  -3.9564102564102564E-03  1.3953846153846155E-02
  -3.9564102564102564E-03  1.4120512820512824E-02
  -3.9435897435897435E-03  1.4235897435897439E-02
  -3.8410256410256411E-03  1.4594871794871797E-02
  -3.6871794871794874E-03  1.4966666666666668E-02
  -3.7128205128205130E-03  1.5005128205128207E-02
  -4.0846153846153845E-03  1.5338461538461539E-02
  -4.0974358974358973E-03  1.5402564102564105E-02
  -4.2897435897435894E-03  1.5825641025641029E-02
  -3.8923076923076927E-03  1.6428205128205128E-02
  -3.7897435897435898E-03  1.6684615384615385E-02
  -3.7128205128205130E-03  1.6774358974358972E-02
  -3.6871794871794874E-03  1.6838461538461538E-02
  -3.4820512820512824E-03  1.7505128205128204E-02
  -3.5461538461538464E-03  1.7671794871794870E-02
  -3.6743589743589745E-03  1.8274358974358973E-02
  -3.9948717948717957E-03  1.8723076923076922E-02
  -4.2256410256410262E-03  1.9300000000000005E-02
  -4.2897435897435894E-03  1.9607692307692309E-02
  -4.3025641025641031E-03  1.9658974358974360E-02
  -4.2512820512820518E-03  1.9915384615384616E-02
  -4.0974358974358973E-03  2.0107692307692302E-02
  -3.5717948717948721E-03  2.0376923076923077E-02
  -3.4179487179487184E-03  2.0594871794871794E-02
  -3.2000000000000002E-03  2.0928205128205129E-02
  -3.0974358974358977E-03  2.1056410256410252E-02
  -2.8410256410256410E-03  2.1248717948717948E-02
  -2.2512820512820514E-03  2.1351282051282051E-02
  -2.2000000000000001E-03  2.1530769230769232E-02
  -2.0846153846153853E-03  2.1799999999999993E-02
  -2.2512820512820514E-03  2.1953846153846150E-02
  -2.4435897435897439E-03  2.2184615384615386E-02
  -2.6230769230769233E-03  2.2441025641025642E-02
  -2.7256410256410258E-03  2.2607692307692308E-02
  -2.8410256410256410E-03  2.3120512820512824E-02
  -2.4179487179487183E-03  2.3402564102564100E-02
  -2.2000000000000001E-03  2.3530769230769234E-02
  -1.6871794871794873E-03  2.3505128205128203E-02
  -1.2512820512820514E-03  2.3594871794871786E-02
  -9.8205128205128235E-04  2.3582051282051278E-02
  -8.4102564102564101E-04  2.3543589743589746E-02
  -5.3333333333333314E-04  2.3543589743589746E-02
  -3.9230769230769267E-04  2.4146153846153848E-02
  -2.7692307692307695E-04  2.4479487179487187E-02
  -1.4871794871794885E-04  2.4774358974358975E-02
   4.3589743589743293E-05  2.4928205128205129E-02
  -1.1025641025641042E-04  2.5389743589743594E-02
  -3.0256410256410257E-04  2.5941025641025638E-02
  -3.1538461538461494E-04  2.6479487179487185E-02
  -5.8974358974359185E-05  2.7158974358974360E-02
   1.8461538461538507E-04  2.7723076923076923E-02
   2.7435897435897430E-04  2.7953846153846152E-02
   4.5384615384615364E-04  2.8120512820512825E-02
   7.8717948717948712E-04  2.8415384615384613E-02
   8.8974358974358960E-04  2.8620512820512818E-02
   9.4102564102564084E-04  2.8953846153846156E-02
   9.9230769230769207E-04  2.9184615384615385E-02
   1.0307692307692305E-03  2.9338461538461535E-02
   1.1333333333333330E-03  2.9723076923076928E-02
   1.2358974358974355E-03  3.0005128205128205E-02
   1.1846153846153851E-03  3.0223076923076922E-02
   1.1717948717948723E-03  3.0505128205128205E-02
   1.3769230769230772E-03  3.1158974358974356E-02
   1.4923076923076917E-03  3.1492307692307694E-02
   1.6589743589743590E-03  3.1966666666666664E-02
   1.8128205128205128E-03  3.2287179487179483E-02
   2.1589743589743595E-03  3.2210256410256412E-02
   2.3256410256410251E-03  3.2325641025641026E-02
   2.8256410256410256E-03  3.2594871794871791E-02
   2.9666666666666665E-03  3.2889743589743593E-02
   3.2999999999999995E-03  3.3082051282051279E-02
   3.7487179487179488E-03  3.3171794871794870E-02
   4.0820512820512814E-03  3.3146153846153846E-02
   4.5692307692307699E-03  3.2992307692307696E-02
   4.3641025641025649E-03  3.3210256410256413E-02
   4.1846153846153838E-03  3.3428205128205130E-02
   4.1076923076923070E-03  3.3723076923076925E-02
   3.8641025641025640E-03  3.4223076923076926E-02
   3.8769230769230769E-03  3.4543589743589745E-02
   4.2102564102564095E-03  3.4889743589743588E-02
   4.5051282051282050E-03  3.5158974358974360E-02
   4.8384615384615397E-03  3.5582051282051282E-02
   5.2102564102564104E-03  3.5941025641025644E-02
   5.2743589743589735E-03  3.6056410256410258E-02
   5.5307692307692297E-03  3.6210256410256408E-02
   5.9025641025641038E-03  3.6312820512820511E-02
   6.2358974358974351E-03  3.6517948717948716E-02
   6.6717948717948724E-03  3.6710256410256409E-02
   7.1333333333333318E-03  3.6941025641025638E-02
   7.2358974358974360E-03  3.6902564102564102E-02
   7.5307692307692315E-03  3.6748717948717945E-02
   7.8512820512820526E-03  3.6582051282051282E-02
   8.1974358974358976E-03  3.6492307692307692E-02
   8.5948717948717956E-03  3.6402564102564101E-02
   8.9666666666666662E-03  3.6120512820512818E-02
   9.1717948717948711E-03  3.6030769230769234E-02
   9.4025641025641000E-03  3.6325641025641023E-02
   9.5179487179487179E-03  3.6658974358974361E-02
   9.6717948717948716E-03  3.7017948717948716E-02
   1.0094871794871792E-02  3.7364102564102560E-02
   1.0415384615384616E-02  3.7569230769230764E-02
   1.0620512820512821E-02  3.7710256410256403E-02
   1.0902564102564107E-02  3.7761538461538458E-02
   1.0543589743589741E-02  3.7928205128205120E-02
   1.0133333333333333E-02  3.8017948717948724E-02
   9.6076923076923119E-03  3.8146153846153837E-02
   9.0820512820512806E-03  3.8530769230769230E-02
   8.5564102564102597E-03  3.9017948717948725E-02
   8.3769230769230752E-03  3.9376923076923073E-02
   8.1333333333333310E-03  3.9941025641025640E-02
   7.9794871794871807E-03  4.0300000000000002E-02
   7.9025641025641039E-03  4.0684615384615382E-02
   8.2230769230769198E-03  4.0941025641025641E-02
   8.8897435897435911E-03  4.1107692307692310E-02
   9.5820512820512811E-03  4.1210256410256413E-02
   9.9666666666666671E-03  4.1325641025641027E-02
   1.0325641025641024E-02  4.1428205128205130E-02
   1.0723076923076922E-02  4.1556410256410263E-02
   1.1069230769230770E-02  4.1582051282051280E-02
   1.1517948717948720E-02  4.1761538461538468E-02
   1.1684615384615385E-02  4.2107692307692297E-02
   1.2030769230769236E-02  4.2620512820512824E-02
   1.2364102564102567E-02  4.2889743589743595E-02
   1.2800000000000001E-02  4.3197435897435903E-02
   1.3197435897435902E-02  4.3364102564102565E-02
   1.3479487179487182E-02  4.3376923076923077E-02
   1.3812820512820517E-02  4.3287179487179486E-02
   1.4094871794871794E-02  4.3210256410256401E-02
   1.4338461538461541E-02  4.3223076923076927E-02
   1.4684615384615385E-02  4.3351282051282046E-02
   1.4928205128205132E-02  4.3582051282051268E-02
   1.5107692307692310E-02  4.3735897435897439E-02
   1.5441025641025641E-02  4.4056410256410258E-02
   1.5658974358974360E-02  4.4171794871794873E-02
   1.5915384615384616E-02  4.4351282051282047E-02
   1.6235897435897435E-02  4.4543589743589740E-02
   1.6312820512820510E-02  4.4710256410256409E-02
   1.6466666666666664E-02  4.4915384615384614E-02
   1.7017948717948719E-02  4.5005128205128204E-02
   1.7312820512820508E-02  4.5005128205128204E-02
   1.7633333333333334E-02  4.5415384615384621E-02
   1.7902564102564102E-02  4.5684615384615386E-02
   1.8030769230769229E-02  4.6107692307692301E-02
   1.8428205128205127E-02  4.6389743589743591E-02
   1.8646153846153844E-02  4.6389743589743591E-02
   1.9210256410256411E-02  4.6338461538461537E-02
   1.9543589743589742E-02  4.6299999999999994E-02
   2.0094871794871794E-02  4.6556410256410254E-02
   2.0453846153846152E-02  4.6761538461538459E-02
   2.0902564102564102E-02  4.6979487179487175E-02
   2.1120512820512818E-02  4.7017948717948718E-02
   2.1735897435897433E-02  4.7146153846153845E-02
   2.1928205128205130E-02  4.7107692307692302E-02
   2.2364102564102564E-02  4.7415384615384623E-02
   2.2684615384615379E-02  4.7941025641025647E-02
   2.3223076923076923E-02  4.8556410256410255E-02
   2.3594871794871786E-02  4.9107692307692304E-02
   2.3799999999999995E-02  4.9505128205128208E-02
   2.3941025641025647E-02  4.9787179487179485E-02
   2.4158974358974364E-02  5.0043589743589752E-02
   2.4389743589743582E-02  5.0261538461538455E-02
   2.4620512820512822E-02  5.0402564102564100E-02
   2.4723076923076924E-02  5.0479487179487172E-02
   2.4594871794871798E-02  5.0607692307692305E-02
   2.4428205128205132E-02  5.0838461538461534E-02
   2.4043589743589742E-02  5.1133333333333336E-02
   2.3915384615384609E-02  5.1428205128205125E-02
   2.3761538461538459E-02  5.2017948717948709E-02
   2.3453846153846152E-02  5.2428205128205126E-02
   2.3171794871794871E-02  5.2812820512820519E-02
   2.2761538461538462E-02  5.3299999999999986E-02
   2.2530769230769233E-02  5.3710256410256417E-02
   2.2415384615384615E-02  5.3979487179487168E-02
   2.2287179487179488E-02  5.4158974358974356E-02
   2.2030769230769232E-02  5.4646153846153851E-02
   2.1889743589743594E-02  5.5210256410256404E-02
   2.1889743589743594E-02  5.5569230769230774E-02
   2.2043589743589744E-02  5.5723076923076910E-02
   2.1966666666666666E-02  5.6069230769230767E-02
   2.1941025641025649E-02  5.6325641025641020E-02
   2.1928205128205130E-02  5.6889743589743587E-02
   2.1838461538461543E-02  5.7453846153846161E-02
   2.2005128205128201E-02  5.7851282051282052E-02
   2.2466666666666663E-02  5.8274358974358960E-02
   2.2710256410256410E-02  5.8441025641025636E-02
   2.3184615384615383E-02  5.8620512820512810E-02
   2.3633333333333340E-02  5.8646153846153855E-02
   2.4017948717948712E-02  5.8428205128205131E-02
   2.4825641025641026E-02  5.8248717948717950E-02
   2.5556410256410256E-02  5.7864102564102571E-02
   2.6248717948717949E-02  5.7582051282051294E-02
   2.6646153846153851E-02  5.7466666666666666E-02
   2.7197435897435899E-02  5.7325641025641021E-02
   2.7441025641025643E-02  5.7235897435897444E-02
   2.7825641025641026E-02  5.6915384615384611E-02
   2.8056410256410251E-02  5.6594871794871791E-02
   2.8338461538461542E-02  5.6402564102564091E-02
   2.8787179487179480E-02  5.6184615384615388E-02
   2.9082051282051283E-02  5.6069230769230767E-02
   2.9479487179487181E-02  5.5902564102564112E-02
   2.9710256410256410E-02  5.5710256410256405E-02
   2.9941025641025645E-02  5.5376923076923074E-02
   3.0402564102564103E-02  5.4966666666666671E-02
   3.0646153846153851E-02  5.4723076923076937E-02
   3.0966666666666663E-02  5.4658974358974363E-02
   3.1235897435897435E-02  5.4582051282051278E-02
   3.1697435897435899E-02  5.4389743589743585E-02
   3.1915384615384616E-02  5.4235897435897427E-02
   3.2082051282051278E-02  5.4082051282051284E-02
   3.2466666666666665E-02  5.3851282051282048E-02
   3.2902564102564105E-02  5.3787179487179489E-02
   3.3133333333333334E-02  5.3774358974358963E-02
   3.3658974358974358E-02  5.4043589743589755E-02
   3.4082051282051280E-02  5.4415384615384629E-02
   3.4351282051282052E-02  5.4774358974358964E-02
   3.4684615384615383E-02  5.5261538461538473E-02
   3.4992307692307691E-02  5.5466666666666671E-02
   3.5466666666666660E-02  5.5505128205128207E-02
   3.5928205128205132E-02  5.5453846153846145E-02
   3.6530769230769228E-02  5.5441025641025647E-02
   3.7158974358974355E-02  5.5312820512820500E-02
   3.7338461538461536E-02  5.5261538461538473E-02
   3.7620512820512819E-02  5.5428205128205128E-02
   3.7979487179487181E-02  5.5684615384615381E-02
   3.8235897435897441E-02  5.5941025641025641E-02
   3.8646153846153844E-02  5.6158974358974344E-02
   3.8966666666666663E-02  5.6299999999999989E-02
   3.9479487179487176E-02  5.6787179487179484E-02
   4.0056410256410255E-02  5.7082051282051287E-02
   4.0325641025641026E-02  5.7351282051282045E-02
   4.0761538461538467E-02  5.7787179487179492E-02
   4.1107692307692310E-02  5.7966666666666659E-02
   4.1312820512820515E-02  5.8351282051282045E-02
   4.1851282051282052E-02  5.8825641025641015E-02
   4.2517948717948721E-02  5.9082051282051275E-02
   4.3043589743589745E-02  5.9094871794871787E-02
   4.3992307692307699E-02  5.9171794871794872E-02
   4.4569230769230764E-02  5.9223076923076934E-02
   4.4902564102564102E-02  5.9389743589743589E-02
   4.5158974358974348E-02  5.9697435897435903E-02
   4.5094871794871788E-02  6.0005128205128218E-02
   4.5107692307692300E-02  6.0620512820512819E-02
   4.5107692307692300E-02  6.1082051282051276E-02
   4.5376923076923079E-02  6.1812820512820520E-02
   4.5787179487179482E-02  6.2094871794871796E-02
   4.6056410256410260E-02  6.2261538461538458E-02
   4.6325641025641025E-02  6.2197435897435892E-02
   4.6838461538461544E-02  6.2056410256410253E-02
   4.7235897435897435E-02  6.1928205128205120E-02
   4.7838461538461531E-02  6.1902564102564096E-02
   4.8223076923076924E-02  6.1876923076923072E-02
   4.8569230769230767E-02  6.1941025641025639E-02
   4.8774358974358972E-02  6.2210256410256411E-02
   4.8838461538461532E-02  6.2351282051282049E-02
   4.8876923076923075E-02  6.2582051282051285E-02
   4.8941025641025648E-02  6.2697435897435913E-02
   4.9171794871794863E-02  6.2748717948717947E-02
   4.9300000000000010E-02  6.2902564102564118E-02
   4.9415384615384611E-02  6.3235897435897442E-02
   4.9594871794871785E-02  6.3453846153846166E-02
   4.9671794871794871E-02  6.4094871794871805E-02
   4.9915384615384618E-02  6.4017948717948719E-02
   5.0325641025641028E-02  6.3941025641025648E-02
   5.0646153846153848E-02  6.3992307692307696E-02
   5.0889743589743588E-02  6.4043589743589743E-02
   5.1210256410256408E-02  6.4210256410256419E-02
   5.1517948717948729E-02  6.4389743589743600E-02
   5.1787179487179487E-02  6.4607692307692324E-02
   5.2312820512820511E-02  6.5210256410256420E-02
   5.2441025641025645E-02  6.5415384615384625E-02
   5.2517948717948716E-02  6.5915384615384612E-02
   5.2735897435897447E-02  6.6133333333333336E-02
   5.3094871794871781E-02  6.6146153846153855E-02
   5.3453846153846157E-02  6.6094871794871807E-02
   5.3966666666666670E-02  6.5979487179487178E-02
   5.4338461538461530E-02  6.5864102564102578E-02
   5.4774358974358964E-02  6.5761538461538468E-02
   5.4838461538461537E-02  6.6017948717948721E-02
   5.4928205128205135E-02  6.6402564102564107E-02
   5.4915384615384609E-02  6.6787179487179493E-02
   5.4953846153846166E-02  6.7274358974358975E-02
   5.5158974358974371E-02  6.7684615384615385E-02
   5.5338461538461531E-02  6.7941025641025651E-02
   5.5466666666666671E-02  6.8235897435897433E-02
   5.5748717948717941E-02  6.8210256410256423E-02
   5.6428205128205143E-02  6.8082051282051290E-02
   5.6787179487179484E-02  6.8043589743589747E-02
   5.7223076923076918E-02  6.8171794871794880E-02
   5.7402564102564092E-02  6.8389743589743604E-02
   5.7505128205128195E-02  6.8723076923076928E-02
   5.7569230769230768E-02  6.9158974358974362E-02
   5.7838461538461540E-02  6.9748717948717953E-02
   5.8043589743589745E-02  6.9979487179487182E-02
   5.8120512820512830E-02  7.0043589743589749E-02
   5.8261538461538462E-02  7.0120512820512820E-02
   5.8748717948717943E-02  7.0210256410256411E-02
   5.9017948717948715E-02  7.0197435897435906E-02
   5.9543589743589732E-02  7.0466666666666677E-02
   5.9915384615384613E-02  7.0569230769230773E-02
   6.0364102564102566E-02  7.0710256410256425E-02
   6.0735897435897433E-02  7.0851282051282063E-02
   6.0876923076923072E-02  7.1146153846153859E-02
   6.1005128205128205E-02  7.1466666666666678E-02
   6.1184615384615386E-02  7.1864102564102569E-02
   6.1364102564102567E-02  7.2248717948717955E-02
   6.1466666666666663E-02  7.2864102564102570E-02
   6.1453846153846158E-02  7.3402564102564113E-02
   6.1505128205128205E-02  7.3774358974358981E-02
   6.1530769230769229E-02  7.4158974358974353E-02
   6.1787179487179482E-02  7.4043589743589752E-02
   6.2210256410256411E-02  7.3928205128205138E-02
   6.2453846153846158E-02  7.3953846153846148E-02
   6.2953846153846152E-02  7.3864102564102571E-02
   6.3402564102564105E-02  7.3582051282051281E-02
   6.3864102564102562E-02  7.3376923076923076E-02
   6.4338461538461553E-02  7.2889743589743594E-02
   6.4556410256410263E-02  7.2492307692307689E-02
   6.4864102564102563E-02  7.2043589743589750E-02
   6.5146153846153854E-02  7.1633333333333341E-02
   6.5517948717948721E-02  7.1082051282051292E-02
   6.5761538461538468E-02  7.0723076923076930E-02
   6.6005128205128216E-02  7.0620512820512821E-02
   6.6428205128205131E-02  7.0556410256410254E-02
   6.6812820512820517E-02  7.0620512820512821E-02
   6.7274358974358975E-02  7.0658974358974364E-02
   6.7492307692307699E-02  7.0825641025641026E-02
   6.7941025641025651E-02  7.1261538461538473E-02
   6.8312820512820518E-02  7.1748717948717955E-02
   6.8620512820512833E-02  7.2261538461538460E-02
   6.8800000000000014E-02  7.2620512820512836E-02
   6.8941025641025652E-02  7.2812820512820522E-02
   6.9517948717948724E-02  7.2646153846153860E-02
   7.0235897435897449E-02  7.2376923076923089E-02
   7.0684615384615401E-02  7.2223076923076931E-02
   7.1582051282051293E-02  7.2453846153846160E-02
   7.2466666666666665E-02  7.2748717948717956E-02
   7.2953846153846161E-02  7.2838461538461546E-02
   7.3210256410256414E-02  7.3069230769230775E-02
   7.3633333333333342E-02  7.3402564102564113E-02
   7.3992307692307691E-02  7.3569230769230776E-02
   7.4466666666666681E-02  7.3684615384615404E-02
   7.4941025641025658E-02  7.3800000000000004E-02
   7.5287179487179487E-02  7.4133333333333343E-02
   7.5748717948717958E-02  7.4479487179487186E-02
   7.6633333333333345E-02  7.4800000000000005E-02
   7.7056410256410274E-02  7.4864102564102572E-02
   7.7389743589743598E-02  7.4966666666666681E-02
   7.7748717948717946E-02  7.4928205128205139E-02
   7.8043589743589756E-02  7.4928205128205139E-02
   7.8376923076923066E-02  7.5030769230769234E-02
   7.8607692307692309E-02  7.5107692307692320E-02
   7.8889743589743599E-02  7.5261538461538463E-02
   7.9171794871794876E-02  7.5517948717948730E-02
   7.9466666666666658E-02  7.5697435897435897E-02
   7.9684615384615395E-02  7.5761538461538477E-02
   8.0043589743589758E-02  7.5761538461538477E-02
   8.0453846153846154E-02  7.5876923076923078E-02
   8.0748717948717963E-02  7.5953846153846163E-02
   8.1146153846153840E-02  7.5992307692307706E-02
   8.1158974358974373E-02  7.6441025641025645E-02
   8.1633333333333336E-02  7.6671794871794874E-02
   8.1864102564102578E-02  7.7069230769230779E-02
   8.2158974358974388E-02  7.7697435897435912E-02
   8.2812820512820504E-02  7.7889743589743599E-02
   8.3338461538461542E-02  7.7979487179487161E-02
   8.3633333333333365E-02  7.7953846153846179E-02
   8.4223076923076928E-02  7.7787179487179503E-02
   8.4812820512820519E-02  7.7492307692307708E-02
   8.5248717948717953E-02  7.7287179487179503E-02
