   7.6838461538461550E-02 -4.3392307692307695E-02
   7.7133333333333332E-02 -4.3943589743589744E-02
   7.7094871794871803E-02 -4.4264102564102563E-02
   7.7030769230769236E-02 -4.4571794871794884E-02
   7.7082051282051284E-02 -4.4738461538461546E-02
   7.7107692307692308E-02 -4.5046153846153847E-02
   7.7107692307692308E-02 -4.5315384615384625E-02
   7.7223076923076936E-02 -4.5841025641025650E-02
   7.7120512820512840E-02 -4.6110256410256407E-02
   7.7082051282051284E-02 -4.6366666666666667E-02
   7.7120512820512840E-02 -4.6687179487179487E-02
   7.7069230769230779E-02 -4.6917948717948722E-02
   7.6979487179487188E-02 -4.7187179487179480E-02
   7.6812820512820526E-02 -4.7494871794871787E-02
   7.6633333333333345E-02 -4.7648717948717945E-02
   7.6338461538461549E-02 -4.7751282051282047E-02
   7.6056410256410259E-02 -4.7623076923076928E-02
   7.5748717948717958E-02 -4.7328205128205125E-02
   7.5517948717948730E-02 -4.7174358974358982E-02
   7.5325641025641030E-02 -4.6815384615384606E-02
   7.4915384615384620E-02 -4.6494871794871787E-02
   7.4838461538461548E-02 -4.6264102564102565E-02
   7.4517948717948729E-02 -4.5815384615384619E-02
   7.4287179487179500E-02 -4.5571794871794871E-02
   7.4043589743589752E-02 -4.5251282051282052E-02
   7.3517948717948714E-02 -4.4687179487179485E-02
   7.3428205128205137E-02 -4.4469230769230768E-02
   7.3261538461538475E-02 -4.4405128205128201E-02
   7.2902564102564099E-02 -4.4199999999999996E-02
   7.2671794871794870E-02 -4.4110256410256406E-02
   7.2389743589743594E-02 -4.4033333333333334E-02
   7.2043589743589750E-02 -4.3930769230769232E-02
   7.1582051282051293E-02 -4.3738461538461545E-02
   7.1120512820512835E-02 -4.3482051282051286E-02
   7.0928205128205135E-02 -4.3289743589743593E-02
   7.0928205128205135E-02 -4.3161538461538460E-02
   7.0748717948717954E-02 -4.3302564102564105E-02
   7.0556410256410254E-02 -4.3392307692307695E-02
   7.0235897435897449E-02 -4.3558974358974357E-02
   7.0017948717948725E-02 -4.3687179487179484E-02
   6.9800000000000001E-02 -4.3712820512820515E-02
   6.9351282051282048E-02 -4.3712820512820515E-02
   6.8979487179487181E-02 -4.3661538461538460E-02
   6.8620512820512833E-02 -4.3520512820512829E-02
   6.8133333333333337E-02 -4.3276923076923081E-02
   6.7364102564102579E-02 -4.2700000000000002E-02
   6.6530769230769241E-02 -4.1943589743589749E-02
   6.6184615384615383E-02 -4.1225641025641024E-02
   6.5864102564102578E-02 -4.0969230769230772E-02
   6.5633333333333349E-02 -4.1007692307692307E-02
   6.5415384615384625E-02 -4.0943589743589741E-02
   6.4787179487179491E-02 -4.0828205128205126E-02
   6.4428205128205129E-02 -4.0930769230769229E-02
   6.4312820512820515E-02 -4.0956410256410260E-02
   6.3979487179487191E-02 -4.1123076923076922E-02
   6.3748717948717962E-02 -4.1289743589743591E-02
   6.3684615384615395E-02 -4.1417948717948717E-02
   6.3389743589743586E-02 -4.1828205128205134E-02
   6.3287179487179490E-02 -4.2084615384615387E-02
   6.3274358974358985E-02 -4.2456410256410268E-02
   6.3171794871794876E-02 -4.2674358974358971E-02
   6.2838461538461551E-02 -4.2584615384615380E-02
   6.2389743589743592E-02 -4.2443589743589749E-02
   6.1825641025641025E-02 -4.2071794871794868E-02
   6.1325641025641024E-02 -4.1776923076923080E-02
   6.1171794871794867E-02 -4.1212820512820512E-02
   6.1107692307692300E-02 -4.0917948717948717E-02
   6.1158974358974362E-02 -4.0674358974358976E-02
   6.1261538461538458E-02 -4.0379487179487174E-02
   6.0966666666666662E-02 -4.0379487179487174E-02
   6.0351282051282047E-02 -4.0456410256410259E-02
   6.0133333333333323E-02 -4.0443589743589747E-02
   5.9658974358974361E-02 -4.0405128205128205E-02
   5.9338461538461527E-02 -4.0405128205128205E-02
   5.9171794871794872E-02 -4.0430769230769235E-02
   5.8671794871794865E-02 -4.0238461538461542E-02
   5.8402564102564107E-02 -3.9943589743589747E-02
   5.8376923076923062E-02 -3.9520512820512818E-02
   5.8158974358974359E-02 -3.9328205128205125E-02
   5.8017948717948728E-02 -3.9315384615384613E-02
   5.7697435897435895E-02 -3.9328205128205125E-02
   5.7453846153846161E-02 -3.9417948717948716E-02
   5.7223076923076918E-02 -3.9558974358974361E-02
   5.7146153846153847E-02 -3.9815384615384621E-02
   5.7005128205128215E-02 -4.0046153846153849E-02
   5.6697435897435894E-02 -4.0187179487179488E-02
   5.6492307692307689E-02 -4.0212820512820512E-02
   5.5812820512820507E-02 -4.0161538461538457E-02
   5.5338461538461531E-02 -4.0097435897435897E-02
   5.4620512820512834E-02 -3.9841025641025637E-02
   5.4171794871794868E-02 -3.9430769230769228E-02
   5.4107692307692322E-02 -3.8776923076923077E-02
   5.3851282051282048E-02 -3.7969230769230769E-02
   5.3543589743589734E-02 -3.7841025641025643E-02
   5.3312820512820512E-02 -3.8046153846153848E-02
   5.3287179487179488E-02 -3.8443589743589746E-02
   5.3197435897435884E-02 -3.8712820512820510E-02
   5.3069230769230764E-02 -3.8943589743589746E-02
   5.2723076923076921E-02 -3.9199999999999999E-02
   5.2351282051282040E-02 -3.9289743589743589E-02
   5.2120512820512825E-02 -3.9328205128205125E-02
   5.1723076923076934E-02 -3.9392307692307692E-02
   5.1389743589743582E-02 -3.9417948717948716E-02
   5.0992307692307691E-02 -3.9353846153846156E-02
   5.0517948717948728E-02 -3.9199999999999999E-02
   4.9966666666666666E-02 -3.8943589743589746E-02
   4.9517948717948713E-02 -3.8610256410256408E-02
   4.9210256410256406E-02 -3.8135897435897438E-02
   4.8966666666666665E-02 -3.7828205128205131E-02
   4.8851282051282044E-02 -3.7725641025641028E-02
   4.8582051282051286E-02 -3.7917948717948721E-02
   4.8543589743589743E-02 -3.8251282051282053E-02
   4.8530769230769225E-02 -3.8469230769230769E-02
   4.8479487179487184E-02 -3.8674358974358974E-02
   4.8325641025641027E-02 -3.9046153846153848E-02
   4.8184615384615388E-02 -3.9276923076923077E-02
   4.7889743589743586E-02 -3.9174358974358975E-02
   4.7979487179487190E-02 -3.8879487179487179E-02
   4.8120512820512822E-02 -3.8507692307692305E-02
   4.8248717948717948E-02 -3.8238461538461541E-02
   4.8389743589743579E-02 -3.7841025641025643E-02
   4.8492307692307682E-02 -3.7443589743589745E-02
   4.8543589743589743E-02 -3.7212820512820509E-02
   4.8620512820512829E-02 -3.6917948717948720E-02
   4.8582051282051286E-02 -3.7110256410256406E-02
   4.8466666666666665E-02 -3.7366666666666666E-02
   4.8376923076923081E-02 -3.7571794871794871E-02
   4.8274358974358979E-02 -3.7841025641025643E-02
   4.8171794871794876E-02 -3.8097435897435895E-02
   4.8030769230769231E-02 -3.8430769230769234E-02
   4.7864102564102569E-02 -3.8764102564102565E-02
   4.7723076923076931E-02 -3.9033333333333337E-02
   4.7582051282051285E-02 -3.9238461538461542E-02
   4.7402564102564097E-02 -3.9392307692307692E-02
   4.7299999999999995E-02 -3.9558974358974361E-02
   4.7197435897435892E-02 -3.9866666666666661E-02
   4.7248717948717961E-02 -4.0148717948717952E-02
   4.7299999999999995E-02 -4.0469230769230771E-02
   4.7299999999999995E-02 -4.0866666666666669E-02
   4.7005128205128206E-02 -4.1110256410256410E-02
   4.6902564102564104E-02 -4.1264102564102567E-02
   4.6684615384615373E-02 -4.1405128205128205E-02
   4.6453846153846151E-02 -4.1417948717948717E-02
   4.6069230769230772E-02 -4.1289743589743591E-02
   4.5851282051282055E-02 -4.1135897435897434E-02
   4.5748717948717953E-02 -4.1238461538461536E-02
   4.5530769230769222E-02 -4.1264102564102567E-02
   4.5184615384615379E-02 -4.1161538461538465E-02
   4.4876923076923085E-02 -4.0841025641025638E-02
   4.4620512820512812E-02 -4.0623076923076921E-02
   4.4441025641025637E-02 -4.0315384615384614E-02
   4.4300000000000006E-02 -3.9982051282051283E-02
   4.4351282051282047E-02 -3.9776923076923078E-02
   4.4248717948717944E-02 -3.9469230769230770E-02
   4.4184615384615385E-02 -3.9097435897435896E-02
   4.4120512820512818E-02 -3.8802564102564101E-02
   4.4094871794871801E-02 -3.8392307692307691E-02
   4.4056410256410258E-02 -3.8661538461538462E-02
   4.4171794871794873E-02 -3.9084615384615384E-02
   4.4158974358974361E-02 -3.9341025641025644E-02
   4.3876923076923070E-02 -3.9623076923076928E-02
   4.3530769230769234E-02 -3.9853846153846156E-02
   4.3351282051282046E-02 -4.0174358974358969E-02
   4.3556410256410265E-02 -4.0533333333333338E-02
   4.3684615384615384E-02 -4.0828205128205126E-02
   4.3658974358974367E-02 -4.1238461538461536E-02
   4.3351282051282046E-02 -4.1520512820512820E-02
   4.2979487179487172E-02 -4.1597435897435898E-02
   4.2351282051282045E-02 -4.1469230769230772E-02
   4.2030769230769226E-02 -4.1392307692307694E-02
   4.1761538461538468E-02 -4.1212820512820512E-02
   4.1158974358974358E-02 -4.0828205128205126E-02
   4.1056410256410256E-02 -4.0507692307692307E-02
   4.0928205128205122E-02 -4.0264102564102566E-02
   4.0633333333333334E-02 -3.9815384615384621E-02
   4.0441025641025648E-02 -3.9353846153846156E-02
   4.0441025641025648E-02 -3.8879487179487179E-02
   4.0582051282051286E-02 -3.8225641025641029E-02
   4.0902564102564105E-02 -3.7841025641025643E-02
   4.0902564102564105E-02 -3.7097435897435894E-02
   4.0979487179487184E-02 -3.6494871794871792E-02
   4.0902564102564105E-02 -3.6123076923076924E-02
   4.0928205128205122E-02 -3.5533333333333333E-02
   4.0582051282051286E-02 -3.5879487179487177E-02
   4.0017948717948712E-02 -3.6379487179487177E-02
   3.9620512820512821E-02 -3.6699999999999997E-02
   3.9274358974358971E-02 -3.7071794871794871E-02
   3.9107692307692309E-02 -3.7302564102564106E-02
   3.8800000000000008E-02 -3.7546153846153847E-02
   3.8723076923076923E-02 -3.7738461538461540E-02
   3.8915384615384623E-02 -3.7917948717948721E-02
   3.9082051282051285E-02 -3.8264102564102564E-02
   3.9235897435897442E-02 -3.8648717948717951E-02
   3.9146153846153837E-02 -3.8969230769230770E-02
   3.8953846153846151E-02 -3.9187179487179487E-02
   3.8684615384615387E-02 -3.9302564102564108E-02
   3.8184615384615379E-02 -3.9405128205128211E-02
   3.7633333333333338E-02 -3.9328205128205125E-02
   3.7146153846153843E-02 -3.9238461538461542E-02
   3.6825641025641023E-02 -3.8943589743589746E-02
   3.6620512820512818E-02 -3.8661538461538462E-02
   3.6299999999999999E-02 -3.8187179487179486E-02
   3.6017948717948715E-02 -3.7982051282051281E-02
   3.5851282051282053E-02 -3.7853846153846155E-02
   3.5466666666666660E-02 -3.7969230769230769E-02
   3.5133333333333329E-02 -3.7994871794871793E-02
   3.4774358974358974E-02 -3.8097435897435895E-02
   3.4428205128205130E-02 -3.8174358974358974E-02
   3.4056410256410256E-02 -3.8251282051282053E-02
   3.3671794871794870E-02 -3.8174358974358974E-02
   3.3364102564102563E-02 -3.8007692307692312E-02
   3.2992307692307696E-02 -3.7712820512820516E-02
   3.2684615384615388E-02 -3.7276923076923076E-02
   3.2466666666666665E-02 -3.6725641025641027E-02
   3.2492307692307688E-02 -3.6212820512820515E-02
   3.2633333333333334E-02 -3.5764102564102562E-02
   3.2748717948717948E-02 -3.4930769230769231E-02
   3.2787179487179491E-02 -3.4328205128205135E-02
   3.2851282051282051E-02 -3.4033333333333332E-02
   3.2902564102564105E-02 -3.3366666666666663E-02
   3.2748717948717948E-02 -3.3494871794871796E-02
   3.2620512820512822E-02 -3.3866666666666663E-02
   3.2569230769230767E-02 -3.4212820512820513E-02
   3.2505128205128200E-02 -3.4597435897435899E-02
   3.2453846153846153E-02 -3.4905128205128207E-02
   3.2351282051282050E-02 -3.5174358974358978E-02
   3.2082051282051278E-02 -3.5058974358974357E-02
   3.1825641025641026E-02 -3.4982051282051285E-02
   3.1300000000000001E-02 -3.4853846153846159E-02
   3.0953846153846151E-02 -3.4815384615384616E-02
   3.0325641025641024E-02 -3.4725641025641026E-02
   2.9966666666666662E-02 -3.4635897435897442E-02
   2.9633333333333331E-02 -3.4341025641025646E-02
   2.9453846153846150E-02 -3.4135897435897435E-02
   2.9107692307692307E-02 -3.3866666666666663E-02
   2.9005128205128204E-02 -3.3584615384615386E-02
   2.8761538461538456E-02 -3.3584615384615386E-02
   2.8441025641025637E-02 -3.3494871794871796E-02
   2.8120512820512825E-02 -3.3264102564102567E-02
   2.7543589743589746E-02 -3.2712820512820512E-02
   2.6838461538461540E-02 -3.2148717948717945E-02
   2.6312820512820512E-02 -3.1815384615384613E-02
   2.5979487179487181E-02 -3.1366666666666668E-02
   2.5761538461538461E-02 -3.0712820512820517E-02
   2.5556410256410256E-02 -3.0276923076923076E-02
   2.5364102564102563E-02 -2.9905128205128206E-02
   2.5158974358974358E-02 -2.9802564102564103E-02
   2.4774358974358975E-02 -2.9597435897435898E-02
   2.4415384615384617E-02 -2.9251282051282058E-02
   2.4158974358974364E-02 -2.9148717948717952E-02
   2.3787179487179493E-02 -2.8982051282051287E-02
   2.3594871794871786E-02 -2.8879487179487184E-02
   2.3184615384615383E-02 -2.8674358974358972E-02
   2.2517948717948717E-02 -2.8405128205128211E-02
   2.1851282051282044E-02 -2.8174358974358972E-02
   2.1120512820512818E-02 -2.7687179487179487E-02
   2.0312820512820511E-02 -2.7161538461538463E-02
   1.9889743589743592E-02 -2.6905128205128206E-02
   1.9210256410256411E-02 -2.6674358974358978E-02
   1.8287179487179485E-02 -2.6097435897435899E-02
   1.7774358974358972E-02 -2.5648717948717949E-02
   1.7441025641025641E-02 -2.5328205128205130E-02
   1.7146153846153842E-02 -2.5058974358974358E-02
   1.6761538461538463E-02 -2.4802564102564102E-02
   1.6466666666666664E-02 -2.4661538461538464E-02
   1.6248717948717947E-02 -2.4571794871794873E-02
   1.6158974358974357E-02 -2.4405128205128208E-02
   1.5992307692307688E-02 -2.4199999999999999E-02
   1.5723076923076919E-02 -2.4251282051282051E-02
   1.5210256410256412E-02 -2.4302564102564102E-02
   1.4684615384615385E-02 -2.4110256410256412E-02
   1.4402564102564104E-02 -2.3815384615384613E-02
   1.4210256410256411E-02 -2.3687179487179490E-02
   1.3941025641025640E-02 -2.3648717948717955E-02
   1.3428205128205131E-02 -2.3751282051282054E-02
   1.3082051282051281E-02 -2.3828205128205129E-02
   1.2710256410256410E-02 -2.3905128205128207E-02
   1.2210256410256413E-02 -2.4007692307692310E-02
   1.1851282051282056E-02 -2.4020512820512825E-02
   1.1338461538461539E-02 -2.3982051282051275E-02
   1.0505128205128209E-02 -2.3738461538461542E-02
   1.0210256410256411E-02 -2.3610256410256412E-02
   9.6333333333333340E-03 -2.3264102564102565E-02
   9.1461538461538473E-03 -2.2789743589743588E-02
   8.8769230769230739E-03 -2.2264102564102564E-02
   8.6461538461538468E-03 -2.1841025641025642E-02
   8.4794871794871777E-03 -2.1443589743589744E-02
   8.4538461538461555E-03 -2.1148717948717949E-02
   8.2615384615384608E-03 -2.0943589743589744E-02
   8.0820512820512797E-03 -2.0661538461538460E-02
   7.9153846153846141E-03 -2.0123076923076924E-02
   7.7230769230769245E-03 -1.9841025641025641E-02
   7.2999999999999992E-03 -1.8982051282051281E-02
   7.0307692307692311E-03 -1.8930769230769230E-02
   6.6974358974358963E-03 -1.8994871794871797E-02
   6.2487179487179505E-03 -1.8969230769230769E-02
   5.5948717948717929E-03 -1.8982051282051281E-02
   4.7230769230769236E-03 -1.8892307692307694E-02
   4.3128205128205119E-03 -1.8828205128205128E-02
   3.9025641025641025E-03 -1.8623076923076926E-02
   3.2358974358974364E-03 -1.8264102564102568E-02
   2.6333333333333334E-03 -1.7674358974358980E-02
   2.5692307692307703E-03 -1.7264102564102567E-02
   2.7358974358974359E-03 -1.6956410256410259E-02
   2.6846153846153847E-03 -1.6866666666666669E-02
   2.1205128205128211E-03 -1.6033333333333333E-02
   1.9794871794871793E-03 -1.5289743589743587E-02
   1.8384615384615384E-03 -1.4892307692307693E-02
   1.5692307692307685E-03 -1.4789743589743590E-02
   1.0179487179487177E-03 -1.4456410256410255E-02
   5.8205128205128173E-04 -1.3994871794871794E-02
   3.3846153846153835E-04 -1.3456410256410254E-02
   8.2564102564102555E-04 -1.2853846153846155E-02
   9.0256410256410241E-04 -1.2507692307692308E-02
   6.8461538461538508E-04 -1.2084615384615383E-02
   4.7948717948717925E-04 -1.1725641025641024E-02
   3.8974358974358915E-04 -1.1212820512820512E-02
   3.6410256410256353E-04 -1.0635897435897436E-02
   1.9743589743589744E-04 -1.0110256410256410E-02
   4.3589743589743293E-05 -9.4692307692307680E-03
  -3.6666666666666705E-04 -9.1102564102564110E-03
  -8.1538461538461582E-04 -8.8410256410256412E-03
  -1.1871794871794873E-03 -8.5717948717948713E-03
  -1.4564102564102565E-03 -8.3153846153846134E-03
  -2.1487179487179489E-03 -7.7641025641025634E-03
  -2.4692307692307696E-03 -7.2128205128205135E-03
  -2.4435897435897439E-03 -6.3794871794871800E-03
  -2.5974358974358977E-03 -5.9820512820512820E-03
  -2.6358974358974361E-03 -5.4307692307692303E-03
  -2.5846153846153849E-03 -4.8538461538461539E-03
  -2.3666666666666667E-03 -3.8794871794871799E-03
  -2.0717948717948720E-03 -3.5717948717948721E-03
  -1.9948717948717947E-03 -3.4051282051282051E-03
  -2.0461538461538460E-03 -3.0076923076923076E-03
  -2.1743589743589745E-03 -2.5205128205128208E-03
  -2.1871794871794873E-03 -1.8794871794871797E-03
  -2.5076923076923080E-03 -1.5461538461538464E-03
  -2.5974358974358977E-03 -1.0333333333333336E-03
  -2.7384615384615386E-03 -7.6410256410256372E-04
  -2.8025641025641026E-03 -3.0256410256410257E-04
  -3.0205128205128208E-03  3.0769230769230049E-05
  -3.2256410256410258E-03  3.7692307692307634E-04
  -3.3282051282051282E-03  9.0256410256410241E-04
  -3.2000000000000002E-03  1.3128205128205123E-03
  -2.9948717948717952E-03  1.7358974358974359E-03
  -2.7769230769230770E-03  1.9923076923076921E-03
  -2.9564102564102563E-03  2.1205128205128211E-03
  -2.8282051282051282E-03  2.4794871794871789E-03
  -2.8282051282051282E-03  2.7487179487179487E-03
  -2.9948717948717952E-03  3.0564102564102562E-03
  -3.1487179487179489E-03  3.6205128205128207E-03
  -3.1230769230769229E-03  4.0692307692307694E-03
  -3.0333333333333336E-03  4.3897435897435905E-03
  -3.2000000000000002E-03  4.7871794871794885E-03
  -3.1615384615384617E-03  5.4025641025641016E-03
  -3.1102564102564105E-03  5.6846153846153834E-03
  -3.2641025641025642E-03  5.8384615384615372E-03
  -3.4435897435897440E-03  6.2358974358974351E-03
  -3.5717948717948721E-03  6.5948717948717973E-03
  -3.6871794871794874E-03  6.8512820512820517E-03
  -3.5974358974358977E-03  7.2358974358974360E-03
  -3.3923076923076927E-03  7.7999999999999996E-03
  -3.4564102564102568E-03  8.4923076923076931E-03
  -3.4307692307692312E-03  8.8641025641025637E-03
  -3.3410256410256411E-03  9.4282051282051273E-03
  -3.2769230769230774E-03  9.6589743589743579E-03
  -3.5846153846153849E-03  9.9025641025641056E-03
  -3.7000000000000002E-03  1.0338461538461538E-02
  -3.5846153846153849E-03  1.0979487179487180E-02
  -3.4564102564102568E-03  1.1351282051282054E-02
  -3.3923076923076927E-03  1.1582051282051283E-02
  -3.5076923076923080E-03  1.1697435897435897E-02
  -3.6358974358974365E-03  1.2082051282051283E-02
  -3.5205128205128208E-03  1.2364102564102567E-02
  -3.3538461538461539E-03  1.2607692307692308E-02
  -3.4435897435897440E-03  1.2876923076923076E-02
  -3.4307692307692312E-03  1.3300000000000005E-02
  -3.4692307692307696E-03  1.3697435897435899E-02
  -3.0846153846153849E-03  1.4248717948717947E-02
  -2.9564102564102563E-03  1.4569230769230770E-02
  -2.7128205128205130E-03  1.4928205128205132E-02
  -2.4435897435897439E-03  1.5402564102564105E-02
  -2.2000000000000001E-03  1.5799999999999998E-02
  -2.2384615384615386E-03  1.6287179487179487E-02
  -2.2000000000000001E-03  1.6646153846153845E-02
  -2.5846153846153849E-03  1.6658974358974361E-02
  -2.9179487179487179E-03  1.6684615384615385E-02
  -3.1871794871794873E-03  1.6710256410256408E-02
  -3.5333333333333336E-03  1.7017948717948719E-02
  -3.8666666666666671E-03  1.7274358974358976E-02
  -4.2384615384615382E-03  1.7607692307692307E-02
  -4.4948717948717944E-03  1.7953846153846154E-02
  -4.2128205128205126E-03  1.8120512820512819E-02
  -3.9564102564102564E-03  1.8633333333333328E-02
  -3.9820512820512820E-03  1.9056410256410250E-02
  -4.0333333333333332E-03  1.9556410256410257E-02
  -3.7769230769230770E-03  1.9902564102564101E-02
  -3.6358974358974365E-03  2.0492307692307692E-02
  -3.4435897435897440E-03  2.0735897435897432E-02
  -3.2256410256410258E-03  2.1210256410256412E-02
  -3.1102564102564105E-03  2.1389743589743587E-02
  -3.1871794871794873E-03  2.1646153846153839E-02
  -3.4051282051282051E-03  2.2402564102564103E-02
  -3.2641025641025642E-03  2.2812820512820513E-02
  -2.8794871794871795E-03  2.3158974358974356E-02
  -2.5461538461538464E-03  2.3415384615384616E-02
  -1.9051282051282053E-03  2.3684615384615391E-02
  -1.3025641025641026E-03  2.3684615384615391E-02
  -7.6410256410256372E-04  2.3607692307692305E-02
   3.0769230769230049E-05  2.3466666666666663E-02
   4.2820512820512802E-04  2.3248717948717947E-02
   7.1025641025641026E-04  2.3210256410256407E-02
   7.9999999999999993E-04  2.3428205128205124E-02
   7.6153846153846150E-04  2.3607692307692305E-02
   7.1025641025641026E-04  2.3876923076923073E-02
   7.6153846153846150E-04  2.4184615384615381E-02
   9.0256410256410241E-04  2.4633333333333333E-02
   6.9743589743589745E-04  2.5005128205128204E-02
   6.3333333333333340E-04  2.5364102564102563E-02
   1.0307692307692305E-03  2.6017948717948713E-02
   1.3897435897435900E-03  2.6505128205128205E-02
   1.9666666666666665E-03  2.6800000000000004E-02
   2.3384615384615380E-03  2.7069230769230773E-02
   2.6461538461538463E-03  2.7171794871794875E-02
   2.4410256410256404E-03  2.7376923076923076E-02
   2.2358974358974355E-03  2.7710256410256411E-02
   2.0179487179487177E-03  2.8287179487179480E-02
   1.9923076923076921E-03  2.9030769230769228E-02
   2.1333333333333339E-03  2.9543589743589740E-02
   2.1333333333333339E-03  3.0005128205128205E-02
   2.3128205128205123E-03  3.0505128205128205E-02
   2.6846153846153847E-03  3.0992307692307694E-02
   2.7871794871794872E-03  3.1248717948717947E-02
   2.9538461538461537E-03  3.1735897435897435E-02
   3.0051282051282049E-03  3.2133333333333333E-02
   3.1333333333333330E-03  3.2607692307692303E-02
   3.6589743589743591E-03  3.3107692307692310E-02
   3.9538461538461533E-03  3.3453846153846153E-02
   4.4025641025641025E-03  3.3607692307692311E-02
   4.8384615384615397E-03  3.3658974358974358E-02
   5.0435897435897430E-03  3.3620512820512823E-02
   5.2871794871794872E-03  3.3620512820512823E-02
   5.6717948717948715E-03  3.3582051282051280E-02
   5.9666666666666670E-03  3.3671794871794870E-02
   6.1717948717948719E-03  3.4094871794871792E-02
   6.5307692307692306E-03  3.4492307692307690E-02
   6.6717948717948724E-03  3.4697435897435895E-02
   6.6974358974358963E-03  3.5210256410256414E-02
   7.0435897435897447E-03  3.5607692307692305E-02
   7.4153846153846171E-03  3.5607692307692305E-02
   7.6333333333333357E-03  3.5941025641025644E-02
   7.8769230769230782E-03  3.6299999999999999E-02
   8.3769230769230752E-03  3.6607692307692306E-02
   8.5948717948717956E-03  3.6941025641025638E-02
   8.9410256410256423E-03  3.7043589743589740E-02
   9.2871794871794890E-03  3.7082051282051283E-02
   9.5307692307692298E-03  3.7274358974358969E-02
   9.8769230769230748E-03  3.7607692307692300E-02
   1.0261538461538463E-02  3.7710256410256403E-02
   1.0697435897435896E-02  3.7876923076923065E-02
   1.1030769230769235E-02  3.8376923076923086E-02
   1.1402564102564102E-02  3.8864102564102561E-02
   1.1723076923076921E-02  3.9094871794871797E-02
   1.2069230769230768E-02  3.9569230769230759E-02
   1.2351282051282055E-02  3.9902564102564098E-02
   1.2723076923076922E-02  3.9915384615384623E-02
   1.3107692307692308E-02  4.0017948717948712E-02
   1.3684615384615384E-02  4.0056410256410255E-02
   1.4158974358974360E-02  4.0184615384615381E-02
   1.4082051282051285E-02  4.0338461538461545E-02
   1.4120512820512824E-02  4.0928205128205122E-02
   1.4428205128205128E-02  4.1505128205128201E-02
   1.4735897435897436E-02  4.1761538461538468E-02
   1.5261538461538464E-02  4.2120512820512816E-02
   1.5543589743589744E-02  4.2402564102564107E-02
   1.5364102564102566E-02  4.2543589743589745E-02
   1.5146153846153846E-02  4.2941025641025643E-02
   1.4876923076923078E-02  4.3312820512820503E-02
   1.4774358974358975E-02  4.3787179487179480E-02
   1.4723076923076924E-02  4.4235897435897432E-02
   1.4876923076923078E-02  4.5146153846153843E-02
   1.5082051282051282E-02  4.5479487179487181E-02
   1.5441025641025641E-02  4.6107692307692301E-02
   1.5761538461538462E-02  4.6428205128205120E-02
   1.6056410256410254E-02  4.7005128205128206E-02
   1.6287179487179487E-02  4.7287179487179483E-02
   1.6710256410256408E-02  4.7517948717948726E-02
   1.6979487179487177E-02  4.7671794871794869E-02
   1.7415384615384610E-02  4.7928205128205129E-02
   1.7671794871794870E-02  4.8043589743589750E-02
   1.7992307692307689E-02  4.8043589743589750E-02
   1.8594871794871792E-02  4.8030769230769231E-02
   1.9171794871794871E-02  4.7902564102564105E-02
   1.9812820512820514E-02  4.7723076923076931E-02
   2.0594871794871794E-02  4.7376923076923066E-02
   2.1120512820512818E-02  4.7056410256410261E-02
   2.1223076923076921E-02  4.7184615384615380E-02
   2.1133333333333330E-02  4.7530769230769224E-02
   2.1094871794871795E-02  4.8120512820512822E-02
   2.1235897435897433E-02  4.8441025641025641E-02
   2.1402564102564102E-02  4.8697435897435887E-02
   2.1787179487179491E-02  4.9210256410256406E-02
   2.2030769230769232E-02  4.9351282051282051E-02
   2.2235897435897437E-02  4.9376923076923082E-02
   2.2069230769230768E-02  4.9684615384615390E-02
   2.2107692307692311E-02  5.0082051282051294E-02
   2.2287179487179488E-02  5.0543589743589745E-02
   2.2594871794871796E-02  5.0851282051282046E-02
   2.3017948717948718E-02  5.0966666666666667E-02
   2.3364102564102564E-02  5.1056410256410265E-02
   2.3697435897435892E-02  5.1389743589743582E-02
   2.3928205128205125E-02  5.1710256410256401E-02
   2.4235897435897425E-02  5.2261538461538470E-02
   2.4376923076923081E-02  5.2543589743589747E-02
   2.4620512820512822E-02  5.2915384615384621E-02
   2.4735897435897432E-02  5.3171794871794867E-02
   2.4838461538461538E-02  5.3556410256410260E-02
   2.5082051282051283E-02  5.3799999999999994E-02
   2.5492307692307693E-02  5.4005128205128212E-02
   2.5697435897435894E-02  5.4184615384615373E-02
   2.5812820512820512E-02  5.4582051282051278E-02
   2.6056410256410263E-02  5.5146153846153845E-02
   2.6325641025641024E-02  5.5633333333333333E-02
   2.6517948717948721E-02  5.5889743589743586E-02
   2.6902564102564107E-02  5.6415384615384617E-02
   2.7415384615384616E-02  5.6800000000000010E-02
   2.7684615384615384E-02  5.7299999999999990E-02
   2.8069230769230763E-02  5.7992307692307697E-02
   2.8428205128205132E-02  5.8389743589743588E-02
   2.8697435897435904E-02  5.8389743589743588E-02
   2.9056410256410259E-02  5.8389743589743588E-02
   2.9325641025641024E-02  5.7953846153846154E-02
   2.9505128205128205E-02  5.7466666666666666E-02
   2.9787179487179488E-02  5.7235897435897444E-02
   3.0107692307692308E-02  5.6838461538461553E-02
   3.0364102564102567E-02  5.7351282051282045E-02
   3.0671794871794875E-02  5.8082051282051274E-02
   3.1325641025641025E-02  5.8825641025641015E-02
   3.1530769230769230E-02  5.9223076923076934E-02
   3.1928205128205128E-02  5.9428205128205132E-02
   3.1979487179487176E-02  5.9761538461538456E-02
   3.1941025641025647E-02  6.0171794871794866E-02
   3.1582051282051278E-02  6.0620512820512819E-02
   3.1928205128205128E-02  6.0735897435897433E-02
   3.2697435897435893E-02  6.0966666666666662E-02
   3.3197435897435901E-02  6.0992307692307700E-02
   3.3787179487179485E-02  6.0979487179487181E-02
   3.5030769230769226E-02  6.0748717948717952E-02
   3.5492307692307691E-02  6.0389743589743590E-02
   3.5812820512820510E-02  5.9915384615384613E-02
   3.5864102564102565E-02  5.9697435897435903E-02
   3.6312820512820511E-02  5.9479487179487180E-02
   3.6543589743589740E-02  5.9325641025641022E-02
   3.6851282051282047E-02  5.8812820512820510E-02
   3.7069230769230764E-02  5.8133333333333329E-02
   3.7069230769230764E-02  5.7684615384615397E-02
   3.7466666666666662E-02  5.6941025641025628E-02
   3.8005128205128205E-02  5.6376923076923074E-02
   3.8864102564102561E-02  5.5582051282051279E-02
   3.8953846153846151E-02  5.5697435897435907E-02
   3.9017948717948725E-02  5.6146153846153846E-02
   3.8941025641025639E-02  5.6287179487179491E-02
   3.8492307692307687E-02  5.6710256410256406E-02
   3.8658974358974363E-02  5.6979487179487184E-02
   3.8851282051282049E-02  5.7351282051282045E-02
   3.9325641025641025E-02  5.7453846153846161E-02
   3.9889743589743579E-02  5.7492307692307690E-02
   4.0428205128205129E-02  5.7543589743589751E-02
   4.0876923076923082E-02  5.7633333333333321E-02
   4.0864102564102563E-02  5.7915384615384612E-02
   4.0864102564102563E-02  5.8389743589743588E-02
   4.0941025641025641E-02  5.8953846153846141E-02
   4.1274358974358973E-02  5.9402564102564108E-02
   4.1735897435897437E-02  5.9376923076923070E-02
   4.2133333333333328E-02  5.9312820512820504E-02
   4.2671794871794864E-02  5.9223076923076934E-02
   4.3056410256410257E-02  5.9120512820512831E-02
   4.3748717948717951E-02  5.8825641025641015E-02
   4.3441025641025650E-02  5.9133333333333329E-02
   4.3441025641025650E-02  5.9505128205128204E-02
   4.3517948717948722E-02  5.9979487179487166E-02
   4.3838461538461541E-02  6.0389743589743590E-02
   4.4248717948717944E-02  6.0287179487179481E-02
   4.4748717948717938E-02  6.0492307692307686E-02
   4.4787179487179481E-02  6.0787179487179495E-02
   4.5287179487179481E-02  6.0594871794871795E-02
   4.5787179487179482E-02  6.0312820512820518E-02
   4.5979487179487188E-02  6.0261538461538443E-02
   4.6287179487179489E-02  6.0517948717948723E-02
   4.6582051282051284E-02  6.0658974358974362E-02
   4.6800000000000001E-02  6.0697435897435890E-02
   4.6838461538461544E-02  6.1184615384615386E-02
   4.6710256410256411E-02  6.1594871794871796E-02
   4.6543589743589742E-02  6.1992307692307687E-02
   4.6530769230769223E-02  6.2248717948717953E-02
   4.6966666666666664E-02  6.2466666666666663E-02
   4.7505128205128200E-02  6.2607692307692309E-02
   4.7992307692307688E-02  6.2735897435897442E-02
   4.8300000000000010E-02  6.2864102564102575E-02
   4.8838461538461532E-02  6.2902564102564118E-02
   4.9479487179487185E-02  6.2774358974358971E-02
   5.0094871794871793E-02  6.2594871794871804E-02
   5.0735897435897431E-02  6.2376923076923073E-02
   5.1261538461538469E-02  6.2248717948717953E-02
   5.1133333333333336E-02  6.2517948717948718E-02
   5.1094871794871793E-02  6.2992307692307695E-02
   5.0979487179487179E-02  6.3376923076923081E-02
   5.0825641025641029E-02  6.3876923076923081E-02
   5.0774358974358960E-02  6.4556410256410263E-02
   5.0889743589743588E-02  6.5094871794871792E-02
   5.0992307692307691E-02  6.5364102564102564E-02
   5.1171794871794865E-02  6.6017948717948721E-02
   5.1056410256410265E-02  6.6517948717948722E-02
   5.0774358974358960E-02  6.6928205128205145E-02
   5.0658974358974360E-02  6.7338461538461555E-02
   5.0530769230769226E-02  6.7864102564102566E-02
   5.0556410256410257E-02  6.8158974358974361E-02
   5.0787179487179486E-02  6.8658974358974362E-02
   5.1312820512820510E-02  6.8915384615384614E-02
   5.1671794871794872E-02  6.9184615384615386E-02
   5.2389743589743583E-02  6.9197435897435905E-02
   5.2966666666666655E-02  6.8966666666666676E-02
   5.3530769230769222E-02  6.8569230769230771E-02
   5.4030769230769222E-02  6.8184615384615399E-02
   5.4389743589743585E-02  6.7620512820512818E-02
   5.4235897435897427E-02  6.7120512820512832E-02
   5.4607692307692308E-02  6.6530769230769241E-02
   5.5082051282051285E-02  6.5838461538461554E-02
   5.5338461538461531E-02  6.5338461538461540E-02
   5.5723076923076910E-02  6.4941025641025649E-02
   5.6671794871794877E-02  6.5235897435897444E-02
   5.7633333333333321E-02  6.5774358974358973E-02
   5.8941025641025643E-02  6.6223076923076926E-02
   6.0133333333333323E-02  6.6697435897435903E-02
   6.0530769230769228E-02  6.6941025641025650E-02
   6.0351282051282047E-02  6.7453846153846156E-02
   6.0223076923076914E-02  6.7838461538461542E-02
   6.0210256410256409E-02  6.8210256410256423E-02
   6.0069230769230771E-02  6.8684615384615386E-02
   5.9864102564102566E-02  6.9082051282051291E-02
   5.9761538461538456E-02  6.9530769230769229E-02
   5.9812820512820504E-02  6.9992307692307701E-02
   6.0261538461538443E-02  7.0364102564102568E-02
   6.0517948717948723E-02  7.0492307692307701E-02
   6.0864102564102567E-02  7.0569230769230773E-02
   6.1133333333333324E-02  7.0825641025641026E-02
   6.1415384615384615E-02  7.0825641025641026E-02
   6.1941025641025639E-02  7.0594871794871797E-02
   6.2287179487179496E-02  7.0389743589743592E-02
   6.3415384615384623E-02  7.0184615384615387E-02
   6.4197435897435901E-02  6.9992307692307701E-02
   6.4953846153846154E-02  6.9723076923076929E-02
   6.5620512820512830E-02  6.9569230769230772E-02
   6.5928205128205131E-02  6.9479487179487182E-02
   6.6774358974358974E-02  6.9774358974358977E-02
   6.7633333333333337E-02  7.0261538461538472E-02
   6.8710256410256410E-02  7.0582051282051278E-02
   6.9005128205128219E-02  7.0992307692307688E-02
   6.8787179487179495E-02  7.1376923076923088E-02
   6.8723076923076928E-02  7.1761538461538474E-02
   6.8851282051282062E-02  7.1915384615384617E-02
   6.9441025641025653E-02  7.2094871794871798E-02
   6.9992307692307701E-02  7.2210256410256426E-02
   7.0479487179487196E-02  7.2530769230769232E-02
   7.0851282051282063E-02  7.2684615384615389E-02
   7.1210256410256412E-02  7.2646153846153860E-02
   7.1761538461538474E-02  7.2569230769230775E-02
   7.2146153846153860E-02  7.2402564102564113E-02
   7.2466666666666665E-02  7.2646153846153860E-02
   7.2928205128205137E-02  7.3069230769230775E-02
   7.3389743589743595E-02  7.3389743589743595E-02
   7.3915384615384619E-02  7.3671794871794885E-02
   7.4453846153846162E-02  7.3761538461538462E-02
   7.4851282051282053E-02  7.3838461538461547E-02
   7.5235897435897439E-02  7.3928205128205138E-02
   7.5761538461538477E-02  7.4056410256410271E-02
   7.6312820512820512E-02  7.4287179487179500E-02
   7.6889743589743598E-02  7.4492307692307705E-02
   7.7761538461538479E-02  7.4761538461538463E-02
   7.8594871794871818E-02  7.4992307692307691E-02
   7.9300000000000009E-02  7.5120512820512825E-02
   7.9953846153846167E-02  7.5287179487179487E-02
   8.1697435897435916E-02  7.5671794871794873E-02
   8.1838461538461540E-02  7.6235897435897440E-02
   8.1889743589743602E-02  7.6864102564102574E-02
   8.2197435897435916E-02  7.7556410256410274E-02
   8.2774358974358975E-02  7.8005128205128213E-02
   8.3300000000000013E-02  7.7941025641025632E-02
   8.3556410256410266E-02  7.7774358974358970E-02
   8.3787179487179494E-02  7.7415384615384622E-02
   8.4120512820512833E-02  7.7517948717948718E-02
   8.4479487179487209E-02  7.7466666666666684E-02
   8.5017948717948724E-02  7.7312820512820513E-02
   8.5441025641025653E-02  7.7120512820512840E-02
