   9.7376923076923111E-02 -4.7084615384615384E-02
   9.7120512820512803E-02 -4.7148717948717951E-02
   9.6838461538461512E-02 -4.7071794871794866E-02
   9.6620512820512830E-02 -4.7097435897435896E-02
   9.6389743589743601E-02 -4.7058974358974368E-02
   9.6158974358974345E-02 -4.7058974358974368E-02
   9.5979487179487191E-02 -4.7110256410256422E-02
   9.5800000000000010E-02 -4.7238461538461528E-02
   9.5299999999999996E-02 -4.7302564102564101E-02
   9.5171794871794876E-02 -4.7353846153846156E-02
   9.4876923076923067E-02 -4.7405128205128204E-02
   9.4569230769230780E-02 -4.7341025641025644E-02
   9.4338461538461552E-02 -4.7482051282051289E-02
   9.4235897435897456E-02 -4.7648717948717945E-02
   9.4056410256410247E-02 -4.7751282051282047E-02
   9.3838461538461551E-02 -4.7738461538461549E-02
   9.3671794871794875E-02 -4.7507692307692299E-02
   9.3479487179487189E-02 -4.7315384615384627E-02
   9.3389743589743585E-02 -4.7020512820512825E-02
   9.3325641025641046E-02 -4.6879487179487180E-02
   9.3261538461538465E-02 -4.6533333333333343E-02
   9.3197435897435885E-02 -4.6635897435897446E-02
   9.3120512820512855E-02 -4.6789743589743589E-02
   9.3030769230769236E-02 -4.7007692307692306E-02
   9.2966666666666684E-02 -4.7123076923076927E-02
   9.2838461538461550E-02 -4.7302564102564101E-02
   9.2505128205128198E-02 -4.7341025641025644E-02
   9.2287179487179502E-02 -4.7315384615384627E-02
   9.1838461538461577E-02 -4.7199999999999999E-02
   9.1723076923076935E-02 -4.7187179487179480E-02
   9.1620512820512826E-02 -4.7328205128205125E-02
   9.1479487179487201E-02 -4.7533333333333330E-02
   9.1325641025641030E-02 -4.7571794871794873E-02
   9.1030769230769221E-02 -4.7507692307692299E-02
   9.0761538461538491E-02 -4.7520512820512832E-02
   9.0441025641025657E-02 -4.7520512820512832E-02
   9.0056410256410244E-02 -4.7187179487179480E-02
   8.9953846153846190E-02 -4.7046153846153849E-02
   8.9915384615384619E-02 -4.6841025641025651E-02
   8.9825641025641015E-02 -4.6648717948717944E-02
   8.9607692307692319E-02 -4.6417948717948715E-02
   8.9428205128205138E-02 -4.6264102564102565E-02
   8.9248717948717957E-02 -4.5994871794871793E-02
   8.9171794871794871E-02 -4.6135897435897438E-02
   8.9107692307692346E-02 -4.6482051282051288E-02
   8.9017948717948728E-02 -4.6841025641025651E-02
   8.8992307692307704E-02 -4.7071794871794866E-02
   8.8864102564102571E-02 -4.7443589743589747E-02
   8.8787179487179499E-02 -4.7674358974358975E-02
   8.8607692307692318E-02 -4.7917948717948723E-02
   8.8441025641025670E-02 -4.8071794871794866E-02
   8.8248717948717956E-02 -4.8200000000000000E-02
   8.8043589743589765E-02 -4.8379487179487174E-02
   8.7928205128205136E-02 -4.8648717948717946E-02
   8.7864102564102556E-02 -4.9007692307692308E-02
   8.7979487179487184E-02 -4.9482051282051277E-02
   8.7928205128205136E-02 -4.9725641025641025E-02
   8.7902564102564085E-02 -4.9956410256410254E-02
   8.7812820512820522E-02 -5.0225641025641025E-02
   8.7633333333333369E-02 -5.0046153846153851E-02
   8.7479487179487198E-02 -4.9892307692307680E-02
   8.7415384615384617E-02 -4.9584615384615380E-02
   8.7299999999999989E-02 -4.9533333333333346E-02
   8.7082051282051293E-02 -4.9251282051282042E-02
   8.6774358974358978E-02 -4.8776923076923079E-02
   8.6633333333333354E-02 -4.8366666666666669E-02
   8.6453846153846145E-02 -4.8174358974358969E-02
   8.6133333333333340E-02 -4.7866666666666662E-02
   8.5928205128205135E-02 -4.7635897435897433E-02
   8.5594871794871810E-02 -4.7225641025641023E-02
   8.5569230769230772E-02 -4.6853846153846149E-02
   8.5402564102564110E-02 -4.6392307692307684E-02
   8.5389743589743577E-02 -4.6110256410256407E-02
   8.5184615384615373E-02 -4.6071794871794865E-02
   8.4979487179487168E-02 -4.6071794871794865E-02
   8.4812820512820519E-02 -4.6443589743589746E-02
   8.4582051282051290E-02 -4.6879487179487180E-02
   8.4376923076923085E-02 -4.7289743589743582E-02
   8.4184615384615386E-02 -4.7507692307692299E-02
   8.4235897435897475E-02 -4.7853846153846163E-02
   8.4158974358974362E-02 -4.8033333333333338E-02
   8.3966666666666676E-02 -4.8161538461538471E-02
   8.3825641025641023E-02 -4.8161538461538471E-02
   8.3735897435897447E-02 -4.8379487179487174E-02
   8.3684615384615399E-02 -4.8584615384615386E-02
   8.3646153846153856E-02 -4.8751282051282048E-02
   8.3530769230769242E-02 -4.8841025641025639E-02
   8.3312820512820518E-02 -4.8712820512820505E-02
   8.3184615384615426E-02 -4.8315384615384614E-02
   8.3082051282051289E-02 -4.7969230769230764E-02
   8.2979487179487180E-02 -4.7571794871794873E-02
   8.2594871794871821E-02 -4.7084615384615384E-02
   8.2633333333333350E-02 -4.6776923076923077E-02
   8.2607692307692313E-02 -4.6430769230769227E-02
   8.2582051282051275E-02 -4.6071794871794865E-02
   8.2569230769230770E-02 -4.5776923076923076E-02
   8.2492307692307698E-02 -4.5494871794871786E-02
   8.2582051282051275E-02 -4.5135897435897437E-02
   8.2043589743589745E-02 -4.5802564102564107E-02
   8.1812820512820503E-02 -4.6058974358974367E-02
   8.1543589743589731E-02 -4.6264102564102565E-02
   8.1338461538461526E-02 -4.6533333333333343E-02
   8.1453846153846168E-02 -4.6956410256410265E-02
   8.1299999999999997E-02 -4.7123076923076927E-02
   8.1312820512820544E-02 -4.7289743589743582E-02
   8.1235897435897444E-02 -4.7635897435897433E-02
   8.1146153846153840E-02 -4.7956410256410266E-02
   8.0876923076923110E-02 -4.7930769230769235E-02
   8.0774358974358959E-02 -4.7764102564102566E-02
   8.0338461538461525E-02 -4.7546153846153856E-02
   8.0146153846153853E-02 -4.7341025641025644E-02
   8.0043589743589758E-02 -4.6982051282051282E-02
   7.9915384615384624E-02 -4.6610256410256401E-02
   7.9851282051282044E-02 -4.6366666666666667E-02
   7.9748717948717962E-02 -4.6212820512820510E-02
   7.9620512820512815E-02 -4.6148717948717950E-02
   7.9453846153846139E-02 -4.6058974358974367E-02
   7.9017948717948705E-02 -4.5635897435897445E-02
   7.9017948717948705E-02 -4.5020512820512809E-02
   7.9030769230769252E-02 -4.4648717948717942E-02
   7.9069230769230781E-02 -4.4341025641025641E-02
   7.8338461538461537E-02 -4.5635897435897445E-02
   7.8056410256410261E-02 -4.6135897435897438E-02
   7.7851282051282056E-02 -4.6456410256410258E-02
   7.7876923076923107E-02 -4.6635897435897446E-02
   7.8069230769230780E-02 -4.7020512820512825E-02
   7.8158974358974384E-02 -4.7405128205128204E-02
   7.8120512820512841E-02 -4.7789743589743590E-02
   7.8030769230769237E-02 -4.7956410256410266E-02
   7.7505128205128213E-02 -4.8007692307692307E-02
   7.7300000000000008E-02 -4.8135897435897440E-02
   7.6966666666666669E-02 -4.8200000000000000E-02
   7.6530769230769236E-02 -4.8289743589743597E-02
   7.6082051282051283E-02 -4.8366666666666669E-02
   7.5774358974358982E-02 -4.8417948717948717E-02
   7.5505128205128211E-02 -4.8558974358974362E-02
   7.5402564102564101E-02 -4.8802564102564110E-02
   7.5261538461538463E-02 -4.9097435897435898E-02
   7.5133333333333344E-02 -4.9264102564102567E-02
   7.4928205128205139E-02 -4.9046153846153843E-02
   7.4825641025641029E-02 -4.8661538461538464E-02
   7.4684615384615391E-02 -4.8392307692307700E-02
   7.4569230769230777E-02 -4.8148717948717952E-02
   7.4287179487179500E-02 -4.8110256410256409E-02
   7.3889743589743609E-02 -4.8097435897435897E-02
   7.3684615384615404E-02 -4.8058974358974368E-02
   7.3479487179487185E-02 -4.7982051282051269E-02
   7.3351282051282052E-02 -4.7712820512820518E-02
   7.3017948717948727E-02 -4.7405128205128204E-02
   7.2915384615384618E-02 -4.7161538461538470E-02
   7.2825641025641041E-02 -4.7276923076923084E-02
   7.2646153846153860E-02 -4.7507692307692299E-02
   7.2441025641025641E-02 -4.7584615384615385E-02
   7.2184615384615389E-02 -4.7558974358974361E-02
   7.1966666666666679E-02 -4.7379487179487187E-02
   7.1582051282051293E-02 -4.7033333333333323E-02
   7.1235897435897436E-02 -4.6802564102564108E-02
   7.1056410256410268E-02 -4.6674358974358975E-02
   7.0530769230769244E-02 -4.6353846153846155E-02
   7.0338461538461544E-02 -4.5943589743589745E-02
   7.0043589743589749E-02 -4.5853846153846148E-02
   7.0043589743589749E-02 -4.6046153846153848E-02
   7.0056410256410268E-02 -4.6328205128205124E-02
   7.0017948717948725E-02 -4.6546153846153841E-02
   6.9787179487179496E-02 -4.6700000000000005E-02
   6.9582051282051291E-02 -4.6623076923076920E-02
   6.9325641025641024E-02 -4.6456410256410258E-02
   6.9069230769230772E-02 -4.6161538461538469E-02
   6.8889743589743591E-02 -4.5943589743589745E-02
   6.8671794871794881E-02 -4.5661538461538462E-02
   6.8466666666666676E-02 -4.5366666666666666E-02
   6.8210256410256423E-02 -4.5123076923076925E-02
   6.8082051282051290E-02 -4.4764102564102563E-02
   6.8030769230769228E-02 -4.5071794871794864E-02
   6.7953846153846156E-02 -4.5507692307692311E-02
   6.7953846153846156E-02 -4.5828205128205131E-02
   6.7928205128205132E-02 -4.6084615384615384E-02
   6.7851282051282061E-02 -4.6225641025641022E-02
   6.7620512820512818E-02 -4.6251282051282053E-02
   6.7184615384615384E-02 -4.5930769230769233E-02
   6.6864102564102579E-02 -4.5700000000000005E-02
   6.6607692307692312E-02 -4.5353846153846154E-02
   6.6466666666666674E-02 -4.4982051282051287E-02
   6.6274358974358988E-02 -4.4623076923076925E-02
   6.6171794871794878E-02 -4.4417948717948727E-02
   6.5889743589743602E-02 -4.3956410256410262E-02
   6.5658974358974373E-02 -4.3430769230769238E-02
   6.5517948717948721E-02 -4.3020512820512821E-02
   6.5210256410256420E-02 -4.2430769230769230E-02
   6.3171794871794876E-02 -4.1353846153846151E-02
   6.3082051282051285E-02 -4.1571794871794875E-02
   6.3094871794871804E-02 -4.2071794871794868E-02
   6.3043589743589756E-02 -4.2405128205128206E-02
   6.2889743589743599E-02 -4.2751282051282050E-02
   6.2735897435897442E-02 -4.3097435897435907E-02
   6.2556410256410261E-02 -4.3405128205128207E-02
   6.2376923076923073E-02 -4.3584615384615381E-02
   6.2171794871794868E-02 -4.3879487179487177E-02
   6.2030769230769230E-02 -4.4135897435897437E-02
   6.1915384615384615E-02 -4.4289743589743580E-02
   6.1748717948717939E-02 -4.4366666666666665E-02
   6.1389743589743591E-02 -4.4315384615384625E-02
   6.0864102564102567E-02 -4.4199999999999996E-02
   6.0594871794871795E-02 -4.3969230769230760E-02
   6.0428205128205119E-02 -4.4020512820512822E-02
   6.0043589743589747E-02 -4.4007692307692303E-02
   5.9774358974358961E-02 -4.3917948717948720E-02
   5.9376923076923070E-02 -4.3725641025641027E-02
   5.9107692307692306E-02 -4.3507692307692310E-02
   5.8710256410256408E-02 -4.3353846153846153E-02
   5.8364102564102564E-02 -4.3200000000000009E-02
   5.8107692307692305E-02 -4.3084615384615388E-02
   5.7889743589743595E-02 -4.2943589743589743E-02
   5.7684615384615397E-02 -4.2725641025641026E-02
   5.7543589743589751E-02 -4.2417948717948718E-02
   5.7351282051282045E-02 -4.2353846153846166E-02
   5.7248717948717956E-02 -4.2200000000000001E-02
   5.7082051282051287E-02 -4.1982051282051285E-02
   5.6787179487179484E-02 -4.1687179487179489E-02
   5.6556410256410249E-02 -4.1430769230769229E-02
   5.6248717948717948E-02 -4.0994871794871796E-02
   5.5902564102564112E-02 -4.0828205128205126E-02
   5.5658974358974350E-02 -4.1046153846153843E-02
   5.5543589743589736E-02 -4.1289743589743591E-02
   5.5312820512820500E-02 -4.1533333333333332E-02
   5.4966666666666671E-02 -4.1687179487179489E-02
   5.4248717948717953E-02 -4.1635897435897434E-02
   5.3787179487179489E-02 -4.1507692307692308E-02
   5.3492307692307686E-02 -4.1494871794871796E-02
   5.3120512820512826E-02 -4.1405128205128205E-02
   5.2864102564102566E-02 -4.1443589743589741E-02
   5.2505128205128211E-02 -4.1533333333333332E-02
   5.2120512820512825E-02 -4.1469230769230772E-02
   5.1787179487179487E-02 -4.1353846153846151E-02
   5.1492307692307684E-02 -4.1225641025641024E-02
   5.1107692307692305E-02 -4.0982051282051284E-02
   5.0710256410256400E-02 -4.0725641025641024E-02
   5.0235897435897424E-02 -4.0469230769230771E-02
   4.9620512820512816E-02 -4.0046153846153849E-02
   4.9351282051282051E-02 -3.9738461538461535E-02
   4.8876923076923075E-02 -3.9584615384615385E-02
   4.8441025641025641E-02 -3.9546153846153849E-02
   4.7941025641025647E-02 -3.9392307692307692E-02
   4.7684615384615374E-02 -3.9289743589743589E-02
   4.7492307692307681E-02 -3.9251282051282053E-02
   4.7197435897435892E-02 -3.8930769230769234E-02
   4.6953846153846159E-02 -3.8892307692307691E-02
   4.6530769230769223E-02 -3.8879487179487179E-02
   4.6171794871794875E-02 -3.8892307692307691E-02
   4.5851282051282055E-02 -3.8776923076923077E-02
   4.5594871794871782E-02 -3.8571794871794872E-02
   4.5351282051282048E-02 -3.8379487179487179E-02
   4.5120512820512819E-02 -3.8392307692307691E-02
   4.4774358974358983E-02 -3.8353846153846155E-02
   4.4325641025641023E-02 -3.8161538461538462E-02
   4.4043589743589746E-02 -3.7879487179487178E-02
   4.3787179487179480E-02 -3.7661538461538462E-02
   4.3441025641025650E-02 -3.7507692307692311E-02
   4.2928205128205124E-02 -3.7199999999999997E-02
   4.2671794871794864E-02 -3.7007692307692304E-02
   4.2530769230769219E-02 -3.7123076923076925E-02
   4.2082051282051287E-02 -3.7123076923076925E-02
   4.1543589743589744E-02 -3.6905128205128201E-02
   4.1107692307692310E-02 -3.6687179487179485E-02
   4.0684615384615382E-02 -3.6507692307692310E-02
   4.0312820512820501E-02 -3.6225641025641027E-02
   3.9915384615384623E-02 -3.5905128205128208E-02
   3.9594871794871790E-02 -3.5764102564102562E-02
   3.9171794871794868E-02 -3.5571794871794869E-02
   3.8787179487179489E-02 -3.5405128205128207E-02
   3.8543589743589741E-02 -3.5456410256410255E-02
   3.8133333333333325E-02 -3.5482051282051286E-02
   3.7697435897435905E-02 -3.5328205128205128E-02
   3.7415384615384614E-02 -3.5135897435897435E-02
   3.7017948717948716E-02 -3.5058974358974357E-02
   3.6748717948717945E-02 -3.5148717948717947E-02
   3.6569230769230771E-02 -3.5212820512820514E-02
   3.6261538461538463E-02 -3.5225641025641026E-02
   3.5761538461538456E-02 -3.5071794871794876E-02
   3.5312820512820517E-02 -3.4764102564102568E-02
   3.4992307692307691E-02 -3.4623076923076923E-02
   3.4812820512820510E-02 -3.4661538461538466E-02
   3.4402564102564100E-02 -3.4687179487179483E-02
   3.4043589743589744E-02 -3.4533333333333339E-02
   3.3415384615384618E-02 -3.4161538461538458E-02
   3.3017948717948713E-02 -3.3853846153846151E-02
   3.2787179487179491E-02 -3.3700000000000001E-02
   3.2402564102564098E-02 -3.3533333333333332E-02
   3.2094871794871790E-02 -3.3405128205128205E-02
   3.1838461538461538E-02 -3.3238461538461536E-02
   3.1543589743589742E-02 -3.3007692307692300E-02
   3.0941025641025639E-02 -3.2635897435897433E-02
   3.0633333333333332E-02 -3.2456410256410252E-02
   3.0389743589743584E-02 -3.2123076923076921E-02
   3.0158974358974355E-02 -3.1905128205128204E-02
   2.9505128205128205E-02 -3.1635897435897439E-02
   2.8748717948717951E-02 -3.1212820512820507E-02
   2.8312820512820511E-02 -3.0943589743589746E-02
   2.8017948717948715E-02 -3.0789743589743585E-02
   2.7787179487179486E-02 -3.0802564102564101E-02
   2.7517948717948718E-02 -3.1033333333333336E-02
   2.6825641025641028E-02 -3.0917948717948722E-02
   2.6389743589743584E-02 -3.0969230769230766E-02
   2.6043589743589741E-02 -3.0905128205128207E-02
   2.5851282051282044E-02 -3.0841025641025636E-02
   2.5338461538461539E-02 -3.0584615384615384E-02
   2.5133333333333334E-02 -3.0187179487179486E-02
   2.4812820512820515E-02 -2.9905128205128206E-02
   2.4517948717948719E-02 -2.9725641025641025E-02
   2.4043589743589742E-02 -2.9341025641025642E-02
   2.3582051282051278E-02 -2.9225641025641028E-02
   2.3223076923076923E-02 -2.9238461538461540E-02
   2.2915384615384615E-02 -2.9110256410256413E-02
   2.2556410256410257E-02 -2.8969230769230771E-02
   2.2338461538461540E-02 -2.9007692307692311E-02
   2.1992307692307689E-02 -2.9046153846153850E-02
   2.1582051282051283E-02 -2.9174358974358976E-02
   2.1299999999999999E-02 -2.9097435897435901E-02
   2.0864102564102562E-02 -2.8892307692307686E-02
   1.9953846153846148E-02 -2.8302564102564098E-02
   1.9594871794871793E-02 -2.8058974358974358E-02
   1.9376923076923076E-02 -2.7584615384615385E-02
   1.9274358974358974E-02 -2.7135897435897435E-02
   1.9235897435897438E-02 -2.6661538461538466E-02
   1.9043589743589748E-02 -2.6289743589743595E-02
   1.8928205128205134E-02 -2.6135897435897434E-02
   1.8697435897435895E-02 -2.6033333333333339E-02
   1.8133333333333331E-02 -2.5635897435897434E-02
   1.7761538461538461E-02 -2.5494871794871796E-02
   1.7312820512820508E-02 -2.5238461538461536E-02
   1.6684615384615385E-02 -2.4982051282051283E-02
   1.6056410256410254E-02 -2.4610256410256413E-02
   1.5556410256410259E-02 -2.4071794871794873E-02
   1.5325641025641027E-02 -2.3943589743589743E-02
   1.4915384615384617E-02 -2.3494871794871801E-02
   1.4389743589743592E-02 -2.3212820512820514E-02
   1.4030769230769234E-02 -2.2982051282051282E-02
   1.3787179487179486E-02 -2.3071794871794872E-02
   1.3479487179487182E-02 -2.3123076923076923E-02
   1.3043589743589741E-02 -2.3161538461538463E-02
   1.2633333333333335E-02 -2.2943589743589742E-02
   1.2312820512820516E-02 -2.2661538461538462E-02
   1.1966666666666667E-02 -2.2494871794871793E-02
   1.1569230769230771E-02 -2.2097435897435899E-02
   1.1133333333333334E-02 -2.1789743589743591E-02
   1.0594871794871796E-02 -2.1264102564102567E-02
   1.0287179487179486E-02 -2.1033333333333327E-02
   9.8641025641025646E-03 -2.0661538461538460E-02
   9.5820512820512811E-03 -2.0264102564102566E-02
   9.2871794871794890E-03 -1.9751282051282053E-02
   9.3000000000000010E-03 -1.9238461538461538E-02
   9.1333333333333318E-03 -1.9148717948717951E-02
   8.3512820512820513E-03 -1.8853846153846152E-02
   7.5179487179487196E-03 -1.8482051282051284E-02
   7.3384615384615385E-03 -1.7969230769230769E-02
   7.0307692307692311E-03 -1.7392307692307693E-02
   6.7871794871794868E-03 -1.7366666666666669E-02
   6.7743589743589749E-03 -1.7405128205128205E-02
   6.7358974358974338E-03 -1.7584615384615386E-02
   6.3512820512820530E-03 -1.7597435897435901E-02
   5.8641025641025645E-03 -1.7289743589743591E-02
   5.5179487179487178E-03 -1.7123076923076921E-02
   5.1461538461538454E-03 -1.6828205128205129E-02
   4.8769230769230790E-03 -1.6507692307692310E-02
   4.3641025641025649E-03 -1.5776923076923077E-02
   3.9410256410256413E-03 -1.5430769230769234E-02
   3.7743589743589744E-03 -1.5097435897435894E-02
   3.3512820512820508E-03 -1.4776923076923075E-02
   2.8512820512820512E-03 -1.4533333333333332E-02
   2.5692307692307703E-03 -1.4405128205128208E-02
   2.3256410256410251E-03 -1.4533333333333332E-02
   2.0051282051282049E-03 -1.4674358974358970E-02
   1.7230769230769231E-03 -1.4712820512820511E-02
   1.3000000000000004E-03 -1.4751282051282051E-02
   8.2564102564102555E-04 -1.4430769230769231E-02
   3.5128205128205116E-04 -1.4199999999999999E-02
   5.1282051282048637E-06 -1.3866666666666668E-02
  -2.7692307692307695E-04 -1.3417948717948719E-02
  -5.2051282051282033E-04 -1.2892307692307691E-02
  -4.4358974358974347E-04 -1.2238461538461540E-02
  -1.8717948717948728E-04 -1.1982051282051280E-02
   1.8461538461538507E-04 -1.1661538461538461E-02
   3.8974358974358915E-04 -1.1353846153846154E-02
   6.7179487179487227E-04 -1.0725641025641027E-02
   4.9230769230769206E-04 -1.0507692307692308E-02
   1.8461538461538507E-04 -1.0456410256410257E-02
  -5.8974358974359185E-05 -1.0341025641025643E-02
  -2.5128205128205176E-04 -1.0341025641025643E-02
  -5.2051282051282033E-04 -1.0443589743589745E-02
  -9.6923076923076997E-04 -1.0225641025641026E-02
  -1.2512820512820514E-03 -9.7897435897435891E-03
  -1.4820512820512821E-03 -9.3153846153846143E-03
  -1.5974358974358974E-03 -9.0205128205128205E-03
  -1.5974358974358974E-03 -8.5076923076923081E-03
  -1.6102564102564105E-03 -8.2000000000000007E-03
  -1.6358974358974361E-03 -7.8538461538461540E-03
  -1.5974358974358974E-03 -7.5205128205128209E-03
  -1.4820512820512821E-03 -7.1999999999999998E-03
  -1.4564102564102565E-03 -6.9435897435897436E-03
  -1.5076923076923080E-03 -6.6743589743589737E-03
  -1.1743589743589745E-03 -6.3153846153846151E-03
  -1.1487179487179489E-03 -5.9179487179487188E-03
  -1.2512820512820514E-03 -5.3666666666666672E-03
  -1.4435897435897437E-03 -5.0333333333333341E-03
  -1.7384615384615386E-03 -4.7000000000000002E-03
  -1.9948717948717947E-03 -4.3666666666666671E-03
  -2.2384615384615386E-03 -4.0333333333333332E-03
  -2.4435897435897439E-03 -3.5717948717948721E-03
  -2.4179487179487183E-03 -3.0333333333333336E-03
  -2.5589743589743592E-03 -2.5846153846153849E-03
  -2.7000000000000001E-03 -2.2769230769230774E-03
  -3.1358974358974357E-03 -1.3538461538461538E-03
  -3.2897435897435903E-03 -7.7692307692307696E-04
  -3.1102564102564105E-03 -2.7692307692307695E-04
  -3.1358974358974357E-03  5.1282051282048637E-06
  -3.1743589743589745E-03  5.5641025641025611E-04
  -3.1871794871794873E-03  8.2564102564102555E-04
  -3.2641025641025642E-03  1.2230769230769235E-03
  -3.3666666666666667E-03  1.7230769230769231E-03
  -3.3794871794871799E-03  2.2230769230769227E-03
  -3.4307692307692312E-03  2.6076923076923078E-03
  -2.9820512820512820E-03  3.2102564102564099E-03
  -2.8025641025641026E-03  3.5179487179487182E-03
  -2.6230769230769233E-03  3.9282051282051277E-03
  -2.5333333333333336E-03  4.3384615384615393E-03
  -2.5076923076923080E-03  4.6333333333333348E-03
  -2.6615384615384617E-03  4.8641025641025654E-03
  -2.7256410256410258E-03  5.1589743589743591E-03
  -3.0076923076923076E-03  5.3512820512820521E-03
  -3.1230769230769229E-03  5.7230769230769210E-03
  -3.0076923076923076E-03  6.2487179487179505E-03
  -2.9948717948717952E-03  6.5948717948717973E-03
  -3.0333333333333336E-03  7.1333333333333318E-03
  -3.0974358974358977E-03  7.5051282051282059E-03
  -3.0974358974358977E-03  7.8769230769230782E-03
  -3.2769230769230774E-03  8.3256410256410274E-03
  -3.6358974358974365E-03  8.7487179487179493E-03
  -3.7769230769230770E-03  9.1589743589743627E-03
  -3.8538461538461539E-03  9.5051282051282077E-03
  -3.8025641025641026E-03  9.9410256410256397E-03
  -3.7128205128205130E-03  1.0261538461538463E-02
  -3.5846153846153849E-03  1.0569230769230770E-02
  -3.5333333333333336E-03  1.0889743589743589E-02
  -3.4948717948717952E-03  1.1133333333333334E-02
  -3.5461538461538464E-03  1.1287179487179487E-02
  -3.4435897435897440E-03  1.1594871794871793E-02
  -3.3410256410256411E-03  1.1915384615384616E-02
  -3.2897435897435903E-03  1.2184615384615384E-02
  -3.3153846153846150E-03  1.2569230769230772E-02
  -3.3923076923076927E-03  1.3017948717948718E-02
  -3.3794871794871799E-03  1.3569230769230769E-02
  -2.9564102564102563E-03  1.3735897435897435E-02
  -2.6358974358974361E-03  1.4261538461538463E-02
  -2.3923076923076927E-03  1.4748717948717951E-02
  -2.2128205128205129E-03  1.5094871794871794E-02
  -1.9179487179487179E-03  1.5812820512820513E-02
  -2.1487179487179489E-03  1.6184615384615384E-02
  -2.3410256410256415E-03  1.6684615384615385E-02
  -2.4564102564102568E-03  1.7082051282051283E-02
  -2.6871794871794873E-03  1.7530769230769232E-02
  -2.8410256410256410E-03  1.7966666666666666E-02
  -3.1358974358974357E-03  1.8402564102564103E-02
  -3.1871794871794873E-03  1.8774358974358973E-02
  -3.1230769230769229E-03  1.9146153846153851E-02
  -3.3282051282051282E-03  1.9107692307692301E-02
  -3.5076923076923080E-03  1.9351282051282052E-02
  -3.2384615384615381E-03  1.9697435897435896E-02
  -3.2256410256410258E-03  2.0171794871794872E-02
  -3.0589743589743588E-03  2.0492307692307692E-02
  -2.6230769230769233E-03  2.0646153846153845E-02
  -2.3153846153846154E-03  2.0787179487179491E-02
  -1.7769230769230770E-03  2.0787179487179491E-02
  -1.4948717948717950E-03  2.0748717948717948E-02
  -1.0846153846153848E-03  2.0697435897435897E-02
  -8.4102564102564101E-04  2.0799999999999999E-02
  -5.2051282051282033E-04  2.0953846153846149E-02
  -4.9487179487179471E-04  2.1364102564102570E-02
  -1.1025641025641042E-04  2.1953846153846150E-02
  -2.0512820512820322E-05  2.2107692307692311E-02
   6.9230769230768912E-05  2.2889743589743588E-02
   1.2051282051282015E-04  2.3556410256410254E-02
  -7.6923076923075123E-06  2.4043589743589742E-02
   1.4615384615384577E-04  2.4582051282051286E-02
   3.1282051282051273E-04  2.4800000000000003E-02
   6.5897435897435946E-04  2.5133333333333334E-02
   1.0051282051282049E-03  2.5620512820512819E-02
   1.6717948717948710E-03  2.5723076923076921E-02
   1.9666666666666665E-03  2.5889743589743587E-02
   2.3256410256410251E-03  2.6171794871794867E-02
   2.5564102564102566E-03  2.6184615384615383E-02
   2.7358974358974359E-03  2.6158974358974369E-02
   3.0051282051282049E-03  2.6684615384615386E-02
   3.0820512820512818E-03  2.6902564102564107E-02
   3.2487179487179492E-03  2.7158974358974360E-02
   3.4410256410256413E-03  2.7415384615384616E-02
   3.3641025641025636E-03  2.7684615384615384E-02
   3.3128205128205124E-03  2.7851282051282050E-02
   3.0435897435897434E-03  2.8197435897435896E-02
   2.9538461538461537E-03  2.8530769230769235E-02
   2.9538461538461537E-03  2.8774358974358968E-02
   3.0692307692307690E-03  2.9146153846153842E-02
   3.1333333333333330E-03  2.9479487179487181E-02
   3.4153846153846148E-03  2.9710256410256410E-02
   3.6589743589743591E-03  2.9966666666666662E-02
   3.8769230769230769E-03  3.0223076923076922E-02
   4.3769230769230769E-03  3.0415384615384615E-02
   4.8000000000000004E-03  3.0479487179487175E-02
   5.0948717948717942E-03  3.0530769230769229E-02
   5.4025641025641016E-03  3.0646153846153851E-02
   5.3641025641025641E-03  3.0838461538461537E-02
   5.1717948717948711E-03  3.1069230769230766E-02
   4.9794871794871815E-03  3.1274358974358971E-02
   4.8256410256410261E-03  3.1479487179487176E-02
   4.8512820512820517E-03  3.1748717948717947E-02
   4.7358974358974373E-03  3.2017948717948719E-02
   4.6461538461538467E-03  3.2248717948717955E-02
   4.5435897435897443E-03  3.2402564102564098E-02
   4.3384615384615393E-03  3.2710256410256405E-02
   4.4794871794871793E-03  3.3069230769230767E-02
   4.2871794871794863E-03  3.3787179487179485E-02
   4.1333333333333326E-03  3.4376923076923076E-02
   4.1717948717948719E-03  3.4876923076923076E-02
   4.1846153846153838E-03  3.5287179487179486E-02
   4.4794871794871793E-03  3.5428205128205131E-02
   4.8512820512820517E-03  3.5697435897435896E-02
   5.3384615384615385E-03  3.5723076923076927E-02
   5.4538461538461546E-03  3.5838461538461541E-02
   5.6333333333333322E-03  3.6210256410256408E-02
   5.8384615384615372E-03  3.6441025641025644E-02
   6.2230769230769232E-03  3.6466666666666668E-02
   6.4025641025641008E-03  3.6466666666666668E-02
   6.6333333333333331E-03  3.6966666666666662E-02
   7.1333333333333318E-03  3.7171794871794880E-02
   7.6205128205128220E-03  3.7338461538461536E-02
   7.9153846153846141E-03  3.7364102564102560E-02
   8.1717948717948737E-03  3.7325641025641031E-02
   8.3769230769230752E-03  3.7364102564102560E-02
   8.7487179487179493E-03  3.7441025641025645E-02
   9.0564102564102550E-03  3.7453846153846150E-02
   9.5179487179487179E-03  3.7389743589743583E-02
   9.8897435897435885E-03  3.7158974358974355E-02
   1.0120512820512823E-02  3.6864102564102559E-02
   1.0441025641025640E-02  3.6582051282051282E-02
   1.0851282051282054E-02  3.6825641025641023E-02
   1.1248717948717952E-02  3.7005128205128204E-02
   1.1517948717948720E-02  3.7235897435897433E-02
   1.1633333333333334E-02  3.7582051282051283E-02
   1.2005128205128210E-02  3.8235897435897441E-02
   1.2197435897435896E-02  3.8607692307692301E-02
   1.2543589743589741E-02  3.8876923076923080E-02
   1.2851282051282052E-02  3.9248717948717940E-02
   1.3133333333333332E-02  3.9517948717948718E-02
   1.3351282051282056E-02  3.9812820512820507E-02
   1.3594871794871797E-02  4.0082051282051286E-02
   1.3825641025641025E-02  4.0300000000000002E-02
   1.4107692307692309E-02  4.0658974358974365E-02
   1.4517948717948719E-02  4.0979487179487184E-02
   1.5082051282051282E-02  4.1441025641025649E-02
   1.5569230769230771E-02  4.1646153846153847E-02
   1.5735897435897435E-02  4.1735897435897437E-02
   1.5902564102564101E-02  4.1864102564102564E-02
   1.6082051282051282E-02  4.2120512820512816E-02
   1.6171794871794872E-02  4.2351282051282045E-02
   1.6351282051282057E-02  4.2594871794871793E-02
   1.6466666666666664E-02  4.2684615384615383E-02
   1.6556410256410258E-02  4.2915384615384626E-02
   1.6607692307692313E-02  4.3351282051282046E-02
   1.6684615384615385E-02  4.3710256410256408E-02
   1.6889743589743589E-02  4.4248717948717944E-02
   1.7338461538461539E-02  4.5005128205128204E-02
   1.7710256410256409E-02  4.5402564102564109E-02
   1.7979487179487177E-02  4.5671794871794881E-02
   1.8069230769230768E-02  4.5889743589743584E-02
   1.8171794871794870E-02  4.6235897435897434E-02
   1.8389743589743587E-02  4.6376923076923079E-02
   1.8710256410256410E-02  4.6428205128205120E-02
   1.9017948717948718E-02  4.6684615384615373E-02
   1.9441025641025639E-02  4.6684615384615373E-02
   1.9902564102564101E-02  4.6633333333333325E-02
   2.0364102564102562E-02  4.6517948717948725E-02
   2.0569230769230774E-02  4.6453846153846151E-02
   2.0992307692307692E-02  4.6210256410256417E-02
   2.1223076923076921E-02  4.6312820512820506E-02
   2.1517948717948716E-02  4.6620512820512827E-02
   2.1787179487179491E-02  4.6902564102564104E-02
   2.2133333333333335E-02  4.7158974358974350E-02
   2.2351282051282052E-02  4.7492307692307681E-02
   2.2389743589743591E-02  4.7787179487179497E-02
   2.2710256410256410E-02  4.8017948717948719E-02
   2.2876923076923076E-02  4.8158974358974364E-02
   2.3133333333333332E-02  4.8582051282051286E-02
   2.3376923076923069E-02  4.8876923076923075E-02
   2.3799999999999995E-02  4.9287179487179485E-02
   2.4210256410256419E-02  4.9838461538461533E-02
   2.4594871794871798E-02  5.0235897435897424E-02
   2.4953846153846149E-02  5.0466666666666660E-02
   2.5556410256410256E-02  5.0441025641025629E-02
   2.6158974358974369E-02  5.0415384615384612E-02
   2.6966666666666670E-02  5.0479487179487172E-02
   2.7799999999999998E-02  5.0723076923076933E-02
   2.7838461538461538E-02  5.0941025641025636E-02
   2.8158974358974354E-02  5.1428205128205125E-02
   2.8325641025641023E-02  5.1825641025641030E-02
   2.8697435897435904E-02  5.2325641025641030E-02
   2.8953846153846156E-02  5.2607692307692314E-02
   2.9287179487179488E-02  5.2799999999999993E-02
   2.9748717948717945E-02  5.3082051282051283E-02
   3.0133333333333338E-02  5.3338461538461529E-02
   3.0505128205128205E-02  5.3517948717948717E-02
   3.1043589743589742E-02  5.3594871794871789E-02
   3.1364102564102561E-02  5.3633333333333331E-02
   3.1620512820512821E-02  5.4069230769230765E-02
   3.1928205128205128E-02  5.4441025641025632E-02
   3.2569230769230767E-02  5.4761538461538466E-02
   3.2915384615384610E-02  5.4851282051282063E-02
   3.3171794871794870E-02  5.4864102564102568E-02
   3.3517948717948720E-02  5.5158974358974371E-02
   3.3812820512820516E-02  5.5453846153846145E-02
   3.4171794871794871E-02  5.5556410256410248E-02
   3.4530769230769233E-02  5.5620512820512807E-02
   3.4851282051282052E-02  5.5979487179487183E-02
   3.5082051282051281E-02  5.6223076923076931E-02
   3.5043589743589745E-02  5.6723076923076925E-02
   3.5466666666666660E-02  5.7005128205128215E-02
   3.5838461538461541E-02  5.7030769230769225E-02
   3.6299999999999999E-02  5.7120512820512816E-02
   3.6761538461538464E-02  5.7223076923076918E-02
   3.7120512820512819E-02  5.7505128205128195E-02
   3.7389743589743583E-02  5.7671794871794864E-02
   3.7889743589743577E-02  5.7774358974358966E-02
   3.8005128205128205E-02  5.7966666666666659E-02
   3.8325641025641025E-02  5.8235897435897445E-02
   3.8594871794871803E-02  5.8594871794871793E-02
   3.8966666666666663E-02  5.8902564102564101E-02
   3.9402564102564104E-02  5.9133333333333329E-02
   3.9825641025641019E-02  5.9376923076923070E-02
   4.0235897435897443E-02  5.9428205128205132E-02
   4.0633333333333334E-02  5.9441025641025637E-02
   4.0902564102564105E-02  5.9607692307692313E-02
   4.1300000000000003E-02  5.9979487179487166E-02
   4.1684615384615382E-02  6.0210256410256409E-02
   4.1876923076923082E-02  6.0312820512820518E-02
   4.2171794871794871E-02  6.0543589743589747E-02
   4.2248717948717943E-02  6.0735897435897433E-02
   4.2364102564102564E-02  6.1197435897435905E-02
   4.2646153846153848E-02  6.1556410256410253E-02
   4.2812820512820524E-02  6.1658974358974362E-02
   4.3017948717948729E-02  6.2056410256410253E-02
   4.3210256410256401E-02  6.2210256410256411E-02
   4.3466666666666660E-02  6.2351282051282049E-02
   4.3710256410256408E-02  6.2517948717948718E-02
   4.4364102564102566E-02  6.2684615384615394E-02
   4.4428205128205119E-02  6.2953846153846152E-02
   4.4812820512820511E-02  6.3312820512820528E-02
   4.5415384615384621E-02  6.3389743589743586E-02
   4.5787179487179482E-02  6.3441025641025647E-02
   4.6082051282051291E-02  6.3582051282051286E-02
   4.6274358974358977E-02  6.3825641025641033E-02
   4.6594871794871796E-02  6.4171794871794877E-02
   4.6876923076923073E-02  6.4453846153846153E-02
   4.7299999999999995E-02  6.4607692307692324E-02
   4.7697435897435886E-02  6.4530769230769239E-02
   4.8056410256410248E-02  6.4389743589743600E-02
   4.8274358974358979E-02  6.4312820512820515E-02
   4.8325641025641027E-02  6.4300000000000010E-02
   4.8671794871794870E-02  6.4197435897435901E-02
   4.8825641025641027E-02  6.4094871794871805E-02
   4.9248717948717949E-02  6.4261538461538467E-02
   4.9479487179487185E-02  6.4569230769230782E-02
   4.9851282051282045E-02  6.4876923076923082E-02
   5.0133333333333321E-02  6.4979487179487191E-02
   5.0325641025641028E-02  6.5120512820512830E-02
   5.0530769230769226E-02  6.5376923076923082E-02
   5.0889743589743588E-02  6.5864102564102578E-02
   5.1133333333333336E-02  6.6094871794871807E-02
   5.1633333333333330E-02  6.6710256410256422E-02
   5.1915384615384606E-02  6.7017948717948722E-02
   5.2171794871794866E-02  6.7351282051282060E-02
   5.2517948717948716E-02  6.7671794871794880E-02
   5.2915384615384621E-02  6.7864102564102566E-02
   5.3274358974358983E-02  6.7851282051282061E-02
   5.3684615384615393E-02  6.7748717948717965E-02
   5.4274358974358970E-02  6.7697435897435904E-02
   5.4607692307692308E-02  6.7902564102564109E-02
   5.4953846153846166E-02  6.8056410256410266E-02
   5.5376923076923074E-02  6.8389743589743604E-02
   5.5761538461538453E-02  6.8569230769230771E-02
   5.5915384615384610E-02  6.8633333333333338E-02
   5.6133333333333327E-02  6.9158974358974362E-02
   5.6517948717948720E-02  6.9479487179487182E-02
   5.6902564102564113E-02  6.9710256410256410E-02
   5.7274358974358973E-02  6.9774358974358977E-02
   5.7453846153846161E-02  6.9812820512820520E-02
   5.7928205128205131E-02  7.0171794871794868E-02
   5.8210256410256407E-02  7.0479487179487196E-02
   5.8658974358974353E-02  7.0748717948717954E-02
   5.9082051282051275E-02  7.0825641025641026E-02
   5.9171794871794872E-02  7.0710256410256425E-02
   5.9133333333333329E-02  7.0338461538461544E-02
   5.9235897435897432E-02  7.0146153846153844E-02
   5.9569230769230756E-02  7.0184615384615387E-02
   5.9902564102564108E-02  7.0300000000000015E-02
   6.0376923076923085E-02  7.0441025641025654E-02
   6.0723076923076928E-02  7.0492307692307701E-02
   6.1069230769230771E-02  7.0530769230769244E-02
   6.1389743589743591E-02  7.0441025641025654E-02
   6.1992307692307687E-02  7.0287179487179496E-02
   6.2364102564102554E-02  7.0158974358974363E-02
   6.2274358974358977E-02  7.0569230769230773E-02
   6.2351282051282049E-02  7.0902564102564111E-02
   6.2646153846153851E-02  7.1428205128205136E-02
   6.2953846153846152E-02  7.1774358974358979E-02
   6.3056410256410261E-02  7.1953846153846160E-02
   6.3479487179487190E-02  7.2300000000000003E-02
   6.3876923076923081E-02  7.2825641025641041E-02
   6.4120512820512829E-02  7.3043589743589751E-02
   6.4505128205128215E-02  7.3287179487179499E-02
   6.5043589743589758E-02  7.3300000000000004E-02
   6.5735897435897445E-02  7.3146153846153847E-02
   6.6338461538461541E-02  7.2915384615384618E-02
   6.7069230769230784E-02  7.2492307692307689E-02
   6.9120512820512819E-02  7.1017948717948726E-02
   6.9235897435897448E-02  7.1223076923076931E-02
   6.9402564102564110E-02  7.1658974358974364E-02
   6.9492307692307700E-02  7.2005128205128222E-02
   6.9697435897435905E-02  7.2428205128205136E-02
   7.0094871794871810E-02  7.3043589743589751E-02
   7.0517948717948725E-02  7.3389743589743595E-02
   7.0710256410256425E-02  7.3620512820512823E-02
   7.0723076923076930E-02  7.3864102564102571E-02
   7.0787179487179483E-02  7.4274358974358981E-02
   7.1082051282051292E-02  7.4825641025641029E-02
   7.1466666666666678E-02  7.4735897435897453E-02
   7.2043589743589750E-02  7.4492307692307705E-02
   7.2453846153846160E-02  7.4505128205128210E-02
   7.2800000000000004E-02  7.4389743589743595E-02
   7.3402564102564113E-02  7.4030769230769233E-02
   7.3594871794871800E-02  7.3594871794871800E-02
   7.3684615384615404E-02  7.3415384615384618E-02
   7.3889743589743609E-02  7.3620512820512823E-02
   7.4082051282051295E-02  7.3671794871794885E-02
   7.4158974358974353E-02  7.3864102564102571E-02
   7.4376923076923077E-02  7.4274358974358981E-02
   7.4710256410256415E-02  7.4620512820512824E-02
   7.4928205128205139E-02  7.4825641025641029E-02
   7.5094871794871801E-02  7.5005128205128210E-02
   7.5300000000000006E-02  7.5402564102564101E-02
   7.5402564102564101E-02  7.5646153846153849E-02
   7.6248717948717959E-02  7.6043589743589740E-02
   7.6569230769230778E-02  7.6107692307692307E-02
   7.6825641025641031E-02  7.6325641025641031E-02
   7.7082051282051284E-02  7.6479487179487188E-02
   7.7774358974358970E-02  7.6697435897435898E-02
   7.8543589743589784E-02  7.7312820512820513E-02
   7.9030769230769252E-02  7.7543589743589741E-02
   7.9530769230769238E-02  7.7582051282051270E-02
   8.0043589743589758E-02  7.7620512820512827E-02
   8.0774358974358959E-02  7.7594871794871803E-02
   8.1325641025641035E-02  7.7415384615384622E-02
   8.2094871794871807E-02  7.7120512820512840E-02
   8.2466666666666674E-02  7.6864102564102574E-02
   8.2415384615384599E-02  7.7030769230769236E-02
   8.2428205128205118E-02  7.7530769230769236E-02
   8.2594871794871821E-02  7.7812820512820499E-02
   8.2876923076923084E-02  7.8107692307692350E-02
   8.3312820512820518E-02  7.8543589743589784E-02
   8.3517948717948723E-02  7.8761538461538480E-02
   8.4402564102564109E-02  7.8889743589743599E-02
   8.5197435897435905E-02  7.8864102564102576E-02
   8.5620512820512806E-02  7.8953846153846194E-02
   8.6312820512820521E-02  7.9210256410256405E-02
   8.7376923076923088E-02  7.9094871794871804E-02
   8.7941025641025627E-02  7.8851282051282043E-02
   8.8492307692307690E-02  7.8300000000000008E-02
   8.8479487179487212E-02  7.7953846153846179E-02
   9.0069230769230776E-02  7.8056410256410261E-02
   9.1261538461538450E-02  7.8274358974358985E-02
   9.2633333333333345E-02  7.8633333333333347E-02
   9.4094871794871804E-02  7.8992307692307723E-02
   9.4274358974358985E-02  7.9428205128205115E-02
   9.4428205128205156E-02  7.9787179487179491E-02
   9.4928205128205129E-02  8.0158974358974372E-02
   9.5646153846153867E-02  8.0299999999999983E-02
   9.6299999999999997E-02  8.0184615384615396E-02
   9.6735897435897431E-02  8.0069230769230754E-02
   9.7146153846153799E-02  7.9979487179487191E-02
