   9.6325641025641048E-02 -4.7712820512820518E-02
   9.6056410256410263E-02 -4.7712820512820518E-02
   9.5748717948717935E-02 -4.7610256410256402E-02
   9.5441025641025676E-02 -4.7507692307692299E-02
   9.5133333333333334E-02 -4.7392307692307685E-02
   9.4915384615384624E-02 -4.7469230769230771E-02
   9.4684615384615395E-02 -4.7635897435897433E-02
   9.4428205128205156E-02 -4.7815384615384607E-02
   9.3876923076923080E-02 -4.7917948717948723E-02
   9.3479487179487189E-02 -4.7943589743589747E-02
   9.3274358974358984E-02 -4.8161538461538471E-02
   9.2941025641025632E-02 -4.8289743589743597E-02
   9.2723076923076950E-02 -4.8328205128205126E-02
   9.2466666666666711E-02 -4.8392307692307700E-02
   9.2235897435897440E-02 -4.8417948717948717E-02
   9.1953846153846164E-02 -4.8507692307692300E-02
   9.1620512820512826E-02 -4.8366666666666669E-02
   9.1056410256410245E-02 -4.8148717948717952E-02
   9.0735897435897439E-02 -4.7776923076923078E-02
   9.0556410256410300E-02 -4.7623076923076928E-02
   9.0338461538461548E-02 -4.7956410256410266E-02
   9.0094871794871800E-02 -4.8238461538461543E-02
   8.9774358974358967E-02 -4.8635897435897434E-02
   8.9492307692307704E-02 -4.8956410256410267E-02
   8.9235897435897438E-02 -4.9200000000000001E-02
   8.9005128205128209E-02 -4.9366666666666670E-02
   8.8646153846153861E-02 -4.9482051282051277E-02
   8.8287179487179498E-02 -4.9623076923076923E-02
   8.8069230769230761E-02 -4.9392307692307701E-02
   8.7710256410256426E-02 -4.9084615384615386E-02
   8.7479487179487198E-02 -4.8905128205128205E-02
   8.7082051282051293E-02 -4.8725641025641024E-02
   8.6787179487179483E-02 -4.8751282051282048E-02
   8.6376923076923073E-02 -4.8815384615384608E-02
   8.5966666666666677E-02 -4.8943589743589741E-02
   8.5517948717948752E-02 -4.9046153846153843E-02
   8.5312820512820506E-02 -4.9071794871794867E-02
   8.5428205128205134E-02 -4.8712820512820505E-02
   8.5505128205128206E-02 -4.8379487179487174E-02
   8.5441025641025653E-02 -4.8148717948717952E-02
   8.5248717948717953E-02 -4.8135897435897440E-02
   8.5005128205128205E-02 -4.8161538461538471E-02
   8.4633333333333338E-02 -4.8123076923076928E-02
   8.4402564102564109E-02 -4.8084615384615385E-02
   8.4069230769230799E-02 -4.7956410256410266E-02
   8.3453846153846142E-02 -4.7815384615384607E-02
   8.3287179487179494E-02 -4.7776923076923078E-02
   8.2941025641025651E-02 -4.7789743589743590E-02
   8.2684615384615398E-02 -4.7776923076923078E-02
   8.2517948717948722E-02 -4.7546153846153856E-02
   8.2389743589743575E-02 -4.7276923076923084E-02
   8.2274358974358988E-02 -4.7020512820512825E-02
   8.2120512820512845E-02 -4.6828205128205118E-02
   8.1915384615384654E-02 -4.6725641025641022E-02
   8.1594871794871807E-02 -4.6558974358974360E-02
   8.1171794871794864E-02 -4.6379487179487186E-02
   8.0953846153846168E-02 -4.6289743589743582E-02
   8.0607692307692311E-02 -4.6097435897435896E-02
   8.0325641025641034E-02 -4.5853846153846148E-02
   7.9966666666666672E-02 -4.5494871794871786E-02
   7.9658974358974344E-02 -4.5328205128205123E-02
   7.9671794871794890E-02 -4.5071794871794864E-02
   7.9582051282051286E-02 -4.4700000000000004E-02
   7.9466666666666658E-02 -4.4482051282051287E-02
   7.9235897435897457E-02 -4.4238461538461539E-02
   7.8864102564102576E-02 -4.3982051282051279E-02
   7.8594871794871818E-02 -4.3994871794871791E-02
   7.8325641025641032E-02 -4.4020512820512822E-02
   7.8261538461538466E-02 -4.4289743589743580E-02
   7.8235897435897442E-02 -4.4661538461538461E-02
   7.8133333333333332E-02 -4.4943589743589744E-02
   7.8005128205128213E-02 -4.5212820512820509E-02
   7.7787179487179503E-02 -4.5494871794871786E-02
   7.7556410256410274E-02 -4.5738461538461547E-02
   7.7235897435897441E-02 -4.5853846153846148E-02
   7.6966666666666669E-02 -4.5879487179487179E-02
   7.6684615384615379E-02 -4.5866666666666660E-02
   7.6338461538461549E-02 -4.5905128205128203E-02
   7.5517948717948730E-02 -4.5738461538461547E-02
   7.5210256410256415E-02 -4.5635897435897445E-02
   7.4800000000000005E-02 -4.5507692307692311E-02
   7.4312820512820524E-02 -4.5289743589743581E-02
   7.3735897435897438E-02 -4.5046153846153847E-02
   7.3453846153846161E-02 -4.4943589743589744E-02
   7.3069230769230775E-02 -4.4764102564102563E-02
   7.2402564102564113E-02 -4.4366666666666665E-02
   7.2133333333333341E-02 -4.4546153846153839E-02
   7.1902564102564112E-02 -4.4879487179487192E-02
   7.1582051282051293E-02 -4.5366666666666666E-02
   7.1338461538461545E-02 -4.5738461538461547E-02
   7.1017948717948726E-02 -4.6110256410256407E-02
   7.1030769230769231E-02 -4.6302564102564100E-02
   7.0838461538461545E-02 -4.6610256410256401E-02
   7.0312820512820520E-02 -4.7276923076923084E-02
   6.9953846153846158E-02 -4.7597435897435890E-02
   6.9338461538461543E-02 -4.7943589743589747E-02
   6.8953846153846157E-02 -4.8161538461538471E-02
   6.8492307692307700E-02 -4.8482051282051290E-02
   6.7774358974358989E-02 -4.8584615384615386E-02
   6.7338461538461555E-02 -4.8635897435897434E-02
   6.6735897435897445E-02 -4.8558974358974362E-02
   6.6197435897435902E-02 -4.8597435897435905E-02
   6.5953846153846155E-02 -4.8597435897435905E-02
   6.5466666666666673E-02 -4.8597435897435905E-02
   6.5133333333333335E-02 -4.8533333333333331E-02
   6.4556410256410263E-02 -4.8302564102564102E-02
   6.4069230769230767E-02 -4.8020512820512826E-02
   6.3799999999999996E-02 -4.7738461538461549E-02
   6.3594871794871791E-02 -4.7405128205128204E-02
   6.3223076923076924E-02 -4.6969230769230777E-02
   6.3069230769230780E-02 -4.6648717948717944E-02
   6.2812820512820514E-02 -4.6084615384615384E-02
   6.2607692307692309E-02 -4.5469230769230769E-02
   6.2389743589743592E-02 -4.5161538461538468E-02
   6.2210256410256411E-02 -4.4853846153846147E-02
   6.1966666666666663E-02 -4.4494871794871785E-02
   6.1812820512820520E-02 -4.4148717948717962E-02
   6.1582051282051277E-02 -4.3789743589743586E-02
   6.1325641025641024E-02 -4.3443589743589743E-02
   6.0902564102564095E-02 -4.3058974358974357E-02
   6.0376923076923085E-02 -4.2558974358974370E-02
   6.0094871794871794E-02 -4.2251282051282063E-02
   5.9505128205128204E-02 -4.1994871794871796E-02
   5.8953846153846141E-02 -4.1828205128205134E-02
   5.8389743589743588E-02 -4.1879487179487182E-02
   5.8133333333333329E-02 -4.2007692307692308E-02
   5.7812820512820509E-02 -4.2187179487179483E-02
   5.7389743589743587E-02 -4.2251282051282063E-02
   5.7082051282051287E-02 -4.2187179487179483E-02
   5.6851282051282051E-02 -4.1943589743589749E-02
   5.6453846153846146E-02 -4.1764102564102561E-02
   5.5851282051282064E-02 -4.1405128205128205E-02
   5.5415384615384602E-02 -4.1174358974358977E-02
   5.4889743589743592E-02 -4.0802564102564103E-02
   5.4146153846153830E-02 -4.0353846153846157E-02
   5.3633333333333331E-02 -4.0161538461538457E-02
   5.3325641025641031E-02 -4.0251282051282054E-02
   5.3184615384615386E-02 -4.0289743589743590E-02
   5.2941025641025652E-02 -4.0366666666666669E-02
   5.2376923076923071E-02 -4.0212820512820512E-02
   5.1876923076923077E-02 -3.9969230769230764E-02
   5.1505128205128203E-02 -3.9789743589743590E-02
   5.1184615384615384E-02 -3.9635897435897433E-02
   5.0825641025641029E-02 -3.9443589743589746E-02
   5.0492307692307697E-02 -3.9417948717948716E-02
   5.0005128205128209E-02 -3.9430769230769228E-02
   4.9453846153846154E-02 -3.9199999999999999E-02
   4.9210256410256406E-02 -3.9084615384615384E-02
   4.8941025641025648E-02 -3.9097435897435896E-02
   4.8684615384615389E-02 -3.9199999999999999E-02
   4.8530769230769225E-02 -3.9135897435897439E-02
   4.8043589743589750E-02 -3.8943589743589746E-02
   4.7543589743589743E-02 -3.8725641025641029E-02
   4.6864102564102561E-02 -3.8353846153846155E-02
   4.6351282051282049E-02 -3.8110256410256414E-02
   4.5928205128205127E-02 -3.7917948717948721E-02
   4.5543589743589748E-02 -3.7725641025641028E-02
   4.5287179487179481E-02 -3.7520512820512816E-02
   4.4966666666666669E-02 -3.7392307692307697E-02
   4.4389743589743590E-02 -3.7238461538461540E-02
   4.3992307692307699E-02 -3.7033333333333335E-02
   4.3658974358974367E-02 -3.6789743589743587E-02
   4.3338461538461548E-02 -3.6661538461538461E-02
   4.2941025641025643E-02 -3.6520512820512822E-02
   4.2646153846153848E-02 -3.6379487179487177E-02
   4.1992307692307683E-02 -3.6020512820512822E-02
   4.1735897435897437E-02 -3.6097435897435901E-02
   4.1556410256410263E-02 -3.6187179487179484E-02
   4.1107692307692310E-02 -3.6212820512820515E-02
   4.0671794871794863E-02 -3.5994871794871798E-02
   4.0428205128205129E-02 -3.5738461538461538E-02
   3.9979487179487183E-02 -3.5289743589743593E-02
   3.9543589743589742E-02 -3.4994871794871790E-02
   3.9300000000000002E-02 -3.4635897435897442E-02
   3.8915384615384623E-02 -3.4238461538461537E-02
   3.8582051282051284E-02 -3.4033333333333332E-02
   3.8684615384615387E-02 -3.4238461538461537E-02
   3.8812820512820520E-02 -3.4482051282051278E-02
   3.8864102564102561E-02 -3.4661538461538466E-02
   3.8787179487179489E-02 -3.4905128205128207E-02
   3.8415384615384615E-02 -3.5302564102564105E-02
   3.8197435897435898E-02 -3.5341025641025640E-02
   3.7671794871794867E-02 -3.5264102564102562E-02
   3.7338461538461536E-02 -3.5212820512820514E-02
   3.7017948717948716E-02 -3.5187179487179490E-02
   3.6697435897435897E-02 -3.5174358974358978E-02
   3.6325641025641023E-02 -3.5212820512820514E-02
   3.5941025641025644E-02 -3.5097435897435893E-02
   3.5761538461538456E-02 -3.5187179487179490E-02
   3.5620512820512824E-02 -3.5443589743589743E-02
   3.5517948717948722E-02 -3.5700000000000003E-02
   3.4953846153846155E-02 -3.5289743589743593E-02
   3.4825641025641021E-02 -3.4956410256410261E-02
   3.4505128205128202E-02 -3.4661538461538466E-02
   3.4492307692307690E-02 -3.4302564102564104E-02
   3.4530769230769233E-02 -3.4033333333333332E-02
   3.4389743589743588E-02 -3.3789743589743591E-02
   3.4223076923076926E-02 -3.3546153846153844E-02
   3.4056410256410256E-02 -3.3315384615384615E-02
   3.3735897435897437E-02 -3.3161538461538458E-02
   3.3287179487179484E-02 -3.2879487179487174E-02
   3.2953846153846153E-02 -3.2597435897435897E-02
   3.2543589743589743E-02 -3.2084615384615385E-02
   3.1953846153846152E-02 -3.1751282051282054E-02
   3.1671794871794869E-02 -3.1610256410256408E-02
   3.1479487179487176E-02 -3.1725641025641023E-02
   3.1658974358974357E-02 -3.2007692307692306E-02
   3.1671794871794869E-02 -3.2276923076923078E-02
   3.1620512820512821E-02 -3.2507692307692300E-02
   3.1517948717948718E-02 -3.2764102564102560E-02
   3.1441025641025640E-02 -3.2892307692307686E-02
   3.1210256410256411E-02 -3.2943589743589748E-02
   3.0941025641025639E-02 -3.2828205128205140E-02
   3.0723076923076922E-02 -3.2687179487179481E-02
   3.0479487179487175E-02 -3.2571794871794867E-02
   3.0043589743589748E-02 -3.2482051282051283E-02
   2.9800000000000000E-02 -3.2443589743589740E-02
   2.9517948717948717E-02 -3.2443589743589740E-02
   2.9043589743589740E-02 -3.2276923076923078E-02
   2.8299999999999999E-02 -3.1956410256410259E-02
   2.7774358974358974E-02 -3.1661538461538463E-02
   2.7505128205128206E-02 -3.1482051282051275E-02
   2.7184615384615377E-02 -3.1341025641025644E-02
   2.6748717948717957E-02 -3.1161538461538456E-02
   2.6466666666666663E-02 -3.0815384615384619E-02
   2.6299999999999997E-02 -3.0430769230769233E-02
   2.6158974358974369E-02 -3.0033333333333332E-02
   2.5928205128205126E-02 -2.9520512820512827E-02
   2.5569230769230768E-02 -2.9225641025641028E-02
   2.5312820512820512E-02 -2.9058974358974362E-02
   2.4825641025641026E-02 -2.8943589743589737E-02
   2.4569230769230770E-02 -2.9007692307692311E-02
   2.4325641025641030E-02 -2.9225641025641028E-02
   2.4069230769230763E-02 -2.9212820512820516E-02
   2.3761538461538459E-02 -2.9161538461538464E-02
   2.3466666666666663E-02 -2.9161538461538464E-02
   2.3184615384615383E-02 -2.9097435897435901E-02
   2.2838461538461537E-02 -2.8930769230769236E-02
   2.2671794871794871E-02 -2.8507692307692314E-02
   2.2389743589743591E-02 -2.8110256410256409E-02
   2.2017948717948717E-02 -2.7687179487179487E-02
   2.2107692307692311E-02 -2.7366666666666668E-02
   2.2043589743589744E-02 -2.7123076923076923E-02
   2.1966666666666666E-02 -2.6892307692307695E-02
   2.1658974358974358E-02 -2.6635897435897438E-02
   2.1299999999999999E-02 -2.6430769230769233E-02
   2.0889743589743586E-02 -2.6276923076923080E-02
   2.0364102564102562E-02 -2.6148717948717943E-02
   2.0030769230769230E-02 -2.5982051282051284E-02
   1.9799999999999998E-02 -2.5789743589743588E-02
   1.9582051282051274E-02 -2.5969230769230776E-02
   1.9389743589743592E-02 -2.6302564102564104E-02
   1.9261538461538462E-02 -2.6610256410256414E-02
   1.9120512820512820E-02 -2.6751282051282053E-02
   1.8812820512820513E-02 -2.6687179487179490E-02
   1.8441025641025639E-02 -2.6558974358974363E-02
   1.8069230769230768E-02 -2.6366666666666667E-02
   1.7697435897435897E-02 -2.6058974358974359E-02
   1.7210256410256409E-02 -2.5700000000000001E-02
   1.6928205128205125E-02 -2.5456410256410253E-02
   1.6658974358974361E-02 -2.5135897435897434E-02
   1.6441025641025640E-02 -2.4828205128205130E-02
   1.6274358974358975E-02 -2.4558974358974354E-02
   1.6069230769230770E-02 -2.4456410256410259E-02
   1.5710256410256411E-02 -2.4302564102564102E-02
   1.4915384615384617E-02 -2.3969230769230774E-02
   1.4505128205128207E-02 -2.3815384615384613E-02
   1.4043589743589742E-02 -2.3674358974358975E-02
   1.3633333333333332E-02 -2.3533333333333337E-02
   1.3402564102564104E-02 -2.3289743589743585E-02
   1.3248717948717953E-02 -2.2853846153846155E-02
   1.3261538461538462E-02 -2.2405128205128206E-02
   1.3261538461538462E-02 -2.2046153846153847E-02
   1.3261538461538462E-02 -2.1828205128205130E-02
   1.3466666666666667E-02 -2.1392307692307690E-02
   1.3158974358974359E-02 -2.1251282051282051E-02
   1.2838461538461540E-02 -2.1456410256410256E-02
   1.2787179487179489E-02 -2.1700000000000001E-02
   1.2812820512820513E-02 -2.1969230769230769E-02
   1.2633333333333335E-02 -2.1853846153846154E-02
   1.2441025641025638E-02 -2.1674358974358977E-02
   1.1928205128205133E-02 -2.1443589743589744E-02
   1.1543589743589742E-02 -2.1161538461538464E-02
   1.1287179487179487E-02 -2.0866666666666665E-02
   1.0966666666666666E-02 -2.0687179487179488E-02
   1.0569230769230770E-02 -2.0482051282051283E-02
   1.0453846153846152E-02 -2.0635897435897436E-02
   1.0158974358974360E-02 -2.0815384615384614E-02
   9.9666666666666671E-03 -2.0930769230769232E-02
   9.7615384615384621E-03 -2.1033333333333327E-02
   9.4923076923076940E-03 -2.1007692307692311E-02
   9.1589743589743627E-03 -2.1046153846153846E-02
   8.7743589743589714E-03 -2.0802564102564106E-02
   8.6076923076923075E-03 -2.0494871794871795E-02
   8.4794871794871777E-03 -2.0238461538461539E-02
   8.2230769230769198E-03 -2.0238461538461539E-02
   8.1333333333333310E-03 -2.0289743589743590E-02
   7.6846153846153870E-03 -2.0366666666666668E-02
   7.2743589743589753E-03 -2.0135897435897436E-02
   6.9666666666666679E-03 -2.0058974358974361E-02
   6.7999999999999988E-03 -1.9738461538461538E-02
   6.9025641025640995E-03 -1.9264102564102565E-02
   7.0564102564102549E-03 -1.8892307692307694E-02
   6.9025641025640995E-03 -1.8776923076923076E-02
   6.9025641025640995E-03 -1.8469230769230773E-02
   6.9923076923076918E-03 -1.8084615384615383E-02
   7.1589743589743574E-03 -1.7712820512820512E-02
   7.3769230769230778E-03 -1.7341025641025642E-02
   7.0051282051282020E-03 -1.7251282051282051E-02
   6.6461538461538450E-03 -1.7289743589743591E-02
   6.2358974358974351E-03 -1.7417948717948717E-02
   6.1205128205128207E-03 -1.7623076923076929E-02
   5.9666666666666670E-03 -1.7841025641025642E-02
   5.5948717948717929E-03 -1.7917948717948717E-02
   5.1974358974358984E-03 -1.7635897435897437E-02
   5.0051282051282054E-03 -1.7276923076923075E-02
   4.8000000000000004E-03 -1.6879487179487181E-02
   4.6846153846153860E-03 -1.6610256410256413E-02
   4.5564102564102579E-03 -1.6315384615384617E-02
   4.5820512820512818E-03 -1.6007692307692310E-02
   4.5692307692307699E-03 -1.5738461538461541E-02
   4.4923076923076930E-03 -1.5315384615384614E-02
   4.4538461538461537E-03 -1.4982051282051281E-02
   4.2871794871794863E-03 -1.4802564102564100E-02
   3.9025641025641025E-03 -1.4648717948717948E-02
   3.7230769230769231E-03 -1.4456410256410255E-02
   3.3769230769230764E-03 -1.4020512820512821E-02
   3.0692307692307690E-03 -1.3776923076923074E-02
   2.5948717948717933E-03 -1.3276923076923073E-02
   2.2230769230769227E-03 -1.2930769230769227E-02
   1.9666666666666665E-03 -1.2584615384615383E-02
   1.7487179487179487E-03 -1.2584615384615383E-02
   1.4794871794871797E-03 -1.2597435897435899E-02
   1.1717948717948723E-03 -1.2828205128205124E-02
   1.0307692307692305E-03 -1.2969230769230769E-02
   8.6410256410256311E-04 -1.3058974358974356E-02
   6.5897435897435946E-04 -1.2969230769230769E-02
   5.3076923076923049E-04 -1.2712820512820513E-02
   4.4102564102564083E-04 -1.2353846153846154E-02
   3.8974358974358915E-04 -1.2200000000000001E-02
  -1.3589743589743648E-04 -1.2007692307692308E-02
  -5.5897435897435876E-04 -1.1712820512820512E-02
  -8.7948717948717987E-04 -1.1264102564102563E-02
  -8.0256410256410345E-04 -1.0956410256410257E-02
  -6.7435897435897448E-04 -1.0738461538461539E-02
  -3.9230769230769267E-04 -1.0482051282051283E-02
   3.0769230769230049E-05 -1.0071794871794873E-02
   2.8717948717948711E-04 -9.8410256410256403E-03
   5.1794871794871812E-04 -9.6615384615384610E-03
   5.4358974358974330E-04 -9.3153846153846143E-03
   2.1025641025641025E-04 -9.0974358974358974E-03
  -7.1794871794871994E-05 -8.8153846153846156E-03
  -4.6923076923076953E-04 -8.6358974358974362E-03
  -7.3846153846153853E-04 -8.3538461538461544E-03
  -1.0076923076923075E-03 -8.0589743589743589E-03
  -1.3794871794871794E-03 -7.8153846153846147E-03
  -1.4435897435897437E-03 -7.0589743589743598E-03
  -1.4179487179487183E-03 -6.6871794871794874E-03
  -1.0076923076923075E-03 -6.4564102564102568E-03
  -1.0974358974358976E-03 -6.0717948717948717E-03
  -1.1102564102564104E-03 -5.7641025641025651E-03
  -1.3282051282051284E-03 -5.5333333333333337E-03
  -1.5717948717948720E-03 -5.2769230769230766E-03
  -1.8282051282051284E-03 -5.0461538461538460E-03
  -1.8282051282051284E-03 -4.5333333333333337E-03
  -2.0846153846153853E-03 -4.0717948717948716E-03
  -2.1230769230769233E-03 -3.7897435897435898E-03
  -2.3794871794871799E-03 -3.4692307692307696E-03
  -2.5205128205128208E-03 -3.0846153846153849E-03
  -2.3794871794871799E-03 -2.7512820512820514E-03
  -2.2128205128205129E-03 -2.3666666666666667E-03
  -2.3410256410256415E-03 -2.2256410256410258E-03
  -2.3666666666666667E-03 -1.7641025641025640E-03
  -2.4948717948717952E-03 -1.4564102564102565E-03
  -2.4435897435897439E-03 -1.0974358974358976E-03
  -2.3282051282051282E-03 -6.7435897435897448E-04
  -2.3025641025641026E-03 -3.5384615384615381E-04
  -2.3666666666666667E-03 -1.6153846153846166E-04
  -2.5333333333333336E-03 -3.3333333333333132E-05
  -2.6230769230769233E-03  2.1025641025641025E-04
  -2.8410256410256410E-03  5.1794871794871812E-04
  -3.0205128205128208E-03  9.6666666666666646E-04
  -2.9179487179487179E-03  1.1974358974358979E-03
  -2.7000000000000001E-03  1.5692307692307685E-03
  -2.4948717948717952E-03  1.9923076923076921E-03
  -2.3666666666666667E-03  2.2358974358974355E-03
  -2.8282051282051282E-03  2.5948717948717933E-03
  -2.9692307692307691E-03  2.8769230769230768E-03
  -3.0205128205128208E-03  3.2358974358974364E-03
  -3.0974358974358977E-03  3.4666666666666669E-03
  -3.1102564102564105E-03  3.7358974358974359E-03
  -3.1871794871794873E-03  3.9538461538461533E-03
  -3.0589743589743588E-03  4.2871794871794863E-03
  -2.9051282051282051E-03  4.6205128205128211E-03
  -2.8282051282051282E-03  4.9410256410256422E-03
  -3.0205128205128208E-03  5.1076923076923079E-03
  -3.0717948717948721E-03  5.4538461538461546E-03
  -2.9948717948717952E-03  5.7230769230769210E-03
  -2.9948717948717952E-03  5.9794871794871789E-03
  -3.0846153846153849E-03  6.3128205128205137E-03
  -3.2897435897435903E-03  6.5307692307692306E-03
  -3.4564102564102568E-03  6.8384615384615381E-03
  -3.4435897435897440E-03  7.0820512820512806E-03
  -3.2897435897435903E-03  7.4025641025640999E-03
  -3.2256410256410258E-03  7.5435897435897434E-03
  -3.3538461538461539E-03  7.8512820512820526E-03
  -3.4948717948717952E-03  8.2230769230769198E-03
  -3.0717948717948721E-03  8.3384615384615394E-03
  -2.9820512820512820E-03  8.5564102564102597E-03
  -3.0076923076923076E-03  8.9025641025641047E-03
  -3.1487179487179489E-03  9.1076923076923114E-03
  -3.3282051282051282E-03  9.3256410256410266E-03
  -3.4820512820512824E-03  9.4410256410256427E-03
  -3.7000000000000002E-03  9.7358974358974382E-03
  -3.8538461538461539E-03  1.0120512820512823E-02
  -3.9820512820512820E-03  1.0594871794871796E-02
  -3.9820512820512820E-03  1.1005128205128209E-02
  -3.9051282051282051E-03  1.1325641025641023E-02
  -3.8923076923076927E-03  1.1594871794871793E-02
  -3.9692307692307700E-03  1.1812820512820512E-02
  -3.9179487179487179E-03  1.2043589743589741E-02
  -3.7769230769230770E-03  1.2376923076923079E-02
  -3.7769230769230770E-03  1.2582051282051284E-02
  -3.7769230769230770E-03  1.2851282051282052E-02
  -3.7769230769230770E-03  1.3146153846153844E-02
  -3.6871794871794874E-03  1.3364102564102557E-02
  -3.5333333333333336E-03  1.3710256410256411E-02
  -3.1358974358974357E-03  1.3825641025641025E-02
  -2.9179487179487179E-03  1.4197435897435896E-02
  -2.7256410256410258E-03  1.4582051282051282E-02
  -2.6358974358974361E-03  1.4915384615384617E-02
  -2.6487179487179489E-03  1.5389743589743590E-02
  -2.5974358974358977E-03  1.5723076923076919E-02
  -2.6358974358974361E-03  1.5979487179487183E-02
  -2.7512820512820514E-03  1.6274358974358975E-02
  -2.9820512820512820E-03  1.6376923076923077E-02
  -3.5589743589743593E-03  1.6812820512820514E-02
  -3.6743589743589745E-03  1.7030769230769231E-02
  -3.8538461538461539E-03  1.7364102564102566E-02
  -4.1230769230769229E-03  1.7684615384615385E-02
  -4.2897435897435894E-03  1.8030769230769229E-02
  -4.3666666666666671E-03  1.8351282051282052E-02
  -4.1358974358974357E-03  1.8761538461538461E-02
  -4.0589743589743588E-03  1.8992307692307690E-02
  -4.0717948717948716E-03  1.9094871794871800E-02
  -3.8666666666666671E-03  1.9607692307692309E-02
  -3.4435897435897440E-03  1.9569230769230773E-02
  -3.2128205128205130E-03  1.9748717948717947E-02
  -2.8923076923076923E-03  1.9825641025641026E-02
  -2.6230769230769233E-03  1.9992307692307691E-02
  -2.3666666666666667E-03  2.0543589743589743E-02
  -2.0717948717948720E-03  2.0941025641025637E-02
  -1.7512820512820514E-03  2.1107692307692303E-02
  -1.2641025641025644E-03  2.1197435897435897E-02
  -1.2000000000000001E-03  2.1505128205128204E-02
  -9.3076923076923111E-04  2.1838461538461543E-02
  -8.5384615384615425E-04  2.2312820512820512E-02
  -8.6666666666666706E-04  2.2556410256410257E-02
  -7.8974358974358977E-04  2.2902564102564107E-02
  -6.1025641025641087E-04  2.3299999999999998E-02
  -3.7948717948717986E-04  2.3646153846153841E-02
  -1.1025641025641042E-04  2.4043589743589742E-02
   4.3589743589743293E-05  2.4325641025641030E-02
   1.2051282051282015E-04  2.4825641025641026E-02
   5.6410256410256102E-05  2.5158974358974358E-02
   1.3333333333333296E-04  2.5492307692307693E-02
   3.8974358974358915E-04  2.5761538461538461E-02
   6.0769230769230735E-04  2.5953846153846161E-02
   1.1205128205128210E-03  2.6120512820512812E-02
   1.4666666666666660E-03  2.6607692307692297E-02
   1.7487179487179487E-03  2.7082051282051274E-02
   2.1589743589743595E-03  2.7415384615384616E-02
   2.4794871794871789E-03  2.7594871794871793E-02
   2.6461538461538463E-03  2.7582051282051281E-02
   3.0692307692307690E-03  2.7607692307692309E-02
   3.1974358974358971E-03  2.7633333333333333E-02
   3.2358974358974364E-03  2.7825641025641026E-02
   3.0307692307692305E-03  2.8338461538461542E-02
   3.2615384615384611E-03  2.8441025641025637E-02
   3.5179487179487182E-03  2.8697435897435904E-02
   3.8000000000000000E-03  2.9017948717948716E-02
   3.7871794871794872E-03  2.9261538461538464E-02
   3.8897435897435897E-03  2.9517948717948717E-02
   3.8512820512820512E-03  2.9633333333333331E-02
   3.8256410256410247E-03  2.9941025641025645E-02
   3.9794871794871789E-03  3.0210256410256410E-02
   4.2871794871794863E-03  3.0556410256410260E-02
   4.5564102564102579E-03  3.0748717948717946E-02
   4.8128205128205124E-03  3.1082051282051285E-02
   5.0564102564102566E-03  3.1325641025641025E-02
   5.2615384615384616E-03  3.1748717948717947E-02
   5.0564102564102566E-03  3.2043589743589750E-02
   4.8897435897435910E-03  3.2428205128205129E-02
   4.9410256410256422E-03  3.2864102564102562E-02
   4.8384615384615397E-03  3.3287179487179484E-02
   4.9666666666666678E-03  3.3671794871794870E-02
   5.1974358974358984E-03  3.4005128205128202E-02
   5.4410256410256409E-03  3.4197435897435895E-02
   5.7358974358974347E-03  3.4453846153846154E-02
   6.0692307692307695E-03  3.4441025641025642E-02
   6.3512820512820530E-03  3.4364102564102564E-02
   6.7102564102564082E-03  3.4210256410256407E-02
   7.1461538461538455E-03  3.4094871794871792E-02
   7.5692307692307708E-03  3.4171794871794871E-02
   7.9794871794871807E-03  3.4287179487179485E-02
   8.4538461538461555E-03  3.4235897435897437E-02
   8.8384615384615398E-03  3.4197435897435895E-02
   8.9153846153846149E-03  3.4428205128205130E-02
   9.0051282051282020E-03  3.4761538461538462E-02
   9.0435897435897448E-03  3.5094871794871793E-02
   9.0948717948717960E-03  3.5441025641025636E-02
   9.2358974358974378E-03  3.5902564102564101E-02
   9.1974358974358985E-03  3.6210256410256408E-02
   9.0179487179487174E-03  3.6697435897435897E-02
   9.4025641025641000E-03  3.7146153846153843E-02
   1.0056410256410254E-02  3.7235897435897433E-02
   1.0530769230769231E-02  3.7171794871794880E-02
   1.0748717948717948E-02  3.7210256410256409E-02
   1.0979487179487180E-02  3.7466666666666662E-02
   1.1005128205128209E-02  3.7838461538461550E-02
   1.1082051282051282E-02  3.8082051282051284E-02
   1.1197435897435897E-02  3.8415384615384615E-02
   1.1364102564102566E-02  3.8710256410256404E-02
   1.1582051282051283E-02  3.8953846153846151E-02
   1.2171794871794876E-02  3.9005128205128206E-02
   1.2505128205128205E-02  3.9197435897435899E-02
   1.3017948717948718E-02  3.9210256410256411E-02
   1.3082051282051281E-02  3.9364102564102561E-02
   1.3300000000000005E-02  3.9633333333333333E-02
   1.3441025641025643E-02  3.9748717948717961E-02
   1.3671794871794868E-02  4.0248717948717941E-02
   1.3735897435897435E-02  4.0389743589743600E-02
   1.3530769230769233E-02  4.0723076923076924E-02
   1.3402564102564104E-02  4.1120512820512829E-02
   1.3133333333333332E-02  4.1441025641025649E-02
   1.2979487179487178E-02  4.1902564102564099E-02
   1.2902564102564103E-02  4.2261538461538461E-02
   1.3094871794871793E-02  4.2697435897435895E-02
   1.3056410256410257E-02  4.3107692307692298E-02
   1.3505128205128206E-02  4.3146153846153855E-02
   1.3851282051282053E-02  4.3107692307692298E-02
   1.4069230769230773E-02  4.3197435897435903E-02
   1.4556410256410258E-02  4.3261538461538462E-02
   1.5120512820512822E-02  4.3030769230769227E-02
   1.5543589743589744E-02  4.2902564102564100E-02
   1.5774358974358974E-02  4.2992307692307698E-02
   1.5928205128205124E-02  4.3223076923076927E-02
   1.6261538461538459E-02  4.3287179487179486E-02
   1.6748717948717948E-02  4.3261538461538462E-02
   1.7017948717948719E-02  4.3287179487179486E-02
   1.7376923076923078E-02  4.3338461538461548E-02
   1.7569230769230771E-02  4.3505128205128203E-02
   1.7979487179487177E-02  4.3876923076923070E-02
   1.8210256410256410E-02  4.4146153846153842E-02
   1.8505128205128205E-02  4.4300000000000006E-02
   1.8889743589743584E-02  4.4428205128205119E-02
   1.9351282051282052E-02  4.4543589743589740E-02
   1.9710256410256411E-02  4.4723076923076928E-02
   2.0120512820512821E-02  4.5005128205128204E-02
   2.0210256410256412E-02  4.5210256410256416E-02
   2.0325641025641026E-02  4.5582051282051284E-02
   2.0479487179487180E-02  4.5671794871794881E-02
   2.0941025641025637E-02  4.5799999999999987E-02
   2.1017948717948716E-02  4.6030769230769229E-02
   2.0966666666666665E-02  4.6312820512820506E-02
   2.0825641025641026E-02  4.6876923076923073E-02
   2.0812820512820511E-02  4.7120512820512821E-02
   2.0966666666666665E-02  4.7364102564102568E-02
   2.0864102564102562E-02  4.7646153846153845E-02
   2.0607692307692306E-02  4.8171794871794876E-02
   2.0761538461538460E-02  4.8530769230769225E-02
   2.0774358974358975E-02  4.8992307692307689E-02
   2.0864102564102562E-02  4.9466666666666666E-02
   2.1248717948717948E-02  4.9620512820512816E-02
   2.1748717948717942E-02  4.9966666666666666E-02
   2.2158974358974366E-02  4.9876923076923090E-02
   2.2684615384615379E-02  4.9928205128205123E-02
   2.3171794871794871E-02  4.9966666666666666E-02
   2.3607692307692305E-02  4.9710256410256413E-02
   2.3799999999999995E-02  4.9517948717948713E-02
   2.4005128205128210E-02  4.9274358974358966E-02
   2.4235897435897425E-02  4.9094871794871792E-02
   2.4594871794871798E-02  4.9120512820512822E-02
   2.4992307692307692E-02  4.9274358974358966E-02
   2.5261538461538460E-02  4.9402564102564113E-02
   2.5505128205128205E-02  4.9582051282051287E-02
   2.5735897435897433E-02  4.9902564102564106E-02
   2.5838461538461536E-02  5.0287179487179492E-02
   2.5569230769230768E-02  5.0594871794871800E-02
   2.5710256410256409E-02  5.0876923076923063E-02
   2.5851282051282044E-02  5.0992307692307691E-02
   2.5941025641025638E-02  5.1402564102564101E-02
   2.5928205128205126E-02  5.1646153846153849E-02
   2.5787179487179485E-02  5.1697435897435903E-02
   2.5902564102564099E-02  5.1992307692307692E-02
   2.6146153846153843E-02  5.2274358974358968E-02
   2.6441025641025632E-02  5.2364102564102559E-02
   2.7005128205128206E-02  5.2505128205128211E-02
   2.7556410256410258E-02  5.2620512820512819E-02
   2.8030769230769231E-02  5.2479487179487173E-02
   2.8441025641025637E-02  5.2312820512820511E-02
   2.8915384615384614E-02  5.2069230769230763E-02
   2.9235897435897433E-02  5.1928205128205132E-02
   2.9543589743589740E-02  5.1800000000000006E-02
   2.9684615384615386E-02  5.1620512820512832E-02
   2.9979487179487174E-02  5.1787179487179487E-02
   3.0133333333333338E-02  5.1966666666666654E-02
   3.0517948717948717E-02  5.2248717948717945E-02
   3.0607692307692308E-02  5.2428205128205126E-02
   3.0582051282051284E-02  5.2812820512820519E-02
   3.0633333333333332E-02  5.3107692307692307E-02
   3.0723076923076922E-02  5.3441025641025632E-02
   3.0710256410256410E-02  5.3799999999999994E-02
   3.0761538461538458E-02  5.4120512820512827E-02
   3.1056410256410254E-02  5.4517948717948732E-02
   3.1184615384615387E-02  5.4646153846153851E-02
   3.1530769230769230E-02  5.4864102564102568E-02
   3.1953846153846152E-02  5.5069230769230766E-02
   3.2248717948717955E-02  5.5261538461538473E-02
   3.2428205128205129E-02  5.5274358974358971E-02
   3.2787179487179491E-02  5.5325641025641033E-02
   3.3146153846153846E-02  5.5415384615384602E-02
   3.3248717948717949E-02  5.5479487179487176E-02
   3.3710256410256413E-02  5.5492307692307702E-02
   3.4146153846153847E-02  5.5428205128205128E-02
   3.4556410256410257E-02  5.5389743589743586E-02
   3.4864102564102564E-02  5.5351282051282043E-02
   3.4979487179487179E-02  5.5492307692307702E-02
   3.5248717948717950E-02  5.5556410256410248E-02
   3.5441025641025636E-02  5.5658974358974350E-02
   3.5569230769230763E-02  5.5966666666666672E-02
   3.5594871794871794E-02  5.6210256410256412E-02
   3.6082051282051275E-02  5.6441025641025648E-02
   3.6441025641025644E-02  5.6466666666666665E-02
   3.6671794871794873E-02  5.6620512820512822E-02
   3.6915384615384614E-02  5.6838461538461553E-02
   3.7223076923076928E-02  5.6953846153846154E-02
   3.7646153846153850E-02  5.6966666666666672E-02
   3.7941025641025646E-02  5.7082051282051287E-02
   3.8325641025641025E-02  5.7235897435897444E-02
   3.8594871794871803E-02  5.7223076923076918E-02
   3.8646153846153844E-02  5.7594871794871792E-02
   3.8723076923076923E-02  5.7735897435897424E-02
   3.9030769230769237E-02  5.7851282051282052E-02
   3.9479487179487176E-02  5.8056410256410257E-02
   3.9799999999999995E-02  5.8376923076923062E-02
   4.0107692307692296E-02  5.8569230769230769E-02
   4.0453846153846146E-02  5.8594871794871793E-02
   4.0941025641025641E-02  5.8556410256410250E-02
   4.1248717948717942E-02  5.8735897435897438E-02
   4.1646153846153847E-02  5.9082051282051275E-02
   4.2056410256410257E-02  5.9389743589743589E-02
   4.2415384615384605E-02  5.9646153846153842E-02
   4.2838461538461527E-02  5.9915384615384613E-02
   4.3223076923076927E-02  6.0184615384615371E-02
   4.3402564102564108E-02  6.0312820512820518E-02
   4.3748717948717951E-02  6.0530769230769228E-02
   4.3992307692307699E-02  6.0941025641025638E-02
   4.4274358974358975E-02  6.1069230769230771E-02
   4.4710256410256409E-02  6.1030769230769229E-02
   4.5017948717948716E-02  6.0979487179487181E-02
   4.5697435897435884E-02  6.1402564102564110E-02
   4.6146153846153837E-02  6.1748717948717939E-02
   4.7043589743589749E-02  6.2171794871794868E-02
   4.7505128205128200E-02  6.2492307692307701E-02
   4.7966666666666671E-02  6.2735897435897442E-02
   4.8620512820512829E-02  6.3171794871794876E-02
   4.9261538461538468E-02  6.3505128205128214E-02
   4.9774358974358987E-02  6.3825641025641033E-02
   5.0223076923076926E-02  6.3992307692307696E-02
   5.0582051282051274E-02  6.4274358974358972E-02
   5.1056410256410265E-02  6.4466666666666672E-02
   5.1376923076923084E-02  6.4582051282051287E-02
   5.1723076923076934E-02  6.4646153846153853E-02
   5.2146153846153842E-02  6.4889743589743587E-02
   5.2710256410256416E-02  6.5082051282051287E-02
   5.2838461538461549E-02  6.5543589743589745E-02
   5.3364102564102560E-02  6.6017948717948721E-02
   5.3658974358974362E-02  6.6364102564102564E-02
   5.4030769230769222E-02  6.6787179487179493E-02
   5.4492307692307687E-02  6.7069230769230784E-02
   5.5197435897435899E-02  6.7043589743589746E-02
   5.5684615384615381E-02  6.7107692307692313E-02
   5.6082051282051286E-02  6.7146153846153855E-02
   5.6338461538461546E-02  6.7569230769230784E-02
   5.6607692307692296E-02  6.7979487179487194E-02
   5.7069230769230782E-02  6.8376923076923085E-02
   5.7492307692307690E-02  6.8364102564102566E-02
   5.8043589743589745E-02  6.8517948717948723E-02
   5.8530769230769233E-02  6.8620512820512833E-02
   5.8876923076923070E-02  6.8774358974358976E-02
   5.9338461538461527E-02  6.9107692307692314E-02
   5.9761538461538456E-02  6.9364102564102567E-02
   6.0466666666666662E-02  6.9735897435897434E-02
   6.1043589743589748E-02  7.0120512820512820E-02
   6.1248717948717953E-02  7.0543589743589749E-02
   6.1543589743589734E-02  7.0543589743589749E-02
   6.1774358974358977E-02  7.0530769230769244E-02
   6.2030769230769230E-02  7.0710256410256425E-02
   6.2428205128205135E-02  7.1082051282051292E-02
   6.2876923076923080E-02  7.1543589743589750E-02
   6.3402564102564105E-02  7.1697435897435907E-02
   6.3710256410256419E-02  7.1941025641025655E-02
   6.4120512820512829E-02  7.2517948717948727E-02
   6.4466666666666672E-02  7.2902564102564099E-02
   6.4889743589743587E-02  7.3184615384615390E-02
   6.5069230769230768E-02  7.3261538461538475E-02
   6.5415384615384625E-02  7.3312820512820509E-02
   6.5748717948717950E-02  7.3171794871794871E-02
   6.6069230769230783E-02  7.2928205128205137E-02
   6.6274358974358988E-02  7.2633333333333341E-02
   6.6530769230769241E-02  7.2248717948717955E-02
   6.6876923076923084E-02  7.1851282051282050E-02
   6.7235897435897446E-02  7.1492307692307702E-02
   6.7710256410256422E-02  7.1197435897435893E-02
   6.8338461538461542E-02  7.0838461538461545E-02
   6.8171794871794880E-02  7.1197435897435893E-02
   6.8030769230769228E-02  7.1492307692307702E-02
   6.7748717948717965E-02  7.1876923076923088E-02
   6.7812820512820518E-02  7.2094871794871798E-02
   6.7941025641025651E-02  7.2441025641025641E-02
   6.8158974358974361E-02  7.2864102564102570E-02
   6.8389743589743604E-02  7.3043589743589751E-02
   6.8492307692307700E-02  7.3338461538461547E-02
   6.8569230769230771E-02  7.3658974358974366E-02
   6.8851282051282062E-02  7.3864102564102571E-02
   6.9300000000000000E-02  7.4005128205128209E-02
   6.9582051282051291E-02  7.4043589743589752E-02
   6.9735897435897434E-02  7.4133333333333343E-02
   7.0005128205128206E-02  7.4428205128205138E-02
   7.0312820512820520E-02  7.4825641025641029E-02
   7.0594871794871797E-02  7.5133333333333344E-02
   7.1030769230769231E-02  7.5505128205128211E-02
   7.1376923076923088E-02  7.5723076923076935E-02
   7.1748717948717955E-02  7.5710256410256416E-02
   7.2312820512820522E-02  7.5697435897435897E-02
   7.2774358974358980E-02  7.5569230769230777E-02
   7.3376923076923076E-02  7.5325641025641030E-02
   7.3556410256410257E-02  7.5107692307692320E-02
   7.3812820512820523E-02  7.4774358974358981E-02
   7.4107692307692319E-02  7.4415384615384619E-02
   7.4197435897435896E-02  7.4594871794871800E-02
   7.4248717948717957E-02  7.4941025641025658E-02
   7.4069230769230776E-02  7.5543589743589754E-02
   7.4210256410256414E-02  7.5876923076923078E-02
   7.4428205128205138E-02  7.6338461538461549E-02
   7.4723076923076934E-02  7.6261538461538464E-02
   7.5235897435897439E-02  7.6133333333333345E-02
   7.5556410256410272E-02  7.6094871794871802E-02
   7.6005128205128211E-02  7.6094871794871802E-02
   7.6146153846153850E-02  7.6158974358974368E-02
   7.6428205128205140E-02  7.6312820512820512E-02
   7.6723076923076922E-02  7.6517948717948717E-02
   7.7069230769230779E-02  7.6723076923076922E-02
   7.7351282051282069E-02  7.6889743589743598E-02
   7.7646153846153851E-02  7.6876923076923079E-02
   7.7979487179487161E-02  7.6684615384615379E-02
   7.8082051282051299E-02  7.6107692307692307E-02
   7.8248717948717961E-02  7.5671794871794873E-02
   7.8428205128205114E-02  7.5389743589743596E-02
   7.8466666666666671E-02  7.5812820512820525E-02
   7.8492307692307695E-02  7.6223076923076935E-02
   7.8607692307692309E-02  7.6761538461538464E-02
   7.8774358974358971E-02  7.7146153846153864E-02
   7.8928205128205142E-02  7.7582051282051270E-02
   7.9133333333333347E-02  7.8082051282051299E-02
   7.9376923076923081E-02  7.8620512820512814E-02
   7.9582051282051286E-02  7.8748717948717989E-02
   8.0184615384615396E-02  7.8851282051282043E-02
   8.0569230769230782E-02  7.8838461538461552E-02
   8.0902564102564092E-02  7.8928205128205142E-02
   8.0992307692307697E-02  7.8953846153846194E-02
   8.1428205128205131E-02  7.9223076923076910E-02
   8.1902564102564149E-02  7.9505128205128214E-02
   8.2171794871794865E-02  7.9466666666666658E-02
   8.2594871794871821E-02  7.9210256410256405E-02
   8.2889743589743603E-02  7.9030769230769252E-02
   8.3261538461538484E-02  7.8941025641025647E-02
   8.3812820512820518E-02  7.8710256410256418E-02
   8.4146153846153857E-02  7.8453846153846166E-02
   8.4376923076923085E-02  7.8056410256410261E-02
   8.4556410256410267E-02  7.7684615384615394E-02
   8.4633333333333338E-02  7.7466666666666684E-02
   8.4915384615384601E-02  7.7351282051282069E-02
   8.5197435897435905E-02  7.7364102564102574E-02
   8.5505128205128206E-02  7.7582051282051270E-02
   8.5876923076923087E-02  7.7800000000000008E-02
   8.6364102564102582E-02  7.7851282051282056E-02
   8.6735897435897449E-02  7.7953846153846179E-02
   8.6992307692307730E-02  7.8146153846153879E-02
   8.7761538461538474E-02  7.8120512820512841E-02
   8.8351282051282065E-02  7.8069230769230780E-02
   8.9223076923076933E-02  7.7966666666666670E-02
   8.9723076923076947E-02  7.7992307692307708E-02
   9.0338461538461548E-02  7.8146153846153879E-02
   9.0761538461538491E-02  7.8300000000000008E-02
   9.1120512820512825E-02  7.8582051282051271E-02
   9.1325641025641030E-02  7.9056410256410248E-02
   9.1299999999999992E-02  7.9530769230769238E-02
   9.1223076923076921E-02  7.9864102564102549E-02
   9.1235897435897467E-02  8.0415384615384625E-02
   9.1351282051282054E-02  8.0902564102564092E-02
   9.1466666666666654E-02  8.1299999999999997E-02
   9.1633333333333372E-02  8.1569230769230769E-02
   9.2158974358974369E-02  8.1697435897435916E-02
   9.2428205128205140E-02  8.1505128205128244E-02
   9.2633333333333345E-02  8.1056410256410263E-02
   9.2825641025641031E-02  8.0748717948717963E-02
   9.3133333333333332E-02  8.0274358974359000E-02
   9.3210256410256417E-02  8.0043589743589758E-02
   9.3582051282051271E-02  7.9684615384615395E-02
   9.3941025641025647E-02  7.9466666666666658E-02
   9.4107692307692323E-02  7.9364102564102576E-02
   0.1082230769230769      8.3107692307692313E-02
   0.1081974358974359      8.3248717948717951E-02
   0.1078897435897436      8.3582051282051290E-02
   0.1077102564102564      8.3800000000000027E-02
   0.1075307692307692      8.4017948717948723E-02
   0.1074025641025641      8.4248717948717952E-02
   0.1072871794871795      8.4505128205128191E-02
   0.1073384615384615      8.4774358974358963E-02
   0.1074410256410256      8.5056410256410267E-02
   0.1076461538461538      8.5261538461538472E-02
   0.1079282051282051      8.5223076923076929E-02
   0.1082871794871795      8.5184615384615373E-02
   0.1086717948717949      8.5133333333333325E-02
   0.1090051282051282      8.5056410256410267E-02
   0.1093000000000000      8.5030769230769243E-02
   0.1094666666666667      8.5056410256410267E-02
   0.1095435897435897      8.5338461538461530E-02
   0.1097487179487179      8.5594871794871810E-02
   0.1098000000000000      8.5851282051282063E-02
   0.1098512820512821      8.5979487179487168E-02
   0.1099410256410256      8.6171794871794868E-02
   0.1100564102564103      8.6235897435897449E-02
   0.1103512820512821      8.6300000000000016E-02
   0.1106461538461538      8.6325641025641039E-02
   0.1109538461538462      8.6325641025641039E-02
   0.1112487179487180      8.6197435897435892E-02
   0.1116461538461539      8.6030769230769216E-02
   0.1119410256410256      8.5825641025641039E-02
   0.1120692307692308      8.5607692307692315E-02
   0.1121974358974359      8.5402564102564110E-02
   0.1126461538461538      8.5197435897435905E-02
   0.1129666666666667      8.5056410256410267E-02
   0.1132615384615385      8.4953846153846171E-02
   0.1132230769230769      8.5364102564102581E-02
   0.1131717948717949      8.5633333333333339E-02
   0.1131333333333333      8.5941025641025640E-02
   0.1130564102564103      8.6415384615384602E-02
   0.1130564102564103      8.6658974358974350E-02
   0.1131076923076923      8.7082051282051293E-02
   0.1132230769230769      8.7351282051282064E-02
   0.1133897435897436      8.7569230769230774E-02
   0.1135051282051282      8.7646153846153860E-02
   0.1138384615384615      8.7646153846153860E-02
   0.1141974358974359      8.7517948717948726E-02
   0.1144794871794872      8.7389743589743593E-02
   0.1149282051282051      8.7210256410256412E-02
   0.1153641025641026      8.7043589743589764E-02
   0.1156589743589744      8.6838461538461559E-02
   0.1156589743589744      8.7146153846153859E-02
   0.1157487179487179      8.7364102564102569E-02
   0.1159025641025641      8.7441025641025669E-02
   0.1162102564102564      8.7582051282051293E-02
   0.1163641025641026      8.7646153846153860E-02
   0.1165307692307692      8.7505128205128194E-02
   0.1168641025641026      8.7248717948717955E-02
   0.1172358974358974      8.6979487179487183E-02
   0.1174666666666667      8.6812820512820521E-02
   0.1174666666666667      8.6428205128205149E-02
   0.1176461538461539      8.6069230769230773E-02
   0.1177743589743590      8.5658974358974363E-02
   0.1179538461538462      8.6056410256410268E-02
   0.1179923076923077      8.6415384615384602E-02
   0.1181589743589744      8.6774358974358978E-02
   0.1183769230769231      8.7017948717948712E-02
   0.1185435897435897      8.7197435897435893E-02
   0.1183384615384615      8.7787179487179498E-02
   0.1183897435897436      8.8030769230769274E-02
   0.1186846153846154      8.8184615384615389E-02
   0.1191846153846154      8.8235897435897478E-02
   0.1196333333333333      8.8146153846153832E-02
   0.1200307692307692      8.7838461538461574E-02
   0.1203384615384615      8.7428205128205164E-02
   0.1205948717948718      8.7133333333333340E-02
   0.1209153846153846      8.6800000000000030E-02
   0.1223384615384615      8.6915384615384617E-02
   0.1235179487179487      8.7082051282051293E-02
   0.1249153846153846      8.7402564102564126E-02
   0.1262871794871795      8.7761538461538474E-02
   0.1272487179487180      8.8005128205128208E-02
   0.1285307692307692      8.8389743589743594E-02
