   9.9620512820512805E-02 -4.7366666666666668E-02
   9.9517948717948709E-02 -4.7494871794871787E-02
   9.9325641025641009E-02 -4.7674358974358975E-02
   9.9184615384615399E-02 -4.7917948717948723E-02
   9.9017948717948709E-02 -4.8071794871794866E-02
   9.8838461538461500E-02 -4.8174358974358969E-02
   9.8646153846153800E-02 -4.8366666666666669E-02
   9.8492307692307712E-02 -4.8558974358974362E-02
   9.8325641025641008E-02 -4.8802564102564110E-02
   9.8107692307692312E-02 -4.8994871794871796E-02
   9.7941025641025609E-02 -4.8994871794871796E-02
   9.7787179487179507E-02 -4.9097435897435898E-02
   9.7312820512820503E-02 -4.9033333333333338E-02
   9.6941025641025608E-02 -4.8866666666666662E-02
   9.6710256410256448E-02 -4.8892307692307693E-02
   9.6376923076923068E-02 -4.8905128205128205E-02
   9.5735897435897430E-02 -4.8635897435897434E-02
   9.5376923076923081E-02 -4.8405128205128205E-02
   9.4953846153846166E-02 -4.8251282051282054E-02
   9.4492307692307695E-02 -4.7930769230769235E-02
   9.4235897435897456E-02 -4.7738461538461549E-02
   9.3979487179487176E-02 -4.7469230769230771E-02
   9.3735897435897442E-02 -4.7623076923076928E-02
   9.3517948717948760E-02 -4.7776923076923078E-02
   9.3312820512820513E-02 -4.7994871794871795E-02
   9.3171794871794875E-02 -4.8110256410256409E-02
   9.2979487179487175E-02 -4.8289743589743597E-02
   9.2684615384615407E-02 -4.8302564102564102E-02
   9.2287179487179502E-02 -4.8200000000000000E-02
   9.1966666666666669E-02 -4.8058974358974368E-02
   9.1735897435897426E-02 -4.7841025641025652E-02
   9.1389743589743597E-02 -4.7623076923076928E-02
   9.0992307692307733E-02 -4.7366666666666668E-02
   9.0864102564102558E-02 -4.7315384615384627E-02
   9.0492307692307705E-02 -4.7187179487179480E-02
   9.0056410256410244E-02 -4.7084615384615384E-02
   8.9889743589743595E-02 -4.7020512820512825E-02
   8.9607692307692319E-02 -4.6892307692307691E-02
   8.9402564102564114E-02 -4.6802564102564108E-02
   8.9017948717948728E-02 -4.6776923076923077E-02
   8.8851282051282066E-02 -4.6815384615384606E-02
   8.8479487179487212E-02 -4.6725641025641022E-02
   8.8094871794871785E-02 -4.6546153846153841E-02
   8.7735897435897423E-02 -4.6392307692307684E-02
   8.7594871794871798E-02 -4.6251282051282053E-02
   8.7620512820512822E-02 -4.5866666666666660E-02
   8.7466666666666651E-02 -4.5610256410256414E-02
   8.7312820512820521E-02 -4.5623076923076926E-02
   8.7171794871794883E-02 -4.5917948717948721E-02
   8.7056410256410241E-02 -4.6199999999999998E-02
   8.6889743589743593E-02 -4.6674358974358975E-02
   8.6735897435897449E-02 -4.7033333333333323E-02
   8.6582051282051278E-02 -4.7328205128205125E-02
   8.6005128205128220E-02 -4.7507692307692299E-02
   8.5710256410256411E-02 -4.7738461538461549E-02
   8.5453846153846158E-02 -4.7828205128205133E-02
   8.5146153846153830E-02 -4.7789743589743590E-02
   8.4928205128205134E-02 -4.7648717948717945E-02
   8.4658974358974404E-02 -4.7520512820512832E-02
   8.4441025641025666E-02 -4.7148717948717951E-02
   8.4441025641025666E-02 -4.6764102564102565E-02
   8.4543589743589734E-02 -4.6341025641025643E-02
   8.4428205128205133E-02 -4.6174358974358981E-02
   8.3966666666666676E-02 -4.6366666666666667E-02
   8.3389743589743631E-02 -4.6417948717948715E-02
   8.3082051282051289E-02 -4.6456410256410258E-02
   8.2851282051282046E-02 -4.6597435897435889E-02
   8.2517948717948722E-02 -4.6520512820512817E-02
   8.2287179487179493E-02 -4.6494871794871787E-02
   8.1889743589743602E-02 -4.6315384615384612E-02
   8.1376923076923069E-02 -4.6174358974358981E-02
   8.0992307692307697E-02 -4.5943589743589745E-02
   8.0812820512820516E-02 -4.5751282051282045E-02
   8.0492307692307682E-02 -4.5558974358974359E-02
   8.0235897435897471E-02 -4.5289743589743581E-02
   7.9953846153846167E-02 -4.4956410256410263E-02
   8.0056410256410249E-02 -4.4700000000000004E-02
   8.0056410256410249E-02 -4.4430769230769239E-02
   7.8953846153846194E-02 -4.4225641025641020E-02
   7.8082051282051299E-02 -4.4033333333333334E-02
   7.7364102564102574E-02 -4.3905128205128201E-02
   7.6979487179487188E-02 -4.4302564102564099E-02
   7.6620512820512826E-02 -4.4725641025641028E-02
   7.6287179487179488E-02 -4.5071794871794864E-02
   7.5941025641025645E-02 -4.5276923076923069E-02
   7.5594871794871801E-02 -4.5392307692307697E-02
   7.5184615384615391E-02 -4.5456410256410257E-02
   7.4902564102564115E-02 -4.5366666666666666E-02
   7.4658974358974367E-02 -4.5482051282051288E-02
   7.4453846153846162E-02 -4.5610256410256414E-02
   7.4056410256410271E-02 -4.5687179487179486E-02
   7.3453846153846161E-02 -4.5430769230769226E-02
   7.3197435897435909E-02 -4.5379487179487185E-02
   7.2966666666666666E-02 -4.5482051282051288E-02
   7.2517948717948727E-02 -4.5635897435897445E-02
   7.2210256410256426E-02 -4.5712820512820516E-02
   7.1915384615384617E-02 -4.5828205128205131E-02
   7.1453846153846159E-02 -4.5751282051282045E-02
   7.0992307692307688E-02 -4.5635897435897445E-02
   7.0543589743589749E-02 -4.5507692307692311E-02
   7.0184615384615387E-02 -4.5379487179487185E-02
   6.9761538461538458E-02 -4.5212820512820509E-02
   6.9235897435897448E-02 -4.5046153846153847E-02
   6.8979487179487181E-02 -4.4879487179487192E-02
   6.8902564102564109E-02 -4.4674358974358973E-02
   6.8466666666666676E-02 -4.4584615384615382E-02
   6.7966666666666675E-02 -4.4507692307692297E-02
   6.7466666666666675E-02 -4.4315384615384625E-02
   6.7300000000000013E-02 -4.4302564102564099E-02
   6.7133333333333350E-02 -4.4507692307692297E-02
   6.6966666666666674E-02 -4.4738461538461546E-02
   6.6633333333333336E-02 -4.4982051282051287E-02
   6.6325641025641036E-02 -4.4815384615384618E-02
   6.5953846153846155E-02 -4.4507692307692297E-02
   6.5671794871794878E-02 -4.4443589743589744E-02
   6.5338461538461540E-02 -4.4610256410256399E-02
   6.4915384615384625E-02 -4.4828205128205130E-02
   6.4466666666666672E-02 -4.5020512820512809E-02
   6.4082051282051286E-02 -4.5200000000000011E-02
   6.3646153846153852E-02 -4.5341025641025642E-02
   6.2902564102564118E-02 -4.5392307692307697E-02
   6.2441025641025640E-02 -4.5456410256410257E-02
   6.2158974358974349E-02 -4.5558974358974359E-02
   6.1812820512820520E-02 -4.5661538461538462E-02
   6.1402564102564110E-02 -4.5571794871794871E-02
   6.0889743589743590E-02 -4.5430769230769226E-02
   6.0735897435897433E-02 -4.5007692307692304E-02
   6.0684615384615385E-02 -4.4520512820512829E-02
   6.0338461538461542E-02 -4.3994871794871791E-02
   6.0133333333333323E-02 -4.3674358974358972E-02
   5.9864102564102566E-02 -4.3494871794871798E-02
   5.9492307692307685E-02 -4.3187179487179490E-02
   5.9415384615384599E-02 -4.3033333333333333E-02
   5.8992307692307684E-02 -4.2930769230769231E-02
   5.8671794871794865E-02 -4.2789743589743585E-02
   5.8351282051282045E-02 -4.2430769230769230E-02
   5.7979487179487185E-02 -4.2276923076923066E-02
   5.7620512820512823E-02 -4.2366666666666664E-02
   5.7107692307692311E-02 -4.2225641025641025E-02
   5.6979487179487184E-02 -4.2046153846153851E-02
   5.6748717948717949E-02 -4.1828205128205134E-02
   5.6402564102564091E-02 -4.1610256410256410E-02
   5.6030769230769224E-02 -4.1533333333333332E-02
   5.5607692307692309E-02 -4.1366666666666670E-02
   5.4979487179487169E-02 -4.1148717948717946E-02
   5.4428205128205127E-02 -4.1007692307692307E-02
   5.3774358974358963E-02 -4.0943589743589741E-02
   5.3312820512820512E-02 -4.0892307692307693E-02
   5.2966666666666655E-02 -4.0802564102564103E-02
   5.2505128205128211E-02 -4.0597435897435898E-02
   5.1876923076923077E-02 -4.0405128205128205E-02
   5.1517948717948729E-02 -4.0341025641025645E-02
   5.0992307692307691E-02 -4.0110256410256409E-02
   5.0774358974358960E-02 -4.0084615384615385E-02
   5.0171794871794864E-02 -3.9943589743589747E-02
   4.9825641025641021E-02 -3.9815384615384621E-02
   4.9607692307692311E-02 -3.9699999999999999E-02
   4.9210256410256406E-02 -3.9623076923076928E-02
   4.8671794871794870E-02 -3.9469230769230770E-02
   4.8530769230769225E-02 -3.9276923076923077E-02
   4.7992307692307688E-02 -3.9123076923076920E-02
   4.7364102564102568E-02 -3.8943589743589746E-02
   4.6864102564102561E-02 -3.8687179487179486E-02
   4.6441025641025639E-02 -3.8699999999999998E-02
   4.6171794871794875E-02 -3.8623076923076927E-02
   4.5851282051282055E-02 -3.8558974358974360E-02
   4.5620512820512826E-02 -3.8341025641025643E-02
   4.5364102564102567E-02 -3.8238461538461541E-02
   4.4902564102564102E-02 -3.8174358974358974E-02
   4.4223076923076921E-02 -3.8020512820512824E-02
   4.3876923076923070E-02 -3.7700000000000004E-02
   4.3351282051282046E-02 -3.7469230769230769E-02
   4.2787179487179479E-02 -3.7212820512820509E-02
   4.2184615384615383E-02 -3.6943589743589744E-02
   4.1825641025641021E-02 -3.6776923076923075E-02
   4.1274358974358973E-02 -3.6494871794871792E-02
   4.0876923076923082E-02 -3.6161538461538460E-02
   4.0453846153846146E-02 -3.5930769230769231E-02
   4.0287179487179484E-02 -3.6161538461538460E-02
   4.0030769230769224E-02 -3.6379487179487177E-02
   3.9735897435897435E-02 -3.6520512820512822E-02
   3.9376923076923073E-02 -3.6533333333333334E-02
   3.9030769230769237E-02 -3.6507692307692310E-02
   3.8582051282051284E-02 -3.6494871794871792E-02
   3.8338461538461543E-02 -3.6379487179487177E-02
   3.7838461538461550E-02 -3.6161538461538460E-02
   3.7582051282051283E-02 -3.6123076923076924E-02
   3.7351282051282048E-02 -3.6135897435897436E-02
   3.7146153846153843E-02 -3.6110256410256412E-02
   3.6799999999999999E-02 -3.6020512820512822E-02
   3.6415384615384613E-02 -3.5879487179487177E-02
   3.6158974358974361E-02 -3.5687179487179491E-02
   3.5953846153846156E-02 -3.5482051282051286E-02
   3.5684615384615384E-02 -3.5135897435897435E-02
   3.5415384615384619E-02 -3.5033333333333333E-02
   3.5017948717948714E-02 -3.4853846153846159E-02
   3.4697435897435895E-02 -3.4712820512820514E-02
   3.4415384615384612E-02 -3.4405128205128206E-02
   3.4210256410256407E-02 -3.4148717948717947E-02
   3.3953846153846154E-02 -3.3879487179487182E-02
   3.3684615384615382E-02 -3.3584615384615386E-02
   3.3453846153846153E-02 -3.3353846153846158E-02
   3.3184615384615382E-02 -3.3238461538461536E-02
   3.2915384615384610E-02 -3.3097435897435905E-02
   3.2684615384615388E-02 -3.2866666666666662E-02
   3.2492307692307688E-02 -3.2853846153846150E-02
   3.2210256410256412E-02 -3.2853846153846150E-02
   3.1761538461538459E-02 -3.2815384615384614E-02
   3.1364102564102561E-02 -3.2700000000000000E-02
   3.1017948717948718E-02 -3.2533333333333331E-02
   3.0697435897435892E-02 -3.2392307692307692E-02
   3.0594871794871789E-02 -3.2187179487179488E-02
   3.0158974358974355E-02 -3.2187179487179488E-02
   2.9876923076923072E-02 -3.2148717948717945E-02
   2.9453846153846150E-02 -3.2007692307692306E-02
   2.9069230769230771E-02 -3.1841025641025644E-02
   2.8851282051282047E-02 -3.1751282051282054E-02
   2.8633333333333337E-02 -3.1648717948717951E-02
   2.8299999999999999E-02 -3.1828205128205125E-02
   2.7915384615384613E-02 -3.1687179487179487E-02
   2.7646153846153845E-02 -3.1482051282051275E-02
   2.7441025641025643E-02 -3.1238461538461541E-02
   2.7274358974358974E-02 -3.1007692307692302E-02
   2.6876923076923069E-02 -3.0623076923076920E-02
   2.6723076923076926E-02 -3.0135897435897434E-02
   2.6364102564102564E-02 -2.9917948717948718E-02
   2.5979487179487181E-02 -2.9687179487179489E-02
   2.5594871794871788E-02 -2.9328205128205130E-02
   2.5428205128205126E-02 -2.9174358974358976E-02
   2.5030769230769231E-02 -2.9123076923076925E-02
   2.4774358974358975E-02 -2.8866666666666665E-02
   2.4505128205128207E-02 -2.8610256410256420E-02
   2.4133333333333330E-02 -2.8443589743589747E-02
   2.3902564102564097E-02 -2.8533333333333331E-02
   2.3543589743589746E-02 -2.8674358974358972E-02
   2.3299999999999998E-02 -2.8815384615384618E-02
   2.3107692307692305E-02 -2.8943589743589737E-02
   2.2838461538461537E-02 -2.8956410256410259E-02
   2.2517948717948717E-02 -2.8853846153846157E-02
   2.2248717948717949E-02 -2.8802564102564106E-02
   2.2017948717948717E-02 -2.8841025641025642E-02
   2.1723076923076925E-02 -2.8956410256410259E-02
   2.1492307692307689E-02 -2.9097435897435901E-02
   2.1312820512820511E-02 -2.9148717948717952E-02
   2.0992307692307692E-02 -2.9315384615384618E-02
   2.0748717948717948E-02 -2.9392307692307693E-02
   2.0569230769230774E-02 -2.9469230769230772E-02
   2.0287179487179487E-02 -2.9571794871794874E-02
   1.9992307692307691E-02 -2.9546153846153847E-02
   1.9723076923076920E-02 -2.9148717948717952E-02
   1.9274358974358974E-02 -2.8635897435897426E-02
   1.9184615384615387E-02 -2.8289743589743597E-02
   1.9338461538461540E-02 -2.8174358974358972E-02
   1.9505128205128206E-02 -2.8046153846153842E-02
   1.9569230769230773E-02 -2.7751282051282050E-02
   1.9671794871794872E-02 -2.7430769230769231E-02
   1.9774358974358974E-02 -2.7200000000000002E-02
   1.9928205128205128E-02 -2.6943589743589746E-02
   1.9735897435897438E-02 -2.6815384615384616E-02
   1.9505128205128206E-02 -2.6712820512820513E-02
   1.9171794871794871E-02 -2.6712820512820513E-02
   1.8928205128205134E-02 -2.6725641025641029E-02
   1.8646153846153844E-02 -2.6725641025641029E-02
   1.8376923076923075E-02 -2.6674358974358978E-02
   1.8287179487179485E-02 -2.6520512820512820E-02
   1.7966666666666666E-02 -2.6353846153846151E-02
   1.7761538461538461E-02 -2.6328205128205131E-02
   1.7556410256410256E-02 -2.6174358974358977E-02
   1.7210256410256409E-02 -2.5943589743589741E-02
   1.6979487179487177E-02 -2.5776923076923072E-02
   1.6799999999999999E-02 -2.5520512820512820E-02
   1.6671794871794869E-02 -2.5828205128205124E-02
   1.6428205128205128E-02 -2.5982051282051284E-02
   1.6120512820512821E-02 -2.6033333333333339E-02
   1.5761538461538462E-02 -2.6007692307692308E-02
   1.5466666666666668E-02 -2.5930769230769233E-02
   1.5197435897435897E-02 -2.5789743589743588E-02
   1.4928205128205132E-02 -2.5507692307692304E-02
   1.4633333333333333E-02 -2.5084615384615382E-02
   1.4543589743589746E-02 -2.4969230769230775E-02
   1.4441025641025644E-02 -2.4623076923076925E-02
   1.4299999999999998E-02 -2.4366666666666668E-02
   1.4158974358974360E-02 -2.3994871794871794E-02
   1.4274358974358975E-02 -2.3879487179487180E-02
   1.4043589743589742E-02 -2.3674358974358975E-02
   1.3428205128205131E-02 -2.3725641025641026E-02
   1.3133333333333332E-02 -2.3866666666666665E-02
   1.2915384615384615E-02 -2.3917948717948723E-02
   1.2620512820512823E-02 -2.3905128205128207E-02
   1.2210256410256413E-02 -2.3738461538461542E-02
   1.1800000000000000E-02 -2.3623076923076924E-02
   1.1402564102564102E-02 -2.3405128205128200E-02
   1.1158974358974361E-02 -2.3289743589743585E-02
   1.1005128205128209E-02 -2.3238461538461534E-02
   1.0761538461538460E-02 -2.3238461538461534E-02
   1.0223076923076920E-02 -2.2969230769230773E-02
   9.9794871794871825E-03 -2.2764102564102561E-02
   9.8769230769230748E-03 -2.2635897435897435E-02
   9.6076923076923119E-03 -2.2251282051282052E-02
   9.3641025641025642E-03 -2.1841025641025642E-02
   9.7487179487179502E-03 -2.1469230769230772E-02
   9.7743589743589775E-03 -2.1212820512820516E-02
   9.7487179487179502E-03 -2.0661538461538460E-02
   9.9410256410256397E-03 -2.0302564102564102E-02
   9.9923076923076910E-03 -2.0212820512820515E-02
   9.7358974358974382E-03 -2.0007692307692310E-02
   9.4153846153846154E-03 -1.9738461538461538E-02
   9.1333333333333318E-03 -1.9507692307692309E-02
   8.9666666666666662E-03 -1.9238461538461538E-02
   8.9666666666666662E-03 -1.8853846153846152E-02
   8.9410256410256423E-03 -1.8674358974358974E-02
   8.7358974358974373E-03 -1.8648717948717947E-02
   8.4794871794871777E-03 -1.8661538461538462E-02
   8.1974358974358976E-03 -1.8623076923076926E-02
   7.7871794871794877E-03 -1.8482051282051284E-02
   7.5307692307692315E-03 -1.8366666666666670E-02
   7.2102564102564087E-03 -1.8187179487179482E-02
   6.9666666666666679E-03 -1.7969230769230769E-02
   6.7230769230769202E-03 -1.7815384615384611E-02
   6.4923076923076948E-03 -1.7546153846153843E-02
   6.1717948717948719E-03 -1.7225641025641024E-02
   5.8512820512820526E-03 -1.7007692307692310E-02
   5.5307692307692297E-03 -1.6764102564102566E-02
   5.3000000000000009E-03 -1.6712820512820515E-02
   5.0435897435897430E-03 -1.6597435897435897E-02
   4.8000000000000004E-03 -1.6482051282051283E-02
   4.3641025641025649E-03 -1.6123076923076924E-02
   4.2615384615384607E-03 -1.5828205128205129E-02
   4.1589743589743582E-03 -1.5571794871794867E-02
   3.9538461538461533E-03 -1.5328205128205126E-02
   3.6589743589743591E-03 -1.5084615384615382E-02
   3.1974358974358971E-03 -1.4661538461538460E-02
   2.9794871794871793E-03 -1.4558974358974358E-02
   2.6717948717948719E-03 -1.4623076923076919E-02
   2.2743589743589739E-03 -1.4700000000000000E-02
   2.0051282051282049E-03 -1.4687179487179488E-02
   1.6333333333333334E-03 -1.4623076923076919E-02
   1.4025641025641029E-03 -1.4264102564102562E-02
   1.2487179487179491E-03 -1.3943589743589743E-02
   9.9230769230769207E-04 -1.3597435897435896E-02
   6.5897435897435946E-04 -1.3315384615384614E-02
   2.3589743589743587E-04 -1.3058974358974356E-02
   9.4871794871794531E-05 -1.2828205128205124E-02
  -3.3333333333333132E-05 -1.2430769230769230E-02
  -8.4615384615384804E-05 -1.1982051282051280E-02
  -2.5128205128205176E-04 -1.1635897435897437E-02
  -4.1794871794871786E-04 -1.1366666666666666E-02
  -5.5897435897435876E-04 -1.1302564102564102E-02
  -7.8974358974358977E-04 -1.1148717948717949E-02
  -1.0333333333333336E-03 -1.0943589743589745E-02
  -1.0333333333333336E-03 -1.0828205128205129E-02
  -1.0076923076923075E-03 -1.0610256410256411E-02
  -1.2384615384615385E-03 -1.0469230769230771E-02
  -1.3923076923076925E-03 -1.0225641025641026E-02
  -1.3410256410256410E-03 -9.9564102564102565E-03
  -1.2897435897435898E-03 -9.6743589743589747E-03
  -1.2384615384615385E-03 -9.3538461538461553E-03
  -1.1230769230769233E-03 -9.0333333333333342E-03
  -1.0974358974358976E-03 -8.7256410256410250E-03
  -1.0846153846153848E-03 -8.5846153846153850E-03
  -1.5589743589743592E-03 -8.0846153846153845E-03
  -1.7128205128205129E-03 -7.7897435897435890E-03
  -1.9051282051282053E-03 -7.5717948717948722E-03
  -2.0589743589743592E-03 -7.1102564102564110E-03
  -2.2000000000000001E-03 -6.8153846153846155E-03
  -2.0461538461538460E-03 -6.3666666666666663E-03
  -1.9435897435897437E-03 -6.0461538461538461E-03
  -2.0461538461538460E-03 -5.8410256410256402E-03
  -2.0846153846153853E-03 -5.4179487179487184E-03
  -2.1358974358974361E-03 -5.0461538461538460E-03
  -2.3794871794871799E-03 -4.8923076923076923E-03
  -2.6615384615384617E-03 -4.7000000000000002E-03
  -2.9307692307692307E-03 -4.5461538461538456E-03
  -2.9820512820512820E-03 -4.2000000000000006E-03
  -2.9948717948717952E-03 -3.9051282051282051E-03
  -3.2256410256410258E-03 -3.4820512820512824E-03
  -3.2769230769230774E-03 -3.2000000000000002E-03
  -3.3794871794871799E-03 -2.8025641025641026E-03
  -3.1871794871794873E-03 -2.3410256410256415E-03
  -3.1358974358974357E-03 -2.0589743589743592E-03
  -3.0974358974358977E-03 -1.5974358974358974E-03
  -3.0846153846153849E-03 -1.3410256410256410E-03
  -3.0589743589743588E-03 -9.8205128205128235E-04
  -3.0974358974358977E-03 -7.3846153846153853E-04
  -3.1487179487179489E-03 -4.6923076923076953E-04
  -3.3410256410256411E-03  1.0769230769230734E-04
  -3.4051282051282051E-03  2.4871794871794868E-04
  -3.3025641025641026E-03  5.8205128205128173E-04
  -3.2897435897435903E-03  7.9999999999999993E-04
  -2.9564102564102563E-03  1.0692307692307698E-03
  -2.8025641025641026E-03  1.2487179487179491E-03
  -2.6871794871794873E-03  1.4794871794871797E-03
  -2.7897435897435898E-03  1.6333333333333334E-03
  -2.6871794871794873E-03  1.8769230769230768E-03
  -2.6230769230769233E-03  2.0692307692307690E-03
  -2.7897435897435898E-03  2.2358974358974355E-03
  -2.9051282051282051E-03  2.4923076923076917E-03
  -2.8538461538461539E-03  2.8000000000000000E-03
  -2.8282051282051282E-03  3.0435897435897434E-03
  -2.8410256410256410E-03  3.2615384615384611E-03
  -2.8666666666666667E-03  3.5564102564102575E-03
  -3.0205128205128208E-03  3.7487179487179488E-03
  -3.0205128205128208E-03  4.0307692307692301E-03
  -2.8666666666666667E-03  4.3769230769230769E-03
  -2.8282051282051282E-03  4.5948717948717955E-03
  -3.0205128205128208E-03  4.9025641025641029E-03
  -3.0333333333333336E-03  5.1846153846153847E-03
  -3.0205128205128208E-03  5.5820512820512810E-03
  -2.7897435897435898E-03  6.0307692307692302E-03
  -3.0333333333333336E-03  6.5307692307692306E-03
  -3.0589743589743588E-03  6.7487179487179475E-03
  -3.1743589743589745E-03  6.9666666666666679E-03
  -3.4307692307692312E-03  7.0435897435897447E-03
  -3.4948717948717952E-03  7.2358974358974360E-03
  -3.5076923076923080E-03  7.5435897435897434E-03
  -3.3923076923076927E-03  7.7999999999999996E-03
  -3.2512820512820514E-03  8.0692307692307712E-03
  -3.2000000000000002E-03  8.3000000000000001E-03
  -3.2769230769230774E-03  8.4923076923076931E-03
  -3.2256410256410258E-03  8.7358974358974373E-03
  -3.0846153846153849E-03  9.2102564102564156E-03
  -3.2384615384615381E-03  9.3512820512820522E-03
  -3.3410256410256411E-03  9.6717948717948716E-03
  -3.4307692307692312E-03  9.9282051282051260E-03
  -3.5205128205128208E-03  1.0223076923076920E-02
  -3.5333333333333336E-03  1.0530769230769231E-02
  -3.5205128205128208E-03  1.0876923076923081E-02
  -3.4820512820512824E-03  1.1274358974358977E-02
  -3.4435897435897440E-03  1.1415384615384617E-02
  -3.4307692307692312E-03  1.1582051282051283E-02
  -3.5205128205128208E-03  1.1697435897435897E-02
  -3.5846153846153849E-03  1.1876923076923082E-02
  -3.6102564102564105E-03  1.2043589743589741E-02
  -3.7897435897435898E-03  1.2235897435897435E-02
  -3.9948717948717957E-03  1.2569230769230772E-02
  -3.9051282051282051E-03  1.2876923076923076E-02
  -3.8410256410256411E-03  1.3184615384615383E-02
  -3.8153846153846155E-03  1.3376923076923080E-02
  -3.6743589743589745E-03  1.3569230769230769E-02
  -3.4948717948717952E-03  1.3800000000000002E-02
  -3.2897435897435903E-03  1.4133333333333336E-02
  -3.2256410256410258E-03  1.4287179487179490E-02
  -3.0846153846153849E-03  1.4582051282051282E-02
  -2.9307692307692307E-03  1.4774358974358975E-02
  -2.6487179487179489E-03  1.4941025641025641E-02
  -2.4435897435897439E-03  1.5223076923076924E-02
  -2.1487179487179489E-03  1.5441025641025641E-02
  -2.0589743589743592E-03  1.5697435897435896E-02
  -2.2512820512820514E-03  1.6017948717948718E-02
  -2.2128205128205129E-03  1.6184615384615384E-02
  -2.1230769230769233E-03  1.6428205128205128E-02
  -2.1102564102564105E-03  1.6646153846153845E-02
  -2.1743589743589745E-03  1.6876923076923081E-02
  -2.2769230769230774E-03  1.7030769230769231E-02
  -2.4692307692307696E-03  1.7287179487179487E-02
  -2.6615384615384617E-03  1.7517948717948713E-02
  -2.8025641025641026E-03  1.7748717948717949E-02
  -2.8153846153846154E-03  1.8056410256410256E-02
  -2.7512820512820514E-03  1.8453846153846154E-02
  -2.7256410256410258E-03  1.8825641025641032E-02
  -2.5717948717948720E-03  1.9146153846153851E-02
  -2.1102564102564105E-03  1.9774358974358974E-02
  -1.8153846153846156E-03  2.0325641025641026E-02
  -1.5205128205128208E-03  2.0453846153846152E-02
  -1.2256410256410257E-03  2.0723076923076920E-02
  -1.1487179487179489E-03  2.0876923076923078E-02
  -1.2769230769230772E-03  2.1235897435897433E-02
  -1.5076923076923080E-03  2.1543589743589740E-02
  -1.6358974358974361E-03  2.1864102564102563E-02
  -1.7769230769230770E-03  2.2133333333333335E-02
  -1.8538461538461541E-03  2.2594871794871796E-02
  -1.8282051282051284E-03  2.3043589743589742E-02
  -1.7256410256410257E-03  2.3351282051282049E-02
  -1.5076923076923080E-03  2.3530769230769234E-02
  -1.2897435897435898E-03  2.3761538461538459E-02
  -1.0589743589743592E-03  2.4030769230769231E-02
  -6.4871794871794886E-04  2.4261538461538470E-02
  -2.7692307692307695E-04  2.4364102564102565E-02
  -7.6923076923075123E-06  2.4376923076923081E-02
   2.9999999999999992E-04  2.4376923076923081E-02
   2.7435897435897430E-04  2.4582051282051286E-02
   2.9999999999999992E-04  2.4838461538461538E-02
   3.7692307692307634E-04  2.5094871794871795E-02
   4.2820512820512802E-04  2.5287179487179488E-02
   5.6923076923076892E-04  2.5594871794871788E-02
   8.3846153846153836E-04  2.5851282051282044E-02
   1.1333333333333330E-03  2.6056410256410263E-02
   1.4666666666666660E-03  2.6312820512820512E-02
   1.8769230769230768E-03  2.6543589743589745E-02
   2.0948717948717946E-03  2.6633333333333332E-02
   2.7487179487179487E-03  2.6748717948717957E-02
   2.9794871794871793E-03  2.6723076923076926E-02
   3.1974358974358971E-03  2.6864102564102557E-02
   3.2615384615384611E-03  2.7017948717948721E-02
   3.4282051282051285E-03  2.7287179487179489E-02
   3.6717948717948719E-03  2.7671794871794872E-02
   3.8384615384615384E-03  2.7889743589743589E-02
   4.1076923076923070E-03  2.8146153846153842E-02
   4.3769230769230769E-03  2.8312820512820511E-02
   4.6461538461538467E-03  2.8517948717948716E-02
   4.7230769230769236E-03  2.8697435897435904E-02
   4.7615384615384612E-03  2.8876923076923071E-02
   4.6589743589743587E-03  2.9158974358974361E-02
   4.7358974358974373E-03  2.9402564102564102E-02
   4.8128205128205124E-03  2.9646153846153843E-02
   4.9025641025641029E-03  2.9941025641025645E-02
   4.9025641025641029E-03  3.0133333333333338E-02
   4.7743589743589748E-03  3.0300000000000001E-02
   4.7230769230769236E-03  3.0620512820512820E-02
   4.5564102564102579E-03  3.0889743589743592E-02
   4.4025641025641025E-03  3.1466666666666664E-02
   4.4923076923076930E-03  3.1864102564102562E-02
   4.6076923076923074E-03  3.2120512820512821E-02
   4.7487179487179492E-03  3.2287179487179483E-02
   4.8384615384615397E-03  3.2428205128205129E-02
   4.9923076923076935E-03  3.2710256410256405E-02
   5.1333333333333318E-03  3.2966666666666665E-02
   5.3128205128205128E-03  3.3133333333333334E-02
   5.7615384615384620E-03  3.3402564102564106E-02
   6.0307692307692302E-03  3.3261538461538460E-02
   6.5051282051282067E-03  3.3133333333333334E-02
   6.7743589743589749E-03  3.3043589743589744E-02
   6.9538461538461507E-03  3.2979487179487177E-02
   7.2230769230769241E-03  3.3274358974358972E-02
   7.3256410256410266E-03  3.3492307692307689E-02
   7.4666666666666683E-03  3.3723076923076925E-02
   7.5564102564102554E-03  3.4005128205128202E-02
   7.5820512820512810E-03  3.4287179487179485E-02
   7.7102564102564091E-03  3.4594871794871793E-02
   7.9282051282051295E-03  3.4799999999999998E-02
   8.1846153846153822E-03  3.4864102564102564E-02
   8.6717948717948707E-03  3.4979487179487179E-02
   9.0179487179487174E-03  3.5146153846153848E-02
   9.3769230769230761E-03  3.5107692307692312E-02
   9.6589743589743579E-03  3.5030769230769226E-02
   1.0235897435897435E-02  3.4992307692307691E-02
   1.0607692307692309E-02  3.5005128205128209E-02
   1.0838461538461538E-02  3.4992307692307691E-02
   1.1082051282051282E-02  3.5171794871794872E-02
   1.1184615384615385E-02  3.5389743589743589E-02
   1.1312820512820515E-02  3.5774358974358968E-02
   1.1453846153846153E-02  3.6094871794871794E-02
   1.1735897435897437E-02  3.6415384615384613E-02
   1.1979487179487181E-02  3.6671794871794873E-02
   1.2056410256410259E-02  3.6812820512820511E-02
   1.2030769230769236E-02  3.7197435897435897E-02
   1.1979487179487181E-02  3.7453846153846150E-02
   1.1915384615384616E-02  3.7902564102564103E-02
   1.1876923076923082E-02  3.8364102564102567E-02
   1.1748717948717948E-02  3.8838461538461537E-02
   1.1774358974358978E-02  3.9261538461538459E-02
   1.1723076923076921E-02  3.9825641025641019E-02
   1.1941025641025641E-02  4.0056410256410255E-02
   1.2223076923076927E-02  4.0171794871794883E-02
   1.2569230769230772E-02  4.0210256410256398E-02
   1.2800000000000001E-02  4.0248717948717941E-02
   1.3133333333333332E-02  4.0120512820512828E-02
   1.3453846153846151E-02  4.0056410256410255E-02
   1.3658974358974363E-02  4.0043589743589743E-02
   1.4030769230769234E-02  4.0056410256410255E-02
   1.4248717948717947E-02  4.0056410256410255E-02
   1.4428205128205128E-02  4.0030769230769224E-02
   1.4684615384615385E-02  4.0056410256410255E-02
   1.4735897435897436E-02  4.0376923076923088E-02
   1.4582051282051282E-02  4.0735897435897436E-02
   1.4556410256410258E-02  4.0812820512820508E-02
   1.4556410256410258E-02  4.1158974358974358E-02
   1.4658974358974361E-02  4.1389743589743587E-02
   1.4787179487179487E-02  4.1723076923076925E-02
   1.4838461538461538E-02  4.2005128205128202E-02
   1.4889743589743589E-02  4.2338461538461547E-02
   1.5017948717948719E-02  4.2774358974358967E-02
   1.5082051282051282E-02  4.3030769230769227E-02
   1.5402564102564105E-02  4.3351282051282046E-02
   1.5838461538461537E-02  4.3466666666666660E-02
   1.6082051282051282E-02  4.3620512820512811E-02
   1.6376923076923077E-02  4.3658974358974367E-02
   1.6864102564102566E-02  4.3556410256410265E-02
   1.7171794871794873E-02  4.3466666666666660E-02
   1.7582051282051283E-02  4.3351282051282046E-02
   1.7851282051282051E-02  4.3261538461538462E-02
   1.8235897435897434E-02  4.3094871794871800E-02
   1.8364102564102560E-02  4.3030769230769227E-02
   1.8376923076923075E-02  4.3261538461538462E-02
   1.8351282051282052E-02  4.3646153846153848E-02
   1.8402564102564103E-02  4.3799999999999999E-02
   1.8543589743589741E-02  4.4158974358974361E-02
   1.8594871794871792E-02  4.4274358974358975E-02
   1.8594871794871792E-02  4.4543589743589740E-02
   1.8556410256410256E-02  4.4774358974358983E-02
   1.8851282051282049E-02  4.4953846153846143E-02
   1.9133333333333336E-02  4.5325641025641024E-02
   1.9351282051282052E-02  4.5466666666666676E-02
   1.9594871794871793E-02  4.5543589743589748E-02
   1.9825641025641026E-02  4.5735897435897427E-02
   1.9992307692307691E-02  4.5864102564102567E-02
   2.0107692307692302E-02  4.5941025641025632E-02
   2.0453846153846152E-02  4.6069230769230772E-02
   2.0607692307692306E-02  4.6274358974358977E-02
   2.0633333333333326E-02  4.6800000000000001E-02
   2.0838461538461535E-02  4.6966666666666664E-02
   2.1223076923076921E-02  4.7197435897435892E-02
   2.1646153846153839E-02  4.7338461538461538E-02
   2.1864102564102563E-02  4.7466666666666664E-02
   2.2274358974358976E-02  4.7620512820512828E-02
   2.2607692307692308E-02  4.7633333333333340E-02
   2.2992307692307690E-02  4.7556410256410268E-02
   2.3364102564102564E-02  4.7453846153846166E-02
   2.3684615384615391E-02  4.7325641025641026E-02
   2.3902564102564097E-02  4.7223076923076923E-02
   2.4120512820512814E-02  4.7133333333333333E-02
   2.4005128205128210E-02  4.7274358974358964E-02
   2.3569230769230766E-02  4.7543589743589743E-02
   2.3351282051282049E-02  4.7735897435897442E-02
   2.3017948717948718E-02  4.7953846153846146E-02
   2.2800000000000001E-02  4.8120512820512822E-02
   2.2441025641025642E-02  4.8338461538461538E-02
   2.2210256410256417E-02  4.8594871794871784E-02
   2.2197435897435898E-02  4.8889743589743587E-02
   2.2210256410256417E-02  4.9030769230769232E-02
   2.2158974358974366E-02  4.9402564102564113E-02
   2.1992307692307689E-02  4.9723076923076918E-02
   2.1876923076923079E-02  5.0030769230769219E-02
   2.1838461538461543E-02  5.0492307692307697E-02
   2.1569230769230775E-02  5.0876923076923063E-02
   2.1325641025641020E-02  5.1146153846153841E-02
   2.1184615384615382E-02  5.1441025641025644E-02
   2.1107692307692303E-02  5.1748717948717944E-02
   2.1171794871794870E-02  5.2017948717948709E-02
   2.1479487179487181E-02  5.2351282051282040E-02
   2.1838461538461543E-02  5.2466666666666668E-02
   2.2171794871794871E-02  5.2389743589743583E-02
   2.2479487179487181E-02  5.2402564102564116E-02
   2.2851282051282056E-02  5.2338461538461542E-02
   2.3210256410256407E-02  5.2351282051282040E-02
   2.3556410256410254E-02  5.2325641025641030E-02
   2.3851282051282046E-02  5.2364102564102559E-02
   2.4171794871794865E-02  5.2466666666666668E-02
   2.4505128205128207E-02  5.2633333333333331E-02
   2.4902564102564109E-02  5.2787179487179481E-02
   2.5338461538461539E-02  5.2838461538461549E-02
   2.5723076923076921E-02  5.2620512820512819E-02
   2.6082051282051284E-02  5.2556410256410245E-02
   2.6376923076923083E-02  5.2505128205128211E-02
   2.6851282051282056E-02  5.2415384615384614E-02
   2.7210256410256411E-02  5.2325641025641030E-02
   2.7569230769230769E-02  5.2197435897435911E-02
   2.7671794871794872E-02  5.2056410256410252E-02
   2.7928205128205128E-02  5.1748717948717944E-02
   2.8158974358974354E-02  5.1479487179487173E-02
   2.8338461538461542E-02  5.1466666666666668E-02
   2.8620512820512818E-02  5.1710256410256401E-02
   2.8966666666666661E-02  5.2133333333333337E-02
   2.9158974358974361E-02  5.2415384615384614E-02
   2.9415384615384614E-02  5.2774358974358976E-02
   2.9723076923076928E-02  5.2992307692307679E-02
   3.0223076923076922E-02  5.3094871794871781E-02
   3.0671794871794875E-02  5.3223076923076929E-02
   3.1184615384615387E-02  5.3235897435897427E-02
   3.1607692307692309E-02  5.3146153846153850E-02
   3.1479487179487176E-02  5.3389743589743584E-02
   3.1582051282051278E-02  5.3864102564102567E-02
   3.1723076923076923E-02  5.4505128205128206E-02
   3.2107692307692309E-02  5.4864102564102568E-02
   3.2582051282051286E-02  5.5120512820512814E-02
   3.2928205128205129E-02  5.5505128205128207E-02
   3.3338461538461539E-02  5.5915384615384610E-02
   3.3723076923076925E-02  5.5992307692307682E-02
   3.4248717948717949E-02  5.6056410256410255E-02
   3.4735897435897438E-02  5.6030769230769224E-02
   3.5402564102564101E-02  5.5851282051282064E-02
   3.5723076923076927E-02  5.5889743589743586E-02
   3.6056410256410258E-02  5.6235897435897443E-02
   3.6197435897435896E-02  5.6684615384615382E-02
   3.6466666666666668E-02  5.6928205128205130E-02
   3.6735897435897433E-02  5.7043589743589758E-02
   3.7261538461538457E-02  5.7261538461538461E-02
   3.7582051282051283E-02  5.7364102564102563E-02
   3.8005128205128205E-02  5.7594871794871792E-02
   3.8402564102564103E-02  5.7941025641025629E-02
   3.8723076923076923E-02  5.8171794871794864E-02
   3.9261538461538459E-02  5.8402564102564107E-02
   3.9787179487179476E-02  5.8517948717948708E-02
   4.0223076923076924E-02  5.8658974358974353E-02
   4.0415384615384617E-02  5.8941025641025643E-02
   4.0787179487179477E-02  5.9184615384615391E-02
   4.0992307692307682E-02  5.9274358974358975E-02
   4.1402564102564106E-02  5.9248717948717951E-02
   4.1658974358974366E-02  5.9299999999999999E-02
   4.2030769230769226E-02  5.9479487179487180E-02
   4.2197435897435888E-02  5.9812820512820504E-02
   4.2389743589743588E-02  6.0120512820512818E-02
   4.2735897435897438E-02  6.0402564102564109E-02
   4.3094871794871800E-02  6.0556410256410252E-02
   4.3517948717948722E-02  6.0646153846153843E-02
   4.4120512820512818E-02  6.0697435897435890E-02
   4.4505128205128204E-02  6.0915384615384614E-02
   4.5005128205128204E-02  6.1094871794871795E-02
   4.5594871794871782E-02  6.1479487179487168E-02
   4.5979487179487188E-02  6.1838461538461544E-02
   4.6453846153846151E-02  6.2312820512820506E-02
   4.6915384615384616E-02  6.2787179487179490E-02
   4.7235897435897435E-02  6.3120512820512828E-02
   4.7620512820512828E-02  6.3235897435897442E-02
   4.8235897435897436E-02  6.3235897435897442E-02
   4.8671794871794870E-02  6.3197435897435900E-02
   4.9056410256410249E-02  6.3120512820512828E-02
   4.9197435897435908E-02  6.3441025641025647E-02
   4.9325641025641027E-02  6.3646153846153852E-02
   4.9697435897435888E-02  6.3966666666666672E-02
   4.9915384615384618E-02  6.4056410256410262E-02
   5.0364102564102557E-02  6.4415384615384624E-02
   5.0517948717948728E-02  6.4671794871794877E-02
   5.0671794871794858E-02  6.4671794871794877E-02
   5.0928205128205131E-02  6.4633333333333334E-02
   5.1223076923076927E-02  6.4825641025641034E-02
   5.1479487179487173E-02  6.4953846153846154E-02
   5.1812820512820504E-02  6.4992307692307696E-02
   5.2005128205128211E-02  6.5082051282051287E-02
   5.2171794871794866E-02  6.5261538461538468E-02
   5.2415384615384614E-02  6.5594871794871806E-02
   5.2646153846153849E-02  6.5710256410256407E-02
   5.2915384615384621E-02  6.5825641025641035E-02
   5.3658974358974362E-02  6.6056410256410264E-02
   5.4133333333333325E-02  6.6248717948717964E-02
   5.4607692307692308E-02  6.6312820512820517E-02
   5.4864102564102568E-02  6.6312820512820517E-02
   5.5120512820512814E-02  6.6479487179487193E-02
   5.5389743589743586E-02  6.6812820512820517E-02
   5.5530769230769231E-02  6.7069230769230784E-02
   5.5710256410256405E-02  6.7261538461538470E-02
   5.6056410256410255E-02  6.7287179487179494E-02
   5.6274358974358965E-02  6.7338461538461555E-02
   5.6556410256410249E-02  6.7748717948717965E-02
   5.7043589743589758E-02  6.8069230769230771E-02
   5.7338461538461533E-02  6.7966666666666675E-02
   5.7735897435897424E-02  6.7825641025641023E-02
   5.8107692307692305E-02  6.8005128205128218E-02
   5.8441025641025636E-02  6.8441025641025638E-02
   5.8876923076923070E-02  6.8402564102564109E-02
   5.9210256410256408E-02  6.8338461538461542E-02
   5.9517948717948709E-02  6.8338461538461542E-02
   5.9812820512820504E-02  6.8569230769230771E-02
   6.0171794871794866E-02  6.9248717948717967E-02
   6.0415384615384614E-02  6.9723076923076929E-02
   6.0774358974358976E-02  7.0146153846153844E-02
   6.1223076923076929E-02  7.0530769230769244E-02
   6.1697435897435891E-02  7.0671794871794882E-02
   6.1953846153846144E-02  7.0851282051282063E-02
   6.3210256410256419E-02  7.1389743589743593E-02
   6.3633333333333333E-02  7.1633333333333341E-02
   6.3992307692307696E-02  7.1530769230769245E-02
   6.4248717948717948E-02  7.1415384615384617E-02
   6.4530769230769239E-02  7.1620512820512822E-02
   6.4864102564102563E-02  7.1953846153846160E-02
   6.5017948717948734E-02  7.2300000000000003E-02
   6.5312820512820516E-02  7.2774358974358980E-02
   6.5594871794871806E-02  7.3402564102564113E-02
   6.5723076923076926E-02  7.3684615384615404E-02
   6.6133333333333336E-02  7.3569230769230776E-02
   6.6543589743589746E-02  7.3543589743589752E-02
   6.7056410256410265E-02  7.3466666666666680E-02
   6.7338461538461555E-02  7.3376923076923076E-02
   6.7620512820512818E-02  7.3030769230769246E-02
   6.7851282051282061E-02  7.2735897435897437E-02
   6.7941025641025651E-02  7.2479487179487184E-02
   6.8158974358974361E-02  7.2633333333333341E-02
   6.8325641025641037E-02  7.2876923076923075E-02
   6.8210256410256423E-02  7.3133333333333342E-02
   6.8300000000000000E-02  7.3543589743589752E-02
   6.8453846153846157E-02  7.3723076923076919E-02
   6.8569230769230771E-02  7.4094871794871800E-02
   6.8864102564102567E-02  7.4210256410256414E-02
   6.9364102564102567E-02  7.4133333333333343E-02
   6.9710256410256410E-02  7.4197435897435896E-02
   7.0107692307692315E-02  7.4338461538461548E-02
   7.0646153846153859E-02  7.4582051282051282E-02
   7.0761538461538459E-02  7.5056410256410258E-02
   7.1133333333333340E-02  7.5428205128205125E-02
   7.1402564102564098E-02  7.5697435897435897E-02
   7.1582051282051293E-02  7.6082051282051283E-02
   7.1556410256410269E-02  7.6376923076923078E-02
   7.1505128205128207E-02  7.6646153846153864E-02
   7.1953846153846160E-02  7.6697435897435898E-02
   7.2376923076923089E-02  7.6671794871794874E-02
   7.2928205128205137E-02  7.6748717948717959E-02
   7.3428205128205137E-02  7.6748717948717959E-02
   7.3761538461538462E-02  7.6748717948717959E-02
   7.3979487179487186E-02  7.6556410256410259E-02
   7.4300000000000005E-02  7.6389743589743597E-02
   7.4646153846153848E-02  7.6364102564102573E-02
   7.4966666666666681E-02  7.6402564102564116E-02
   7.5441025641025644E-02  7.6287179487179488E-02
   7.5479487179487187E-02  7.6620512820512826E-02
   7.5735897435897440E-02  7.6966666666666669E-02
   7.6146153846153850E-02  7.7300000000000008E-02
   7.6556410256410259E-02  7.7466666666666684E-02
   7.6889743589743598E-02  7.7530769230769236E-02
   7.7428205128205141E-02  7.7428205128205141E-02
   7.8082051282051299E-02  7.7235897435897441E-02
   7.8543589743589784E-02  7.7094871794871803E-02
   7.9069230769230781E-02  7.6825641025641031E-02
   7.9453846153846139E-02  7.6543589743589754E-02
   7.9697435897435887E-02  7.6300000000000007E-02
   8.0005128205128215E-02  7.6069230769230778E-02
   8.0210256410256420E-02  7.5697435897435897E-02
   8.0030769230769266E-02  7.6056410256410259E-02
   7.9838461538461566E-02  7.6428205128205140E-02
   7.9556410256410262E-02  7.6748717948717959E-02
   7.9364102564102576E-02  7.7030769230769236E-02
   7.9492307692307682E-02  7.7120512820512840E-02
   7.9671794871794890E-02  7.7261538461538479E-02
   7.9992307692307696E-02  7.7107692307692308E-02
   8.0299999999999983E-02  7.7120512820512840E-02
   8.0620512820512830E-02  7.7184615384615393E-02
   8.0953846153846168E-02  7.7043589743589755E-02
   8.1415384615384626E-02  7.6671794871794874E-02
   8.1658974358974373E-02  7.6389743589743597E-02
   8.1876923076923083E-02  7.5851282051282054E-02
   8.2082051282051288E-02  7.6235897435897440E-02
   8.2197435897435916E-02  7.6505128205128212E-02
   8.2184615384615370E-02  7.6966666666666669E-02
   8.2094871794871807E-02  7.7466666666666684E-02
   8.2107692307692312E-02  7.7787179487179503E-02
   8.1928205128205131E-02  7.8056410256410261E-02
   8.1684615384615397E-02  7.8402564102564118E-02
   8.2030769230769240E-02  7.8402564102564118E-02
   8.2800000000000026E-02  7.8210256410256404E-02
   8.3364102564102580E-02  7.8210256410256404E-02
   8.3735897435897447E-02  7.8300000000000008E-02
   8.4223076923076928E-02  7.8197435897435913E-02
   8.4620512820512833E-02  7.7851282051282056E-02
   8.4979487179487168E-02  7.7582051282051270E-02
   8.5389743589743577E-02  7.7389743589743598E-02
   8.5594871794871810E-02  7.7325641025641031E-02
   8.5889743589743606E-02  7.7107692307692308E-02
   8.6056410256410268E-02  7.7030769230769236E-02
