   0.1024282051282051     -4.7123076923076927E-02
   0.1022743589743590     -4.7302564102564101E-02
   0.1021717948717949     -4.7494871794871787E-02
   0.1020435897435897     -4.7751282051282047E-02
   0.1018897435897436     -4.8058974358974368E-02
   0.1017487179487180     -4.8212820512820512E-02
   0.1013256410256410     -4.8251282051282054E-02
   0.1008512820512821     -4.8251282051282054E-02
   0.1002230769230769     -4.7982051282051269E-02
   9.9941025641025610E-02 -4.8007692307692307E-02
   9.9402564102564109E-02 -4.7917948717948723E-02
   9.8646153846153800E-02 -4.7751282051282047E-02
   9.8005128205128203E-02 -4.7571794871794873E-02
   9.7556410256410306E-02 -4.7443589743589747E-02
   9.7428205128205103E-02 -4.7597435897435890E-02
   9.7210256410256407E-02 -4.7841025641025652E-02
   9.6876923076923110E-02 -4.7661538461538464E-02
   9.6697435897435902E-02 -4.7558974358974361E-02
   9.6299999999999997E-02 -4.7546153846153856E-02
   9.6056410256410263E-02 -4.7533333333333330E-02
   9.5915384615384638E-02 -4.7866666666666662E-02
   9.5774358974358986E-02 -4.8135897435897440E-02
   9.5543589743589730E-02 -4.8328205128205126E-02
   9.5274358974358958E-02 -4.8571794871794874E-02
   9.5210256410256419E-02 -4.8712820512820505E-02
   9.5082051282051300E-02 -4.9161538461538472E-02
   9.5017948717948719E-02 -4.9315384615384615E-02
   9.4928205128205129E-02 -4.9417948717948718E-02
   9.4723076923076938E-02 -4.9584615384615380E-02
   9.4530769230769238E-02 -4.9687179487179482E-02
   9.4300000000000009E-02 -4.9494871794871803E-02
   9.4184615384615381E-02 -4.9264102564102567E-02
   9.4120512820512828E-02 -4.9058974358974369E-02
   9.4094871794871804E-02 -4.8815384615384608E-02
   9.3889743589743599E-02 -4.8700000000000007E-02
   9.3556410256410288E-02 -4.8789743589743591E-02
   9.3184615384615380E-02 -4.8712820512820505E-02
   9.2761538461538479E-02 -4.8584615384615386E-02
   9.2274358974359011E-02 -4.8443589743589748E-02
   9.1812820512820525E-02 -4.8341025641025645E-02
   9.1248717948717958E-02 -4.8264102564102566E-02
   9.0825641025641016E-02 -4.8148717948717952E-02
   9.0312820512820524E-02 -4.7982051282051269E-02
   8.9671794871794885E-02 -4.7751282051282047E-02
   8.9069230769230776E-02 -4.7571794871794873E-02
   8.8748717948717970E-02 -4.7482051282051289E-02
   8.8146153846153832E-02 -4.7276923076923084E-02
   8.7851282051282051E-02 -4.7097435897435896E-02
   8.7543589743589750E-02 -4.6892307692307691E-02
   8.5338461538461530E-02 -4.8520512820512819E-02
   8.5107692307692301E-02 -4.8417948717948717E-02
   8.4915384615384601E-02 -4.8353846153846157E-02
   8.4800000000000000E-02 -4.8417948717948717E-02
   8.4594871794871795E-02 -4.8546153846153857E-02
   8.4325641025641038E-02 -4.8571794871794874E-02
   8.3812820512820518E-02 -4.8520512820512819E-02
   8.3351282051282061E-02 -4.8392307692307700E-02
   8.3171794871794880E-02 -4.8392307692307700E-02
   8.2825641025641009E-02 -4.8251282051282054E-02
   8.2517948717948722E-02 -4.8084615384615385E-02
   8.2056410256410264E-02 -4.7905128205128204E-02
   8.1774358974358960E-02 -4.7789743589743590E-02
   8.1505128205128244E-02 -4.7623076923076928E-02
   8.1274358974359015E-02 -4.7341025641025644E-02
   8.1056410256410263E-02 -4.7123076923076927E-02
   8.0800000000000011E-02 -4.6917948717948722E-02
   8.0543589743589730E-02 -4.6802564102564108E-02
   8.0415384615384625E-02 -4.6930769230769220E-02
   8.0235897435897471E-02 -4.7110256410256422E-02
   7.9941025641025648E-02 -4.7071794871794866E-02
   7.9697435897435887E-02 -4.6892307692307691E-02
   7.9376923076923081E-02 -4.6751282051282046E-02
   7.9082051282051286E-02 -4.6674358974358975E-02
   7.8838461538461552E-02 -4.6623076923076920E-02
   7.8376923076923066E-02 -4.6469230769230770E-02
   7.7889743589743599E-02 -4.6430769230769227E-02
   7.7735897435897441E-02 -4.6520512820512817E-02
   7.7453846153846165E-02 -4.6623076923076920E-02
   7.7107692307692308E-02 -4.6802564102564108E-02
   7.6838461538461550E-02 -4.6917948717948722E-02
   7.6543589743589754E-02 -4.6982051282051282E-02
   7.6274358974358983E-02 -4.7046153846153849E-02
   7.5941025641025645E-02 -4.7110256410256422E-02
   7.5530769230769235E-02 -4.7135897435897439E-02
   7.5287179487179487E-02 -4.7110256410256422E-02
   7.4953846153846163E-02 -4.7020512820512825E-02
   7.4697435897435910E-02 -4.6905128205128203E-02
   7.4300000000000005E-02 -4.6738461538461548E-02
   7.3864102564102571E-02 -4.6558974358974360E-02
   7.3530769230769233E-02 -4.6430769230769227E-02
   7.3133333333333342E-02 -4.6238461538461541E-02
   7.2671794871794870E-02 -4.6020512820512824E-02
   7.2351282051282051E-02 -4.5879487179487179E-02
   7.1992307692307703E-02 -4.5738461538461547E-02
   7.1646153846153846E-02 -4.5533333333333342E-02
   7.1479487179487183E-02 -4.5430769230769226E-02
   7.1107692307692316E-02 -4.5251282051282052E-02
   7.0876923076923087E-02 -4.5135897435897437E-02
   7.0710256410256425E-02 -4.5148717948717949E-02
   7.0428205128205135E-02 -4.5071794871794864E-02
   7.0133333333333339E-02 -4.4956410256410263E-02
   6.9864102564102581E-02 -4.4841025641025649E-02
   6.9453846153846172E-02 -4.4635897435897444E-02
   6.9146153846153843E-02 -4.4482051282051287E-02
   6.8658974358974362E-02 -4.4276923076923068E-02
   6.8351282051282061E-02 -4.4046153846153846E-02
   6.8248717948717952E-02 -4.4264102564102563E-02
   6.8133333333333337E-02 -4.4469230769230768E-02
   6.7953846153846156E-02 -4.4661538461538461E-02
   6.7543589743589760E-02 -4.4853846153846147E-02
   6.7223076923076927E-02 -4.4879487179487192E-02
   6.6710256410256422E-02 -4.4764102564102563E-02
   6.6312820512820517E-02 -4.4597435897435901E-02
   6.6005128205128216E-02 -4.4507692307692297E-02
   6.5710256410256407E-02 -4.4417948717948727E-02
   6.5364102564102564E-02 -4.4251282051282051E-02
   6.5107692307692311E-02 -4.4033333333333334E-02
   6.4876923076923082E-02 -4.3789743589743586E-02
   6.4517948717948720E-02 -4.3738461538461545E-02
   6.3941025641025648E-02 -4.3674358974358972E-02
   6.3479487179487190E-02 -4.3610256410256412E-02
   6.3030769230769237E-02 -4.3456410256410255E-02
   6.2697435897435913E-02 -4.3302564102564105E-02
   6.2428205128205135E-02 -4.3033333333333333E-02
   6.2248717948717953E-02 -4.2828205128205128E-02
   6.2082051282051291E-02 -4.2661538461538466E-02
   6.1607692307692315E-02 -4.2546153846153845E-02
   6.1351282051282048E-02 -4.2507692307692309E-02
   6.0979487179487181E-02 -4.2417948717948718E-02
   6.0646153846153843E-02 -4.2341025641025647E-02
   6.0351282051282047E-02 -4.2251282051282063E-02
   6.0107692307692313E-02 -4.2148717948717954E-02
   5.9941025641025637E-02 -4.2225641025641025E-02
   5.9697435897435903E-02 -4.2443589743589749E-02
   5.9492307692307685E-02 -4.2520512820512821E-02
   5.9069230769230770E-02 -4.2520512820512821E-02
   5.8787179487179486E-02 -4.2584615384615380E-02
   5.8479487179487165E-02 -4.2725641025641026E-02
   5.8415384615384605E-02 -4.2905128205128200E-02
   5.7928205128205131E-02 -4.2789743589743585E-02
   5.7517948717948721E-02 -4.2700000000000002E-02
   5.7120512820512816E-02 -4.2661538461538466E-02
   5.6556410256410249E-02 -4.2456410256410268E-02
   5.6146153846153846E-02 -4.2264102564102561E-02
   5.5953846153846139E-02 -4.1982051282051285E-02
   5.5735897435897436E-02 -4.1776923076923080E-02
   5.5223076923076930E-02 -4.1597435897435898E-02
   5.4928205128205135E-02 -4.1520512820512820E-02
   5.4633333333333332E-02 -4.1366666666666670E-02
   5.4171794871794868E-02 -4.1148717948717946E-02
   5.3941025641025625E-02 -4.1033333333333331E-02
   5.3761538461538465E-02 -4.0994871794871796E-02
   5.3569230769230765E-02 -4.1020512820512819E-02
   5.3210256410256410E-02 -4.0905128205128205E-02
   5.2966666666666655E-02 -4.0725641025641024E-02
   5.2902564102564109E-02 -4.0597435897435898E-02
   5.2723076923076921E-02 -4.0584615384615386E-02
   5.2492307692307685E-02 -4.0610256410256410E-02
   5.2171794871794866E-02 -4.0597435897435898E-02
   5.1902564102564108E-02 -4.0507692307692307E-02
   5.1697435897435903E-02 -4.0430769230769235E-02
   5.1299999999999998E-02 -4.0251282051282054E-02
   5.1069230769230763E-02 -3.9943589743589747E-02
   5.0812820512820503E-02 -3.9699999999999999E-02
   5.0466666666666660E-02 -3.9571794871794873E-02
   5.0158974358974352E-02 -3.9507692307692313E-02
   4.9812820512820516E-02 -3.9584615384615385E-02
   4.9530769230769225E-02 -3.9674358974358975E-02
   4.9287179487179485E-02 -3.9623076923076928E-02
   4.9056410256410249E-02 -3.9584615384615385E-02
   4.8889743589743587E-02 -3.9507692307692313E-02
   4.8710256410256413E-02 -3.9430769230769228E-02
   4.8415384615384624E-02 -3.9417948717948716E-02
   4.8210256410256405E-02 -3.9366666666666668E-02
   4.8069230769230774E-02 -3.9289743589743589E-02
   4.7992307692307688E-02 -3.9264102564102565E-02
   4.7800000000000002E-02 -3.9264102564102565E-02
   4.7453846153846166E-02 -3.9135897435897439E-02
   4.7223076923076923E-02 -3.8930769230769234E-02
   4.7017948717948718E-02 -3.8699999999999998E-02
   4.6812820512820513E-02 -3.8597435897435896E-02
   4.6582051282051284E-02 -3.8366666666666667E-02
   4.6274358974358977E-02 -3.8084615384615383E-02
   4.6069230769230772E-02 -3.8046153846153848E-02
   4.5735897435897427E-02 -3.7905128205128209E-02
   4.5453846153846150E-02 -3.7828205128205131E-02
   4.5146153846153843E-02 -3.7738461538461540E-02
   4.4889743589743583E-02 -3.7661538461538462E-02
   4.4505128205128204E-02 -3.7494871794871799E-02
   4.4274358974358975E-02 -3.7366666666666666E-02
   4.4146153846153842E-02 -3.7187179487179492E-02
   4.3953846153846156E-02 -3.7264102564102564E-02
   4.3671794871794865E-02 -3.7238461538461540E-02
   4.3441025641025650E-02 -3.7187179487179492E-02
   4.3158974358974360E-02 -3.7071794871794871E-02
   4.2941025641025643E-02 -3.6982051282051287E-02
   4.2838461538461527E-02 -3.6956410256410256E-02
   4.2646153846153848E-02 -3.6879487179487178E-02
   4.2428205128205117E-02 -3.6802564102564099E-02
   4.2197435897435888E-02 -3.6841025641025642E-02
   4.1979487179487185E-02 -3.6853846153846154E-02
   4.1748717948717949E-02 -3.6802564102564099E-02
   4.1453846153846147E-02 -3.6661538461538461E-02
   4.1261538461538461E-02 -3.6520512820512822E-02
   4.1107692307692310E-02 -3.6366666666666665E-02
   4.0889743589743580E-02 -3.6212820512820515E-02
   4.0658974358974365E-02 -3.5917948717948719E-02
   4.0466666666666658E-02 -3.5738461538461538E-02
   4.0210256410256398E-02 -3.5610256410256412E-02
   3.9876923076923067E-02 -3.5469230769230767E-02
   3.9582051282051278E-02 -3.5507692307692310E-02
   3.9415384615384616E-02 -3.5584615384615388E-02
   3.9030769230769237E-02 -3.5571794871794869E-02
   3.8710256410256404E-02 -3.5597435897435900E-02
   3.8441025641025646E-02 -3.5546153846153845E-02
   3.8197435897435898E-02 -3.5443589743589743E-02
   3.7928205128205120E-02 -3.5315384615384617E-02
   3.7633333333333338E-02 -3.5187179487179490E-02
   3.7338461538461536E-02 -3.5046153846153852E-02
   3.7158974358974355E-02 -3.4866666666666671E-02
   3.7005128205128204E-02 -3.4725641025641026E-02
   3.6658974358974361E-02 -3.4507692307692309E-02
   3.6428205128205125E-02 -3.4392307692307694E-02
   3.6197435897435896E-02 -3.4341025641025646E-02
   3.5979487179487173E-02 -3.4251282051282049E-02
   3.5761538461538456E-02 -3.4148717948717947E-02
   3.5530769230769234E-02 -3.3994871794871796E-02
   3.5210256410256414E-02 -3.3841025641025639E-02
   3.5030769230769226E-02 -3.3558974358974362E-02
   3.4864102564102564E-02 -3.3494871794871796E-02
   3.4556410256410257E-02 -3.3353846153846158E-02
   3.4299999999999997E-02 -3.3084615384615379E-02
   3.4107692307692304E-02 -3.2841025641025631E-02
   3.3992307692307690E-02 -3.2789743589743590E-02
   3.3902564102564099E-02 -3.2892307692307686E-02
   3.3748717948717949E-02 -3.3135897435897434E-02
   3.3569230769230768E-02 -3.3392307692307686E-02
   3.3376923076923075E-02 -3.3597435897435898E-02
   3.3197435897435901E-02 -3.3725641025641025E-02
   3.2966666666666665E-02 -3.3879487179487182E-02
   3.2941025641025641E-02 -3.4058974358974356E-02
   3.2646153846153846E-02 -3.4058974358974356E-02
   3.2364102564102562E-02 -3.3982051282051284E-02
   3.1825641025641026E-02 -3.3892307692307687E-02
   3.1492307692307694E-02 -3.3802564102564103E-02
   3.1184615384615387E-02 -3.3648717948717946E-02
   3.0876923076923080E-02 -3.3546153846153844E-02
   3.0556410256410260E-02 -3.3392307692307686E-02
   3.0171794871794867E-02 -3.3097435897435905E-02
   2.9979487179487174E-02 -3.2943589743589748E-02
   2.9876923076923072E-02 -3.2738461538461543E-02
   2.9825641025641031E-02 -3.2623076923076928E-02
   2.9530769230769228E-02 -3.2597435897435897E-02
   2.9133333333333331E-02 -3.2417948717948716E-02
   2.8979487179487173E-02 -3.2353846153846150E-02
   2.8671794871794866E-02 -3.1930769230769228E-02
   2.8671794871794866E-02 -3.1507692307692306E-02
   2.8556410256410251E-02 -3.1276923076923070E-02
   2.8389743589743589E-02 -3.1071794871794869E-02
   2.8120512820512825E-02 -3.0635897435897428E-02
   2.7966666666666664E-02 -3.0353846153846162E-02
   2.7838461538461538E-02 -3.0161538461538462E-02
   2.7825641025641026E-02 -2.9969230769230769E-02
   2.7658974358974360E-02 -2.9956410256410257E-02
   2.7389743589743585E-02 -2.9892307692307694E-02
   2.7235897435897438E-02 -2.9789743589743591E-02
   2.7133333333333325E-02 -2.9635897435897438E-02
   2.6941025641025643E-02 -2.9635897435897438E-02
   2.6530769230769240E-02 -2.9687179487179489E-02
   2.6287179487179482E-02 -2.9700000000000001E-02
   2.6069230769230765E-02 -2.9687179487179489E-02
   2.5787179487179485E-02 -2.9584615384615386E-02
   2.5646153846153839E-02 -2.9520512820512827E-02
   2.5517948717948716E-02 -2.9520512820512827E-02
   2.5133333333333334E-02 -2.9623076923076926E-02
   2.4851282051282054E-02 -2.9648717948717949E-02
   2.4620512820512822E-02 -2.9584615384615386E-02
   2.4133333333333330E-02 -2.9494871794871796E-02
   2.3825641025641022E-02 -2.9366666666666662E-02
   2.3646153846153841E-02 -2.9623076923076926E-02
   2.3517948717948715E-02 -2.9789743589743591E-02
   2.3248717948717947E-02 -2.9866666666666666E-02
   2.3082051282051281E-02 -2.9892307692307694E-02
   2.2941025641025639E-02 -2.9956410256410257E-02
   2.2787179487179485E-02 -3.0046153846153844E-02
   2.2505128205128205E-02 -3.0084615384615383E-02
   2.2030769230769232E-02 -2.9994871794871789E-02
   2.1812820512820512E-02 -2.9892307692307694E-02
   2.1633333333333338E-02 -2.9802564102564103E-02
   2.1389743589743587E-02 -2.9828205128205127E-02
   2.1069230769230767E-02 -2.9687179487179489E-02
   2.0723076923076920E-02 -2.9533333333333335E-02
   2.0171794871794872E-02 -2.9148717948717952E-02
   1.9774358974358974E-02 -2.8866666666666665E-02
   1.9453846153846155E-02 -2.8597435897435901E-02
   1.9235897435897438E-02 -2.8251282051282047E-02
   1.9017948717948718E-02 -2.8020512820512818E-02
   1.8774358974358973E-02 -2.7764102564102566E-02
   1.8441025641025639E-02 -2.7482051282051282E-02
   1.8133333333333331E-02 -2.7328205128205128E-02
   1.7941025641025642E-02 -2.7200000000000002E-02
   1.7851282051282051E-02 -2.7071794871794872E-02
   1.7851282051282051E-02 -2.6905128205128206E-02
   1.7594871794871795E-02 -2.6635897435897438E-02
   1.7069230769230771E-02 -2.6276923076923080E-02
   1.6812820512820514E-02 -2.6046153846153840E-02
   1.6556410256410258E-02 -2.5905128205128206E-02
   1.6120512820512821E-02 -2.5648717948717949E-02
   1.5812820512820513E-02 -2.5469230769230768E-02
   1.5710256410256411E-02 -2.5174358974358976E-02
   1.5646153846153844E-02 -2.4853846153846153E-02
   1.5517948717948720E-02 -2.4764102564102563E-02
   1.5325641025641027E-02 -2.4469230769230771E-02
   1.5171794871794873E-02 -2.4187179487179491E-02
   1.5030769230769231E-02 -2.3994871794871794E-02
   1.4864102564102566E-02 -2.3892307692307692E-02
   1.4556410256410258E-02 -2.3597435897435903E-02
   1.4146153846153845E-02 -2.3187179487179490E-02
   1.3979487179487183E-02 -2.2994871794871793E-02
   1.3864102564102568E-02 -2.2725641025641025E-02
   1.3812820512820517E-02 -2.2469230769230769E-02
   1.3671794871794868E-02 -2.2443589743589749E-02
   1.3261538461538462E-02 -2.2443589743589749E-02
   1.2979487179487178E-02 -2.2417948717948718E-02
   1.2735897435897437E-02 -2.2353846153846155E-02
   1.2325641025641029E-02 -2.2174358974358974E-02
   1.1953846153846159E-02 -2.1635897435897437E-02
   1.1787179487179488E-02 -2.1456410256410256E-02
   1.1633333333333334E-02 -2.1302564102564103E-02
   1.1338461538461539E-02 -2.0969230769230768E-02
   1.0710256410256408E-02 -2.0507692307692307E-02
   1.0838461538461538E-02 -2.0866666666666665E-02
   1.0684615384615384E-02 -2.0969230769230768E-02
   1.0312820512820514E-02 -2.1084615384615382E-02
   9.9025641025641056E-03 -2.1046153846153846E-02
   9.6205128205128203E-03 -2.0917948717948717E-02
   9.4153846153846154E-03 -2.0841025641025641E-02
   8.9794871794871816E-03 -2.0571794871794873E-02
   8.6974358974358981E-03 -2.0430769230769232E-02
   8.4025641025640991E-03 -2.0366666666666668E-02
   8.0692307692307712E-03 -2.0405128205128204E-02
   7.7743589743589758E-03 -2.0443589743589743E-02
   7.5179487179487196E-03 -2.0353846153846153E-02
   7.1333333333333318E-03 -2.0148717948717948E-02
   6.9538461538461507E-03 -1.9994871794871794E-02
   6.8897435897435893E-03 -1.9815384615384617E-02
   6.8512820512820517E-03 -1.9597435897435896E-02
   6.9538461538461507E-03 -1.9341025641025640E-02
   6.9153846153846149E-03 -1.9174358974358974E-02
   6.8128205128205159E-03 -1.8982051282051281E-02
   6.6076923076923092E-03 -1.8751282051282053E-02
   6.2615384615384625E-03 -1.8417948717948721E-02
   6.1717948717948719E-03 -1.8148717948717950E-02
   6.1717948717948719E-03 -1.7789743589743588E-02
   6.2487179487179505E-03 -1.7430769230769232E-02
   6.2743589743589744E-03 -1.7225641025641024E-02
   6.3512820512820530E-03 -1.6905128205128208E-02
   6.0948717948717951E-03 -1.6597435897435897E-02
   5.9410256410256431E-03 -1.6379487179487180E-02
   5.6589743589743596E-03 -1.6097435897435897E-02
   5.5307692307692297E-03 -1.5917948717948719E-02
   5.3897435897435897E-03 -1.5597435897435894E-02
   4.9282051282051303E-03 -1.5187179487179485E-02
   4.6589743589743587E-03 -1.5058974358974356E-02
   4.4153846153846162E-03 -1.5199999999999997E-02
   3.9923076923076926E-03 -1.5123076923076925E-02
   3.6717948717948719E-03 -1.5084615384615382E-02
   3.1717948717948715E-03 -1.4994871794871795E-02
   2.7871794871794872E-03 -1.4815384615384614E-02
   2.4282051282051276E-03 -1.4430769230769231E-02
   2.3512820512820508E-03 -1.4135897435897436E-02
   2.0564102564102561E-03 -1.3764102564102567E-02
   1.8769230769230768E-03 -1.3571794871794872E-02
   1.8000000000000000E-03 -1.3392307692307691E-02
   1.8000000000000000E-03 -1.3097435897435896E-02
   1.7743589743589743E-03 -1.2802564102564100E-02
   1.8256410256410256E-03 -1.2648717948717947E-02
   1.5820512820512822E-03 -1.2546153846153848E-02
   1.3512820512820516E-03 -1.2546153846153848E-02
   1.0051282051282049E-03 -1.2546153846153848E-02
   8.3846153846153836E-04 -1.2584615384615383E-02
   6.0769230769230735E-04 -1.2546153846153848E-02
   4.0256410256410240E-04 -1.2405128205128206E-02
   9.4871794871794531E-05 -1.2123076923076920E-02
  -3.3333333333333132E-05 -1.1866666666666666E-02
  -2.6410256410256414E-04 -1.1469230769230768E-02
  -3.1538461538461494E-04 -1.0969230769230771E-02
  -4.4358974358974347E-04 -1.0507692307692308E-02
  -3.7948717948717986E-04 -1.0123076923076924E-02
  -4.5641025641025628E-04 -9.6230769230769234E-03
  -3.5384615384615381E-04 -9.3410256410256416E-03
  -3.4102564102564056E-04 -9.1871794871794879E-03
  -3.4102564102564056E-04 -8.8025641025641036E-03
  -4.3076923076923066E-04 -8.5717948717948713E-03
  -5.4615384615384595E-04 -8.3282051282051271E-03
  -7.5128205128205134E-04 -8.1358974358974358E-03
  -1.0076923076923075E-03 -7.8794871794871796E-03
  -1.2769230769230772E-03 -7.6743589743589746E-03
  -1.5205128205128208E-03 -7.3282051282051279E-03
  -1.8410256410256410E-03 -7.0717948717948726E-03
  -2.1487179487179489E-03 -6.7769230769230762E-03
  -2.3410256410256415E-03 -6.3923076923076919E-03
  -2.5589743589743592E-03 -6.1487179487179494E-03
  -2.9307692307692307E-03 -5.7769230769230771E-03
  -2.9564102564102563E-03 -5.6871794871794874E-03
  -2.9307692307692307E-03 -5.4307692307692303E-03
  -2.7897435897435898E-03 -4.8153846153846155E-03
  -2.7512820512820514E-03 -4.5461538461538456E-03
  -2.7000000000000001E-03 -4.2256410256410262E-03
  -2.4820512820512824E-03 -3.7769230769230770E-03
  -2.3538461538461538E-03 -3.4948717948717952E-03
  -2.3153846153846154E-03 -3.1358974358974357E-03
  -2.3282051282051282E-03 -2.8794871794871795E-03
  -2.3794871794871799E-03 -2.5589743589743592E-03
  -2.3923076923076927E-03 -2.3410256410256415E-03
  -2.2512820512820514E-03 -1.9692307692307691E-03
  -2.4179487179487183E-03 -1.5589743589743592E-03
  -2.5205128205128208E-03 -1.3410256410256410E-03
  -2.5974358974358977E-03 -1.1230769230769233E-03
  -2.6102564102564105E-03 -9.1794871794871787E-04
  -2.5846153846153849E-03 -7.6410256410256372E-04
  -2.6743589743589745E-03 -6.2307692307692368E-04
  -2.7000000000000001E-03 -4.4358974358974347E-04
  -2.9179487179487179E-03  1.2051282051282015E-04
  -2.8282051282051282E-03  4.7948717948717925E-04
  -2.8923076923076923E-03  7.6153846153846150E-04
  -3.0589743589743588E-03  9.9230769230769207E-04
  -2.9948717948717952E-03  1.3384615384615388E-03
  -2.9564102564102563E-03  1.6076923076923078E-03
  -2.9179487179487179E-03  1.7615384615384615E-03
  -3.0205128205128208E-03  1.9923076923076921E-03
  -2.9692307692307691E-03  2.1846153846153851E-03
  -2.8538461538461539E-03  2.4282051282051276E-03
  -2.7897435897435898E-03  2.5307692307692310E-03
  -2.8923076923076923E-03  2.7743589743589744E-03
  -2.8410256410256410E-03  3.1461538461538458E-03
  -2.8282051282051282E-03  3.2871794871794867E-03
  -2.9692307692307691E-03  3.5435897435897438E-03
  -3.0846153846153849E-03  3.9153846153846140E-03
  -3.0717948717948721E-03  4.1589743589743582E-03
  -3.0333333333333336E-03  4.5307692307692306E-03
  -3.0461538461538464E-03  4.9666666666666678E-03
  -3.0974358974358977E-03  5.3000000000000009E-03
  -2.8538461538461539E-03  5.4923076923076922E-03
  -2.8666666666666667E-03  5.6717948717948715E-03
  -2.9435897435897435E-03  5.9025641025641038E-03
  -2.9948717948717952E-03  6.3641025641025650E-03
  -2.9948717948717952E-03  6.6461538461538450E-03
  -3.1615384615384617E-03  6.7615384615384629E-03
  -3.2384615384615381E-03  7.0820512820512806E-03
  -3.2897435897435903E-03  7.3128205128205129E-03
  -3.2641025641025642E-03  7.5564102564102554E-03
  -3.2769230769230774E-03  7.8512820512820526E-03
  -3.3923076923076927E-03  8.3256410256410274E-03
  -3.3410256410256411E-03  8.6589743589743570E-03
  -3.3794871794871799E-03  8.8512820512820518E-03
  -3.4692307692307696E-03  9.0820512820512806E-03
  -3.4692307692307696E-03  9.4794871794871786E-03
  -3.4948717948717952E-03  9.8256410256410218E-03
  -3.4948717948717952E-03  1.0146153846153843E-02
  -3.6102564102564105E-03  1.0351282051282053E-02
  -3.7512820512820514E-03  1.0505128205128209E-02
  -3.8025641025641026E-03  1.0723076923076922E-02
  -3.8153846153846155E-03  1.1043589743589740E-02
  -3.8282051282051283E-03  1.1428205128205129E-02
  -3.8666666666666671E-03  1.1582051282051283E-02
  -3.9051282051282051E-03  1.1876923076923082E-02
  -3.9179487179487179E-03  1.2338461538461536E-02
  -3.9307692307692307E-03  1.2684615384615386E-02
  -3.7641025641025642E-03  1.3146153846153844E-02
  -3.5589743589743593E-03  1.3556410256410257E-02
  -3.3923076923076927E-03  1.3928205128205131E-02
  -3.0717948717948721E-03  1.4223076923076927E-02
  -2.8923076923076923E-03  1.4389743589743592E-02
  -2.6487179487179489E-03  1.4594871794871797E-02
  -2.8666666666666667E-03  1.4697435897435900E-02
  -3.1743589743589745E-03  1.4812820512820514E-02
  -3.5333333333333336E-03  1.5017948717948719E-02
  -3.6743589743589745E-03  1.5171794871794873E-02
  -3.8282051282051283E-03  1.5479487179487180E-02
  -4.0589743589743588E-03  1.5992307692307688E-02
  -4.1743589743589750E-03  1.6287179487179487E-02
  -4.1743589743589750E-03  1.6684615384615385E-02
  -3.5974358974358977E-03  1.7248717948717952E-02
  -3.2128205128205130E-03  1.7569230769230771E-02
  -3.0333333333333336E-03  1.7979487179487177E-02
  -2.7512820512820514E-03  1.8248717948717953E-02
  -2.3666666666666667E-03  1.8389743589743587E-02
  -2.0846153846153853E-03  1.8607692307692308E-02
  -2.0076923076923076E-03  1.9043589743589748E-02
  -1.7641025641025640E-03  1.9453846153846155E-02
  -1.5717948717948720E-03  1.9607692307692309E-02
  -1.1487179487179489E-03  2.0082051282051282E-02
  -9.4358974358974392E-04  2.0325641025641026E-02
  -9.1794871794871787E-04  2.0543589743589743E-02
  -7.0000000000000010E-04  2.1325641025641020E-02
  -4.4358974358974347E-04  2.1761538461538461E-02
  -2.7692307692307695E-04  2.2082051282051283E-02
  -2.0512820512820322E-05  2.2402564102564103E-02
   1.9743589743589744E-04  2.2582051282051284E-02
   3.6410256410256353E-04  2.2723076923076922E-02
   2.4871794871794868E-04  2.3056410256410254E-02
   4.3589743589743293E-05  2.3312820512820513E-02
   4.3589743589743293E-05  2.3530769230769234E-02
   1.4615384615384577E-04  2.3735897435897442E-02
   1.4615384615384577E-04  2.4197435897435900E-02
   1.9743589743589744E-04  2.4582051282051286E-02
   4.2820512820512802E-04  2.5056410256410255E-02
   5.0512820512820487E-04  2.5505128205128205E-02
   5.8205128205128173E-04  2.5864102564102563E-02
   7.9999999999999993E-04  2.6325641025641024E-02
   8.5128205128205117E-04  2.6710256410256400E-02
   1.3000000000000004E-03  2.7082051282051274E-02
   1.6205128205128197E-03  2.7210256410256411E-02
   1.4666666666666660E-03  2.7338461538461541E-02
   1.2487179487179491E-03  2.7543589743589746E-02
   1.1205128205128210E-03  2.7876923076923077E-02
   1.3384615384615388E-03  2.8223076923076927E-02
   1.6076923076923078E-03  2.8582051282051275E-02
   1.7358974358974359E-03  2.8851282051282047E-02
   1.8384615384615384E-03  2.9287179487179488E-02
   1.9025641025641024E-03  2.9633333333333331E-02
   1.9923076923076921E-03  2.9979487179487174E-02
   2.3769230769230764E-03  3.0184615384615379E-02
   2.6205128205128206E-03  3.0069230769230765E-02
   3.0564102564102562E-03  3.0030769230769236E-02
   3.5179487179487182E-03  3.0094871794871796E-02
   3.9153846153846140E-03  3.0146153846153850E-02
   4.3512820512820512E-03  3.0287179487179482E-02
   4.6461538461538467E-03  3.0415384615384615E-02
   4.9923076923076935E-03  3.0582051282051284E-02
   5.4794871794871785E-03  3.0787179487179489E-02
   5.7358974358974347E-03  3.0825641025641025E-02
   6.1461538461538481E-03  3.0928205128205127E-02
   6.5692307692307699E-03  3.1248717948717947E-02
   6.9410256410256405E-03  3.1364102564102561E-02
   6.9794871794871816E-03  3.1748717948717947E-02
   7.0051282051282020E-03  3.1864102564102562E-02
   6.8128205128205159E-03  3.1992307692307688E-02
   6.7743589743589749E-03  3.2210256410256412E-02
   6.9794871794871816E-03  3.2287179487179483E-02
   6.7871794871794868E-03  3.2505128205128200E-02
   6.7615384615384629E-03  3.2851282051282051E-02
   6.8512820512820517E-03  3.3325641025641027E-02
   7.0051282051282020E-03  3.3697435897435894E-02
   7.1589743589743574E-03  3.4017948717948721E-02
   7.2358974358974360E-03  3.4479487179487178E-02
   7.4282051282051290E-03  3.4735897435897438E-02
   7.6589743589743579E-03  3.4851282051282052E-02
   8.0307692307692320E-03  3.4864102564102564E-02
   7.9538461538461516E-03  3.5107692307692312E-02
   7.9794871794871807E-03  3.5453846153846155E-02
   8.0435897435897439E-03  3.5723076923076927E-02
   8.1846153846153822E-03  3.6082051282051275E-02
   8.4025641025640991E-03  3.6376923076923078E-02
   8.9282051282051269E-03  3.6684615384615385E-02
   9.2230769230769206E-03  3.7043589743589740E-02
   9.5948717948717965E-03  3.7569230769230764E-02
   9.9666666666666671E-03  3.7876923076923065E-02
   1.0325641025641024E-02  3.8017948717948724E-02
   1.0671794871794872E-02  3.8017948717948724E-02
   1.0864102564102564E-02  3.8005128205128205E-02
   1.1043589743589740E-02  3.8364102564102567E-02
   1.1274358974358977E-02  3.8697435897435906E-02
   1.1735897435897437E-02  3.8838461538461537E-02
   1.2005128205128210E-02  3.9197435897435899E-02
   1.2146153846153843E-02  3.9479487179487176E-02
   1.2453846153846154E-02  3.9620512820512821E-02
   1.2864102564102564E-02  3.9876923076923067E-02
   1.3223076923076926E-02  4.0479487179487190E-02
   1.3441025641025643E-02  4.0735897435897436E-02
   1.3710256410256411E-02  4.0953846153846153E-02
   1.3928205128205131E-02  4.0876923076923082E-02
   1.4248717948717947E-02  4.0735897435897436E-02
   1.4364102564102565E-02  4.0582051282051286E-02
   1.4530769230769231E-02  4.0479487179487190E-02
   1.4787179487179487E-02  4.0376923076923088E-02
   1.5082051282051282E-02  4.0376923076923088E-02
   1.5376923076923078E-02  4.0735897435897436E-02
   1.5723076923076919E-02  4.1120512820512829E-02
   1.5953846153846152E-02  4.1364102564102563E-02
   1.6287179487179487E-02  4.1633333333333335E-02
   1.6261538461538459E-02  4.2017948717948714E-02
   1.6287179487179487E-02  4.2325641025641021E-02
   1.6389743589743589E-02  4.2658974358974366E-02
   1.6479487179487180E-02  4.3030769230769227E-02
   1.6620512820512821E-02  4.3325641025641029E-02
   1.7261538461538460E-02  4.3620512820512811E-02
   1.7735897435897437E-02  4.3979487179487173E-02
   1.8017948717948717E-02  4.4312820512820504E-02
   1.8338461538461536E-02  4.4479487179487180E-02
   1.8633333333333328E-02  4.4633333333333337E-02
   1.8479487179487178E-02  4.4838461538461542E-02
   1.8146153846153843E-02  4.4992307692307686E-02
   1.7889743589743583E-02  4.5133333333333345E-02
   1.7851282051282051E-02  4.5415384615384621E-02
   1.7941025641025642E-02  4.5889743589743584E-02
   1.8158974358974359E-02  4.6415384615384622E-02
   1.8402564102564103E-02  4.6825641025641025E-02
   1.8479487179487178E-02  4.7210256410256404E-02
   1.8646153846153844E-02  4.7607692307692302E-02
   1.8902564102564100E-02  4.7838461538461531E-02
   1.9556410256410257E-02  4.8056410256410248E-02
   1.9889743589743592E-02  4.8158974358974364E-02
   2.0428205128205128E-02  4.8505128205128208E-02
   2.0774358974358975E-02  4.8800000000000003E-02
   2.1069230769230767E-02  4.9107692307692304E-02
   2.1466666666666672E-02  4.9223076923076925E-02
   2.1838461538461543E-02  4.9235897435897423E-02
   2.2235897435897437E-02  4.9248717948717949E-02
   2.2505128205128205E-02  4.9158974358974365E-02
   2.2620512820512820E-02  4.8953846153846146E-02
   2.2902564102564107E-02  4.8800000000000003E-02
   2.3338461538461537E-02  4.8774358974358972E-02
   2.3915384615384609E-02  4.8902564102564106E-02
   2.4300000000000002E-02  4.8825641025641027E-02
   2.4979487179487180E-02  4.8620512820512829E-02
   2.5376923076923075E-02  4.8582051282051286E-02
   2.5530769230769228E-02  4.8620512820512829E-02
   2.5941025641025638E-02  4.9107692307692304E-02
   2.6005128205128212E-02  4.9312820512820509E-02
   2.6184615384615383E-02  4.9774358974358987E-02
   2.6466666666666663E-02  5.0158974358974352E-02
   2.6697435897435905E-02  5.0633333333333329E-02
   2.6928205128205131E-02  5.1017948717948708E-02
   2.7248717948717950E-02  5.1415384615384613E-02
   2.7684615384615384E-02  5.1787179487179487E-02
   2.8120512820512825E-02  5.2082051282051282E-02
   2.8492307692307685E-02  5.2466666666666668E-02
   2.8787179487179480E-02  5.2684615384615378E-02
   2.9094871794871795E-02  5.2928205128205126E-02
   2.9389743589743590E-02  5.3184615384615386E-02
   2.9812820512820512E-02  5.3453846153846157E-02
   3.0453846153846158E-02  5.3492307692307686E-02
   3.1056410256410254E-02  5.3453846153846157E-02
   3.1556410256410254E-02  5.3299999999999986E-02
   3.1453846153846152E-02  5.3492307692307686E-02
   3.1415384615384616E-02  5.3787179487179489E-02
   3.1197435897435899E-02  5.4248717948717953E-02
   3.1120512820512820E-02  5.4710256410256404E-02
   3.1389743589743592E-02  5.5043589743589742E-02
   3.1748717948717947E-02  5.5441025641025647E-02
   3.2017948717948719E-02  5.5748717948717941E-02
   3.2274358974358971E-02  5.6261538461538460E-02
   3.2556410256410255E-02  5.6505128205128194E-02
   3.2864102564102562E-02  5.6543589743589751E-02
   3.3376923076923075E-02  5.6582051282051279E-02
   3.3774358974358973E-02  5.6543589743589751E-02
   3.4287179487179485E-02  5.6517948717948720E-02
   3.4479487179487178E-02  5.6864102564102570E-02
   3.4697435897435895E-02  5.7325641025641021E-02
   3.4953846153846155E-02  5.7735897435897424E-02
   3.5351282051282053E-02  5.7992307692307697E-02
   3.5761538461538456E-02  5.7941025641025629E-02
   3.6299999999999999E-02  5.7799999999999997E-02
   3.6735897435897433E-02  5.7607692307692297E-02
   3.7005128205128204E-02  5.7069230769230782E-02
   3.7082051282051283E-02  5.6684615384615382E-02
   3.7274358974358969E-02  5.6505128205128194E-02
   3.7453846153846150E-02  5.6351282051282044E-02
   3.7825641025641017E-02  5.7248717948717956E-02
   3.8030769230769236E-02  5.7697435897435895E-02
   3.8171794871794881E-02  5.7812820512820509E-02
   3.8351282051282042E-02  5.7915384615384612E-02
   3.8735897435897435E-02  5.8351282051282045E-02
   3.9082051282051285E-02  5.8479487179487165E-02
   3.9569230769230759E-02  5.8556410256410250E-02
   3.9966666666666664E-02  5.8735897435897438E-02
   4.0248717948717941E-02  5.8928205128205131E-02
   4.0376923076923088E-02  5.9312820512820504E-02
   4.0530769230769231E-02  5.9556410256410251E-02
   4.0876923076923082E-02  5.9671794871794866E-02
   4.0992307692307682E-02  5.9748717948717937E-02
   4.1441025641025649E-02  5.9941025641025637E-02
   4.1838461538461540E-02  5.9941025641025637E-02
   4.2364102564102564E-02  6.0056410256410238E-02
   4.2812820512820524E-02  6.0210256410256409E-02
   4.3158974358974360E-02  6.0274358974358976E-02
   4.3658974358974367E-02  6.0376923076923085E-02
   4.4043589743589746E-02  6.0607692307692314E-02
   4.4184615384615385E-02  6.0748717948717952E-02
   4.4415384615384607E-02  6.1146153846153843E-02
   4.4556410256410252E-02  6.1389743589743591E-02
   4.4876923076923085E-02  6.1864102564102567E-02
   4.5197435897435891E-02  6.2235897435897435E-02
   4.5441025641025652E-02  6.2389743589743592E-02
   4.5812820512820512E-02  6.2402564102564097E-02
   4.6351282051282049E-02  6.2325641025641025E-02
   4.6825641025641025E-02  6.2415384615384616E-02
   4.7415384615384623E-02  6.2543589743589742E-02
   4.7748717948717941E-02  6.2646153846153851E-02
   4.8043589743589750E-02  6.3171794871794876E-02
   4.8376923076923081E-02  6.3466666666666671E-02
   4.8876923076923075E-02  6.3723076923076938E-02
   4.8876923076923075E-02  6.3979487179487191E-02
   4.9171794871794863E-02  6.4005128205128214E-02
   4.9441025641025628E-02  6.4197435897435901E-02
   4.9723076923076918E-02  6.4300000000000010E-02
   5.0005128205128209E-02  6.4556410256410263E-02
   5.0287179487179492E-02  6.4851282051282058E-02
   5.0505128205128202E-02  6.4902564102564106E-02
   5.0697435897435902E-02  6.4876923076923082E-02
   5.1069230769230763E-02  6.5082051282051287E-02
   5.1851282051282047E-02  6.5043589743589758E-02
   5.2133333333333337E-02  6.5017948717948734E-02
   5.2312820512820511E-02  6.5043589743589758E-02
   5.2466666666666668E-02  6.5299999999999997E-02
   5.2812820512820519E-02  6.5543589743589745E-02
   5.3223076923076929E-02  6.5902564102564107E-02
   5.3697435897435891E-02  6.6248717948717964E-02
   5.4210256410256411E-02  6.6184615384615383E-02
   5.4351282051282042E-02  6.6146153846153855E-02
   5.4684615384615394E-02  6.6325641025641036E-02
   5.5005128205128200E-02  6.6505128205128217E-02
   5.5415384615384602E-02  6.6941025641025650E-02
   5.5761538461538453E-02  6.7325641025641036E-02
   5.6069230769230767E-02  6.7594871794871794E-02
   5.6389743589743586E-02  6.7761538461538470E-02
   5.6851282051282051E-02  6.8017948717948723E-02
   5.7133333333333328E-02  6.7915384615384627E-02
   5.7364102564102563E-02  6.7889743589743590E-02
   5.7761538461538454E-02  6.8133333333333337E-02
   5.7928205128205131E-02  6.8338461538461542E-02
   5.8133333333333329E-02  6.8530769230769242E-02
   5.8415384615384605E-02  6.8761538461538471E-02
   5.8915384615384613E-02  6.8825641025641038E-02
   5.9325641025641022E-02  6.8735897435897447E-02
   5.9799999999999999E-02  6.8517948717948723E-02
   5.9966666666666661E-02  6.8697435897435905E-02
   6.0299999999999999E-02  6.9248717948717967E-02
   6.0274358974358976E-02  6.9582051282051291E-02
   6.0620512820512819E-02  6.9787179487179496E-02
   6.0864102564102567E-02  6.9953846153846158E-02
   6.1210256410256410E-02  6.9979487179487182E-02
   6.1697435897435891E-02  6.9876923076923086E-02
   6.2005128205128206E-02  6.9902564102564110E-02
   6.2287179487179496E-02  7.0069230769230786E-02
   6.2505128205128213E-02  7.0261538461538472E-02
   6.2774358974358971E-02  7.0466666666666677E-02
   6.3158974358974357E-02  7.0800000000000002E-02
   6.3530769230769238E-02  7.0953846153846159E-02
   6.3876923076923081E-02  7.1223076923076931E-02
   6.4274358974358972E-02  7.1633333333333341E-02
   6.4633333333333334E-02  7.2146153846153860E-02
   6.4992307692307696E-02  7.2325641025641027E-02
   6.5376923076923082E-02  7.2466666666666665E-02
   6.5748717948717950E-02  7.2646153846153860E-02
   6.6082051282051288E-02  7.2774358974358980E-02
   6.6376923076923083E-02  7.2825641025641041E-02
   6.6825641025641036E-02  7.2761538461538461E-02
   6.7184615384615384E-02  7.2735897435897437E-02
   6.7364102564102579E-02  7.2838461538461546E-02
   6.7594871794871794E-02  7.3043589743589751E-02
   6.7928205128205132E-02  7.3453846153846161E-02
   6.8287179487179495E-02  7.3569230769230776E-02
   6.8569230769230771E-02  7.3556410256410257E-02
   6.8710256410256410E-02  7.3543589743589752E-02
   6.8941025641025652E-02  7.3748717948717957E-02
   6.9184615384615386E-02  7.3941025641025643E-02
   6.9530769230769229E-02  7.4030769230769233E-02
   6.9889743589743605E-02  7.4312820512820524E-02
   7.0338461538461544E-02  7.4517948717948729E-02
   7.0671794871794882E-02  7.4466666666666681E-02
   7.0941025641025654E-02  7.4864102564102572E-02
   7.1364102564102569E-02  7.5017948717948715E-02
   7.1735897435897450E-02  7.4953846153846163E-02
   7.1812820512820522E-02  7.4966666666666681E-02
   7.2338461538461546E-02  7.5428205128205125E-02
   7.2658974358974365E-02  7.5941025641025645E-02
   7.3069230769230775E-02  7.6120512820512826E-02
   7.3428205128205137E-02  7.6133333333333345E-02
   7.3684615384615404E-02  7.6351282051282054E-02
   7.4248717948717957E-02  7.6697435897435898E-02
   7.4594871794871800E-02  7.6851282051282069E-02
   7.5043589743589753E-02  7.6876923076923079E-02
   7.5658974358974368E-02  7.6646153846153864E-02
   7.6133333333333345E-02  7.6556410256410259E-02
   7.6428205128205140E-02  7.6671794871794874E-02
   7.6915384615384635E-02  7.6941025641025632E-02
   7.7325641025641031E-02  7.7120512820512840E-02
   7.7774358974358970E-02  7.7223076923076936E-02
   7.8402564102564118E-02  7.7402564102564103E-02
   7.8928205128205142E-02  7.7505128205128213E-02
   7.9594871794871833E-02  7.7505128205128213E-02
   7.9851282051282044E-02  7.7107692307692308E-02
   8.0223076923076925E-02  7.6735897435897440E-02
   8.0556410256410263E-02  7.6441025641025645E-02
   8.0928205128205130E-02  7.6030769230769235E-02
   8.1056410256410263E-02  7.5941025641025645E-02
   8.1466666666666673E-02  7.6043589743589740E-02
   8.1941025641025636E-02  7.6223076923076935E-02
   8.3030769230769214E-02  7.6197435897435911E-02
   8.3607692307692313E-02  7.6030769230769235E-02
   8.8697435897435895E-02  7.7812820512820499E-02
   8.8941025641025628E-02  7.8300000000000008E-02
   8.9146153846153833E-02  7.8735897435897442E-02
   8.9338461538461533E-02  7.8902564102564104E-02
   8.9582051282051267E-02  7.9133333333333347E-02
   8.9889743589743595E-02  7.9184615384615423E-02
   9.0210256410256415E-02  7.9325641025641033E-02
   9.0505128205128210E-02  7.9428205128205115E-02
   9.0787179487179487E-02  7.9735897435897443E-02
   9.1056410256410245E-02  7.9941025641025648E-02
   9.1312820512820525E-02  8.0133333333333320E-02
   9.1658974358974354E-02  8.0197435897435901E-02
   9.2082051282051311E-02  8.0158974358974372E-02
   9.2543589743589727E-02  8.0056410256410249E-02
   9.2941025641025632E-02  8.0107692307692324E-02
   9.3723076923076951E-02  8.0094871794871778E-02
   9.4184615384615381E-02  8.0146153846153853E-02
   9.4710256410256419E-02  8.0287179487179491E-02
   9.5261538461538453E-02  8.0402564102564106E-02
   9.5966666666666672E-02  8.0415384615384625E-02
   9.6492307692307697E-02  8.0492307692307682E-02
   9.6992307692307711E-02  8.0620512820512830E-02
   9.7620512820512803E-02  8.0684615384615396E-02
   9.8056410256410306E-02  8.0800000000000011E-02
   9.8582051282051303E-02  8.0915384615384639E-02
   9.9223076923076900E-02  8.1005128205128216E-02
   9.9748717948717910E-02  8.1043589743589758E-02
   0.1001846153846154      8.0966666666666673E-02
   0.1005692307692308      8.0941025641025635E-02
   0.1016333333333333      8.1197435897435902E-02
   0.1024794871794872      8.1466666666666673E-02
   0.1030435897435897      8.1864102564102578E-02
   0.1040692307692308      8.2107692307692312E-02
   0.1045435897435897      8.2261538461538469E-02
   0.1048769230769231      8.2389743589743575E-02
   0.1051846153846154      8.2902564102564108E-02
   0.1056974358974359      8.3056410256410251E-02
   0.1059794871794872      8.3351282051282061E-02
   0.1061461538461539      8.3492307692307685E-02
   0.1064025641025641      8.3569230769230771E-02
   0.1066461538461538      8.3646153846153856E-02
   0.1068000000000000      8.3620512820512818E-02
   0.1070051282051282      8.3953846153846157E-02
   0.1071974358974359      8.4197435897435904E-02
   0.1073897435897436      8.4364102564102567E-02
   0.1076846153846154      8.4658974358974404E-02
   0.1078897435897436      8.4812820512820519E-02
   0.1082615384615385      8.4787179487179495E-02
   0.1085051282051282      8.4761538461538471E-02
   0.1087487179487180      8.4787179487179495E-02
   0.1090179487179487      8.4928205128205134E-02
   0.1092615384615384      8.4979487179487168E-02
   0.1095564102564103      8.4928205128205134E-02
   0.1096846153846154      8.4838461538461543E-02
   0.1098897435897436      8.4530769230769229E-02
   0.1100307692307692      8.4364102564102567E-02
   0.1105692307692308      8.4133333333333324E-02
   0.1109666666666667      8.4017948717948723E-02
   0.1112743589743590      8.4184615384615386E-02
   0.1118384615384615      8.4376923076923085E-02
   0.1124538461538461      8.4479487179487209E-02
   0.1129025641025641      8.4402564102564109E-02
   0.1133384615384615      8.4466666666666704E-02
   0.1137230769230769      8.4556410256410267E-02
   0.1140051282051282      8.4710256410256396E-02
   0.1140564102564102      8.5017948717948724E-02
   0.1143769230769231      8.5235897435897448E-02
   0.1147358974358974      8.5466666666666677E-02
   0.1151461538461539      8.5710256410256411E-02
   0.1156333333333333      8.5876923076923087E-02
   0.1160564102564103      8.5671794871794882E-02
   0.1163000000000000      8.5646153846153858E-02
   0.1166846153846154      8.5620512820512806E-02
   0.1182871794871795      8.5953846153846186E-02
   0.1182487179487179      8.6248717948717954E-02
   0.1183897435897436      8.6710256410256425E-02
   0.1185564102564103      8.7069230769230760E-02
   0.1188384615384616      8.7492307692307689E-02
   0.1189794871794872      8.7838461538461574E-02
   0.1191461538461538      8.8158974358974365E-02
   0.1195179487179487      8.8453846153846161E-02
   0.1199410256410256      8.8748717948717970E-02
   0.1203000000000000      8.8915384615384646E-02
   0.1208256410256410      8.8941025641025628E-02
   0.1213512820512821      8.8748717948717970E-02
   0.1219025641025641      8.8556410256410270E-02
   0.1221974358974359      8.8287179487179498E-02
   0.1224153846153846      8.7979487179487184E-02
   0.1224666666666667      8.7697435897435880E-02
   0.1226846153846154      8.7146153846153859E-02
