   8.5633333333333339E-02 -4.5058974358974366E-02
   8.5505128205128206E-02 -4.5302564102564107E-02
   8.5325641025641039E-02 -4.5610256410256414E-02
   8.4928205128205134E-02 -4.5661538461538462E-02
   8.4774358974358963E-02 -4.5776923076923076E-02
   8.4517948717948738E-02 -4.5879487179487179E-02
   8.4299999999999986E-02 -4.5751282051282045E-02
   8.4069230769230799E-02 -4.5584615384615383E-02
   8.3787179487179494E-02 -4.5405128205128209E-02
   8.3556410256410266E-02 -4.5289743589743581E-02
   8.3312820512820518E-02 -4.5187179487179478E-02
   8.2966666666666675E-02 -4.4994871794871806E-02
   8.2556410256410293E-02 -4.4802564102564106E-02
   8.2210256410256408E-02 -4.4866666666666659E-02
   8.1723076923076940E-02 -4.4994871794871806E-02
   8.1594871794871807E-02 -4.5123076923076925E-02
   8.1389743589743574E-02 -4.5443589743589745E-02
   8.1184615384615369E-02 -4.5764102564102564E-02
   8.1069230769230810E-02 -4.5905128205128203E-02
   8.0787179487179492E-02 -4.6123076923076926E-02
   8.0633333333333376E-02 -4.6187179487179479E-02
   8.0338461538461525E-02 -4.6238461538461541E-02
   8.0056410256410249E-02 -4.6289743589743582E-02
   7.9723076923076924E-02 -4.6058974358974367E-02
   7.9453846153846139E-02 -4.5738461538461547E-02
   7.9300000000000009E-02 -4.5392307692307697E-02
   7.9107692307692309E-02 -4.5148717948717949E-02
   7.8889743589743599E-02 -4.4700000000000004E-02
   7.8748717948717989E-02 -4.4520512820512829E-02
   7.8530769230769237E-02 -4.4405128205128201E-02
   7.8274358974358985E-02 -4.3982051282051279E-02
   7.7876923076923107E-02 -4.3674358974358972E-02
   7.7274358974358984E-02 -4.3456410256410255E-02
   7.6582051282051283E-02 -4.3417948717948726E-02
   7.5825641025641030E-02 -4.3187179487179490E-02
   7.5658974358974368E-02 -4.3200000000000009E-02
   7.5453846153846163E-02 -4.3482051282051286E-02
   7.5325641025641030E-02 -4.3751282051282044E-02
   7.5056410256410258E-02 -4.4123076923076925E-02
   7.4876923076923077E-02 -4.4341025641025641E-02
   7.4761538461538463E-02 -4.4546153846153839E-02
   7.4620512820512824E-02 -4.4776923076923089E-02
   7.4479487179487186E-02 -4.4943589743589744E-02
   7.4287179487179500E-02 -4.5046153846153847E-02
   7.4030769230769233E-02 -4.5174358974358980E-02
   7.3723076923076919E-02 -4.5264102564102564E-02
   7.3441025641025656E-02 -4.5238461538461540E-02
   7.2941025641025642E-02 -4.5148717948717949E-02
   7.2658974358974365E-02 -4.4994871794871806E-02
   7.2389743589743594E-02 -4.4866666666666659E-02
   7.2171794871794884E-02 -4.4623076923076925E-02
   7.1941025641025655E-02 -4.4379487179487184E-02
   7.1594871794871798E-02 -4.4199999999999996E-02
   7.1325641025641040E-02 -4.4033333333333334E-02
   7.1133333333333340E-02 -4.3930769230769232E-02
   7.0953846153846159E-02 -4.3853846153846146E-02
   7.0607692307692316E-02 -4.3712820512820515E-02
   7.0312820512820520E-02 -4.3610256410256412E-02
   7.0043589743589749E-02 -4.3392307692307695E-02
   6.9697435897435905E-02 -4.3174358974358978E-02
   6.9389743589743591E-02 -4.2956410256410255E-02
   6.9210256410256424E-02 -4.2969230769230773E-02
   6.8851282051282062E-02 -4.2866666666666671E-02
   6.8543589743589747E-02 -4.2700000000000002E-02
   6.8235897435897433E-02 -4.2571794871794882E-02
   6.7966666666666675E-02 -4.2546153846153845E-02
   6.7748717948717965E-02 -4.2623076923076923E-02
   6.7364102564102579E-02 -4.2648717948717947E-02
   6.7069230769230784E-02 -4.2635897435897435E-02
   6.6774358974358974E-02 -4.2687179487179483E-02
   6.6325641025641036E-02 -4.2674358974358971E-02
   6.6056410256410264E-02 -4.2610256410256411E-02
   6.5864102564102578E-02 -4.2584615384615380E-02
   6.5646153846153854E-02 -4.2533333333333333E-02
   6.5364102564102564E-02 -4.2302564102564104E-02
   6.5005128205128215E-02 -4.2110256410256411E-02
   6.4735897435897444E-02 -4.1982051282051285E-02
   6.4466666666666672E-02 -4.1815384615384615E-02
   6.4210256410256419E-02 -4.1712820512820513E-02
   6.3928205128205143E-02 -4.1533333333333332E-02
   6.3582051282051286E-02 -4.1379487179487182E-02
   6.3274358974358985E-02 -4.1238461538461536E-02
   6.3043589743589756E-02 -4.1200000000000001E-02
   6.2838461538461551E-02 -4.1110256410256410E-02
   6.2646153846153851E-02 -4.1058974358974362E-02
   6.2428205128205135E-02 -4.0969230769230772E-02
   6.2338461538461530E-02 -4.1033333333333331E-02
   6.1851282051282062E-02 -4.1123076923076922E-02
   6.1671794871794867E-02 -4.1148717948717946E-02
   6.1287179487179481E-02 -4.1212820512820512E-02
   6.1069230769230771E-02 -4.1264102564102567E-02
   6.0825641025641024E-02 -4.1276923076923079E-02
   6.0658974358974362E-02 -4.1302564102564103E-02
   6.0312820512820518E-02 -4.1238461538461536E-02
   6.0005128205128218E-02 -4.1174358974358977E-02
   5.9671794871794866E-02 -4.0956410256410260E-02
   5.9364102564102551E-02 -4.0828205128205126E-02
   5.9069230769230770E-02 -4.0546153846153850E-02
   5.8787179487179486E-02 -4.0379487179487174E-02
   5.8479487179487165E-02 -4.0251282051282054E-02
   5.8197435897435902E-02 -4.0135897435897440E-02
   5.7825641025641028E-02 -3.9930769230769235E-02
   5.7517948717948721E-02 -3.9712820512820518E-02
   5.7261538461538461E-02 -3.9494871794871794E-02
   5.7017948717948713E-02 -3.9315384615384613E-02
   5.6671794871794877E-02 -3.9007692307692306E-02
   5.6415384615384617E-02 -3.8764102564102565E-02
   5.5966666666666672E-02 -3.8558974358974360E-02
   5.5517948717948705E-02 -3.8353846153846155E-02
   5.5056410256410268E-02 -3.8161538461538462E-02
   5.4953846153846166E-02 -3.8405128205128203E-02
   5.4825641025641032E-02 -3.8610256410256408E-02
   5.4530769230769230E-02 -3.8802564102564101E-02
   5.4312820512820513E-02 -3.8994871794871794E-02
   5.3979487179487168E-02 -3.9199999999999999E-02
   5.3812820512820506E-02 -3.9341025641025644E-02
   5.3569230769230765E-02 -3.9520512820512818E-02
   5.3376923076923086E-02 -4.0058974358974354E-02
   5.3146153846153850E-02 -4.0225641025641030E-02
   5.2812820512820519E-02 -4.0328205128205133E-02
   5.2428205128205126E-02 -4.0443589743589747E-02
   5.2210256410256409E-02 -4.0558974358974362E-02
   5.1966666666666654E-02 -4.0635897435897440E-02
   5.1684615384615391E-02 -4.0610256410256410E-02
   5.1235897435897439E-02 -4.0533333333333338E-02
   5.0979487179487179E-02 -4.0546153846153850E-02
   5.0812820512820503E-02 -4.0712820512820512E-02
   5.0658974358974360E-02 -4.0828205128205126E-02
   5.0466666666666660E-02 -4.0930769230769229E-02
   5.0069230769230762E-02 -4.1033333333333331E-02
   4.9697435897435888E-02 -4.1148717948717946E-02
   4.9453846153846154E-02 -4.1251282051282048E-02
   4.9146153846153846E-02 -4.1302564102564103E-02
   4.8774358974358972E-02 -4.1366666666666670E-02
   4.8441025641025641E-02 -4.1264102564102567E-02
   4.8274358974358979E-02 -4.1225641025641024E-02
   4.8005128205128207E-02 -4.1123076923076922E-02
   4.7787179487179497E-02 -4.1046153846153843E-02
   4.7633333333333340E-02 -4.1212820512820512E-02
   4.7453846153846166E-02 -4.1482051282051284E-02
   4.7312820512820507E-02 -4.1712820512820513E-02
   4.7197435897435892E-02 -4.1853846153846151E-02
   4.7094871794871790E-02 -4.1994871794871796E-02
   4.6889743589743585E-02 -4.2225641025641025E-02
   4.6658974358974356E-02 -4.2212820512820513E-02
   4.6492307692307694E-02 -4.2212820512820513E-02
   4.6082051282051291E-02 -4.2123076923076923E-02
   4.5735897435897427E-02 -4.2007692307692308E-02
   4.5428205128205119E-02 -4.1943589743589749E-02
   4.5120512820512819E-02 -4.1789743589743591E-02
   4.4620512820512812E-02 -4.1661538461538458E-02
   4.4197435897435904E-02 -4.1482051282051284E-02
   4.4107692307692299E-02 -4.1430769230769229E-02
   4.3133333333333329E-02 -4.1123076923076922E-02
   4.2787179487179479E-02 -4.0956410256410260E-02
   4.2415384615384605E-02 -4.0725641025641024E-02
   4.2235897435897431E-02 -4.0507692307692307E-02
   4.2069230769230768E-02 -4.0084615384615385E-02
   4.1838461538461540E-02 -3.9764102564102566E-02
   4.1710256410256406E-02 -3.9558974358974361E-02
   4.1441025641025649E-02 -3.9315384615384613E-02
   4.1223076923076925E-02 -3.9199999999999999E-02
   4.0941025641025641E-02 -3.8994871794871794E-02
   4.0658974358974365E-02 -3.8776923076923077E-02
   4.0338461538461545E-02 -3.8482051282051281E-02
   4.0017948717948712E-02 -3.8341025641025643E-02
   3.9761538461538466E-02 -3.8161538461538462E-02
   3.9428205128205128E-02 -3.7917948717948721E-02
   3.9261538461538459E-02 -3.7674358974358974E-02
   3.9300000000000002E-02 -3.7379487179487178E-02
   3.9364102564102561E-02 -3.7123076923076925E-02
   3.9505128205128200E-02 -3.6738461538461539E-02
   3.9543589743589742E-02 -3.6520512820512822E-02
   3.9594871794871790E-02 -3.6251282051282051E-02
   3.9633333333333333E-02 -3.6071794871794870E-02
   3.9646153846153845E-02 -3.5828205128205129E-02
   3.9543589743589742E-02 -3.5443589743589743E-02
   3.9453846153846145E-02 -3.5110256410256412E-02
   3.9338461538461544E-02 -3.4866666666666671E-02
   3.9197435897435899E-02 -3.4661538461538466E-02
   3.9107692307692309E-02 -3.4520512820512821E-02
   3.8889743589743592E-02 -3.4289743589743592E-02
   3.8402564102564103E-02 -3.4020512820512827E-02
   3.7979487179487181E-02 -3.3828205128205127E-02
   3.7505128205128198E-02 -3.3635897435897434E-02
   3.7300000000000000E-02 -3.3738461538461537E-02
   3.7056410256410252E-02 -3.3815384615384615E-02
   3.6658974358974361E-02 -3.3866666666666663E-02
   3.6223076923076920E-02 -3.3802564102564103E-02
   3.5966666666666668E-02 -3.3853846153846151E-02
   3.5658974358974353E-02 -3.3917948717948718E-02
   3.5338461538461534E-02 -3.4033333333333332E-02
   3.4902564102564107E-02 -3.3994871794871796E-02
   3.4594871794871793E-02 -3.3892307692307687E-02
   3.4287179487179485E-02 -3.3828205128205127E-02
   3.3928205128205130E-02 -3.3687179487179482E-02
   3.3774358974358973E-02 -3.3482051282051284E-02
   3.3428205128205130E-02 -3.3328205128205120E-02
   3.3030769230769232E-02 -3.3161538461538458E-02
   3.2505128205128200E-02 -3.2994871794871795E-02
   3.2120512820512821E-02 -3.2828205128205140E-02
   3.1928205128205128E-02 -3.2751282051282048E-02
   3.1851282051282050E-02 -3.3084615384615379E-02
   3.1774358974358971E-02 -3.3379487179487174E-02
   3.1569230769230766E-02 -3.3712820512820513E-02
   3.1043589743589742E-02 -3.4264102564102561E-02
   3.0812820512820513E-02 -3.4520512820512821E-02
   3.0594871794871789E-02 -3.4776923076923073E-02
   3.0107692307692308E-02 -3.4994871794871790E-02
   2.9517948717948717E-02 -3.5084615384615388E-02
   2.9043589743589740E-02 -3.5020512820512821E-02
   2.8466666666666661E-02 -3.4751282051282056E-02
   2.8017948717948715E-02 -3.4469230769230766E-02
   2.7620512820512821E-02 -3.4200000000000001E-02
   2.7351282051282053E-02 -3.3956410256410254E-02
   2.7043589743589745E-02 -3.3610256410256410E-02
   2.6800000000000004E-02 -3.3264102564102567E-02
   2.6517948717948721E-02 -3.2917948717948717E-02
   2.6402564102564099E-02 -3.2546153846153843E-02
   2.6082051282051284E-02 -3.2071794871794873E-02
   2.5787179487179485E-02 -3.1661538461538463E-02
   2.5582051282051280E-02 -3.1161538461538456E-02
   2.5517948717948716E-02 -3.1020512820512824E-02
   2.5107692307692307E-02 -3.0648717948717947E-02
   2.4710256410256412E-02 -3.0148717948717946E-02
   2.4402564102564105E-02 -2.9635897435897438E-02
   2.4043589743589742E-02 -2.9200000000000004E-02
   2.3684615384615391E-02 -2.8982051282051287E-02
   2.3248717948717947E-02 -2.8687179487179477E-02
   2.3171794871794871E-02 -2.9033333333333331E-02
   2.3005128205128202E-02 -2.9251282051282058E-02
   2.2774358974358973E-02 -2.9558974358974359E-02
   2.2415384615384615E-02 -2.9700000000000001E-02
   2.2094871794871795E-02 -2.9725641025641025E-02
   2.1799999999999993E-02 -2.9584615384615386E-02
   2.1569230769230775E-02 -2.9430769230769233E-02
   2.1389743589743587E-02 -2.9302564102564110E-02
   2.1171794871794870E-02 -2.9123076923076925E-02
   2.0864102564102562E-02 -2.8764102564102566E-02
   2.0723076923076920E-02 -2.8776923076923082E-02
   2.0620512820512825E-02 -2.9046153846153850E-02
   2.0556410256410255E-02 -2.9302564102564110E-02
   2.0299999999999999E-02 -2.9302564102564110E-02
   2.0017948717948719E-02 -2.9366666666666662E-02
   1.9671794871794872E-02 -2.9315384615384618E-02
   1.9351282051282052E-02 -2.9084615384615382E-02
   1.9120512820512820E-02 -2.8661538461538467E-02
   1.8864102564102564E-02 -2.8187179487179494E-02
   1.8671794871794871E-02 -2.7802564102564101E-02
   1.8517948717948721E-02 -2.7623076923076924E-02
   1.8300000000000004E-02 -2.7366666666666668E-02
   1.8094871794871792E-02 -2.7264102564102565E-02
   1.7941025641025642E-02 -2.7161538461538463E-02
   1.7876923076923075E-02 -2.6815384615384616E-02
   1.7658974358974358E-02 -2.6635897435897438E-02
   1.7402564102564102E-02 -2.6494871794871797E-02
   1.7146153846153842E-02 -2.6546153846153848E-02
   1.6787179487179480E-02 -2.6674358974358978E-02
   1.6428205128205128E-02 -2.6558974358974363E-02
   1.6120512820512821E-02 -2.6417948717948718E-02
   1.5851282051282049E-02 -2.6212820512820513E-02
   1.5620512820512822E-02 -2.6046153846153840E-02
   1.5441025641025641E-02 -2.6058974358974359E-02
   1.5094871794871794E-02 -2.6187179487179493E-02
   1.4953846153846156E-02 -2.6187179487179493E-02
   1.4658974358974361E-02 -2.6123076923076922E-02
   1.4364102564102565E-02 -2.6020512820512827E-02
   1.4043589743589742E-02 -2.5789743589743588E-02
   1.3992307692307691E-02 -2.5725641025641021E-02
   1.3735897435897435E-02 -2.5712820512820513E-02
   1.3517948717948718E-02 -2.5661538461538465E-02
   1.3248717948717953E-02 -2.5341025641025638E-02
   1.2992307692307694E-02 -2.4905128205128205E-02
   1.2825641025641024E-02 -2.4610256410256413E-02
   1.2697435897435898E-02 -2.4366666666666668E-02
   1.2441025641025638E-02 -2.4033333333333330E-02
   1.2235897435897435E-02 -2.3738461538461542E-02
   1.2082051282051283E-02 -2.3417948717948719E-02
   1.1902564102564107E-02 -2.3341025641025644E-02
   1.1697435897435897E-02 -2.3443589743589750E-02
   1.1441025641025643E-02 -2.3276923076923084E-02
   1.1146153846153842E-02 -2.3097435897435896E-02
   1.0825641025641023E-02 -2.2712820512820510E-02
   1.0633333333333333E-02 -2.2328205128205127E-02
   1.0620512820512821E-02 -2.1982051282051284E-02
   1.0441025641025640E-02 -2.1648717948717949E-02
   1.0184615384615384E-02 -2.1392307692307690E-02
   9.9025641025641056E-03 -2.1341025641025642E-02
   9.4538461538461530E-03 -2.1110256410256413E-02
   9.4025641025641000E-03 -2.0853846153846157E-02
   9.1846153846153831E-03 -2.0482051282051283E-02
   9.0307692307692346E-03 -2.0238461538461539E-02
   8.7358974358974373E-03 -2.0020512820512822E-02
   8.4666666666666657E-03 -1.9789743589743589E-02
   8.3256410256410274E-03 -1.9584615384615384E-02
   8.1076923076923105E-03 -1.9405128205128207E-02
   7.9410256410256414E-03 -1.9225641025641026E-02
   7.6589743589743579E-03 -1.9097435897435899E-02
   7.2999999999999992E-03 -1.8905128205128206E-02
   7.0435897435897447E-03 -1.8699999999999998E-02
   6.7999999999999988E-03 -1.8417948717948721E-02
   6.6333333333333331E-03 -1.8097435897435898E-02
   6.4153846153846162E-03 -1.8148717948717950E-02
   6.1333333333333327E-03 -1.8020512820512816E-02
   5.8000000000000013E-03 -1.7866666666666666E-02
   5.4153846153846153E-03 -1.7623076923076929E-02
   4.9410256410256422E-03 -1.7328205128205126E-02
   4.5564102564102579E-03 -1.7097435897435898E-02
   4.1076923076923070E-03 -1.6802564102564102E-02
   3.7743589743589744E-03 -1.6584615384615385E-02
   3.5692307692307703E-03 -1.6417948717948716E-02
   3.4666666666666669E-03 -1.6225641025641023E-02
   3.3897435897435892E-03 -1.6058974358974357E-02
   3.1974358974358971E-03 -1.5866666666666668E-02
   2.9794871794871793E-03 -1.5751282051282053E-02
   2.7487179487179487E-03 -1.5700000000000002E-02
   2.3384615384615380E-03 -1.5597435897435894E-02
   2.0435897435897433E-03 -1.5494871794871790E-02
   1.8641025641025640E-03 -1.5392307692307690E-02
   1.5820512820512822E-03 -1.5405128205128208E-02
   1.3256410256410260E-03 -1.5469230769230768E-02
   9.9230769230769207E-04 -1.5456410256410254E-02
   5.6923076923076892E-04 -1.5289743589743587E-02
   3.7692307692307634E-04 -1.5225641025641022E-02
   1.9743589743589744E-04 -1.5264102564102563E-02
  -7.1794871794871994E-05 -1.5174358974358971E-02
  -2.8974358974358976E-04 -1.5071794871794870E-02
  -4.4358974358974347E-04 -1.4764102564102563E-02
  -5.8461538461538481E-04 -1.4482051282051281E-02
  -6.7435897435897448E-04 -1.4289743589743590E-02
  -8.6666666666666706E-04 -1.3841025641025640E-02
  -1.0076923076923075E-03 -1.3469230769230770E-02
  -9.6923076923076997E-04 -1.3046153846153844E-02
  -8.9230769230769268E-04 -1.2597435897435899E-02
  -9.8205128205128235E-04 -1.2315384615384615E-02
  -1.0461538461538464E-03 -1.2020512820512820E-02
  -1.0333333333333336E-03 -1.1700000000000000E-02
  -8.5384615384615425E-04 -1.1289743589743590E-02
  -7.7692307692307696E-04 -1.1033333333333331E-02
  -9.1794871794871787E-04 -1.0597435897435899E-02
  -8.5384615384615425E-04 -1.0315384615384615E-02
  -8.4102564102564101E-04 -9.8153846153846147E-03
  -7.8974358974358977E-04 -9.4051282051282065E-03
  -8.1538461538461582E-04 -8.9307692307692317E-03
  -7.8974358974358977E-04 -8.5717948717948713E-03
  -9.6923076923076997E-04 -8.4307692307692313E-03
  -1.1615384615384617E-03 -7.7128205128205122E-03
  -1.1230769230769233E-03 -7.3923076923076928E-03
  -1.2256410256410257E-03 -7.1487179487179486E-03
  -1.3025641025641026E-03 -6.7384615384615387E-03
  -1.3025641025641026E-03 -6.4307692307692304E-03
  -1.5589743589743592E-03 -6.4307692307692304E-03
  -1.9692307692307691E-03 -6.3410256410256407E-03
  -2.2384615384615386E-03 -6.2256410256410263E-03
  -2.4307692307692311E-03 -6.0205128205128204E-03
  -2.6615384615384617E-03 -5.8153846153846146E-03
  -3.0461538461538464E-03 -5.4948717948717953E-03
  -3.3282051282051282E-03 -5.2256410256410254E-03
  -3.5076923076923080E-03 -4.8923076923076923E-03
  -3.6487179487179489E-03 -4.5974358974358986E-03
  -3.7641025641025642E-03 -4.3410256410256406E-03
  -3.8282051282051283E-03 -3.9564102564102564E-03
  -4.0461538461538469E-03 -3.4692307692307696E-03
  -3.8666666666666671E-03 -3.0974358974358977E-03
  -3.6871794871794874E-03 -2.7128205128205130E-03
  -3.5205128205128208E-03 -2.3153846153846154E-03
  -3.3666666666666667E-03 -1.9820512820512819E-03
  -3.2769230769230774E-03 -1.4692307692307693E-03
  -3.3153846153846150E-03 -1.3282051282051284E-03
  -3.3025641025641026E-03 -1.1102564102564104E-03
  -3.2512820512820514E-03 -8.5384615384615425E-04
  -3.2897435897435903E-03 -6.3589743589743649E-04
  -3.3923076923076927E-03 -5.3333333333333314E-04
  -3.4820512820512824E-03 -3.7948717948717986E-04
  -3.5461538461538464E-03 -1.2307692307692323E-04
  -3.4564102564102568E-03  1.4615384615384577E-04
  -3.3794871794871799E-03  3.8974358974358915E-04
  -3.3410256410256411E-03  4.7948717948717925E-04
  -3.4179487179487184E-03  6.4615384615384621E-04
  -3.3794871794871799E-03  1.0564102564102561E-03
  -3.3794871794871799E-03  1.1076923076923074E-03
  -3.3025641025641026E-03  1.3769230769230772E-03
  -3.3923076923076927E-03  1.5820512820512822E-03
  -3.5333333333333336E-03  1.9153846153846152E-03
  -3.5589743589743593E-03  2.2102564102564099E-03
  -3.4307692307692312E-03  2.5948717948717933E-03
  -3.3538461538461539E-03  2.8000000000000000E-03
  -3.4564102564102568E-03  2.9923076923076921E-03
  -3.3794871794871799E-03  3.3512820512820508E-03
  -3.3153846153846150E-03  3.5692307692307703E-03
  -3.2512820512820514E-03  3.7871794871794872E-03
  -3.2384615384615381E-03  4.0435897435897438E-03
  -3.3153846153846150E-03  4.2230769230769231E-03
  -3.0717948717948721E-03  4.3897435897435905E-03
  -2.9435897435897435E-03  4.7871794871794885E-03
  -3.0461538461538464E-03  4.9923076923076935E-03
  -3.0333333333333336E-03  5.2743589743589735E-03
  -2.9948717948717952E-03  5.4410256410256409E-03
  -3.1487179487179489E-03  5.6461538461538476E-03
  -3.2128205128205130E-03  5.8128205128205133E-03
  -3.3153846153846150E-03  6.0435897435897456E-03
  -3.4051282051282051E-03  6.3384615384615376E-03
  -3.3923076923076927E-03  6.5820512820512819E-03
  -3.2384615384615381E-03  6.8897435897435893E-03
  -3.1487179487179489E-03  7.1076923076923062E-03
  -3.1487179487179489E-03  7.2871794871794873E-03
  -3.1743589743589745E-03  7.3641025641025676E-03
  -3.2256410256410258E-03  7.4794871794871803E-03
  -3.2512820512820514E-03  7.6717948717948733E-03
  -3.2897435897435903E-03  7.9666666666666670E-03
  -3.3794871794871799E-03  8.0948717948717951E-03
  -3.4307692307692312E-03  8.1846153846153822E-03
  -3.8025641025641026E-03  8.4794871794871777E-03
  -3.8025641025641026E-03  8.7743589743589714E-03
  -3.7769230769230770E-03  9.0307692307692346E-03
  -3.8410256410256411E-03  9.2487179487179497E-03
  -3.8538461538461539E-03  9.8641025641025646E-03
  -3.8025641025641026E-03  1.0223076923076920E-02
  -3.8923076923076927E-03  1.0556410256410258E-02
  -3.9692307692307700E-03  1.0851282051282054E-02
  -3.8666666666666671E-03  1.1184615384615385E-02
  -3.7000000000000002E-03  1.1569230769230771E-02
  -3.5461538461538464E-03  1.1953846153846159E-02
  -3.3923076923076927E-03  1.2120512820512823E-02
  -3.2769230769230774E-03  1.2364102564102567E-02
  -3.3025641025641026E-03  1.2607692307692308E-02
  -3.2384615384615381E-03  1.3056410256410257E-02
  -3.3153846153846150E-03  1.3171794871794871E-02
  -3.3923076923076927E-03  1.3402564102564104E-02
  -3.3923076923076927E-03  1.3658974358974363E-02
  -3.3153846153846150E-03  1.4069230769230773E-02
  -3.3025641025641026E-03  1.4364102564102565E-02
  -3.2384615384615381E-03  1.4800000000000002E-02
  -3.1743589743589745E-03  1.5069230769230771E-02
  -2.9820512820512820E-03  1.5530769230769232E-02
  -2.8153846153846154E-03  1.5941025641025640E-02
  -2.7641025641025642E-03  1.6094871794871797E-02
  -2.7000000000000001E-03  1.6235897435897435E-02
  -3.0974358974358977E-03  1.6569230769230767E-02
  -3.2641025641025642E-03  1.6825641025641030E-02
  -3.4564102564102568E-03  1.7197435897435893E-02
  -3.6358974358974365E-03  1.7517948717948713E-02
  -3.7641025641025642E-03  1.7697435897435897E-02
  -3.9435897435897435E-03  1.8043589743589748E-02
  -4.0205128205128204E-03  1.8351282051282052E-02
  -3.7128205128205130E-03  1.8723076923076922E-02
  -3.6102564102564105E-03  1.8992307692307690E-02
  -3.7641025641025642E-03  1.9197435897435902E-02
  -3.9179487179487179E-03  1.9517948717948722E-02
  -4.0076923076923076E-03  1.9825641025641026E-02
  -4.2512820512820518E-03  2.0287179487179487E-02
  -4.3025641025641031E-03  2.0620512820512825E-02
  -4.4564102564102568E-03  2.0915384615384613E-02
  -4.5205128205128200E-03  2.1364102564102570E-02
  -4.8538461538461539E-03  2.1787179487179491E-02
  -4.7512820512820514E-03  2.2107692307692311E-02
  -4.5076923076923080E-03  2.2351282051282052E-02
  -4.2897435897435894E-03  2.2441025641025642E-02
  -4.0846153846153845E-03  2.2492307692307693E-02
  -3.9179487179487179E-03  2.2812820512820513E-02
  -3.7000000000000002E-03  2.3043589743589742E-02
  -3.5076923076923080E-03  2.3248717948717947E-02
  -3.3153846153846150E-03  2.3325641025641022E-02
  -2.8794871794871795E-03  2.3184615384615383E-02
  -2.6871794871794873E-03  2.2941025641025639E-02
  -2.5717948717948720E-03  2.2633333333333328E-02
  -2.3923076923076927E-03  2.2453846153846154E-02
  -2.1102564102564105E-03  2.2364102564102564E-02
  -1.7641025641025640E-03  2.2556410256410257E-02
  -1.4435897435897437E-03  2.2800000000000001E-02
  -1.1487179487179489E-03  2.3005128205128202E-02
  -1.0461538461538464E-03  2.3402564102564100E-02
  -1.0333333333333336E-03  2.3633333333333340E-02
  -1.0076923076923075E-03  2.3915384615384609E-02
  -9.1794871794871787E-04  2.4274358974358971E-02
  -8.2820512820512863E-04  2.4556410256410258E-02
  -7.0000000000000010E-04  2.4902564102564109E-02
  -7.2564102564102572E-04  2.5069230769230771E-02
  -8.9230769230769268E-04  2.5223076923076928E-02
  -9.6923076923076997E-04  2.5389743589743594E-02
  -8.7948717948717987E-04  2.5633333333333331E-02
  -6.1025641025641087E-04  2.6082051282051284E-02
  -5.2051282051282033E-04  2.6287179487179482E-02
  -1.1025641025641042E-04  2.6684615384615386E-02
   1.8461538461538507E-04  2.6851282051282056E-02
   5.6923076923076892E-04  2.7389743589743585E-02
   9.4102564102564084E-04  2.7774358974358974E-02
   9.6666666666666646E-04  2.8210256410256408E-02
   1.3769230769230772E-03  2.8043589743589743E-02
   1.8384615384615384E-03  2.7851282051282050E-02
   2.2615384615384602E-03  2.7735897435897435E-02
   2.8384615384615384E-03  2.7710256410256411E-02
   3.2358974358974364E-03  2.7799999999999998E-02
   3.5948717948717950E-03  2.8030769230769231E-02
   3.7743589743589744E-03  2.8312820512820511E-02
   3.8128205128205119E-03  2.8543589743589746E-02
   3.5820512820512831E-03  2.8710256410256402E-02
   3.3128205128205124E-03  2.8928205128205119E-02
   3.1333333333333330E-03  2.9120512820512819E-02
   2.8512820512820512E-03  2.9376923076923078E-02
   2.6589743589743591E-03  2.9530769230769228E-02
   3.0051282051282049E-03  2.9594871794871795E-02
   3.5307692307692310E-03  2.9492307692307693E-02
   3.9282051282051277E-03  2.9479487179487181E-02
   3.9538461538461533E-03  2.9697435897435898E-02
   4.1333333333333326E-03  2.9953846153846150E-02
   4.2358974358974368E-03  3.0120512820512819E-02
   4.3897435897435905E-03  3.0479487179487175E-02
   4.1717948717948719E-03  3.0671794871794875E-02
   3.8897435897435897E-03  3.0864102564102561E-02
   3.9025641025641025E-03  3.1248717948717947E-02
   4.0948717948717950E-03  3.1671794871794869E-02
   4.3000000000000000E-03  3.2094871794871790E-02
   4.5307692307692306E-03  3.2697435897435893E-02
   4.6205128205128211E-03  3.3158974358974358E-02
   4.7615384615384612E-03  3.3505128205128208E-02
   5.1333333333333318E-03  3.3710256410256413E-02
   4.9025641025641029E-03  3.3966666666666666E-02
   4.8256410256410261E-03  3.4402564102564100E-02
   4.6846153846153860E-03  3.4671794871794871E-02
   4.3000000000000000E-03  3.4864102564102564E-02
   4.0948717948717950E-03  3.5146153846153848E-02
   4.0307692307692301E-03  3.5505128205128203E-02
   4.0948717948717950E-03  3.5799999999999998E-02
   4.2230769230769231E-03  3.6210256410256408E-02
   4.3384615384615393E-03  3.6684615384615385E-02
   4.6846153846153860E-03  3.7043589743589740E-02
   5.1846153846153847E-03  3.7261538461538457E-02
   5.4025641025641016E-03  3.7582051282051283E-02
   5.6717948717948715E-03  3.7876923076923065E-02
   6.0564102564102575E-03  3.8248717948717939E-02
   6.2871794871794864E-03  3.8479487179487189E-02
   6.5820512820512819E-03  3.8658974358974363E-02
   6.9794871794871816E-03  3.8838461538461537E-02
   7.2999999999999992E-03  3.9094871794871797E-02
   7.5435897435897434E-03  3.9338461538461544E-02
   7.7871794871794877E-03  3.9582051282051278E-02
   8.0948717948717951E-03  3.9915384615384623E-02
   8.2102564102564148E-03  4.0082051282051286E-02
   8.3128205128205120E-03  3.9787179487179476E-02
   8.4153846153846145E-03  3.9441025641025647E-02
   8.7487179487179493E-03  3.9056410256410254E-02
   8.9794871794871816E-03  3.8735897435897435E-02
   9.0692307692307687E-03  3.8338461538461543E-02
   9.3769230769230761E-03  3.8376923076923086E-02
   9.7102564102564109E-03  3.8492307692307687E-02
   9.6205128205128203E-03  3.8748717948717946E-02
   9.7743589743589775E-03  3.9120512820512827E-02
   1.0133333333333333E-02  3.9274358974358971E-02
   1.0505128205128209E-02  3.9402564102564104E-02
   1.0876923076923081E-02  3.9543589743589742E-02
   1.1197435897435897E-02  3.9812820512820507E-02
   1.1556410256410255E-02  4.0056410256410255E-02
   1.1800000000000000E-02  4.0466666666666658E-02
   1.2133333333333333E-02  4.0723076923076924E-02
   1.2094871794871790E-02  4.0441025641025648E-02
   1.2158974358974362E-02  3.9966666666666664E-02
   1.2338461538461536E-02  3.9646153846153845E-02
   1.2338461538461536E-02  3.9338461538461544E-02
   1.2376923076923079E-02  3.8825641025641018E-02
   1.2389743589743587E-02  3.8774358974358977E-02
   1.2889743589743591E-02  3.9043589743589742E-02
   1.3146153846153844E-02  3.9287179487179483E-02
   1.3376923076923080E-02  3.9684615384615381E-02
   1.3517948717948718E-02  4.0030769230769224E-02
   1.3748717948717950E-02  4.0376923076923088E-02
   1.3953846153846155E-02  4.0800000000000010E-02
   1.4248717948717947E-02  4.1389743589743587E-02
   1.4453846153846152E-02  4.1979487179487185E-02
   1.4582051282051282E-02  4.2671794871794864E-02
   1.4748717948717951E-02  4.3248717948717944E-02
   1.5056410256410259E-02  4.4082051282051289E-02
   1.5197435897435897E-02  4.4312820512820504E-02
   1.5453846153846157E-02  4.4825641025641023E-02
   1.5761538461538462E-02  4.5248717948717945E-02
   1.6120512820512821E-02  4.5402564102564109E-02
   1.6517948717948712E-02  4.5735897435897427E-02
   1.6671794871794869E-02  4.5966666666666670E-02
   1.7287179487179487E-02  4.6505128205128206E-02
   1.7684615384615385E-02  4.6812820512820513E-02
   1.8056410256410256E-02  4.7017948717948718E-02
   1.8402564102564103E-02  4.7235897435897435E-02
   1.8607692307692308E-02  4.7620512820512828E-02
   1.8723076923076922E-02  4.7710256410256398E-02
   1.8735897435897438E-02  4.8056410256410248E-02
   1.8838461538461533E-02  4.8364102564102569E-02
   1.9043589743589748E-02  4.8838461538461532E-02
   1.9569230769230773E-02  4.9133333333333321E-02
   1.9838461538461541E-02  4.9569230769230768E-02
   2.0146153846153845E-02  4.9941025641025649E-02
   2.0530769230769231E-02  5.0043589743589752E-02
   2.0735897435897432E-02  5.0184615384615390E-02
   2.1056410256410252E-02  5.0787179487179486E-02
   2.1325641025641020E-02  5.1146153846153841E-02
   2.1684615384615382E-02  5.1492307692307684E-02
   2.1710256410256409E-02  5.1838461538461535E-02
   2.1864102564102563E-02  5.2274358974358968E-02
   2.2197435897435898E-02  5.2941025641025652E-02
   2.2530769230769233E-02  5.3517948717948717E-02
   2.2684615384615379E-02  5.3723076923076922E-02
   2.2812820512820513E-02  5.3992307692307694E-02
   2.3043589743589742E-02  5.4517948717948732E-02
   2.3184615384615383E-02  5.5082051282051285E-02
   2.3543589743589746E-02  5.5876923076923081E-02
   2.3889743589743596E-02  5.6402564102564091E-02
   2.4158974358974364E-02  5.6735897435897423E-02
   2.4966666666666661E-02  5.6812820512820508E-02
   2.5325641025641023E-02  5.6684615384615382E-02
   2.5646153846153839E-02  5.6582051282051279E-02
   2.5941025641025638E-02  5.6876923076923082E-02
   2.6261538461538472E-02  5.7376923076923089E-02
   2.6235897435897430E-02  5.7556410256410249E-02
   2.6338461538461533E-02  5.7928205128205131E-02
   2.6607692307692297E-02  5.8082051282051274E-02
   2.7005128205128206E-02  5.8158974358974359E-02
   2.7389743589743585E-02  5.8082051282051274E-02
   2.7941025641025640E-02  5.7825641025641028E-02
   2.8453846153846149E-02  5.7582051282051294E-02
   2.8864102564102566E-02  5.7158974358974358E-02
   2.9094871794871795E-02  5.6787179487179484E-02
   2.9133333333333331E-02  5.6376923076923074E-02
   2.9197435897435897E-02  5.5941025641025641E-02
   2.9248717948717945E-02  5.5441025641025647E-02
   2.9620512820512826E-02  5.4928205128205135E-02
   2.9697435897435898E-02  5.4530769230769230E-02
   3.0017948717948717E-02  5.3953846153846151E-02
   3.0287179487179482E-02  5.3441025641025632E-02
   3.0453846153846158E-02  5.2838461538461549E-02
   3.0799999999999994E-02  5.2376923076923071E-02
   3.1389743589743592E-02  5.1697435897435903E-02
   3.1851282051282050E-02  5.1184615384615384E-02
   3.1928205128205128E-02  5.1210256410256408E-02
   3.2082051282051278E-02  5.1607692307692306E-02
   3.2082051282051278E-02  5.2082051282051282E-02
   3.2120512820512821E-02  5.2492307692307685E-02
   3.2338461538461538E-02  5.3082051282051283E-02
   3.2697435897435893E-02  5.3684615384615393E-02
   3.2876923076923074E-02  5.4235897435897427E-02
   3.3043589743589744E-02  5.4774358974358964E-02
   3.3312820512820515E-02  5.5646153846153852E-02
   3.3415384615384618E-02  5.6620512820512822E-02
   3.3646153846153846E-02  5.7094871794871785E-02
   3.4351282051282052E-02  5.7556410256410249E-02
   3.5082051282051281E-02  5.7902564102564100E-02
   3.5876923076923070E-02  5.8184615384615390E-02
   3.6325641025641023E-02  5.8479487179487165E-02
   3.6620512820512818E-02  5.8812820512820510E-02
   3.6979487179487180E-02  5.9069230769230770E-02
   3.7620512820512819E-02  5.8876923076923070E-02
   3.8030769230769236E-02  5.8684615384615370E-02
   3.8415384615384615E-02  5.8594871794871793E-02
   3.8864102564102561E-02  5.8825641025641015E-02
   3.9274358974358971E-02  5.9146153846153848E-02
   3.9710256410256405E-02  5.9530769230769227E-02
   4.0197435897435900E-02  5.9902564102564108E-02
   4.0582051282051286E-02  6.0094871794871794E-02
   4.0889743589743580E-02  6.0338461538461542E-02
   4.1210256410256413E-02  6.0697435897435890E-02
   4.1287179487179484E-02  6.1325641025641024E-02
   4.1594871794871792E-02  6.1697435897435891E-02
   4.2133333333333328E-02  6.2210256410256411E-02
   4.2530769230769219E-02  6.2492307692307701E-02
   4.3864102564102565E-02  6.2735897435897442E-02
   4.4556410256410252E-02  6.2902564102564118E-02
   4.5146153846153843E-02  6.3261538461538466E-02
   4.5453846153846150E-02  6.3530769230769238E-02
   4.5941025641025632E-02  6.4069230769230767E-02
   4.6492307692307694E-02  6.4517948717948720E-02
   4.7017948717948718E-02  6.4941025641025649E-02
   4.7479487179487169E-02  6.5120512820512830E-02
   4.7723076923076931E-02  6.5697435897435902E-02
   4.7953846153846146E-02  6.6210256410256421E-02
   4.8376923076923081E-02  6.6094871794871807E-02
   4.8389743589743579E-02  6.6838461538461541E-02
   4.8646153846153846E-02  6.7325641025641036E-02
   4.9069230769230761E-02  6.8094871794871795E-02
   4.9787179487179485E-02  6.8312820512820518E-02
   5.0556410256410257E-02  6.8107692307692314E-02
   5.1171794871794865E-02  6.7723076923076928E-02
   5.1902564102564108E-02  6.6953846153846155E-02
   5.2402564102564116E-02  6.6633333333333336E-02
   5.2864102564102566E-02  6.6171794871794878E-02
   5.3030769230769222E-02  6.5800000000000011E-02
   5.3069230769230764E-02  6.5287179487179492E-02
   5.3082051282051283E-02  6.4774358974358986E-02
   5.3325641025641031E-02  6.3646153846153852E-02
   5.3261538461538457E-02  6.4043589743589743E-02
   5.3274358974358983E-02  6.4582051282051287E-02
   5.3223076923076929E-02  6.5184615384615396E-02
   5.3338461538461529E-02  6.5748717948717950E-02
   5.3671794871794860E-02  6.6248717948717964E-02
   5.3979487179487168E-02  6.6556410256410251E-02
   5.4338461538461530E-02  6.6953846153846155E-02
   5.4761538461538466E-02  6.7210256410256408E-02
   5.5146153846153845E-02  6.7479487179487180E-02
   5.5620512820512807E-02  6.7787179487179494E-02
   5.6069230769230767E-02  6.7953846153846156E-02
   5.6543589743589751E-02  6.7953846153846156E-02
   5.7223076923076918E-02  6.7671794871794880E-02
   5.7761538461538454E-02  6.7441025641025651E-02
   5.8453846153846148E-02  6.7107692307692313E-02
   5.8799999999999998E-02  6.7107692307692313E-02
   5.9158974358974346E-02  6.7517948717948723E-02
   5.9505128205128204E-02  6.7864102564102566E-02
   5.9735897435897418E-02  6.8479487179487181E-02
   6.0017948717948709E-02  6.8941025641025652E-02
   6.0402564102564109E-02  6.8928205128205133E-02
   6.0633333333333324E-02  6.9158974358974362E-02
   6.0607692307692314E-02  6.9582051282051291E-02
   6.1453846153846158E-02  6.9697435897435905E-02
   6.2210256410256411E-02  6.9517948717948724E-02
   6.2505128205128213E-02  7.0261538461538472E-02
   6.2748717948717947E-02  7.0582051282051278E-02
   6.3146153846153852E-02  7.0838461538461545E-02
   6.3543589743589757E-02  7.0953846153846159E-02
   6.4094871794871805E-02  7.1120512820512835E-02
   6.4646153846153853E-02  7.1287179487179497E-02
   6.5248717948717963E-02  7.1402564102564098E-02
   6.5684615384615397E-02  7.1402564102564098E-02
   6.6197435897435902E-02  7.1351282051282064E-02
   6.6415384615384626E-02  7.1338461538461545E-02
   6.6928205128205145E-02  7.1479487179487183E-02
   6.7184615384615384E-02  7.1620512820512822E-02
   6.7517948717948723E-02  7.1979487179487184E-02
   6.7838461538461542E-02  7.2261538461538460E-02
   6.8197435897435904E-02  7.2492307692307689E-02
   6.8658974358974362E-02  7.2556410256410256E-02
   6.9069230769230772E-02  7.2620512820512836E-02
   6.9735897435897434E-02  7.2748717948717956E-02
   7.0261538461538472E-02  7.3005128205128209E-02
   7.0787179487179483E-02  7.3082051282051280E-02
   7.1351282051282064E-02  7.3184615384615390E-02
   7.1658974358974364E-02  7.3197435897435909E-02
   7.2056410256410255E-02  7.3287179487179499E-02
   7.2505128205128208E-02  7.3364102564102571E-02
   7.2915384615384618E-02  7.3466666666666680E-02
   7.3261538461538475E-02  7.3646153846153861E-02
   7.3492307692307704E-02  7.3902564102564114E-02
   7.4235897435897438E-02  7.4466666666666681E-02
   7.4748717948717958E-02  7.4876923076923077E-02
   7.5364102564102572E-02  7.5530769230769235E-02
   7.5889743589743597E-02  7.6235897435897440E-02
   7.6287179487179488E-02  7.7043589743589755E-02
   7.6594871794871802E-02  7.7351282051282069E-02
   7.7017948717948731E-02  7.7466666666666684E-02
   7.7517948717948718E-02  7.7569230769230765E-02
   7.8197435897435913E-02  7.7735897435897441E-02
   7.8915384615384623E-02  7.7915384615384650E-02
   7.9364102564102576E-02  7.8017948717948704E-02
   7.9838461538461566E-02  7.8197435897435913E-02
   8.0517948717948734E-02  7.8505128205128213E-02
   8.1069230769230810E-02  7.8915384615384623E-02
   8.1864102564102578E-02  7.9389743589743628E-02
