   4.7735897435897442E-02 -3.5982051282051279E-02
   4.7684615384615374E-02 -3.6123076923076924E-02
   4.7582051282051285E-02 -3.6366666666666665E-02
   4.7197435897435892E-02 -3.6494871794871792E-02
   4.7094871794871790E-02 -3.6674358974358973E-02
   4.6941025641025633E-02 -3.6905128205128201E-02
   4.6812820512820513E-02 -3.7097435897435894E-02
   4.6658974358974356E-02 -3.7430769230769233E-02
   4.6556410256410254E-02 -3.7674358974358974E-02
   4.6505128205128206E-02 -3.7853846153846155E-02
   4.6505128205128206E-02 -3.8071794871794871E-02
   4.6441025641025639E-02 -3.8341025641025643E-02
   4.6351282051282049E-02 -3.8674358974358974E-02
   4.6543589743589742E-02 -3.9097435897435896E-02
   4.6441025641025639E-02 -3.9379487179487180E-02
   4.6351282051282049E-02 -3.9597435897435897E-02
   4.6248717948717946E-02 -3.9815384615384621E-02
   4.6146153846153837E-02 -4.0084615384615385E-02
   4.6082051282051291E-02 -4.0225641025641030E-02
   4.5992307692307687E-02 -4.0430769230769235E-02
   4.5889743589743584E-02 -4.0623076923076921E-02
   4.5774358974358983E-02 -4.0725641025641024E-02
   4.5646153846153850E-02 -4.0853846153846157E-02
   4.5453846153846150E-02 -4.1007692307692307E-02
   4.5325641025641024E-02 -4.1071794871794874E-02
   4.5082051282051276E-02 -4.1071794871794874E-02
   4.4902564102564102E-02 -4.1033333333333331E-02
   4.4582051282051283E-02 -4.0841025641025638E-02
   4.4325641025641023E-02 -4.0661538461538464E-02
   4.4210256410256402E-02 -4.0546153846153850E-02
   4.4094871794871801E-02 -4.0405128205128205E-02
   4.4107692307692299E-02 -4.0187179487179488E-02
   4.4043589743589746E-02 -4.0046153846153849E-02
   4.3928205128205125E-02 -3.9866666666666661E-02
   4.3838461538461541E-02 -3.9699999999999999E-02
   4.3684615384615384E-02 -3.9571794871794873E-02
   4.3466666666666660E-02 -3.9533333333333330E-02
   4.3287179487179486E-02 -3.9571794871794873E-02
   4.3082051282051288E-02 -3.9674358974358975E-02
   4.2889743589743595E-02 -3.9738461538461535E-02
   4.2748717948717950E-02 -3.9815384615384621E-02
   4.2466666666666660E-02 -3.9841025641025637E-02
   4.2197435897435888E-02 -3.9828205128205132E-02
   4.1979487179487185E-02 -3.9738461538461535E-02
   4.1697435897435894E-02 -3.9546153846153849E-02
   4.1364102564102563E-02 -3.9341025641025644E-02
   4.1017948717948713E-02 -3.9033333333333337E-02
   4.0787179487179477E-02 -3.8917948717948715E-02
   4.0607692307692303E-02 -3.8725641025641029E-02
   4.0453846153846146E-02 -3.8584615384615384E-02
   4.0030769230769224E-02 -3.8623076923076927E-02
   3.9812820512820507E-02 -3.8712820512820510E-02
   3.9594871794871790E-02 -3.8853846153846155E-02
   3.9338461538461544E-02 -3.8943589743589746E-02
   3.9043589743589742E-02 -3.8956410256410258E-02
   3.8761538461538465E-02 -3.8969230769230770E-02
   3.8543589743589741E-02 -3.9058974358974360E-02
   3.8261538461538465E-02 -3.9302564102564108E-02
   3.7966666666666662E-02 -3.9610256410256416E-02
   3.7697435897435905E-02 -3.9815384615384621E-02
   3.7453846153846150E-02 -4.0058974358974354E-02
   3.6953846153846150E-02 -4.0135897435897440E-02
   3.6748717948717945E-02 -4.0161538461538457E-02
   3.6505128205128204E-02 -4.0174358974358969E-02
   3.6210256410256408E-02 -4.0148717948717952E-02
   3.6043589743589746E-02 -4.0007692307692307E-02
   3.5787179487179487E-02 -3.9802564102564102E-02
   3.5543589743589746E-02 -3.9469230769230770E-02
   3.5710256410256408E-02 -3.9225641025641023E-02
   3.5556410256410251E-02 -3.9033333333333337E-02
   3.5479487179487179E-02 -3.8764102564102565E-02
   3.5389743589743589E-02 -3.8533333333333336E-02
   3.5287179487179486E-02 -3.8187179487179486E-02
   3.5158974358974360E-02 -3.7930769230769233E-02
   3.5120512820512817E-02 -3.7648717948717950E-02
   3.5043589743589745E-02 -3.7405128205128209E-02
   3.4902564102564107E-02 -3.7161538461538461E-02
   3.4748717948717950E-02 -3.6956410256410256E-02
   3.4684615384615383E-02 -3.6738461538461539E-02
   3.4505128205128202E-02 -3.6507692307692310E-02
   3.4312820512820509E-02 -3.6392307692307689E-02
   3.4043589743589744E-02 -3.6135897435897436E-02
   3.3876923076923075E-02 -3.6302564102564105E-02
   3.3684615384615382E-02 -3.6392307692307689E-02
   3.3261538461538460E-02 -3.6482051282051280E-02
   3.3082051282051279E-02 -3.6520512820512822E-02
   3.2735897435897436E-02 -3.6443589743589751E-02
   3.2312820512820514E-02 -3.6276923076923075E-02
   3.2107692307692309E-02 -3.6187179487179484E-02
   3.1928205128205128E-02 -3.6058974358974358E-02
   3.1646153846153845E-02 -3.5943589743589743E-02
   3.1274358974358971E-02 -3.5815384615384617E-02
   3.1094871794871796E-02 -3.5700000000000003E-02
   3.0953846153846151E-02 -3.5712820512820515E-02
   3.0710256410256410E-02 -3.5700000000000003E-02
   3.0582051282051284E-02 -3.5712820512820515E-02
   3.0274358974358970E-02 -3.5635897435897436E-02
   2.9889743589743591E-02 -3.5469230769230767E-02
   2.9761538461538457E-02 -3.5225641025641026E-02
   2.9569230769230764E-02 -3.5135897435897435E-02
   2.9287179487179488E-02 -3.4982051282051285E-02
   2.9133333333333331E-02 -3.4751282051282056E-02
   2.8915384615384614E-02 -3.4648717948717954E-02
   2.8633333333333337E-02 -3.4405128205128206E-02
   2.8479487179487173E-02 -3.3994871794871796E-02
   2.8158974358974354E-02 -3.3776923076923079E-02
   2.7992307692307691E-02 -3.3610256410256410E-02
   2.7658974358974360E-02 -3.3392307692307686E-02
   2.7441025641025643E-02 -3.3289743589743584E-02
   2.6992307692307694E-02 -3.3097435897435905E-02
   2.6710256410256400E-02 -3.2905128205128205E-02
   2.6453846153846151E-02 -3.2738461538461543E-02
   2.6069230769230765E-02 -3.2533333333333331E-02
   2.5838461538461536E-02 -3.2546153846153843E-02
   2.5517948717948716E-02 -3.2597435897435897E-02
   2.5120512820512822E-02 -3.2558974358974355E-02
   2.4787179487179487E-02 -3.2533333333333331E-02
   2.4466666666666668E-02 -3.2558974358974355E-02
   2.4171794871794865E-02 -3.2482051282051283E-02
   2.3876923076923073E-02 -3.2341025641025638E-02
   2.3697435897435892E-02 -3.2212820512820511E-02
   2.3299999999999998E-02 -3.2020512820512818E-02
   2.3133333333333332E-02 -3.1956410256410259E-02
   2.2876923076923076E-02 -3.2161538461538464E-02
   2.2620512820512820E-02 -3.2199999999999999E-02
   2.2325641025641028E-02 -3.2110256410256409E-02
   2.1992307692307689E-02 -3.1969230769230771E-02
   2.1825641025641027E-02 -3.1905128205128204E-02
   2.1530769230769232E-02 -3.1776923076923078E-02
   2.1364102564102570E-02 -3.1507692307692306E-02
   2.1274358974358969E-02 -3.1276923076923070E-02
   2.1223076923076921E-02 -3.0930769230769237E-02
   2.1248717948717948E-02 -3.0712820512820517E-02
   2.1274358974358969E-02 -3.0405128205128213E-02
   2.1069230769230767E-02 -3.0110256410256411E-02
   2.0799999999999999E-02 -2.9853846153846154E-02
   2.0543589743589743E-02 -2.9584615384615386E-02
   2.0389743589743589E-02 -2.9366666666666662E-02
   2.0223076923076923E-02 -2.9007692307692311E-02
   1.9851282051282049E-02 -2.8700000000000003E-02
   1.9505128205128206E-02 -2.8392307692307692E-02
   1.9633333333333329E-02 -2.8110256410256409E-02
   1.9723076923076920E-02 -2.7879487179487177E-02
   1.9582051282051274E-02 -2.7520512820512821E-02
   1.9402564102564104E-02 -2.7238461538461538E-02
   1.9364102564102561E-02 -2.7046153846153841E-02
   1.9082051282051284E-02 -2.6982051282051289E-02
   1.8530769230769229E-02 -2.6943589743589746E-02
   1.8389743589743587E-02 -2.6943589743589746E-02
   1.8210256410256410E-02 -2.6994871794871797E-02
   1.8017948717948717E-02 -2.7020512820512821E-02
   1.7838461538461532E-02 -2.6943589743589746E-02
   1.7479487179487180E-02 -2.6700000000000002E-02
   1.7364102564102566E-02 -2.6456410256410261E-02
   1.7274358974358976E-02 -2.6379487179487182E-02
   1.7056410256410255E-02 -2.6225641025641028E-02
   1.6953846153846153E-02 -2.6187179487179493E-02
   1.6543589743589743E-02 -2.6084615384615383E-02
   1.6223076923076923E-02 -2.5866666666666673E-02
   1.6274358974358975E-02 -2.5558974358974355E-02
   1.6005128205128203E-02 -2.5289743589743587E-02
   1.5812820512820513E-02 -2.4879487179487181E-02
   1.5723076923076919E-02 -2.4725641025641027E-02
   1.5543589743589744E-02 -2.4712820512820512E-02
   1.5248717948717948E-02 -2.4751282051282051E-02
   1.5069230769230771E-02 -2.4789743589743590E-02
   1.4633333333333333E-02 -2.4982051282051283E-02
   1.4505128205128207E-02 -2.5123076923076922E-02
   1.4364102564102565E-02 -2.5264102564102563E-02
   1.4223076923076927E-02 -2.5328205128205130E-02
   1.3966666666666671E-02 -2.5341025641025638E-02
   1.3646153846153848E-02 -2.5289743589743587E-02
   1.3300000000000005E-02 -2.5148717948717949E-02
   1.3056410256410257E-02 -2.4943589743589744E-02
   1.2774358974358973E-02 -2.4712820512820512E-02
   1.2543589743589741E-02 -2.4610256410256413E-02
   1.2171794871794876E-02 -2.4366666666666668E-02
   1.1915384615384616E-02 -2.4123076923076924E-02
   1.1774358974358978E-02 -2.3879487179487180E-02
   1.1723076923076921E-02 -2.3635897435897439E-02
   1.1723076923076921E-02 -2.3456410256410251E-02
   1.1684615384615385E-02 -2.3238461538461534E-02
   1.1453846153846153E-02 -2.3020512820512828E-02
   1.1325641025641023E-02 -2.2712820512820510E-02
   1.1082051282051282E-02 -2.2828205128205128E-02
   1.0902564102564107E-02 -2.3110256410256411E-02
   1.0479487179487179E-02 -2.3341025641025644E-02
   1.0300000000000002E-02 -2.3558974358974361E-02
   1.0017948717948718E-02 -2.3712820512820518E-02
   9.7358974358974382E-03 -2.3943589743589743E-02
   9.5692307692307691E-03 -2.4058974358974361E-02
   9.4025641025641000E-03 -2.4251282051282051E-02
   9.1717948717948711E-03 -2.4546153846153846E-02
   9.0051282051282020E-03 -2.4674358974358976E-02
   8.6461538461538468E-03 -2.4674358974358976E-02
   8.3512820512820513E-03 -2.4546153846153846E-02
   8.0820512820512797E-03 -2.4430769230769232E-02
   7.7999999999999996E-03 -2.4302564102564102E-02
   7.5435897435897434E-03 -2.4174358974358975E-02
   7.3897435897435932E-03 -2.4097435897435897E-02
   7.0564102564102549E-03 -2.3866666666666665E-02
   6.6717948717948724E-03 -2.3597435897435903E-02
   6.4025641025641008E-03 -2.3482051282051285E-02
   6.0307692307692302E-03 -2.3199999999999998E-02
   5.8000000000000013E-03 -2.2892307692307691E-02
   5.6589743589743596E-03 -2.2712820512820510E-02
   5.4666666666666665E-03 -2.2341025641025643E-02
   5.4025641025641016E-03 -2.1982051282051284E-02
   5.1076923076923079E-03 -2.1520512820512823E-02
   5.3256410256410248E-03 -2.1443589743589744E-02
   5.4923076923076922E-03 -2.1610256410256410E-02
   5.6461538461538476E-03 -2.1917948717948714E-02
   5.6974358974358989E-03 -2.1712820512820512E-02
   5.8384615384615372E-03 -2.1289743589743591E-02
   6.1717948717948719E-03 -2.0994871794871795E-02
   6.3384615384615376E-03 -2.0648717948717948E-02
   6.4923076923076948E-03 -2.0392307692307692E-02
   6.6333333333333331E-03 -2.0199999999999999E-02
   6.7487179487179475E-03 -1.9930769230769231E-02
   6.7871794871794868E-03 -1.9776923076923077E-02
   6.6974358974358963E-03 -1.9533333333333333E-02
   6.7999999999999988E-03 -1.9238461538461538E-02
   6.8128205128205159E-03 -1.8841025641025643E-02
   6.8128205128205159E-03 -1.8687179487179489E-02
   6.4666666666666674E-03 -1.8379487179487178E-02
   6.3128205128205137E-03 -1.8020512820512816E-02
   6.2358974358974351E-03 -1.7956410256410257E-02
   6.0051282051282063E-03 -1.7764102564102560E-02
   5.7871794871794859E-03 -1.7558974358974359E-02
   5.7871794871794859E-03 -1.7443589743589741E-02
   5.6461538461538476E-03 -1.7251282051282051E-02
   5.4282051282051273E-03 -1.7058974358974362E-02
   5.2102564102564104E-03 -1.6738461538461535E-02
   5.0051282051282054E-03 -1.6546153846153842E-02
   4.6589743589743587E-03 -1.6251282051282054E-02
   4.4153846153846162E-03 -1.6020512820512822E-02
   4.1589743589743582E-03 -1.5789743589743593E-02
   4.0307692307692301E-03 -1.5828205128205129E-02
   3.7743589743589744E-03 -1.6020512820512822E-02
   3.5435897435897438E-03 -1.6071794871794873E-02
   3.3512820512820508E-03 -1.6097435897435897E-02
   3.0692307692307690E-03 -1.6033333333333333E-02
   2.8897435897435896E-03 -1.5956410256410258E-02
   2.4923076923076917E-03 -1.5789743589743593E-02
   2.0564102564102561E-03 -1.5674358974358978E-02
   1.7487179487179487E-03 -1.5366666666666666E-02
   1.5948717948717933E-03 -1.5058974358974356E-02
   1.5692307692307685E-03 -1.5199999999999997E-02
   1.3897435897435900E-03 -1.5417948717948713E-02
   1.1333333333333330E-03 -1.5571794871794867E-02
   9.2820512820512803E-04 -1.5712820512820514E-02
   6.8461538461538508E-04 -1.5776923076923077E-02
   7.4871794871794869E-04 -1.6020512820512822E-02
   4.7948717948717925E-04 -1.6135897435897436E-02
   3.1282051282051273E-04 -1.6187179487179487E-02
   5.6410256410256102E-05 -1.6212820512820515E-02
  -2.0000000000000009E-04 -1.6161538461538463E-02
  -4.4358974358974347E-04 -1.6058974358974357E-02
  -6.8717948717948729E-04 -1.5853846153846152E-02
  -9.4358974358974392E-04 -1.5610256410256410E-02
  -1.1615384615384617E-03 -1.5443589743589739E-02
  -1.4179487179487183E-03 -1.5123076923076925E-02
  -1.4820512820512821E-03 -1.4905128205128208E-02
  -1.5076923076923080E-03 -1.4533333333333332E-02
  -1.5333333333333336E-03 -1.4110256410256409E-02
  -1.4820512820512821E-03 -1.3712820512820511E-02
  -1.4692307692307693E-03 -1.3482051282051280E-02
  -1.3794871794871794E-03 -1.3212820512820515E-02
  -1.3410256410256410E-03 -1.2892307692307691E-02
  -1.3025641025641026E-03 -1.2699999999999998E-02
  -1.2641025641025644E-03 -1.2379487179487182E-02
  -1.2128205128205129E-03 -1.2007692307692308E-02
  -1.1230769230769233E-03 -1.1789743589743591E-02
  -9.9487179487179516E-04 -1.1507692307692307E-02
  -8.4102564102564101E-04 -1.1212820512820512E-02
  -6.6153846153846167E-04 -1.0789743589743590E-02
  -5.4615384615384595E-04 -1.0635897435897436E-02
  -3.5384615384615381E-04 -1.0623076923076924E-02
   8.2051282051281722E-05 -1.0571794871794873E-02
  -1.1025641025641042E-04 -1.0251282051282052E-02
  -2.6410256410256414E-04 -1.0187179487179487E-02
  -3.9230769230769267E-04 -1.0046153846153847E-02
  -4.9487179487179471E-04 -9.8794871794871796E-03
  -8.1538461538461582E-04 -9.5974358974358978E-03
  -1.1487179487179489E-03 -9.4307692307692304E-03
  -1.4051282051282053E-03 -9.3282051282051297E-03
  -1.6102564102564105E-03 -9.0717948717948717E-03
  -1.6487179487179489E-03 -8.7384615384615387E-03
  -1.6102564102564105E-03 -8.3666666666666663E-03
  -1.5076923076923080E-03 -8.0333333333333333E-03
  -1.5589743589743592E-03 -7.8923076923076933E-03
  -1.7769230769230770E-03 -7.7128205128205122E-03
  -1.8410256410256410E-03 -7.4820512820512816E-03
  -1.8538461538461541E-03 -7.2769230769230767E-03
  -1.9948717948717947E-03 -6.9820512820512829E-03
  -2.1358974358974361E-03 -6.7897435897435899E-03
  -2.3025641025641026E-03 -6.5589743589743593E-03
  -2.5333333333333336E-03 -6.4051282051282056E-03
  -2.6358974358974361E-03 -6.2128205128205126E-03
  -2.9692307692307691E-03 -5.7256410256410258E-03
  -2.8794871794871795E-03 -5.4435897435897440E-03
  -2.7769230769230770E-03 -5.1487179487179485E-03
  -2.7128205128205130E-03 -5.0205128205128204E-03
  -2.8538461538461539E-03 -4.8666666666666667E-03
  -3.0205128205128208E-03 -4.7256410256410258E-03
  -3.1102564102564105E-03 -4.4948717948717944E-03
  -3.0846153846153849E-03 -4.2512820512820518E-03
  -3.2769230769230774E-03 -4.1487179487179485E-03
  -3.4820512820512824E-03 -3.9948717948717957E-03
  -3.6230769230769233E-03 -3.8025641025641026E-03
  -3.7000000000000002E-03 -3.6615384615384617E-03
  -3.8025641025641026E-03 -3.3538461538461539E-03
  -3.8025641025641026E-03 -3.0589743589743588E-03
  -3.7897435897435898E-03 -2.8153846153846154E-03
  -3.8025641025641026E-03 -2.5461538461538464E-03
  -3.9435897435897435E-03 -2.3282051282051282E-03
  -4.0205128205128204E-03 -2.1615384615384621E-03
  -4.0589743589743588E-03 -1.9820512820512819E-03
  -4.1102564102564101E-03 -1.8025641025641026E-03
  -4.1102564102564101E-03 -1.5461538461538464E-03
  -4.0846153846153845E-03 -1.3025641025641026E-03
  -3.9820512820512820E-03 -1.0205128205128208E-03
  -3.8666666666666671E-03 -9.3076923076923111E-04
  -3.8282051282051283E-03 -7.6410256410256372E-04
  -3.9179487179487179E-03 -5.0769230769230752E-04
  -3.9179487179487179E-03 -2.8974358974358976E-04
  -3.8666666666666671E-03 -7.1794871794871994E-05
  -3.8153846153846155E-03  1.5897435897435901E-04
  -3.8794871794871799E-03  3.6410256410256353E-04
  -3.9948717948717957E-03  6.5897435897435946E-04
  -4.0205128205128204E-03  9.5384615384615365E-04
  -4.0461538461538469E-03  1.1589743589743586E-03
  -4.1358974358974357E-03  1.3128205128205123E-03
  -4.2256410256410262E-03  1.4923076923076917E-03
  -4.2641025641025638E-03  1.7743589743589743E-03
  -4.3153846153846150E-03  2.0051282051282049E-03
  -4.2512820512820518E-03  2.2743589743589739E-03
  -4.1615384615384622E-03  2.4923076923076917E-03
  -4.0333333333333332E-03  2.7615384615384615E-03
  -3.7128205128205130E-03  2.9410256410256409E-03
  -3.5974358974358977E-03  3.0179487179487177E-03
  -3.4179487179487184E-03  2.9666666666666665E-03
  -3.4692307692307696E-03  3.2487179487179492E-03
  -3.5589743589743593E-03  3.4282051282051285E-03
  -3.5461538461538464E-03  3.6461538461538463E-03
  -3.5461538461538464E-03  3.7230769230769231E-03
  -3.6102564102564105E-03  3.9666666666666670E-03
  -3.7384615384615386E-03  4.2358974358974368E-03
  -3.8410256410256411E-03  4.4153846153846162E-03
  -3.9051282051282051E-03  4.7102564102564099E-03
  -3.8282051282051283E-03  4.8897435897435910E-03
  -3.7897435897435898E-03  4.9923076923076935E-03
  -3.8153846153846155E-03  5.1461538461538454E-03
  -3.8794871794871799E-03  5.3769230769230760E-03
  -4.0076923076923076E-03  5.6717948717948715E-03
  -3.9307692307692307E-03  5.8384615384615372E-03
  -3.8538461538461539E-03  5.9923076923076943E-03
  -3.8666666666666671E-03  6.0692307692307695E-03
  -3.9692307692307700E-03  6.1589743589743600E-03
  -4.1487179487179485E-03  6.4282051282051281E-03
  -4.2256410256410262E-03  6.5820512820512819E-03
  -4.1743589743589750E-03  6.7743589743589749E-03
  -4.1102564102564101E-03  6.9410256410256405E-03
  -3.9307692307692307E-03  7.2358974358974360E-03
  -3.8666666666666671E-03  7.3769230769230778E-03
  -3.9692307692307700E-03  7.5948717948717947E-03
  -4.0076923076923076E-03  7.6974358974358972E-03
  -4.2384615384615382E-03  8.1717948717948737E-03
  -4.2769230769230775E-03  8.4153846153846145E-03
  -4.1743589743589750E-03  8.8897435897435911E-03
  -4.3025641025641031E-03  9.1076923076923114E-03
  -4.4820512820512824E-03  9.2487179487179497E-03
  -4.6102564102564105E-03  9.5948717948717965E-03
  -4.4948717948717944E-03  9.9282051282051260E-03
  -4.4435897435897431E-03  1.0376923076923077E-02
  -4.5076923076923080E-03  1.0607692307692309E-02
  -4.6230769230769233E-03  1.1069230769230770E-02
  -4.6487179487179489E-03  1.1466666666666668E-02
  -4.5846153846153849E-03  1.1671794871794873E-02
  -4.3666666666666671E-03  1.2146153846153843E-02
  -4.2384615384615382E-03  1.2607692307692308E-02
  -4.0589743589743588E-03  1.3094871794871793E-02
  -3.9307692307692307E-03  1.3428205128205131E-02
  -3.6487179487179489E-03  1.3851282051282053E-02
  -3.5333333333333336E-03  1.4210256410256411E-02
  -3.4051282051282051E-03  1.4428205128205128E-02
  -3.2769230769230774E-03  1.4671794871794869E-02
  -3.4435897435897440E-03  1.4902564102564105E-02
  -3.4435897435897440E-03  1.5158974358974361E-02
  -3.3666666666666667E-03  1.5607692307692310E-02
  -3.3025641025641026E-03  1.6133333333333333E-02
  -3.2256410256410258E-03  1.6453846153846152E-02
  -3.2769230769230774E-03  1.6594871794871794E-02
  -3.3794871794871799E-03  1.6697435897435896E-02
  -3.3794871794871799E-03  1.6825641025641030E-02
  -3.4179487179487184E-03  1.7043589743589747E-02
  -3.5461538461538464E-03  1.7171794871794873E-02
  -3.6615384615384617E-03  1.7338461538461539E-02
  -3.7641025641025642E-03  1.7582051282051283E-02
  -3.7128205128205130E-03  1.7812820512820512E-02
  -3.9564102564102564E-03  1.7838461538461532E-02
  -3.9435897435897435E-03  1.7953846153846154E-02
  -3.8794871794871799E-03  1.8248717948717953E-02
  -3.8923076923076927E-03  1.8453846153846154E-02
  -4.0205128205128204E-03  1.8505128205128205E-02
  -4.3538461538461543E-03  1.8889743589743584E-02
  -4.5333333333333337E-03  1.9056410256410250E-02
  -4.5846153846153849E-03  1.9351282051282052E-02
  -4.4948717948717944E-03  1.9697435897435896E-02
  -4.7769230769230770E-03  2.0402564102564101E-02
  -4.6230769230769233E-03  2.0761538461538460E-02
  -4.3923076923076928E-03  2.1069230769230767E-02
  -4.1102564102564101E-03  2.1428205128205122E-02
  -3.8923076923076927E-03  2.1697435897435897E-02
  -3.4564102564102568E-03  2.2094871794871795E-02
  -3.2897435897435903E-03  2.2274358974358976E-02
  -2.8794871794871795E-03  2.2376923076923079E-02
  -2.5846153846153849E-03  2.2415384615384615E-02
  -2.3794871794871799E-03  2.2633333333333328E-02
  -2.1871794871794873E-03  2.2787179487179485E-02
  -1.9179487179487179E-03  2.2915384615384615E-02
  -1.6230769230769233E-03  2.2941025641025639E-02
  -1.2128205128205129E-03  2.2941025641025639E-02
  -1.0333333333333336E-03  2.2953846153846151E-02
  -8.1538461538461582E-04  2.3120512820512824E-02
  -6.7435897435897448E-04  2.3210256410256407E-02
  -3.1538461538461494E-04  2.3312820512820513E-02
  -7.6923076923075123E-06  2.3415384615384616E-02
   3.2564102564102554E-04  2.3748717948717944E-02
   5.8205128205128173E-04  2.4223076923076924E-02
   7.7435897435897431E-04  2.4402564102564105E-02
   1.0179487179487177E-03  2.4748717948717951E-02
   1.0179487179487177E-03  2.4825641025641026E-02
   9.1538461538461522E-04  2.5261538461538460E-02
   9.4102564102564084E-04  2.5825641025641024E-02
   1.1205128205128210E-03  2.6146153846153843E-02
   1.1205128205128210E-03  2.6312820512820512E-02
   1.2102564102564098E-03  2.6774358974358974E-02
   1.3769230769230772E-03  2.7017948717948721E-02
   1.6076923076923078E-03  2.7300000000000001E-02
   1.7871794871794871E-03  2.7530769230769230E-02
   1.9282051282051272E-03  2.7799999999999998E-02
   1.7487179487179487E-03  2.7876923076923077E-02
   1.5179487179487181E-03  2.8171794871794865E-02
   1.3128205128205123E-03  2.8338461538461542E-02
   1.0051282051282049E-03  2.8492307692307685E-02
   5.6923076923076892E-04  2.8787179487179480E-02
   3.6410256410256353E-04  2.8941025641025638E-02
   9.4871794871794531E-05  2.9402564102564102E-02
   8.2051282051281722E-05  2.9812820512820512E-02
   1.8461538461538507E-04  3.0210256410256410E-02
   4.5384615384615364E-04  3.0646153846153851E-02
   6.2051282051282059E-04  3.0953846153846151E-02
   7.7435897435897431E-04  3.1274358974358971E-02
   8.2564102564102555E-04  3.1043589743589742E-02
   1.0051282051282049E-03  3.0710256410256410E-02
   1.3384615384615388E-03  3.0889743589743592E-02
   1.5948717948717933E-03  3.1094871794871796E-02
   2.2102564102564099E-03  3.1223076923076923E-02
   2.3256410256410251E-03  3.1274358974358971E-02
   2.4794871794871789E-03  3.1543589743589742E-02
   2.5564102564102566E-03  3.2107692307692309E-02
   2.8000000000000000E-03  3.2723076923076924E-02
   2.9794871794871793E-03  3.2902564102564105E-02
   3.3384615384615380E-03  3.3043589743589744E-02
   3.7358974358974359E-03  3.3146153846153846E-02
   3.9538461538461533E-03  3.3235897435897437E-02
   3.9538461538461533E-03  3.3556410256410256E-02
   4.0051282051282045E-03  3.3761538461538461E-02
   3.9794871794871789E-03  3.4146153846153847E-02
   4.0564102564102558E-03  3.4530769230769233E-02
   4.1205128205128207E-03  3.4825641025641021E-02
   4.3256410256410256E-03  3.5376923076923077E-02
   4.4794871794871793E-03  3.5543589743589746E-02
   4.9923076923076935E-03  3.5517948717948722E-02
   5.4410256410256409E-03  3.5569230769230763E-02
   5.8256410256410252E-03  3.5479487179487179E-02
   6.0435897435897456E-03  3.5351282051282053E-02
   6.6461538461538450E-03  3.5133333333333329E-02
   6.8256410256410261E-03  3.5133333333333329E-02
   7.3512820512820504E-03  3.5120512820512817E-02
   7.6589743589743579E-03  3.5184615384615384E-02
   7.9153846153846141E-03  3.5466666666666660E-02
   8.2230769230769198E-03  3.5915384615384613E-02
   8.5051282051282068E-03  3.6505128205128204E-02
   8.7487179487179493E-03  3.6941025641025638E-02
   9.2615384615384617E-03  3.7376923076923085E-02
   9.6589743589743579E-03  3.7492307692307686E-02
   1.0107692307692309E-02  3.7748717948717952E-02
   1.0466666666666668E-02  3.7800000000000007E-02
   1.0864102564102564E-02  3.7697435897435905E-02
   1.1261538461538463E-02  3.7556410256410253E-02
   1.1569230769230771E-02  3.7723076923076922E-02
   1.1620512820512822E-02  3.7800000000000007E-02
   1.1658974358974358E-02  3.8171794871794881E-02
   1.1466666666666668E-02  3.8415384615384615E-02
   1.1082051282051282E-02  3.8825641025641018E-02
   1.0928205128205127E-02  3.9171794871794868E-02
   1.0787179487179487E-02  3.9300000000000002E-02
   1.0569230769230770E-02  3.9723076923076923E-02
   1.0415384615384616E-02  4.0453846153846146E-02
   1.0402564102564101E-02  4.0992307692307682E-02
   1.0594871794871796E-02  4.1569230769230775E-02
   1.1107692307692310E-02  4.1876923076923082E-02
   1.1543589743589742E-02  4.2107692307692297E-02
   1.1902564102564107E-02  4.2171794871794871E-02
   1.2338461538461536E-02  4.2171794871794871E-02
   1.2543589743589741E-02  4.1915384615384611E-02
   1.2710256410256410E-02  4.1582051282051280E-02
   1.3043589743589741E-02  4.1171794871794870E-02
   1.3466666666666667E-02  4.1235897435897444E-02
   1.3928205128205131E-02  4.1300000000000003E-02
   1.4223076923076927E-02  4.1543589743589744E-02
   1.4428205128205128E-02  4.2017948717948714E-02
   1.4530769230769231E-02  4.2466666666666660E-02
   1.4697435897435900E-02  4.2851282051282052E-02
   1.4761538461538463E-02  4.2941025641025643E-02
   1.4812820512820514E-02  4.2684615384615383E-02
   1.4838461538461538E-02  4.2312820512820516E-02
   1.4838461538461538E-02  4.1966666666666666E-02
   1.5082051282051282E-02  4.1915384615384611E-02
   1.5364102564102566E-02  4.1825641025641021E-02
   1.5492307692307692E-02  4.1799999999999997E-02
   1.5556410256410259E-02  4.2287179487179485E-02
   1.5530769230769232E-02  4.2543589743589745E-02
   1.5530769230769232E-02  4.2966666666666667E-02
   1.5594871794871795E-02  4.3492307692307691E-02
   1.5697435897435896E-02  4.3748717948717951E-02
   1.5735897435897435E-02  4.4043589743589746E-02
   1.5582051282051283E-02  4.4710256410256409E-02
   1.5684615384615384E-02  4.5069230769230771E-02
   1.5569230769230771E-02  4.5402564102564109E-02
   1.5825641025641029E-02  4.5735897435897427E-02
   1.6184615384615384E-02  4.6210256410256417E-02
   1.6428205128205128E-02  4.6543589743589742E-02
   1.6838461538461538E-02  4.6889743589743585E-02
   1.7428205128205129E-02  4.7056410256410261E-02
   1.7761538461538461E-02  4.7069230769230773E-02
   1.8082051282051280E-02  4.6928205128205128E-02
   1.8492307692307690E-02  4.6684615384615373E-02
   1.8774358974358973E-02  4.6505128205128206E-02
   1.9017948717948718E-02  4.6569230769230766E-02
   1.9338461538461540E-02  4.6658974358974356E-02
   1.9799999999999998E-02  4.6633333333333325E-02
   2.0287179487179487E-02  4.6441025641025639E-02
   2.0684615384615381E-02  4.6287179487179489E-02
   2.0941025641025637E-02  4.6146153846153837E-02
   2.0838461538461535E-02  4.6479487179487182E-02
   2.1043589743589743E-02  4.7082051282051278E-02
   2.1287179487179484E-02  4.7658974358974371E-02
   2.1543589743589740E-02  4.8235897435897436E-02
   2.1787179487179491E-02  4.8774358974358972E-02
   2.1953846153846150E-02  4.9223076923076925E-02
   2.2210256410256417E-02  4.9812820512820516E-02
   2.2620512820512820E-02  5.0017948717948721E-02
   2.2966666666666666E-02  5.0094871794871793E-02
   2.3171794871794871E-02  5.0146153846153847E-02
   2.3223076923076923E-02  5.0325641025641028E-02
   2.3389743589743588E-02  5.0723076923076933E-02
   2.3428205128205124E-02  5.0941025641025636E-02
   2.3338461538461537E-02  5.1312820512820510E-02
   2.3287179487179486E-02  5.1761538461538463E-02
   2.3274358974358970E-02  5.2120512820512825E-02
   2.3351282051282049E-02  5.2492307692307685E-02
   2.3620512820512817E-02  5.3287179487179488E-02
   2.3902564102564097E-02  5.3966666666666670E-02
   2.4094871794871797E-02  5.4543589743589735E-02
   2.4453846153846156E-02  5.4838461538461537E-02
   2.4748717948717951E-02  5.4928205128205135E-02
   2.5646153846153839E-02  5.4889743589743592E-02
   2.6338461538461533E-02  5.4671794871794861E-02
   2.6889743589743591E-02  5.4428205128205127E-02
   2.7543589743589746E-02  5.4338461538461530E-02
   2.8030769230769231E-02  5.4120512820512827E-02
   2.8351282051282047E-02  5.4223076923076929E-02
   2.8697435897435904E-02  5.4210256410256411E-02
   2.8851282051282047E-02  5.4184615384615373E-02
   2.9184615384615385E-02  5.4607692307692308E-02
   2.9569230769230764E-02  5.4556410256410247E-02
   2.9966666666666662E-02  5.4582051282051278E-02
   3.0120512820512819E-02  5.4902564102564097E-02
   3.0338461538461543E-02  5.5133333333333326E-02
   3.0479487179487175E-02  5.5441025641025647E-02
   3.0428205128205127E-02  5.5697435897435907E-02
   3.0364102564102567E-02  5.5876923076923081E-02
   3.0376923076923072E-02  5.6210256410256412E-02
   3.0530769230769229E-02  5.6607692307692296E-02
   3.0812820512820513E-02  5.7299999999999990E-02
   3.1082051282051285E-02  5.7684615384615397E-02
   3.1364102564102561E-02  5.7902564102564100E-02
   3.1389743589743592E-02  5.8197435897435902E-02
   3.1441025641025640E-02  5.8479487179487165E-02
   3.1402564102564104E-02  5.8799999999999998E-02
   3.1248717948717947E-02  5.9184615384615391E-02
   3.1146153846153844E-02  5.9517948717948709E-02
   3.1184615384615387E-02  5.9915384615384613E-02
   3.1325641025641025E-02  6.0120512820512818E-02
   3.1966666666666664E-02  6.0043589743589747E-02
   3.2158974358974357E-02  6.0299999999999999E-02
   3.2376923076923074E-02  6.0966666666666662E-02
   3.2453846153846153E-02  6.1338461538461529E-02
   3.2710256410256405E-02  6.1389743589743591E-02
   3.2902564102564105E-02  6.1005128205128205E-02
   3.3082051282051279E-02  6.0915384615384614E-02
   3.3684615384615382E-02  6.0800000000000000E-02
   3.3992307692307690E-02  6.0684615384615385E-02
   3.4351282051282052E-02  6.0582051282051290E-02
   3.4607692307692305E-02  6.0299999999999999E-02
   3.4735897435897438E-02  5.9825641025641009E-02
   3.5030769230769226E-02  5.9325641025641022E-02
   3.5171794871794872E-02  5.8838461538461541E-02
   3.5312820512820517E-02  5.8376923076923062E-02
   3.5505128205128203E-02  5.7787179487179492E-02
   3.5774358974358968E-02  5.7184615384615389E-02
   3.6030769230769234E-02  5.6466666666666665E-02
   3.6338461538461535E-02  5.6120512820512815E-02
   3.6723076923076921E-02  5.5466666666666671E-02
   3.7235897435897433E-02  5.4723076923076937E-02
   3.7415384615384614E-02  5.4402564102564104E-02
   4.3761538461538470E-02  5.7864102564102571E-02
   4.3376923076923077E-02  5.8492307692307691E-02
   4.3479487179487165E-02  5.8941025641025643E-02
   4.3492307692307691E-02  5.9235897435897432E-02
   4.3325641025641029E-02  5.9453846153846156E-02
   4.3287179487179486E-02  5.9671794871794866E-02
   4.3197435897435903E-02  5.9838461538461542E-02
   4.3030769230769227E-02  6.0158974358974347E-02
   4.2979487179487172E-02  6.0415384615384614E-02
   4.2966666666666667E-02  6.0902564102564095E-02
   4.3248717948717944E-02  6.1107692307692300E-02
   4.3389743589743589E-02  6.1402564102564110E-02
   4.3543589743589746E-02  6.1748717948717939E-02
   4.3517948717948722E-02  6.1825641025641025E-02
   4.3441025641025650E-02  6.2056410256410253E-02
   4.3505128205128203E-02  6.2402564102564097E-02
   4.3569230769230763E-02  6.2620512820512828E-02
   4.3633333333333336E-02  6.2941025641025647E-02
   4.3799999999999999E-02  6.3428205128205128E-02
   4.4005128205128204E-02  6.3697435897435900E-02
   4.4146153846153842E-02  6.4030769230769238E-02
   4.4569230769230764E-02  6.4466666666666672E-02
   4.4787179487179481E-02  6.4928205128205130E-02
   4.5005128205128204E-02  6.5184615384615396E-02
   4.5312820512820505E-02  6.5453846153846168E-02
   4.5466666666666676E-02  6.5646153846153854E-02
   4.5902564102564103E-02  6.5543589743589745E-02
   4.6389743589743591E-02  6.5543589743589745E-02
   4.6838461538461544E-02  6.5376923076923082E-02
   4.7248717948717961E-02  6.5248717948717963E-02
   4.7658974358974371E-02  6.5082051282051287E-02
   4.8082051282051293E-02  6.4979487179487191E-02
   4.8030769230769231E-02  6.4774358974358986E-02
   4.7966666666666671E-02  6.4620512820512829E-02
   4.7902564102564105E-02  6.4300000000000010E-02
   4.7953846153846146E-02  6.4082051282051286E-02
   4.8120512820512822E-02  6.3876923076923081E-02
   4.8325641025641027E-02  6.3748717948717962E-02
   4.8594871794871784E-02  6.4043589743589743E-02
   4.8735897435897443E-02  6.4441025641025648E-02
   4.8748717948717941E-02  6.4838461538461539E-02
   4.9043589743589751E-02  6.5184615384615396E-02
   4.9300000000000010E-02  6.5389743589743601E-02
   4.9684615384615390E-02  6.5466666666666673E-02
   5.0133333333333321E-02  6.5607692307692311E-02
   5.0492307692307697E-02  6.5646153846153854E-02
   5.0889743589743588E-02  6.5684615384615397E-02
   5.1364102564102572E-02  6.5684615384615397E-02
   5.1825641025641030E-02  6.5569230769230769E-02
   5.2402564102564116E-02  6.5364102564102564E-02
   5.2825641025641024E-02  6.5299999999999997E-02
   5.3223076923076929E-02  6.5299999999999997E-02
   5.3376923076923086E-02  6.5671794871794878E-02
   5.3466666666666662E-02  6.6030769230769240E-02
   5.3582051282051291E-02  6.6428205128205131E-02
   5.3735897435897420E-02  6.6774358974358974E-02
   5.3928205128205127E-02  6.7261538461538470E-02
   5.4082051282051284E-02  6.7594871794871794E-02
   5.4338461538461530E-02  6.8171794871794880E-02
   5.4505128205128206E-02  6.8556410256410266E-02
   5.4787179487179490E-02  6.8825641025641038E-02
   5.5274358974358971E-02  6.8889743589743591E-02
   5.5607692307692309E-02  6.8953846153846157E-02
   5.5992307692307682E-02  6.9043589743589762E-02
   5.6184615384615388E-02  6.9184615384615386E-02
   5.6325641025641020E-02  6.9569230769230772E-02
   5.6299999999999989E-02  7.0120512820512820E-02
   5.6505128205128194E-02  7.0402564102564111E-02
   5.6748717948717949E-02  7.0774358974358978E-02
   5.7133333333333328E-02  7.1017948717948726E-02
   5.7530769230769226E-02  7.1210256410256412E-02
   5.8043589743589745E-02  7.1094871794871797E-02
   5.8620512820512810E-02  7.0953846153846159E-02
   5.9364102564102551E-02  7.0812820512820521E-02
   5.9889743589743590E-02  7.0658974358974364E-02
   6.0274358974358976E-02  7.0582051282051278E-02
   6.0735897435897433E-02  7.0633333333333340E-02
   6.1171794871794867E-02  7.0633333333333340E-02
   6.1569230769230772E-02  7.0607692307692316E-02
   6.1812820512820520E-02  7.0876923076923087E-02
   6.2043589743589748E-02  7.1005128205128207E-02
   6.2569230769230766E-02  7.0953846153846159E-02
   6.2928205128205142E-02  7.0915384615384630E-02
   6.3453846153846166E-02  7.0941025641025654E-02
   6.3876923076923081E-02  7.1082051282051292E-02
   6.4197435897435901E-02  7.1492307692307702E-02
   6.4479487179487177E-02  7.1864102564102569E-02
   6.4966666666666673E-02  7.2300000000000003E-02
   6.5364102564102564E-02  7.2376923076923089E-02
   6.5851282051282059E-02  7.2389743589743594E-02
   6.7094871794871808E-02  7.2158974358974365E-02
   6.7607692307692313E-02  7.2120512820512822E-02
   6.8171794871794880E-02  7.2235897435897437E-02
   6.8812820512820519E-02  7.2261538461538460E-02
   6.9312820512820519E-02  7.2364102564102570E-02
   6.9735897435897434E-02  7.2389743589743594E-02
   7.0235897435897449E-02  7.2364102564102570E-02
   7.0556410256410254E-02  7.2453846153846160E-02
   7.1043589743589750E-02  7.2389743589743594E-02
   7.1620512820512822E-02  7.2402564102564113E-02
   7.1928205128205136E-02  7.2505128205128208E-02
   7.2082051282051293E-02  7.2774358974358980E-02
   7.2210256410256426E-02  7.3082051282051280E-02
   7.2235897435897437E-02  7.3492307692307704E-02
   7.2735897435897437E-02  7.3620512820512823E-02
   7.3056410256410270E-02  7.3620512820512823E-02
   7.4184615384615391E-02  7.3543589743589752E-02
   7.4633333333333343E-02  7.3517948717948714E-02
   7.4941025641025658E-02  7.3787179487179486E-02
   7.5543589743589754E-02  7.4133333333333343E-02
   7.5735897435897440E-02  7.4261538461538476E-02
   7.6146153846153850E-02  7.4376923076923077E-02
   7.6530769230769236E-02  7.4594871794871800E-02
   7.6723076923076922E-02  7.4825641025641029E-02
   7.7069230769230779E-02  7.4684615384615391E-02
   7.7415384615384622E-02  7.4902564102564115E-02
   7.7582051282051270E-02  7.5094871794871801E-02
   7.8017948717948704E-02  7.5069230769230777E-02
   7.8415384615384609E-02  7.5171794871794886E-02
   7.8723076923076937E-02  7.5710256410256416E-02
   7.9056410256410248E-02  7.6133333333333345E-02
   7.9158974358974385E-02  7.6441025641025645E-02
   7.9428205128205115E-02  7.6658974358974369E-02
   7.9838461538461566E-02  7.6838461538461550E-02
   8.0389743589743601E-02  7.6915384615384635E-02
   8.1030769230769240E-02  7.7005128205128212E-02
   8.1530769230769226E-02  7.7094871794871803E-02
   8.2082051282051288E-02  7.7312820512820513E-02
   8.2915384615384627E-02  7.7428205128205141E-02
   8.3607692307692313E-02  7.7543589743589741E-02
   8.4223076923076928E-02  7.7658974358974370E-02
   8.4876923076923114E-02  7.7800000000000008E-02
   8.5402564102564110E-02  7.7851282051282056E-02
   8.5941025641025640E-02  7.7979487179487161E-02
   8.6594871794871825E-02  7.8069230769230780E-02
   8.7492307692307689E-02  7.8261538461538466E-02
   8.8197435897435908E-02  7.8248717948717961E-02
   8.8889743589743594E-02  7.8312820512820555E-02
   8.9184615384615376E-02  7.8530769230769237E-02
   8.9671794871794885E-02  7.8569230769230766E-02
   9.0184615384615377E-02  7.8569230769230766E-02
   9.0671794871794886E-02  7.8658974358974371E-02
   9.1184615384615392E-02  7.8697435897435900E-02
   9.1620512820512826E-02  7.8671794871794876E-02
   9.2056410256410259E-02  7.8723076923076937E-02
   9.2479487179487216E-02  7.8800000000000023E-02
   9.2684615384615407E-02  7.9043589743589757E-02
   9.3376923076923066E-02  7.9158974358974385E-02
   9.4030769230769251E-02  7.9223076923076910E-02
   9.4428205128205156E-02  7.9274358974358985E-02
   9.5017948717948719E-02  7.9223076923076910E-02
