   9.6479487179487219E-02 -4.6469230769230770E-02
   9.6415384615384625E-02 -4.6635897435897446E-02
   9.6364102564102577E-02 -4.6879487179487180E-02
   9.6312820512820543E-02 -4.7097435897435896E-02
   9.6287179487179506E-02 -4.7392307692307685E-02
   9.6158974358974345E-02 -4.7700000000000006E-02
   9.6107692307692297E-02 -4.7879487179487167E-02
   9.6005128205128215E-02 -4.8187179487179481E-02
   9.5723076923076938E-02 -4.8392307692307700E-02
   9.5633333333333376E-02 -4.8533333333333331E-02
   9.5441025641025676E-02 -4.8520512820512819E-02
   9.5364102564102576E-02 -4.8623076923076922E-02
   9.5274358974358958E-02 -4.8815384615384608E-02
   9.5184615384615395E-02 -4.8956410256410267E-02
   9.4979487179487190E-02 -4.9161538461538472E-02
   9.4838461538461566E-02 -4.9238461538461543E-02
   9.4594871794871832E-02 -4.9276923076923072E-02
   9.4441025641025661E-02 -4.9366666666666670E-02
   9.4287179487179490E-02 -4.9520512820512820E-02
   9.4146153846153852E-02 -4.9700000000000008E-02
   9.3941025641025647E-02 -4.9802564102564111E-02
   9.3774358974358971E-02 -4.9905128205128206E-02
   9.3582051282051271E-02 -4.9853846153846151E-02
   9.3312820512820513E-02 -4.9751282051282049E-02
   9.3005128205128212E-02 -4.9558974358974349E-02
   9.2812820512820512E-02 -4.9392307692307701E-02
   9.2582051282051270E-02 -4.9276923076923072E-02
   9.2325641025641045E-02 -4.9084615384615386E-02
   9.2158974358974369E-02 -4.8943589743589741E-02
   9.2005128205128212E-02 -4.8815384615384608E-02
   9.1851282051282054E-02 -4.8635897435897434E-02
   9.1748717948717959E-02 -4.8546153846153857E-02
   9.1530769230769235E-02 -4.8289743589743597E-02
   9.1415384615384621E-02 -4.8161538461538471E-02
   9.1299999999999992E-02 -4.7828205128205133E-02
   9.1184615384615392E-02 -4.7558974358974361E-02
   9.1056410256410245E-02 -4.7212820512820525E-02
   9.0928205128205139E-02 -4.6776923076923077E-02
   9.0838461538461562E-02 -4.6584615384615384E-02
   9.0607692307692320E-02 -4.6443589743589746E-02
   9.0505128205128210E-02 -4.6289743589743582E-02
   9.0364102564102586E-02 -4.6097435897435896E-02
   9.0017948717948701E-02 -4.5738461538461547E-02
   8.9825641025641015E-02 -4.5610256410256414E-02
   8.9517948717948756E-02 -4.5507692307692311E-02
   8.9415384615384605E-02 -4.5687179487179486E-02
   8.9235897435897438E-02 -4.5917948717948721E-02
   8.9120512820512851E-02 -4.6110256410256407E-02
   8.8915384615384646E-02 -4.6328205128205124E-02
   8.8671794871794912E-02 -4.6546153846153841E-02
   8.8441025641025670E-02 -4.6776923076923077E-02
   8.8274358974359007E-02 -4.7058974358974368E-02
   8.8107692307692290E-02 -4.7353846153846156E-02
   8.7992307692307703E-02 -4.7533333333333330E-02
   8.7748717948717955E-02 -4.7597435897435890E-02
   8.7146153846153859E-02 -4.7700000000000006E-02
   8.6838461538461559E-02 -4.7597435897435890E-02
   8.6556410256410296E-02 -4.7469230769230771E-02
   8.6710256410256425E-02 -4.7341025641025644E-02
   8.6594871794871825E-02 -4.7071794871794866E-02
   8.6492307692307702E-02 -4.6853846153846149E-02
   8.6415384615384602E-02 -4.6584615384615384E-02
   8.6466666666666678E-02 -4.6417948717948715E-02
   8.6556410256410296E-02 -4.6071794871794865E-02
   8.6389743589743578E-02 -4.6225641025641022E-02
   8.6210256410256411E-02 -4.6302564102564100E-02
   8.5966666666666677E-02 -4.6469230769230770E-02
   8.5658974358974363E-02 -4.6751282051282046E-02
   8.5261538461538472E-02 -4.6789743589743589E-02
   8.5056410256410267E-02 -4.7020512820512825E-02
   8.4787179487179495E-02 -4.7174358974358982E-02
   8.4453846153846157E-02 -4.7289743589743582E-02
   8.4184615384615386E-02 -4.7302564102564101E-02
   8.3915384615384600E-02 -4.7251282051282054E-02
   8.3697435897435890E-02 -4.7110256410256422E-02
   8.3338461538461542E-02 -4.6956410256410265E-02
   8.3056410256410251E-02 -4.6892307692307691E-02
   8.2825641025641009E-02 -4.6841025641025651E-02
   8.2389743589743575E-02 -4.6738461538461548E-02
   8.2107692307692312E-02 -4.6623076923076920E-02
   8.1851282051282059E-02 -4.6571794871794872E-02
   8.1735897435897431E-02 -4.6789743589743589E-02
   8.1607692307692312E-02 -4.7007692307692306E-02
   8.1492307692307697E-02 -4.7264102564102566E-02
   8.1389743589743574E-02 -4.7494871794871787E-02
   8.1158974358974373E-02 -4.7802564102564109E-02
   8.0941025641025635E-02 -4.8135897435897440E-02
   8.0735897435897430E-02 -4.8187179487179481E-02
   8.0466666666666659E-02 -4.8110256410256409E-02
   8.0043589743589758E-02 -4.7917948717948723E-02
   7.9658974358974344E-02 -4.7764102564102566E-02
   7.9235897435897457E-02 -4.7558974358974361E-02
   7.8774358974358971E-02 -4.7264102564102566E-02
   7.8441025641025647E-02 -4.7135897435897439E-02
   7.8197435897435913E-02 -4.7020512820512825E-02
   7.7953846153846179E-02 -4.6892307692307691E-02
   7.7658974358974370E-02 -4.6764102564102565E-02
   7.7376923076923065E-02 -4.6635897435897446E-02
   7.7120512820512840E-02 -4.6507692307692299E-02
   7.6774358974358983E-02 -4.6341025641025643E-02
   7.6787179487179488E-02 -4.6328205128205124E-02
   7.6646153846153864E-02 -4.6341025641025643E-02
   7.6351282051282054E-02 -4.6328205128205124E-02
   7.6005128205128211E-02 -4.6199999999999998E-02
   7.5633333333333330E-02 -4.6058974358974367E-02
   7.5402564102564101E-02 -4.6071794871794865E-02
   7.5197435897435896E-02 -4.6148717948717950E-02
   7.4915384615384620E-02 -4.6135897435897438E-02
   7.4633333333333343E-02 -4.6110256410256407E-02
   7.4235897435897438E-02 -4.6071794871794865E-02
   7.3928205128205138E-02 -4.5969230769230776E-02
   7.3646153846153861E-02 -4.5789743589743588E-02
   7.3389743589743595E-02 -4.5661538461538462E-02
   7.3056410256410270E-02 -4.5520512820512830E-02
   7.2697435897435894E-02 -4.5430769230769226E-02
   7.2364102564102570E-02 -4.5328205128205123E-02
   7.2043589743589750E-02 -4.5251282051282052E-02
   7.1723076923076931E-02 -4.5200000000000011E-02
   7.1325641025641040E-02 -4.5110256410256407E-02
   7.1235897435897436E-02 -4.5148717948717949E-02
   7.1043589743589750E-02 -4.5238461538461540E-02
   7.0864102564102568E-02 -4.5276923076923069E-02
   7.0658974358974364E-02 -4.5289743589743581E-02
   7.0300000000000015E-02 -4.5123076923076925E-02
   6.9992307692307701E-02 -4.4994871794871806E-02
   6.9582051282051291E-02 -4.4815384615384618E-02
   6.9248717948717967E-02 -4.4712820512820502E-02
   6.8915384615384614E-02 -4.4610256410256399E-02
   6.8543589743589747E-02 -4.4417948717948727E-02
   6.8338461538461542E-02 -4.4507692307692297E-02
   6.8133333333333337E-02 -4.4558974358974358E-02
   6.7684615384615385E-02 -4.4456410256410256E-02
   6.7312820512820518E-02 -4.4289743589743580E-02
   6.6941025641025650E-02 -4.4058974358974365E-02
   6.6646153846153855E-02 -4.3866666666666658E-02
   6.6530769230769241E-02 -4.3776923076923074E-02
   6.6210256410256421E-02 -4.3674358974358972E-02
   6.5953846153846155E-02 -4.3623076923076924E-02
   6.5594871794871806E-02 -4.3443589743589743E-02
   6.5287179487179492E-02 -4.3302564102564105E-02
   6.4928205128205130E-02 -4.3161538461538460E-02
   6.4441025641025648E-02 -4.2905128205128200E-02
   6.3979487179487191E-02 -4.2751282051282050E-02
   6.3646153846153852E-02 -4.2994871794871804E-02
   6.3466666666666671E-02 -4.3225641025641019E-02
   6.3197435897435900E-02 -4.3392307692307695E-02
   6.2953846153846152E-02 -4.3430769230769238E-02
   6.2697435897435913E-02 -4.3353846153846153E-02
   6.2376923076923073E-02 -4.3225641025641019E-02
   6.2146153846153844E-02 -4.3123076923076924E-02
   6.1800000000000001E-02 -4.2892307692307688E-02
   6.1428205128205134E-02 -4.2879487179487190E-02
   6.1146153846153843E-02 -4.2866666666666671E-02
   6.0761538461538457E-02 -4.2623076923076923E-02
   6.0376923076923085E-02 -4.2469230769230766E-02
   6.0120512820512818E-02 -4.2366666666666664E-02
   5.9761538461538456E-02 -4.2174358974358971E-02
   5.9453846153846156E-02 -4.1905128205128206E-02
   5.9133333333333329E-02 -4.1700000000000001E-02
   5.8928205128205131E-02 -4.1533333333333332E-02
   5.8723076923076926E-02 -4.1533333333333332E-02
   5.8287179487179493E-02 -4.1623076923076929E-02
   5.7953846153846154E-02 -4.1648717948717946E-02
   5.7697435897435895E-02 -4.1571794871794875E-02
   5.7287179487179478E-02 -4.1417948717948717E-02
   5.6864102564102570E-02 -4.1212820512820512E-02
   5.6530769230769225E-02 -4.1071794871794874E-02
   5.6338461538461546E-02 -4.1110256410256410E-02
   5.5928205128205115E-02 -4.1058974358974362E-02
   5.5582051282051279E-02 -4.0930769230769229E-02
   5.5235897435897442E-02 -4.0789743589743591E-02
   5.4915384615384609E-02 -4.0648717948717952E-02
   5.4569230769230766E-02 -4.0469230769230771E-02
   5.4287179487179489E-02 -4.0276923076923071E-02
   5.3851282051282048E-02 -4.0046153846153849E-02
   5.3479487179487188E-02 -3.9943589743589747E-02
   5.3005128205128212E-02 -3.9828205128205132E-02
   5.2658974358974348E-02 -3.9712820512820518E-02
   5.2223076923076928E-02 -3.9507692307692313E-02
   5.2005128205128211E-02 -3.9417948717948716E-02
   5.1825641025641030E-02 -3.9443589743589746E-02
   5.1582051282051275E-02 -3.9623076923076928E-02
   5.1274358974358968E-02 -3.9597435897435897E-02
   5.0787179487179486E-02 -3.9430769230769228E-02
   5.0479487179487172E-02 -3.9276923076923077E-02
   5.0248717948717950E-02 -3.9276923076923077E-02
   4.9787179487179485E-02 -3.9161538461538463E-02
   4.9402564102564113E-02 -3.9084615384615384E-02
   4.8966666666666665E-02 -3.8892307692307691E-02
   4.8517948717948726E-02 -3.8712820512820510E-02
   4.8082051282051293E-02 -3.8494871794871793E-02
   4.7735897435897442E-02 -3.8238461538461541E-02
   4.7428205128205121E-02 -3.8174358974358974E-02
   4.7158974358974350E-02 -3.8084615384615383E-02
   4.6800000000000001E-02 -3.7905128205128209E-02
   4.6441025641025639E-02 -3.7751282051282052E-02
   4.6158974358974363E-02 -3.7712820512820516E-02
   4.5851282051282055E-02 -3.7674358974358974E-02
   4.5543589743589748E-02 -3.7533333333333335E-02
   4.5158974358974348E-02 -3.7315384615384611E-02
   4.4825641025641023E-02 -3.7135897435897437E-02
   4.4479487179487180E-02 -3.7020512820512823E-02
   4.4094871794871801E-02 -3.6841025641025642E-02
   4.3915384615384613E-02 -3.6828205128205130E-02
   4.3671794871794865E-02 -3.6943589743589744E-02
   4.3287179487179486E-02 -3.6905128205128201E-02
   4.2851282051282052E-02 -3.6892307692307690E-02
   4.2620512820512824E-02 -3.6828205128205130E-02
   4.2210256410256400E-02 -3.6661538461538461E-02
   4.1799999999999997E-02 -3.6405128205128208E-02
   4.1530769230769232E-02 -3.6187179487179484E-02
   4.1120512820512829E-02 -3.5994871794871798E-02
   4.0825641025641020E-02 -3.5866666666666665E-02
   4.0376923076923088E-02 -3.5610256410256412E-02
   4.0146153846153838E-02 -3.5469230769230767E-02
   3.9889743589743579E-02 -3.5225641025641026E-02
   3.9735897435897435E-02 -3.4905128205128207E-02
   3.9376923076923073E-02 -3.4546153846153851E-02
   3.9210256410256411E-02 -3.4379487179487175E-02
   3.9017948717948725E-02 -3.4456410256410254E-02
   3.8748717948717946E-02 -3.4366666666666663E-02
   3.8389743589743584E-02 -3.4238461538461537E-02
   3.8094871794871782E-02 -3.3917948717948718E-02
   3.7787179487179481E-02 -3.3558974358974362E-02
   3.7594871794871802E-02 -3.3289743589743584E-02
   3.7594871794871802E-02 -3.2635897435897433E-02
   3.7453846153846150E-02 -3.2866666666666662E-02
   3.7441025641025645E-02 -3.3456410256410260E-02
   3.7325641025641031E-02 -3.3712820512820513E-02
   3.7235897435897433E-02 -3.3879487179487182E-02
   3.7056410256410252E-02 -3.4123076923076930E-02
   3.6928205128205126E-02 -3.4225641025641032E-02
   3.6723076923076921E-02 -3.4353846153846151E-02
   3.6530769230769228E-02 -3.4430769230769237E-02
   3.6389743589743589E-02 -3.4469230769230766E-02
   3.6094871794871794E-02 -3.4571794871794868E-02
   3.5825641025641029E-02 -3.4533333333333339E-02
   3.5453846153846155E-02 -3.4482051282051278E-02
   3.5094871794871793E-02 -3.4341025641025646E-02
   3.4799999999999998E-02 -3.4225641025641032E-02
   3.4543589743589745E-02 -3.4174358974358970E-02
   3.4069230769230768E-02 -3.4033333333333332E-02
   3.3799999999999997E-02 -3.3930769230769230E-02
   3.3428205128205130E-02 -3.3815384615384615E-02
   3.3094871794871798E-02 -3.3635897435897434E-02
   3.2876923076923074E-02 -3.3469230769230765E-02
   3.2697435897435893E-02 -3.3289743589743584E-02
   3.2492307692307688E-02 -3.3071794871794867E-02
   3.2235897435897436E-02 -3.2776923076923072E-02
   3.1953846153846152E-02 -3.2430769230769228E-02
   3.1787179487179483E-02 -3.2161538461538464E-02
   3.1351282051282049E-02 -3.1956410256410259E-02
   3.0992307692307694E-02 -3.1776923076923078E-02
   3.0761538461538458E-02 -3.1687179487179487E-02
   3.0492307692307687E-02 -3.1597435897435897E-02
   3.0210256410256410E-02 -3.1417948717948722E-02
   2.9941025641025645E-02 -3.1200000000000006E-02
   2.9479487179487181E-02 -3.0994871794871801E-02
   2.9146153846153842E-02 -3.0802564102564101E-02
   2.8979487179487173E-02 -3.0507692307692316E-02
   2.8684615384615378E-02 -3.0212820512820517E-02
   2.8261538461538456E-02 -2.9943589743589748E-02
   2.7902564102564101E-02 -2.9802564102564103E-02
   2.7761538461538462E-02 -2.9687179487179489E-02
   2.7402564102564104E-02 -2.9469230769230772E-02
   2.7274358974358974E-02 -2.9597435897435898E-02
   2.7171794871794875E-02 -2.9802564102564103E-02
   2.7069230769230773E-02 -2.9905128205128206E-02
   2.6902564102564107E-02 -3.0033333333333332E-02
   2.6658974358974352E-02 -3.0097435897435895E-02
   2.6402564102564099E-02 -3.0161538461538462E-02
   2.6171794871794867E-02 -3.0123076923076923E-02
   2.5953846153846161E-02 -3.0046153846153844E-02
   2.5761538461538461E-02 -2.9930769230769230E-02
   2.5479487179487177E-02 -2.9648717948717949E-02
   2.5197435897435897E-02 -2.9430769230769233E-02
   2.4864102564102566E-02 -2.9084615384615382E-02
   2.4633333333333333E-02 -2.8879487179487184E-02
   2.4312820512820514E-02 -2.8751282051282055E-02
   2.4120512820512814E-02 -2.8815384615384618E-02
   2.3928205128205125E-02 -2.9020512820512823E-02
   2.3735897435897442E-02 -2.9097435897435901E-02
   2.3505128205128203E-02 -2.9315384615384618E-02
   2.3287179487179486E-02 -2.9520512820512827E-02
   2.3107692307692305E-02 -2.9687179487179489E-02
   2.2851282051282056E-02 -2.9738461538461540E-02
   2.2569230769230769E-02 -2.9738461538461540E-02
   2.2184615384615386E-02 -2.9610256410256410E-02
   2.1735897435897433E-02 -2.9405128205128205E-02
   2.1389743589743587E-02 -2.9225641025641028E-02
   2.1043589743589743E-02 -2.9046153846153850E-02
   2.0620512820512825E-02 -2.8802564102564106E-02
   2.0274358974358975E-02 -2.8712820512820515E-02
   2.0005128205128207E-02 -2.8469230769230764E-02
   1.9748717948717947E-02 -2.8071794871794870E-02
   1.9658974358974360E-02 -2.7558974358974357E-02
   1.9812820512820514E-02 -2.7007692307692309E-02
   1.9838461538461541E-02 -2.6751282051282053E-02
   1.9889743589743592E-02 -2.6315384615384615E-02
   2.0017948717948719E-02 -2.5969230769230776E-02
   2.0043589743589742E-02 -2.5430769230769232E-02
   1.9953846153846148E-02 -2.5661538461538465E-02
   1.9799999999999998E-02 -2.5956410256410257E-02
   1.9646153846153844E-02 -2.6123076923076922E-02
   1.9492307692307691E-02 -2.6161538461538462E-02
   1.9338461538461540E-02 -2.6097435897435899E-02
   1.9082051282051284E-02 -2.6007692307692308E-02
   1.8812820512820513E-02 -2.5943589743589741E-02
   1.8556410256410256E-02 -2.5930769230769233E-02
   1.8274358974358973E-02 -2.5841025641025639E-02
   1.8043589743589748E-02 -2.5751282051282052E-02
   1.7761538461538461E-02 -2.5802564102564103E-02
   1.7530769230769232E-02 -2.5828205128205124E-02
   1.7248717948717952E-02 -2.5892307692307690E-02
   1.7030769230769231E-02 -2.5866666666666673E-02
   1.6787179487179480E-02 -2.5776923076923072E-02
   1.6415384615384613E-02 -2.5623076923076925E-02
   1.6133333333333333E-02 -2.5546153846153847E-02
   1.5928205128205124E-02 -2.5379487179487181E-02
   1.5851282051282049E-02 -2.5251282051282051E-02
   1.5799999999999998E-02 -2.4969230769230775E-02
   1.5953846153846152E-02 -2.4712820512820512E-02
   1.6082051282051282E-02 -2.4533333333333334E-02
   1.6197435897435893E-02 -2.4315384615384617E-02
   1.6005128205128203E-02 -2.4199999999999999E-02
   1.5889743589743589E-02 -2.3879487179487180E-02
   1.6069230769230770E-02 -2.3674358974358975E-02
   1.5992307692307688E-02 -2.3328205128205135E-02
   1.5966666666666667E-02 -2.2815384615384612E-02
   1.5902564102564101E-02 -2.2520512820512820E-02
   1.5658974358974360E-02 -2.2264102564102564E-02
   1.5428205128205129E-02 -2.2200000000000001E-02
   1.5261538461538464E-02 -2.2315384615384615E-02
   1.5056410256410259E-02 -2.2353846153846155E-02
   1.4800000000000002E-02 -2.2366666666666667E-02
   1.4607692307692309E-02 -2.2366666666666667E-02
   1.4402564102564104E-02 -2.2341025641025643E-02
   1.4171794871794876E-02 -2.2379487179487179E-02
   1.3979487179487183E-02 -2.2366666666666667E-02
   1.3646153846153848E-02 -2.2289743589743585E-02
   1.3351282051282056E-02 -2.2161538461538462E-02
   1.3133333333333332E-02 -2.1994871794871796E-02
   1.2851282051282052E-02 -2.1892307692307694E-02
   1.2594871794871792E-02 -2.1776923076923079E-02
   1.2338461538461536E-02 -2.1802564102564103E-02
   1.2107692307692311E-02 -2.1661538461538461E-02
   1.1761538461538460E-02 -2.1482051282051284E-02
   1.1658974358974358E-02 -2.1135897435897433E-02
   1.1428205128205129E-02 -2.0764102564102559E-02
   1.1479487179487180E-02 -2.0507692307692307E-02
   1.1389743589743592E-02 -2.0110256410256412E-02
   1.1287179487179487E-02 -1.9674358974358975E-02
   1.1210256410256412E-02 -1.9405128205128207E-02
   1.1069230769230770E-02 -1.8917948717948718E-02
   1.1043589743589740E-02 -1.8648717948717947E-02
   1.0864102564102564E-02 -1.8558974358974360E-02
   1.0556410256410258E-02 -1.8507692307692308E-02
   1.0351282051282053E-02 -1.8661538461538462E-02
   1.0261538461538463E-02 -1.8917948717948718E-02
   1.0146153846153843E-02 -1.9174358974358974E-02
   1.0017948717948718E-02 -1.9251282051282053E-02
   9.8256410256410218E-03 -1.9315384615384616E-02
   9.4666666666666666E-03 -1.9430769230769231E-02
   9.3256410256410266E-03 -1.9264102564102565E-02
   9.1205128205128216E-03 -1.9020512820512821E-02
   8.8769230769230739E-03 -1.8751282051282053E-02
   8.6589743589743570E-03 -1.8456410256410257E-02
   8.5564102564102597E-03 -1.8289743589743588E-02
   8.3897435897435906E-03 -1.8007692307692308E-02
   8.0948717948717951E-03 -1.7687179487179489E-02
   8.0179487179487200E-03 -1.7558974358974359E-02
   7.8897435897435936E-03 -1.7097435897435898E-02
   7.5692307692307708E-03 -1.6456410256410259E-02
   7.3641025641025676E-03 -1.6033333333333333E-02
   6.9538461538461507E-03 -1.6135897435897436E-02
   6.7102564102564082E-03 -1.6084615384615385E-02
   6.3256410256410257E-03 -1.5969230769230770E-02
   6.1076923076923088E-03 -1.5969230769230770E-02
   5.8384615384615372E-03 -1.5866666666666668E-02
   5.4923076923076922E-03 -1.5533333333333333E-02
   5.2871794871794872E-03 -1.5199999999999997E-02
   5.2358974358974377E-03 -1.5084615384615382E-02
   4.9923076923076935E-03 -1.5135897435897433E-02
   4.7743589743589748E-03 -1.5225641025641022E-02
   4.5564102564102579E-03 -1.5328205128205126E-02
   4.5307692307692306E-03 -1.5405128205128208E-02
   4.0179487179487182E-03 -1.5174358974358971E-02
   3.7615384615384616E-03 -1.4994871794871795E-02
   3.4282051282051285E-03 -1.4738461538461539E-02
   3.4666666666666669E-03 -1.4610256410256409E-02
   3.5564102564102575E-03 -1.4494871794871795E-02
   3.5692307692307703E-03 -1.4302564102564105E-02
   3.5307692307692310E-03 -1.4161538461538465E-02
   3.4794871794871798E-03 -1.4084615384615388E-02
   3.4153846153846148E-03 -1.3905128205128207E-02
   3.2871794871794867E-03 -1.3687179487179487E-02
   3.0692307692307690E-03 -1.3123076923076923E-02
   3.1076923076923074E-03 -1.2930769230769227E-02
   2.9025641025641024E-03 -1.2623076923076923E-02
   2.4153846153846148E-03 -1.2341025641025643E-02
   2.3512820512820508E-03 -1.2123076923076920E-02
   2.1589743589743595E-03 -1.1815384615384615E-02
   1.8641025641025640E-03 -1.1379487179487177E-02
   1.7743589743589743E-03 -1.0956410256410257E-02
   1.7615384615384615E-03 -1.0700000000000001E-02
   1.7102564102564103E-03 -1.0264102564102564E-02
   1.5051282051282053E-03 -1.0161538461538461E-02
   1.3000000000000004E-03 -1.0058974358974359E-02
   1.1076923076923074E-03 -9.8794871794871796E-03
   9.6666666666666646E-04 -9.7000000000000003E-03
   7.2307692307692307E-04 -9.5461538461538448E-03
   5.3076923076923049E-04 -9.4307692307692304E-03
   3.3846153846153835E-04 -9.1615384615384623E-03
   1.8461538461538507E-04 -8.8666666666666668E-03
  -9.7435897435897614E-05 -8.7256410256410250E-03
  -2.6410256410256414E-04 -8.5589743589743594E-03
  -4.4358974358974347E-04 -8.3410256410256407E-03
  -4.9487179487179471E-04 -8.1871794871794870E-03
  -5.8461538461538481E-04 -7.6615384615384610E-03
  -7.2564102564102572E-04 -7.7384615384615378E-03
  -8.6666666666666706E-04 -7.8282051282051283E-03
  -1.0846153846153848E-03 -7.8410256410256420E-03
  -1.3410256410256410E-03 -7.7384615384615378E-03
  -1.6615384615384617E-03 -7.4692307692307697E-03
  -1.6743589743589745E-03 -7.2384615384615391E-03
  -1.7000000000000001E-03 -6.8025641025641018E-03
  -1.7641025641025640E-03 -6.2897435897435894E-03
  -1.8666666666666669E-03 -5.8666666666666659E-03
  -1.9948717948717947E-03 -5.4692307692307696E-03
  -2.2000000000000001E-03 -4.9564102564102564E-03
  -2.3538461538461538E-03 -4.4307692307692303E-03
  -2.4692307692307696E-03 -3.9051282051282051E-03
  -2.4564102564102568E-03 -3.5717948717948721E-03
  -2.5333333333333336E-03 -3.3282051282051282E-03
  -2.4564102564102568E-03 -3.0205128205128208E-03
  -2.4435897435897439E-03 -2.8282051282051282E-03
  -2.5846153846153849E-03 -2.6615384615384617E-03
  -2.7128205128205130E-03 -2.3794871794871799E-03
  -2.7897435897435898E-03 -1.8666666666666669E-03
  -2.7128205128205130E-03 -1.3923076923076925E-03
  -2.7256410256410258E-03 -1.2256410256410257E-03
  -2.8666666666666667E-03 -1.0333333333333336E-03
  -2.9692307692307691E-03 -8.9230769230769268E-04
  -3.1487179487179489E-03 -4.3076923076923066E-04
  -3.2128205128205130E-03 -3.3333333333333132E-05
  -3.0974358974358977E-03  5.8205128205128173E-04
  -3.1615384615384617E-03  9.1538461538461522E-04
  -3.2512820512820514E-03  1.2487179487179491E-03
  -3.1743589743589745E-03  1.6076923076923078E-03
  -3.1358974358974357E-03  1.8384615384615384E-03
  -3.1487179487179489E-03  2.0692307692307690E-03
  -2.6871794871794873E-03  2.3641025641025636E-03
  -2.7128205128205130E-03  2.5948717948717933E-03
  -2.5717948717948720E-03  2.9153846153846144E-03
  -2.4435897435897439E-03  3.2230769230769227E-03
  -2.3153846153846154E-03  3.4666666666666669E-03
  -2.5076923076923080E-03  3.7230769230769231E-03
  -2.5974358974358977E-03  4.0435897435897438E-03
  -2.5333333333333336E-03  4.3128205128205119E-03
  -2.7000000000000001E-03  4.4794871794871793E-03
  -2.8153846153846154E-03  4.7358974358974373E-03
  -3.0846153846153849E-03  5.1589743589743591E-03
  -2.9179487179487179E-03  5.7358974358974347E-03
  -2.8538461538461539E-03  5.8641025641025645E-03
  -2.8923076923076923E-03  6.0692307692307695E-03
  -2.8666666666666667E-03  6.4282051282051281E-03
  -2.8153846153846154E-03  6.7230769230769202E-03
  -2.8410256410256410E-03  7.1589743589743574E-03
  -2.8923076923076923E-03  7.6205128205128220E-03
  -2.9564102564102563E-03  7.7230769230769245E-03
  -2.8923076923076923E-03  7.8512820512820526E-03
  -2.7769230769230770E-03  8.1076923076923105E-03
  -2.8410256410256410E-03  8.3769230769230752E-03
  -2.9179487179487179E-03  8.6076923076923075E-03
  -3.1230769230769229E-03  8.7743589743589714E-03
  -3.1487179487179489E-03  9.0307692307692346E-03
  -3.1358974358974357E-03  9.2358974358974378E-03
  -3.0589743589743588E-03  9.4025641025641000E-03
  -3.0846153846153849E-03  9.6205128205128203E-03
  -3.1102564102564105E-03  9.9794871794871825E-03
  -3.0076923076923076E-03  1.0300000000000002E-02
  -3.0461538461538464E-03  1.0556410256410258E-02
  -2.9307692307692307E-03  1.0825641025641023E-02
  -2.9307692307692307E-03  1.1094871794871791E-02
  -3.0461538461538464E-03  1.1556410256410255E-02
  -2.9820512820512820E-03  1.1992307692307693E-02
  -2.7769230769230770E-03  1.2453846153846154E-02
  -2.6871794871794873E-03  1.2684615384615386E-02
  -2.5076923076923080E-03  1.3235897435897434E-02
  -2.6615384615384617E-03  1.3530769230769233E-02
  -2.8153846153846154E-03  1.3787179487179486E-02
  -2.8794871794871795E-03  1.4171794871794876E-02
  -2.8153846153846154E-03  1.4582051282051282E-02
  -2.7769230769230770E-03  1.5005128205128207E-02
  -2.6743589743589745E-03  1.5364102564102566E-02
  -2.5974358974358977E-03  1.5710256410256411E-02
  -2.6230769230769233E-03  1.6005128205128203E-02
  -2.4820512820512824E-03  1.6505128205128207E-02
  -2.3538461538461538E-03  1.6748717948717948E-02
  -2.4692307692307696E-03  1.6812820512820514E-02
  -2.3666666666666667E-03  1.7133333333333334E-02
  -2.4307692307692311E-03  1.7517948717948713E-02
  -2.4307692307692311E-03  1.7876923076923075E-02
  -2.4051282051282055E-03  1.8261538461538461E-02
  -2.3666666666666667E-03  1.8569230769230772E-02
  -2.6615384615384617E-03  1.9184615384615387E-02
  -2.7256410256410258E-03  1.9671794871794872E-02
  -2.7128205128205130E-03  2.0184615384615384E-02
  -2.5846153846153849E-03  2.0415384615384613E-02
  -2.4564102564102568E-03  2.0530769230769231E-02
  -2.1615384615384621E-03  2.0646153846153845E-02
  -1.8538461538461541E-03  2.0876923076923078E-02
  -1.6743589743589745E-03  2.1043589743589743E-02
  -1.1487179487179489E-03  2.1158974358974354E-02
  -1.0205128205128208E-03  2.1466666666666672E-02
  -9.0512820512820549E-04  2.1774358974358976E-02
  -7.5128205128205134E-04  2.2030769230769232E-02
  -6.6153846153846167E-04  2.2235897435897437E-02
  -5.0769230769230752E-04  2.2453846153846154E-02
  -2.0000000000000009E-04  2.2787179487179485E-02
   6.9230769230768912E-05  2.2979487179487178E-02
   2.8717948717948711E-04  2.3082051282051281E-02
   5.8205128205128173E-04  2.3505128205128203E-02
   6.7179487179487227E-04  2.3748717948717944E-02
   8.5128205128205117E-04  2.4030769230769231E-02
   1.0948717948717954E-03  2.4171794871794865E-02
   1.3128205128205123E-03  2.4325641025641030E-02
   1.4666666666666660E-03  2.4710256410256412E-02
   1.2871794871794867E-03  2.4825641025641026E-02
   1.1333333333333330E-03  2.4979487179487180E-02
   9.5384615384615365E-04  2.5210256410256409E-02
   9.1538461538461522E-04  2.5466666666666665E-02
   6.8461538461538508E-04  2.5915384615384607E-02
   7.4871794871794869E-04  2.6287179487179482E-02
   8.6410256410256311E-04  2.6543589743589745E-02
   1.2487179487179491E-03  2.6838461538461540E-02
   1.4666666666666660E-03  2.6876923076923069E-02
   1.6846153846153838E-03  2.7069230769230773E-02
   1.8000000000000000E-03  2.7287179487179489E-02
   2.0435897435897433E-03  2.7710256410256411E-02
   2.2743589743589739E-03  2.7787179487179486E-02
   2.6589743589743591E-03  2.7825641025641026E-02
   2.9153846153846144E-03  2.8030769230769231E-02
   3.1589743589743586E-03  2.8364102564102558E-02
   3.2999999999999995E-03  2.8620512820512818E-02
   3.4666666666666669E-03  2.8953846153846156E-02
   3.6974358974358975E-03  2.9223076923076921E-02
   3.8641025641025640E-03  2.9376923076923078E-02
   4.3000000000000000E-03  2.9838461538461536E-02
   4.5564102564102579E-03  3.0030769230769236E-02
   4.6974358974358980E-03  3.0248717948717953E-02
   4.8641025641025654E-03  3.0376923076923072E-02
   4.6974358974358980E-03  3.0441025641025646E-02
   4.5307692307692306E-03  3.0517948717948717E-02
   4.3769230769230769E-03  3.0620512820512820E-02
   4.1846153846153838E-03  3.0787179487179489E-02
   3.9538461538461533E-03  3.0902564102564103E-02
   3.7230769230769231E-03  3.0928205128205127E-02
   3.5820512820512831E-03  3.0838461538461537E-02
   3.4282051282051285E-03  3.0761538461538458E-02
   3.2487179487179492E-03  3.0748717948717946E-02
   3.2487179487179492E-03  3.1094871794871796E-02
   2.8641025641025640E-03  3.1287179487179489E-02
   2.8769230769230768E-03  3.1671794871794869E-02
   2.8769230769230768E-03  3.1953846153846152E-02
   3.0307692307692305E-03  3.2312820512820514E-02
   3.1076923076923074E-03  3.2505128205128200E-02
   3.2999999999999995E-03  3.2569230769230767E-02
   3.6333333333333335E-03  3.2710256410256405E-02
   3.8000000000000000E-03  3.3069230769230767E-02
   4.1333333333333326E-03  3.3235897435897437E-02
   4.5820512820512818E-03  3.3325641025641027E-02
   5.0051282051282054E-03  3.3376923076923075E-02
   5.3000000000000009E-03  3.3517948717948720E-02
   5.5692307692307690E-03  3.3761538461538461E-02
   5.8512820512820526E-03  3.3928205128205130E-02
   6.2230769230769232E-03  3.3992307692307690E-02
   6.5820512820512819E-03  3.4171794871794871E-02
   6.6974358974358963E-03  3.4287179487179485E-02
   7.2615384615384616E-03  3.4415384615384612E-02
   7.6846153846153870E-03  3.4389743589743588E-02
   8.1205128205128225E-03  3.4441025641025642E-02
   8.3000000000000001E-03  3.4569230769230769E-02
   8.5820512820512802E-03  3.4864102564102564E-02
   8.8256410256410227E-03  3.5107692307692312E-02
   9.2871794871794890E-03  3.5338461538461534E-02
   9.5307692307692298E-03  3.5453846153846155E-02
   9.8000000000000014E-03  3.5582051282051282E-02
   1.0069230769230770E-02  3.5748717948717951E-02
   1.0248717948717951E-02  3.6017948717948715E-02
   1.0505128205128209E-02  3.6479487179487180E-02
   1.0787179487179487E-02  3.6594871794871794E-02
   1.0915384615384615E-02  3.6876923076923078E-02
   1.1210256410256412E-02  3.7287179487179481E-02
   1.1428205128205129E-02  3.7594871794871802E-02
   1.1735897435897437E-02  3.8120512820512827E-02
   1.2043589743589741E-02  3.8492307692307687E-02
   1.2312820512820516E-02  3.8671794871794875E-02
   1.2530769230769232E-02  3.8941025641025639E-02
   1.2864102564102564E-02  3.9210256410256411E-02
   1.3235897435897434E-02  3.9338461538461544E-02
   1.3479487179487182E-02  3.9479487179487176E-02
   1.3492307692307694E-02  3.9671794871794862E-02
   1.3633333333333332E-02  3.9915384615384623E-02
   1.3658974358974363E-02  4.0133333333333340E-02
   1.3607692307692308E-02  4.0569230769230774E-02
   1.3748717948717950E-02  4.1094871794871785E-02
   1.4043589743589742E-02  4.1389743589743587E-02
   1.4569230769230770E-02  4.1415384615384618E-02
   1.5005128205128207E-02  4.1441025641025649E-02
   1.5184615384615385E-02  4.1684615384615382E-02
   1.5594871794871795E-02  4.1697435897435894E-02
   1.6082051282051282E-02  4.1697435897435894E-02
   1.6325641025641026E-02  4.1864102564102564E-02
   1.6684615384615385E-02  4.1876923076923082E-02
   1.6992307692307689E-02  4.2082051282051287E-02
   1.7261538461538460E-02  4.2210256410256400E-02
   1.7351282051282051E-02  4.2312820512820516E-02
   1.7158974358974358E-02  4.2569230769230762E-02
   1.6928205128205125E-02  4.2876923076923069E-02
   1.6799999999999999E-02  4.3402564102564108E-02
   1.6825641025641030E-02  4.3774358974358968E-02
   1.7043589743589747E-02  4.4043589743589746E-02
   1.7184615384615385E-02  4.4441025641025637E-02
   1.7376923076923078E-02  4.4941025641025645E-02
   1.7658974358974358E-02  4.5210256410256416E-02
   1.7902564102564102E-02  4.5133333333333345E-02
   1.8223076923076922E-02  4.5005128205128204E-02
   1.8594871794871792E-02  4.4979487179487188E-02
   1.8812820512820513E-02  4.5056410256410245E-02
   1.9453846153846155E-02  4.4979487179487188E-02
   1.9979487179487179E-02  4.4812820512820511E-02
   2.0594871794871794E-02  4.4851282051282040E-02
   2.0607692307692306E-02  4.4953846153846143E-02
   2.0338461538461538E-02  4.5299999999999993E-02
   2.0094871794871794E-02  4.5658974358974369E-02
   2.0107692307692302E-02  4.5915384615384615E-02
   2.0171794871794872E-02  4.6171794871794875E-02
   2.0338461538461538E-02  4.6684615384615373E-02
   2.0453846153846152E-02  4.6915384615384616E-02
   2.0646153846153845E-02  4.7133333333333333E-02
   2.0889743589743586E-02  4.7171794871794862E-02
   2.1146153846153846E-02  4.7312820512820507E-02
   2.1479487179487181E-02  4.7376923076923066E-02
   2.1838461538461543E-02  4.7479487179487169E-02
   2.1915384615384614E-02  4.7517948717948726E-02
   2.2056410256410260E-02  4.7774358974358985E-02
   2.2300000000000000E-02  4.7915384615384603E-02
   2.2530769230769233E-02  4.8082051282051293E-02
   2.2979487179487178E-02  4.8158974358974364E-02
   2.3120512820512824E-02  4.8197435897435907E-02
   2.3402564102564100E-02  4.8197435897435907E-02
   2.3761538461538459E-02  4.8312820512820508E-02
   2.4082051282051278E-02  4.8453846153846153E-02
   2.4274358974358971E-02  4.8582051282051286E-02
   2.4312820512820514E-02  4.8825641025641027E-02
   2.4479487179487187E-02  4.9197435897435908E-02
   2.4569230769230770E-02  4.9389743589743580E-02
   2.4300000000000002E-02  4.9415384615384611E-02
   2.4094871794871797E-02  4.9671794871794871E-02
   2.3915384615384609E-02  4.9889743589743588E-02
   2.3710256410256408E-02  5.0235897435897424E-02
   2.3582051282051278E-02  5.0607692307692305E-02
   2.3569230769230766E-02  5.0851282051282046E-02
   2.3325641025641022E-02  5.1146153846153841E-02
   2.3184615384615383E-02  5.1338461538461541E-02
   2.3299999999999998E-02  5.1633333333333330E-02
   2.3761538461538459E-02  5.2017948717948709E-02
   2.4030769230769231E-02  5.2171794871794866E-02
   2.4530769230769234E-02  5.2453846153846143E-02
   2.4710256410256412E-02  5.2556410256410245E-02
   2.5120512820512822E-02  5.2735897435897447E-02
   2.5723076923076921E-02  5.2889743589743583E-02
   2.6082051282051284E-02  5.2735897435897447E-02
   2.6492307692307693E-02  5.2543589743589747E-02
   2.6928205128205131E-02  5.2364102564102559E-02
   2.7223076923076926E-02  5.2543589743589747E-02
   2.7607692307692309E-02  5.2607692307692314E-02
   2.8184615384615384E-02  5.2569230769230771E-02
   2.8761538461538456E-02  5.2453846153846143E-02
   2.9146153846153842E-02  5.2376923076923071E-02
   2.9735897435897433E-02  5.2133333333333337E-02
   2.9941025641025645E-02  5.2005128205128211E-02
   3.0184615384615379E-02  5.1748717948717944E-02
   3.0351282051282055E-02  5.2069230769230763E-02
   3.0710256410256410E-02  5.2466666666666668E-02
   3.1210256410256411E-02  5.2633333333333331E-02
   3.1517948717948718E-02  5.2633333333333331E-02
   3.1710256410256411E-02  5.2684615384615378E-02
   3.1735897435897435E-02  5.3248717948717952E-02
   3.1864102564102562E-02  5.3594871794871789E-02
   3.2197435897435893E-02  5.3799999999999994E-02
   3.2338461538461538E-02  5.4082051282051284E-02
   3.2620512820512822E-02  5.4274358974358970E-02
   3.2915384615384610E-02  5.4441025641025632E-02
   3.3235897435897437E-02  5.4966666666666671E-02
   3.3351282051282051E-02  5.5235897435897442E-02
   3.3748717948717949E-02  5.5594871794871804E-02
   3.4184615384615383E-02  5.5838461538461538E-02
   3.4671794871794871E-02  5.6005128205128214E-02
   3.5056410256410257E-02  5.6210256410256412E-02
   3.5402564102564101E-02  5.6389743589743586E-02
   3.5761538461538456E-02  5.6658974358974351E-02
   3.6107692307692306E-02  5.7158974358974358E-02
   3.6338461538461535E-02  5.7389743589743587E-02
   3.6864102564102559E-02  5.7338461538461533E-02
   3.7364102564102560E-02  5.7338461538461533E-02
   3.7825641025641017E-02  5.7287179487179478E-02
   3.7966666666666662E-02  5.7402564102564092E-02
   3.8197435897435898E-02  5.7620512820512823E-02
   3.8710256410256404E-02  5.7864102564102571E-02
   3.8979487179487182E-02  5.7992307692307697E-02
   3.9171794871794868E-02  5.8197435897435902E-02
   3.9492307692307688E-02  5.8633333333333336E-02
   3.9761538461538466E-02  5.8825641025641015E-02
   4.0017948717948712E-02  5.8992307692307684E-02
   4.0171794871794883E-02  5.9364102564102551E-02
   4.0441025641025648E-02  5.9620512820512804E-02
   4.0543589743589743E-02  5.9825641025641009E-02
   4.0774358974358979E-02  6.0094871794871794E-02
   4.0915384615384624E-02  6.0274358974358976E-02
   4.1210256410256413E-02  6.0441025641025638E-02
   4.1428205128205130E-02  6.0479487179487181E-02
   4.1825641025641021E-02  6.0364102564102566E-02
   4.2338461538461547E-02  6.0210256410256409E-02
   4.2479487179487178E-02  6.0184615384615371E-02
   4.2556410256410264E-02  6.0338461538461542E-02
   4.2787179487179479E-02  6.0607692307692314E-02
   4.3094871794871800E-02  6.0710256410256409E-02
   4.3184615384615384E-02  6.1043589743589748E-02
   4.3633333333333336E-02  6.1441025641025653E-02
   4.4056410256410258E-02  6.1479487179487168E-02
   4.4351282051282047E-02  6.1594871794871796E-02
   4.4800000000000000E-02  6.1761538461538458E-02
   4.5017948717948716E-02  6.2017948717948725E-02
   4.5582051282051284E-02  6.2376923076923073E-02
   4.5851282051282055E-02  6.2723076923076937E-02
   4.6261538461538465E-02  6.2787179487179490E-02
   4.6441025641025639E-02  6.2928205128205142E-02
   4.6646153846153844E-02  6.3223076923076924E-02
   4.6966666666666664E-02  6.3543589743589757E-02
   4.7389743589743578E-02  6.3787179487179491E-02
   4.7787179487179497E-02  6.4030769230769238E-02
   4.8120512820512822E-02  6.4235897435897443E-02
   4.8428205128205122E-02  6.4428205128205129E-02
   4.8812820512820515E-02  6.4633333333333334E-02
   4.9005128205128208E-02  6.4941025641025649E-02
   4.9235897435897423E-02  6.5082051282051287E-02
   4.9761538461538461E-02  6.4966666666666673E-02
   4.9915384615384618E-02  6.5094871794871792E-02
   5.0223076923076926E-02  6.5376923076923082E-02
   5.0402564102564100E-02  6.5479487179487178E-02
   5.0453846153846155E-02  6.5761538461538468E-02
   5.0735897435897431E-02  6.6005128205128216E-02
   5.1017948717948708E-02  6.6158974358974360E-02
   5.1299999999999998E-02  6.6261538461538469E-02
   5.1556410256410244E-02  6.6351282051282046E-02
   5.1787179487179487E-02  6.6389743589743588E-02
   5.2235897435897440E-02  6.6402564102564107E-02
   5.2505128205128211E-02  6.6646153846153855E-02
   5.3043589743589754E-02  6.6941025641025650E-02
   5.3453846153846157E-02  6.7184615384615384E-02
   5.3812820512820506E-02  6.7402564102564108E-02
   5.3966666666666670E-02  6.7492307692307699E-02
   5.4274358974358970E-02  6.7428205128205132E-02
   5.4594871794871790E-02  6.7428205128205132E-02
   5.4825641025641032E-02  6.7582051282051289E-02
   5.5248717948717947E-02  6.7774358974358989E-02
   5.5376923076923074E-02  6.7825641025641023E-02
   5.5646153846153852E-02  6.8030769230769228E-02
   5.5992307692307682E-02  6.8274358974358976E-02
   5.6287179487179491E-02  6.8287179487179495E-02
   5.6620512820512822E-02  6.8415384615384628E-02
   5.6928205128205130E-02  6.8556410256410266E-02
   5.7351282051282045E-02  6.8851282051282062E-02
   5.7825641025641028E-02  6.9171794871794881E-02
   5.8223076923076933E-02  6.9441025641025653E-02
   5.8530769230769233E-02  6.9684615384615400E-02
   5.8838461538461541E-02  6.9697435897435905E-02
   5.9082051282051275E-02  6.9646153846153858E-02
   5.9543589743589732E-02  6.9915384615384615E-02
   5.9415384615384599E-02  7.0171794871794868E-02
   5.9633333333333337E-02  7.0338461538461544E-02
   5.9889743589743590E-02  7.0658974358974364E-02
   6.0146153846153842E-02  7.0774358974358978E-02
   6.0479487179487181E-02  7.1056410256410268E-02
   6.0876923076923072E-02  7.1158974358974364E-02
   6.1210256410256410E-02  7.1235897435897436E-02
   6.1479487179487168E-02  7.1428205128205136E-02
   6.1825641025641025E-02  7.1530769230769245E-02
   6.2107692307692301E-02  7.1517948717948726E-02
   6.2171794871794868E-02  7.1530769230769245E-02
   6.2402564102564097E-02  7.2017948717948727E-02
   6.2633333333333346E-02  7.2223076923076931E-02
   6.2876923076923080E-02  7.2530769230769232E-02
   6.3069230769230780E-02  7.2697435897435894E-02
   6.3210256410256419E-02  7.2723076923076932E-02
   6.3441025641025647E-02  7.3017948717948727E-02
   6.3787179487179491E-02  7.3197435897435909E-02
   6.4248717948717948E-02  7.3056410256410270E-02
   6.4633333333333334E-02  7.2876923076923075E-02
   6.4966666666666673E-02  7.2761538461538461E-02
   6.5274358974358973E-02  7.2992307692307704E-02
   6.5710256410256407E-02  7.3300000000000004E-02
   6.6005128205128216E-02  7.3402564102564113E-02
   6.6505128205128217E-02  7.3543589743589752E-02
   6.6992307692307698E-02  7.3517948717948714E-02
   6.7325641025641036E-02  7.3556410256410257E-02
   6.7697435897435904E-02  7.3633333333333342E-02
   6.7992307692307699E-02  7.3723076923076919E-02
   6.8376923076923085E-02  7.3928205128205138E-02
   6.8825641025641038E-02  7.4146153846153848E-02
   6.9171794871794881E-02  7.4300000000000005E-02
   6.9441025641025653E-02  7.4620512820512824E-02
   6.9697435897435905E-02  7.4787179487179486E-02
   6.9928205128205134E-02  7.4876923076923077E-02
   7.0171794871794868E-02  7.4851282051282053E-02
   7.0402564102564111E-02  7.4902564102564115E-02
   7.0620512820512821E-02  7.5005128205128210E-02
   7.1158974358974364E-02  7.5338461538461549E-02
   7.1223076923076931E-02  7.5582051282051296E-02
   7.1582051282051293E-02  7.5928205128205140E-02
   7.1825641025641027E-02  7.6017948717948730E-02
   7.2248717948717955E-02  7.6171794871794887E-02
   7.2710256410256413E-02  7.6312820512820512E-02
   7.3082051282051280E-02  7.6441025641025645E-02
   7.3633333333333342E-02  7.6517948717948717E-02
   7.4146153846153848E-02  7.6543589743589754E-02
   7.4697435897435910E-02  7.6607692307692321E-02
   7.5158974358974368E-02  7.6543589743589754E-02
   7.5543589743589754E-02  7.6415384615384621E-02
   7.5928205128205140E-02  7.6210256410256416E-02
   7.6338461538461549E-02  7.5928205128205140E-02
   7.6492307692307693E-02  7.5774358974358982E-02
   7.6517948717948717E-02  7.6479487179487188E-02
   7.6761538461538464E-02  7.6812820512820526E-02
   7.7094871794871803E-02  7.7300000000000008E-02
   7.7376923076923065E-02  7.7735897435897441E-02
   7.7620512820512827E-02  7.8082051282051299E-02
   7.8005128205128213E-02  7.8338461538461537E-02
   7.8325641025641032E-02  7.8376923076923066E-02
   7.8825641025641019E-02  7.8453846153846166E-02
   7.9312820512820514E-02  7.8453846153846166E-02
   7.9646153846153853E-02  7.8492307692307695E-02
   7.9953846153846167E-02  7.8556410256410289E-02
   8.0338461538461525E-02  7.8671794871794876E-02
   8.0723076923076939E-02  7.8633333333333347E-02
   8.1146153846153840E-02  7.8723076923076937E-02
   8.1556410256410278E-02  7.8800000000000023E-02
   8.1864102564102578E-02  7.8915384615384623E-02
   8.2364102564102579E-02  7.9056410256410248E-02
   8.2851282051282046E-02  7.9120512820512828E-02
   8.3056410256410251E-02  7.9338461538461552E-02
   8.3197435897435931E-02  7.9517948717948719E-02
   8.3646153846153856E-02  7.9697435897435887E-02
   8.4133333333333324E-02  7.9979487179487191E-02
   8.4543589743589734E-02  7.9992307692307696E-02
   8.5043589743589748E-02  7.9979487179487191E-02
   8.5569230769230772E-02  7.9825641025641020E-02
   8.5941025641025640E-02  7.9774358974358986E-02
   8.6223076923076916E-02  7.9658974358974344E-02
   8.6953846153846159E-02  7.9364102564102576E-02
   8.7441025641025669E-02  7.9248717948717948E-02
   8.8017948717948727E-02  7.9197435897435928E-02
   8.8351282051282065E-02  7.9094871794871804E-02
   8.8941025641025628E-02  7.9030769230769252E-02
   8.9389743589743581E-02  7.8902564102564104E-02
   8.9825641025641015E-02  7.8825641025641019E-02
   9.0248717948717957E-02  7.8966666666666671E-02
   9.0633333333333316E-02  7.9017948717948705E-02
   9.0992307692307733E-02  7.9094871794871804E-02
   9.1364102564102573E-02  7.9133333333333347E-02
   9.1453846153846149E-02  7.9158974358974385E-02
   9.1710256410256430E-02  7.9402564102564119E-02
   9.2005128205128212E-02  7.9607692307692310E-02
   9.2184615384615393E-02  7.9953846153846167E-02
   9.2402564102564103E-02  8.0158974358974372E-02
   9.2466666666666711E-02  8.0325641025641034E-02
   9.2825641025641031E-02  8.0299999999999983E-02
   9.3274358974358984E-02  8.0312820512820529E-02
   9.3979487179487176E-02  8.0351282051282058E-02
   9.4530769230769238E-02  8.0338461538461525E-02
   9.5325641025641034E-02  8.0248717948717949E-02
   9.5915384615384638E-02  8.0184615384615396E-02
   9.8530769230769200E-02  8.0594871794871806E-02
   0.1003897435897436      8.1299999999999997E-02
   0.1021205128205128      8.1800000000000012E-02
   0.1038641025641026      8.2274358974358988E-02
   0.1056461538461539      8.2684615384615398E-02
   0.1061461538461539      8.3248717948717951E-02
   0.1063128205128205      8.3723076923076928E-02
   0.1066846153846154      8.4210256410256423E-02
   0.1068384615384615      8.4415384615384628E-02
   0.1072102564102564      8.4620512820512833E-02
   0.1078128205128205      8.4607692307692314E-02
   0.1079025641025641      8.4620512820512833E-02
   0.1080051282051282      8.4812820512820519E-02
   0.1081589743589744      8.5171794871794868E-02
   0.1083000000000000      8.5453846153846158E-02
   0.1085564102564103      8.5569230769230772E-02
   0.1088769230769231      8.5582051282051264E-02
   0.1090820512820513      8.5607692307692315E-02
   0.1092358974358974      8.5723076923076943E-02
   0.1094538461538461      8.5915384615384657E-02
   0.1097102564102564      8.6056410256410268E-02
   0.1100179487179487      8.6082051282051292E-02
   0.1105051282051282      8.5966666666666677E-02
   0.1109538461538462      8.5800000000000015E-02
   0.1112743589743590      8.5543589743589735E-02
   0.1116974358974359      8.5197435897435905E-02
   0.1119410256410256      8.4710256410256396E-02
   0.1130435897435898      8.5005128205128205E-02
   0.1143769230769231      8.5094871794871796E-02
   0.1160948717948718      8.5569230769230772E-02
   0.1162102564102564      8.5915384615384657E-02
   0.1164666666666667      8.6094871794871811E-02
   0.1168384615384615      8.6171794871794868E-02
   0.1168641025641026      8.6274358974358978E-02
   0.1169666666666667      8.6607692307692316E-02
   0.1172743589743590      8.7171794871794883E-02
   0.1174025641025641      8.7453846153846146E-02
   0.1175307692307692      8.7620512820512822E-02
   0.1179666666666667      8.7851282051282051E-02
   0.1182487179487179      8.7825641025641027E-02
   0.1187743589743590      8.7812820512820522E-02
   0.1193256410256410      8.7735897435897423E-02
   0.1195307692307692      8.8133333333333327E-02
   0.1197871794871795      8.8453846153846161E-02
   0.1200307692307692      8.8723076923076946E-02
   0.1202871794871795      8.8953846153846175E-02
   0.1206846153846154      8.9248717948717957E-02
   0.1210820512820513      8.9402564102564114E-02
   0.1215307692307692      8.9466666666666680E-02
   0.1217358974358974      8.9594871794871814E-02
   0.1223897435897436      8.9364102564102585E-02
   0.1230435897435897      8.8838461538461547E-02
   0.1235948717948718      8.8479487179487212E-02
   0.1241846153846154      8.8107692307692290E-02
   0.1245948717948718      8.7915384615384631E-02
   0.1247743589743590      8.7864102564102556E-02
