   9.5607692307692310E-02 -4.6635897435897446E-02
   9.5671794871794863E-02 -4.6841025641025651E-02
   9.5774358974358986E-02 -4.7058974358974368E-02
   9.5889743589743601E-02 -4.7353846153846156E-02
   9.5953846153846140E-02 -4.7571794871794873E-02
   9.5966666666666672E-02 -4.7725641025641030E-02
   9.6005128205128215E-02 -4.7943589743589747E-02
   9.5941025641025635E-02 -4.8084615384615385E-02
   9.5800000000000010E-02 -4.8148717948717952E-02
   9.5620512820512829E-02 -4.8187179487179481E-02
   9.5402564102564105E-02 -4.8353846153846157E-02
   9.5235897435897471E-02 -4.8623076923076922E-02
   9.5120512820512829E-02 -4.8892307692307693E-02
   9.4915384615384624E-02 -4.9366666666666670E-02
   9.4697435897435886E-02 -4.9623076923076923E-02
   9.4223076923076909E-02 -4.9648717948717946E-02
   9.4017948717948704E-02 -4.9558974358974349E-02
   9.4005128205128227E-02 -4.9456410256410246E-02
   9.3941025641025647E-02 -4.9200000000000001E-02
   9.3787179487179476E-02 -4.8956410256410267E-02
   9.3607692307692322E-02 -4.8764102564102567E-02
   9.3312820512820513E-02 -4.8469230769230771E-02
   9.3146153846153837E-02 -4.8225641025641024E-02
   9.3005128205128212E-02 -4.8020512820512826E-02
   9.2800000000000007E-02 -4.7661538461538464E-02
   9.2684615384615407E-02 -4.7315384615384627E-02
   9.2492307692307693E-02 -4.6956410256410265E-02
   9.2428205128205140E-02 -4.6687179487179487E-02
   9.2299999999999993E-02 -4.6417948717948715E-02
   9.2005128205128212E-02 -4.6276923076923084E-02
   9.1774358974358983E-02 -4.6161538461538469E-02
   9.1633333333333372E-02 -4.6353846153846155E-02
   9.1517948717948730E-02 -4.6648717948717944E-02
   9.1402564102564129E-02 -4.6905128205128203E-02
   9.1261538461538450E-02 -4.7225641025641023E-02
   9.1146153846153849E-02 -4.7417948717948730E-02
   9.0992307692307733E-02 -4.7635897435897433E-02
   9.0838461538461562E-02 -4.7687179487179487E-02
   9.0658974358974354E-02 -4.7789743589743590E-02
   9.0441025641025657E-02 -4.7802564102564109E-02
   9.0274358974358981E-02 -4.7623076923076928E-02
   9.0158974358974395E-02 -4.7417948717948730E-02
   9.0261538461538449E-02 -4.7174358974358982E-02
   9.0389743589743582E-02 -4.6828205128205118E-02
   9.0428205128205111E-02 -4.6546153846153841E-02
   9.0402564102564129E-02 -4.6366666666666667E-02
   9.0389743589743582E-02 -4.6212820512820510E-02
   9.0158974358974395E-02 -4.6084615384615384E-02
   9.0069230769230776E-02 -4.6033333333333336E-02
   8.9992307692307719E-02 -4.6046153846153848E-02
   8.9735897435897438E-02 -4.6174358974358981E-02
   8.9441025641025643E-02 -4.6392307692307684E-02
   8.9261538461538475E-02 -4.6366666666666667E-02
   8.8953846153846175E-02 -4.6315384615384612E-02
   8.8658974358974366E-02 -4.6199999999999998E-02
   8.8415384615384618E-02 -4.6084615384615384E-02
   8.8171794871794884E-02 -4.5982051282051281E-02
   8.7941025641025627E-02 -4.5892307692307691E-02
   8.7723076923076931E-02 -4.5866666666666660E-02
   8.7428205128205164E-02 -4.5943589743589745E-02
   8.7287179487179498E-02 -4.5930769230769233E-02
   8.7056410256410241E-02 -4.5802564102564107E-02
   8.6838461538461559E-02 -4.5661538461538462E-02
   8.6594871794871825E-02 -4.5597435897435902E-02
   8.6466666666666678E-02 -4.5866666666666660E-02
   8.6043589743589749E-02 -4.6058974358974367E-02
   8.5876923076923087E-02 -4.6238461538461541E-02
   8.5723076923076943E-02 -4.6469230769230770E-02
   8.5633333333333339E-02 -4.6687179487179487E-02
   8.5492307692307701E-02 -4.6982051282051282E-02
   8.5261538461538472E-02 -4.7353846153846156E-02
   8.5133333333333325E-02 -4.7610256410256402E-02
   8.5030769230769243E-02 -4.7853846153846163E-02
   8.4979487179487168E-02 -4.7994871794871795E-02
   8.4876923076923114E-02 -4.8123076923076928E-02
   8.4723076923076943E-02 -4.8392307692307700E-02
   8.4479487179487209E-02 -4.8507692307692300E-02
   8.4184615384615386E-02 -4.8482051282051290E-02
   8.3992307692307699E-02 -4.8417948717948717E-02
   8.3697435897435890E-02 -4.8264102564102566E-02
   8.3505128205128218E-02 -4.8200000000000000E-02
   8.3287179487179494E-02 -4.7969230769230764E-02
   8.3261538461538484E-02 -4.7700000000000006E-02
   8.3171794871794880E-02 -4.7443589743589747E-02
   8.2979487179487180E-02 -4.7084615384615384E-02
   8.2889743589743603E-02 -4.6866666666666661E-02
   8.2748717948717951E-02 -4.6558974358974360E-02
   8.2646153846153855E-02 -4.6264102564102565E-02
   8.2556410256410293E-02 -4.6046153846153848E-02
   8.2428205128205118E-02 -4.5751282051282045E-02
   8.2312820512820517E-02 -4.5469230769230769E-02
   8.2223076923076913E-02 -4.5084615384615383E-02
   8.2133333333333336E-02 -4.4725641025641028E-02
   8.2056410256410264E-02 -4.4430769230769239E-02
   8.1800000000000012E-02 -4.4315384615384625E-02
   8.1697435897435916E-02 -4.4482051282051287E-02
   8.1569230769230769E-02 -4.4776923076923089E-02
   8.1415384615384626E-02 -4.5135897435897437E-02
   8.1338461538461526E-02 -4.5379487179487185E-02
   8.1299999999999997E-02 -4.5571794871794871E-02
   8.1197435897435902E-02 -4.5725641025641028E-02
   8.1030769230769240E-02 -4.5776923076923076E-02
   8.0723076923076939E-02 -4.5828205128205131E-02
   8.0517948717948734E-02 -4.5853846153846148E-02
   8.0325641025641034E-02 -4.5815384615384619E-02
   8.0171794871794877E-02 -4.5725641025641028E-02
   8.0056410256410249E-02 -4.5417948717948714E-02
   7.9979487179487191E-02 -4.5174358974358980E-02
   7.9915384615384624E-02 -4.4982051282051287E-02
   7.9787179487179491E-02 -4.5123076923076925E-02
   7.9620512820512815E-02 -4.5392307692307697E-02
   7.9338461538461552E-02 -4.5687179487179486E-02
   7.9107692307692309E-02 -4.6084615384615384E-02
   7.8915384615384623E-02 -4.6225641025641022E-02
   7.8671794871794876E-02 -4.6341025641025643E-02
   7.8223076923076909E-02 -4.6469230769230770E-02
   7.7902564102564104E-02 -4.6533333333333343E-02
   7.8082051282051299E-02 -4.6379487179487186E-02
   7.8223076923076909E-02 -4.6071794871794865E-02
   7.7979487179487161E-02 -4.5930769230769233E-02
   7.7723076923076923E-02 -4.5725641025641028E-02
   7.7466666666666684E-02 -4.5469230769230769E-02
   7.7158974358974369E-02 -4.5341025641025642E-02
   7.6889743589743598E-02 -4.5264102564102564E-02
   7.6543589743589754E-02 -4.5212820512820509E-02
   7.6248717948717959E-02 -4.5058974358974366E-02
   7.6069230769230778E-02 -4.4700000000000004E-02
   7.6094871794871802E-02 -4.4341025641025641E-02
   7.6210256410256416E-02 -4.3866666666666658E-02
   7.6274358974358983E-02 -4.3610256410256412E-02
   7.6248717948717959E-02 -4.3379487179487183E-02
   7.6082051282051283E-02 -4.3392307692307695E-02
   7.5902564102564102E-02 -4.3635897435897443E-02
   7.5800000000000006E-02 -4.3841025641025648E-02
   7.5543589743589754E-02 -4.4430769230769239E-02
   7.5428205128205125E-02 -4.4789743589743601E-02
   7.5376923076923091E-02 -4.5212820512820509E-02
   7.5312820512820525E-02 -4.5379487179487185E-02
   7.5107692307692320E-02 -4.5417948717948714E-02
   7.4825641025641029E-02 -4.5597435897435902E-02
   7.4633333333333343E-02 -4.5725641025641028E-02
   7.4364102564102558E-02 -4.5828205128205131E-02
   7.4171794871794872E-02 -4.5892307692307691E-02
   7.3915384615384619E-02 -4.6058974358974367E-02
   7.3902564102564114E-02 -4.6302564102564100E-02
   7.3748717948717957E-02 -4.6405128205128203E-02
   7.3594871794871800E-02 -4.6469230769230770E-02
   7.3274358974358980E-02 -4.6520512820512817E-02
   7.2979487179487185E-02 -4.6417948717948715E-02
   7.2633333333333341E-02 -4.6264102564102565E-02
   7.2235897435897437E-02 -4.6097435897435896E-02
   7.1889743589743593E-02 -4.5892307692307691E-02
   7.1530769230769245E-02 -4.5584615384615383E-02
   7.1287179487179497E-02 -4.5251282051282052E-02
   7.1235897435897436E-02 -4.4969230769230761E-02
   7.1274358974358978E-02 -4.4661538461538461E-02
   7.1261538461538473E-02 -4.4187179487179477E-02
   7.1325641025641040E-02 -4.3751282051282044E-02
   7.1261538461538473E-02 -4.3443589743589743E-02
   7.1184615384615388E-02 -4.3084615384615388E-02
   7.1043589743589750E-02 -4.2789743589743585E-02
   7.0928205128205135E-02 -4.2558974358974370E-02
   7.0825641025641026E-02 -4.2341025641025647E-02
   7.0800000000000002E-02 -4.2610256410256411E-02
   7.0723076923076930E-02 -4.2994871794871804E-02
   7.0582051282051278E-02 -4.3366666666666664E-02
   7.0312820512820520E-02 -4.3674358974358972E-02
   6.9992307692307701E-02 -4.4058974358974365E-02
   6.9723076923076929E-02 -4.4225641025641020E-02
   6.9505128205128205E-02 -4.4456410256410256E-02
   6.9274358974358977E-02 -4.4943589743589744E-02
   6.9171794871794881E-02 -4.5187179487179478E-02
   6.9069230769230772E-02 -4.5302564102564107E-02
   6.8812820512820519E-02 -4.5379487179487185E-02
   6.8505128205128205E-02 -4.5225641025641021E-02
   6.8069230769230771E-02 -4.4905128205128202E-02
   6.7684615384615385E-02 -4.4533333333333328E-02
   6.7133333333333350E-02 -4.4046153846153846E-02
   6.6735897435897445E-02 -4.3802564102564105E-02
   6.6364102564102564E-02 -4.3533333333333327E-02
   6.6197435897435902E-02 -4.3225641025641019E-02
   6.5761538461538468E-02 -4.2994871794871804E-02
   6.5620512820512830E-02 -4.2571794871794882E-02
   6.5761538461538468E-02 -4.2187179487179483E-02
   6.5941025641025650E-02 -4.1853846153846151E-02
   6.6171794871794878E-02 -4.1558974358974356E-02
   6.6312820512820517E-02 -4.1405128205128205E-02
   6.6415384615384626E-02 -4.1200000000000001E-02
   6.6248717948717964E-02 -4.1405128205128205E-02
   6.5953846153846155E-02 -4.1623076923076929E-02
   6.5671794871794878E-02 -4.1905128205128206E-02
   6.5402564102564106E-02 -4.2212820512820513E-02
   6.5248717948717963E-02 -4.2610256410256411E-02
   6.5299999999999997E-02 -4.3046153846153845E-02
   6.5325641025641035E-02 -4.3546153846153839E-02
   6.5415384615384625E-02 -4.4097435897435894E-02
   6.5428205128205144E-02 -4.4366666666666665E-02
   6.5402564102564106E-02 -4.4482051282051287E-02
   6.5184615384615396E-02 -4.4520512820512829E-02
   6.4723076923076925E-02 -4.4520512820512829E-02
   6.4235897435897443E-02 -4.4430769230769239E-02
   6.3941025641025648E-02 -4.4328205128205123E-02
   6.3594871794871791E-02 -4.4148717948717962E-02
   6.3325641025641033E-02 -4.3828205128205129E-02
   6.3120512820512828E-02 -4.3520512820512829E-02
   6.2941025641025647E-02 -4.3058974358974357E-02
   6.2889743589743599E-02 -4.2661538461538466E-02
   6.3158974358974357E-02 -4.2046153846153851E-02
   6.3312820512820528E-02 -4.1815384615384615E-02
   6.3838461538461538E-02 -4.1469230769230772E-02
   6.3992307692307696E-02 -4.1135897435897434E-02
   6.4158974358974372E-02 -4.0853846153846157E-02
   6.4056410256410262E-02 -4.1058974358974362E-02
   6.3825641025641033E-02 -4.1443589743589741E-02
   6.3517948717948733E-02 -4.1841025641025646E-02
   6.3133333333333347E-02 -4.2264102564102561E-02
   6.3005128205128214E-02 -4.2417948717948718E-02
   6.2812820512820514E-02 -4.2866666666666671E-02
   6.2620512820512828E-02 -4.3302564102564105E-02
   6.2351282051282049E-02 -4.3802564102564105E-02
   6.2376923076923073E-02 -4.4264102564102563E-02
   6.2223076923076930E-02 -4.4469230769230768E-02
   6.1864102564102567E-02 -4.4405128205128201E-02
   6.1684615384615386E-02 -4.4302564102564099E-02
   6.1453846153846158E-02 -4.4058974358974365E-02
   6.1261538461538458E-02 -4.3879487179487177E-02
   6.0966666666666662E-02 -4.3674358974358972E-02
   6.0620512820512819E-02 -4.3417948717948726E-02
   6.0274358974358976E-02 -4.2956410256410255E-02
   6.0184615384615371E-02 -4.2764102564102568E-02
   6.0223076923076914E-02 -4.2379487179487182E-02
   6.0146153846153842E-02 -4.2546153846153845E-02
   5.9941025641025637E-02 -4.3071794871794876E-02
   5.9787179487179480E-02 -4.3251282051282050E-02
   5.9492307692307685E-02 -4.3443589743589743E-02
   5.9107692307692306E-02 -4.3353846153846153E-02
   5.8671794871794865E-02 -4.3135897435897436E-02
   5.8325641025641035E-02 -4.2815384615384616E-02
   5.7966666666666659E-02 -4.2597435897435899E-02
   5.7607692307692297E-02 -4.2123076923076923E-02
   5.7479487179487178E-02 -4.1674358974358977E-02
   5.7338461538461533E-02 -4.1225641025641024E-02
   5.7158974358974358E-02 -4.1212820512820512E-02
   5.6902564102564113E-02 -4.1353846153846151E-02
   5.6582051282051279E-02 -4.1417948717948717E-02
   5.6364102564102549E-02 -4.1507692307692308E-02
   5.6017948717948712E-02 -4.1289743589743591E-02
   5.5800000000000009E-02 -4.1161538461538465E-02
   5.5402564102564104E-02 -4.0943589743589741E-02
   5.5325641025641033E-02 -4.0546153846153850E-02
   5.5402564102564104E-02 -4.0084615384615385E-02
   5.5338461538461531E-02 -3.9905128205128204E-02
   5.5171794871794869E-02 -4.0071794871794866E-02
   5.4966666666666671E-02 -4.0379487179487174E-02
   5.4928205128205135E-02 -4.0866666666666669E-02
   5.4723076923076937E-02 -4.1097435897435898E-02
   5.4517948717948732E-02 -4.1187179487179489E-02
   5.4158974358974356E-02 -4.1200000000000001E-02
   5.3774358974358963E-02 -4.1020512820512819E-02
   5.4017948717948724E-02 -4.0725641025641024E-02
   5.4005128205128212E-02 -4.0187179487179488E-02
   5.4146153846153830E-02 -3.9802564102564102E-02
   5.4261538461538458E-02 -3.9469230769230770E-02
   5.4351282051282042E-02 -3.9097435897435896E-02
   5.4107692307692322E-02 -3.9187179487179487E-02
   5.3851282051282048E-02 -3.9648717948717951E-02
   5.3646153846153850E-02 -4.0315384615384614E-02
   5.3505128205128205E-02 -4.0648717948717952E-02
   5.3274358974358983E-02 -4.0879487179487181E-02
   5.2902564102564109E-02 -4.0764102564102567E-02
   5.2723076923076921E-02 -4.0789743589743591E-02
   5.2582051282051276E-02 -4.0917948717948717E-02
   5.2338461538461542E-02 -4.1097435897435898E-02
   5.1953846153846149E-02 -4.1123076923076922E-02
   5.1569230769230770E-02 -4.1033333333333331E-02
   5.1043589743589739E-02 -4.0789743589743591E-02
   4.8966666666666665E-02 -4.0571794871794874E-02
   4.8658974358974358E-02 -4.0392307692307693E-02
   4.8364102564102569E-02 -4.0174358974358969E-02
   4.8158974358974364E-02 -3.9905128205128204E-02
   4.8043589743589750E-02 -3.9558974358974361E-02
   4.7915384615384603E-02 -3.9276923076923077E-02
   4.7838461538461531E-02 -3.9097435897435896E-02
   4.7684615384615374E-02 -3.8969230769230770E-02
   4.7466666666666664E-02 -3.8635897435897439E-02
   4.7210256410256404E-02 -3.8366666666666667E-02
   4.7017948717948718E-02 -3.8058974358974360E-02
   4.6838461538461544E-02 -3.7712820512820516E-02
   4.6530769230769223E-02 -3.7033333333333335E-02
   4.6594871794871796E-02 -3.6584615384615382E-02
   4.6428205128205120E-02 -3.6892307692307690E-02
   4.6543589743589742E-02 -3.7507692307692311E-02
   4.6338461538461537E-02 -3.7930769230769233E-02
   4.6146153846153837E-02 -3.8251282051282053E-02
   4.5864102564102567E-02 -3.8571794871794872E-02
   4.5620512820512826E-02 -3.8661538461538462E-02
   4.5402564102564109E-02 -3.8738461538461541E-02
   4.5184615384615379E-02 -3.8853846153846155E-02
   4.4864102564102566E-02 -3.8905128205128203E-02
   4.4607692307692307E-02 -3.8828205128205132E-02
   4.4300000000000006E-02 -3.8712820512820510E-02
   4.4017948717948716E-02 -3.8584615384615384E-02
   4.3723076923076927E-02 -3.8456410256410258E-02
   4.3428205128205132E-02 -3.8302564102564100E-02
   4.3338461538461548E-02 -3.8212820512820517E-02
   4.2953846153846155E-02 -3.8071794871794871E-02
   4.2607692307692305E-02 -3.7917948717948721E-02
   4.2312820512820516E-02 -3.7725641025641028E-02
   4.2120512820512816E-02 -3.7546153846153847E-02
   4.1902564102564099E-02 -3.7251282051282052E-02
   4.1556410256410263E-02 -3.7046153846153847E-02
   4.1325641025641027E-02 -3.6764102564102563E-02
   4.1120512820512829E-02 -3.6469230769230768E-02
   4.1005128205128208E-02 -3.6135897435897436E-02
   4.0710256410256405E-02 -3.6046153846153846E-02
   4.0325641025641026E-02 -3.5982051282051279E-02
   3.9979487179487183E-02 -3.5879487179487177E-02
   3.9582051282051278E-02 -3.5841025641025641E-02
   3.9376923076923073E-02 -3.5776923076923074E-02
   3.9107692307692309E-02 -3.5661538461538460E-02
   3.8735897435897435E-02 -3.5533333333333333E-02
   3.8607692307692301E-02 -3.5456410256410255E-02
   3.8415384615384615E-02 -3.5212820512820514E-02
   3.8338461538461543E-02 -3.5033333333333333E-02
   3.8056410256410267E-02 -3.5071794871794876E-02
   3.7530769230769236E-02 -3.5135897435897435E-02
   3.7300000000000000E-02 -3.5046153846153852E-02
   3.7082051282051283E-02 -3.4943589743589749E-02
   3.6812820512820511E-02 -3.4776923076923073E-02
   3.6607692307692306E-02 -3.4546153846153851E-02
   3.6556410256410259E-02 -3.4507692307692309E-02
   3.6312820512820511E-02 -3.4469230769230766E-02
   3.6017948717948715E-02 -3.4558974358974356E-02
   3.5710256410256408E-02 -3.4533333333333339E-02
   3.5441025641025636E-02 -3.4494871794871797E-02
   3.5069230769230769E-02 -3.4264102564102561E-02
   3.4607692307692305E-02 -3.4058974358974356E-02
   3.4248717948717949E-02 -3.3905128205128206E-02
   3.3838461538461539E-02 -3.3712820512820513E-02
   3.3492307692307689E-02 -3.3507692307692308E-02
   3.3030769230769232E-02 -3.3430769230769229E-02
   3.2543589743589743E-02 -3.3264102564102567E-02
   3.2158974358974357E-02 -3.3097435897435905E-02
   3.1761538461538459E-02 -3.2905128205128205E-02
   3.1415384615384616E-02 -3.2725641025641024E-02
   3.1184615384615387E-02 -3.2571794871794867E-02
   3.1005128205128206E-02 -3.2341025641025638E-02
   3.0748717948717946E-02 -3.2302564102564102E-02
   3.0364102564102567E-02 -3.2276923076923078E-02
   3.0094871794871796E-02 -3.2276923076923078E-02
   2.9723076923076928E-02 -3.2161538461538464E-02
   2.9441025641025638E-02 -3.2058974358974361E-02
   2.9069230769230771E-02 -3.1892307692307692E-02
   2.8735897435897433E-02 -3.1674358974358975E-02
   2.8466666666666661E-02 -3.1430769230769234E-02
   2.8146153846153842E-02 -3.1123076923076927E-02
   2.7864102564102565E-02 -3.0879487179487190E-02
   2.7671794871794872E-02 -3.0623076923076920E-02
   2.7594871794871793E-02 -3.0623076923076920E-02
   2.7415384615384616E-02 -3.0597435897435896E-02
   2.7158974358974360E-02 -3.0507692307692316E-02
   2.6723076923076926E-02 -3.0123076923076923E-02
   2.6582051282051287E-02 -3.0007692307692308E-02
   2.6287179487179482E-02 -2.9661538461538461E-02
   2.6107692307692314E-02 -2.9405128205128205E-02
   2.5851282051282044E-02 -2.9058974358974362E-02
   2.5402564102564102E-02 -2.8776923076923082E-02
   2.5043589743589743E-02 -2.8456410256410256E-02
   2.4992307692307692E-02 -2.8456410256410256E-02
   2.4748717948717951E-02 -2.8648717948717952E-02
   2.4453846153846156E-02 -2.8751282051282055E-02
   2.4248717948717951E-02 -2.8802564102564106E-02
   2.4158974358974364E-02 -2.8969230769230771E-02
   2.4171794871794865E-02 -2.9302564102564110E-02
   2.4261538461538470E-02 -2.9674358974358973E-02
   2.4428205128205132E-02 -3.0058974358974359E-02
   2.4569230769230770E-02 -3.0405128205128213E-02
   2.4594871794871798E-02 -3.0699999999999998E-02
   2.4517948717948719E-02 -3.0905128205128207E-02
   2.4261538461538470E-02 -3.1007692307692302E-02
   2.3825641025641022E-02 -3.0969230769230766E-02
   2.3530769230769234E-02 -3.0815384615384619E-02
   2.3223076923076923E-02 -3.0674358974358974E-02
   2.2953846153846151E-02 -3.0469230769230766E-02
   2.2774358974358973E-02 -3.0328205128205128E-02
   2.2684615384615379E-02 -3.0135897435897434E-02
   2.2800000000000001E-02 -2.9879487179487178E-02
   2.2851282051282056E-02 -2.9635897435897438E-02
   2.2646153846153840E-02 -2.9725641025641025E-02
   2.2389743589743591E-02 -2.9956410256410257E-02
   2.2107692307692311E-02 -3.0071794871794871E-02
   2.1928205128205130E-02 -3.0174358974358974E-02
   2.1582051282051283E-02 -2.9969230769230769E-02
   2.1299999999999999E-02 -2.9828205128205127E-02
   2.0941025641025637E-02 -2.9751282051282052E-02
   2.0620512820512825E-02 -2.9687179487179489E-02
   2.0287179487179487E-02 -2.9430769230769233E-02
   2.0056410256410258E-02 -2.9097435897435901E-02
   2.0287179487179487E-02 -2.8879487179487184E-02
   2.0428205128205128E-02 -2.8648717948717952E-02
   2.0646153846153845E-02 -2.8276923076923074E-02
   2.0530769230769231E-02 -2.7905128205128204E-02
   2.0338461538461538E-02 -2.7546153846153845E-02
   2.0133333333333333E-02 -2.7123076923076923E-02
   1.9966666666666667E-02 -2.6789743589743592E-02
   1.9799999999999998E-02 -2.6584615384615387E-02
   1.9517948717948722E-02 -2.6469230769230769E-02
   1.9261538461538462E-02 -2.6533333333333336E-02
   1.9030769230769233E-02 -2.6520512820512820E-02
   1.8735897435897438E-02 -2.6302564102564104E-02
   1.8517948717948721E-02 -2.5969230769230776E-02
   1.8120512820512819E-02 -2.5815384615384622E-02
   1.8069230769230768E-02 -2.5584615384615383E-02
   1.7902564102564102E-02 -2.5276923076923079E-02
   1.7723076923076921E-02 -2.5084615384615382E-02
   1.7838461538461532E-02 -2.4815384615384614E-02
   1.7582051282051283E-02 -2.4635897435897437E-02
   1.7300000000000003E-02 -2.4520512820512822E-02
   1.7056410256410255E-02 -2.4443589743589744E-02
   1.6787179487179480E-02 -2.4328205128205129E-02
   1.6505128205128207E-02 -2.4148717948717948E-02
   1.6325641025641026E-02 -2.3866666666666665E-02
   1.6069230769230770E-02 -2.3751282051282054E-02
   1.5851282051282049E-02 -2.3507692307692302E-02
   1.5556410256410259E-02 -2.3328205128205135E-02
   1.5261538461538464E-02 -2.3405128205128200E-02
   1.4979487179487183E-02 -2.3507692307692302E-02
   1.4684615384615385E-02 -2.3533333333333337E-02
   1.4094871794871794E-02 -2.3405128205128200E-02
   1.3825641025641025E-02 -2.3482051282051285E-02
   1.3517948717948718E-02 -2.3584615384615388E-02
   1.3325641025641028E-02 -2.3712820512820518E-02
   1.3120512820512820E-02 -2.3751282051282054E-02
   1.2735897435897437E-02 -2.3635897435897439E-02
   1.2415384615384618E-02 -2.3494871794871801E-02
   1.2107692307692311E-02 -2.3353846153846149E-02
   1.1812820512820512E-02 -2.3353846153846149E-02
   1.1376923076923078E-02 -2.3302564102564101E-02
   1.1107692307692310E-02 -2.3341025641025644E-02
   1.0787179487179487E-02 -2.3379487179487186E-02
   1.0376923076923077E-02 -2.3212820512820514E-02
   9.9538461538461569E-03 -2.2982051282051282E-02
   9.7743589743589775E-03 -2.2828205128205128E-02
   9.9025641025641056E-03 -2.2635897435897435E-02
   1.0030769230769234E-02 -2.2366666666666667E-02
   9.9410256410256397E-03 -2.2033333333333335E-02
   9.9025641025641056E-03 -2.1828205128205130E-02
   1.0094871794871792E-02 -2.1558974358974359E-02
   1.0197435897435896E-02 -2.1187179487179485E-02
   1.0158974358974360E-02 -2.0751282051282054E-02
   1.0158974358974360E-02 -2.0597435897435897E-02
   1.0017948717948718E-02 -2.0199999999999999E-02
   1.0017948717948718E-02 -2.0084615384615385E-02
   9.5307692307692298E-03 -1.9789743589743589E-02
   9.0307692307692346E-03 -1.9533333333333333E-02
   8.8769230769230739E-03 -1.9494871794871794E-02
   8.5435897435897443E-03 -1.9443589743589743E-02
   8.2743589743589710E-03 -1.9328205128205132E-02
   7.8769230769230782E-03 -1.9097435897435899E-02
   7.6076923076923049E-03 -1.8853846153846152E-02
   7.2999999999999992E-03 -1.8456410256410257E-02
   7.0820512820512806E-03 -1.8187179487179482E-02
   6.9666666666666679E-03 -1.7994871794871792E-02
   6.8512820512820517E-03 -1.7751282051282055E-02
   6.5692307692307699E-03 -1.7482051282051284E-02
   6.2358974358974351E-03 -1.7315384615384618E-02
   5.7230769230769210E-03 -1.7084615384615386E-02
   5.1589743589743591E-03 -1.6956410256410259E-02
   4.6461538461538467E-03 -1.6853846153846153E-02
   4.2487179487179505E-03 -1.6674358974358979E-02
   3.8769230769230769E-03 -1.6482051282051283E-02
   3.5820512820512831E-03 -1.6302564102564109E-02
   3.2999999999999995E-03 -1.5982051282051282E-02
   2.9410256410256409E-03 -1.5302564102564106E-02
   2.6076923076923078E-03 -1.4853846153846155E-02
   2.8641025641025640E-03 -1.4751282051282051E-02
   3.0948717948717946E-03 -1.4610256410256409E-02
   2.9282051282051272E-03 -1.4482051282051281E-02
   2.7487179487179487E-03 -1.4546153846153846E-02
   2.5435897435897438E-03 -1.4571794871794870E-02
   2.0948717948717946E-03 -1.4584615384615383E-02
   1.7230769230769231E-03 -1.4494871794871795E-02
   1.4410256410256404E-03 -1.4199999999999999E-02
   1.2230769230769235E-03 -1.4161538461538465E-02
   9.0256410256410241E-04 -1.4071794871794873E-02
   6.9743589743589745E-04 -1.3789743589743589E-02
   4.5384615384615364E-04 -1.3482051282051280E-02
   5.1282051282048637E-06 -1.3302564102564104E-02
  -7.6923076923075123E-06 -1.3469230769230770E-02
  -7.6923076923075123E-06 -1.3661538461538459E-02
  -1.4871794871794885E-04 -1.3841025641025640E-02
  -4.0512820512820505E-04 -1.3738461538461538E-02
  -6.2307692307692368E-04 -1.3699999999999999E-02
  -9.0512820512820549E-04 -1.3571794871794872E-02
  -1.1358974358974361E-03 -1.3328205128205125E-02
  -1.3282051282051284E-03 -1.2879487179487175E-02
  -1.2256410256410257E-03 -1.2558974358974359E-02
  -1.2384615384615385E-03 -1.1917948717948717E-02
  -1.0333333333333336E-03 -1.1494871794871795E-02
  -8.7948717948717987E-04 -1.1007692307692309E-02
  -7.2564102564102572E-04 -1.0661538461538462E-02
  -5.3333333333333314E-04 -1.0187179487179487E-02
  -2.8974358974358976E-04 -1.0212820512820513E-02
  -5.8974358974359185E-05 -1.0443589743589745E-02
   2.3589743589743587E-04 -1.0366666666666668E-02
   5.1794871794871812E-04 -1.0097435897435898E-02
   6.8461538461538508E-04 -9.9307692307692309E-03
   5.5641025641025611E-04 -9.8153846153846147E-03
   3.6410256410256353E-04 -9.7384615384615379E-03
   1.8461538461538507E-04 -9.6487179487179491E-03
   9.4871794871794531E-05 -9.5076923076923073E-03
  -7.6923076923075123E-06 -9.3153846153846143E-03
   5.6410256410256102E-05 -9.0974358974358974E-03
  -1.3589743589743648E-04 -8.8282051282051292E-03
  -3.1538461538461494E-04 -8.4692307692307688E-03
  -3.5384615384615381E-04 -8.2384615384615383E-03
  -4.6923076923076953E-04 -8.0717948717948726E-03
  -6.7435897435897448E-04 -7.7384615384615378E-03
  -8.5384615384615425E-04 -7.4820512820512816E-03
  -9.3076923076923111E-04 -7.3153846153846160E-03
  -1.0461538461538464E-03 -7.1871794871794879E-03
  -1.3410256410256410E-03 -6.9307692307692308E-03
  -1.3538461538461538E-03 -6.8794871794871787E-03
  -1.4692307692307693E-03 -6.5717948717948730E-03
  -1.5205128205128208E-03 -6.2256410256410263E-03
  -1.5846153846153848E-03 -5.9948717948717948E-03
  -1.7000000000000001E-03 -5.7897435897435907E-03
  -1.9051282051282053E-03 -5.5846153846153858E-03
  -2.0205128205128204E-03 -5.4307692307692303E-03
  -2.1615384615384621E-03 -5.1615384615384622E-03
  -2.5846153846153849E-03 -4.8538461538461539E-03
  -2.6871794871794873E-03 -4.6487179487179489E-03
  -2.6871794871794873E-03 -4.4179487179487175E-03
  -2.6102564102564105E-03 -4.1230769230769229E-03
  -2.6743589743589745E-03 -3.9307692307692307E-03
  -2.9307692307692307E-03 -3.7512820512820514E-03
  -2.9820512820512820E-03 -3.7128205128205130E-03
  -3.0205128205128208E-03 -3.5974358974358977E-03
  -3.0717948717948721E-03 -3.3666666666666667E-03
  -3.1871794871794873E-03 -3.0461538461538464E-03
  -3.2128205128205130E-03 -2.7512820512820514E-03
  -3.1487179487179489E-03 -2.5461538461538464E-03
  -3.0461538461538464E-03 -2.1743589743589745E-03
  -3.0461538461538464E-03 -1.8666666666666669E-03
  -3.0333333333333336E-03 -1.5974358974358974E-03
  -3.0461538461538464E-03 -1.4307692307692309E-03
  -3.1358974358974357E-03 -1.2128205128205129E-03
  -3.2128205128205130E-03 -9.5641025641025673E-04
  -3.2384615384615381E-03 -6.3589743589743649E-04
  -3.2256410256410258E-03 -3.4102564102564056E-04
  -3.1358974358974357E-03 -3.3333333333333132E-05
  -2.9692307692307691E-03  3.7692307692307634E-04
  -2.9564102564102563E-03  8.3846153846153836E-04
  -3.1487179487179489E-03  1.2358974358974355E-03
  -3.1230769230769229E-03  1.5948717948717933E-03
  -3.0461538461538464E-03  1.9538461538461537E-03
  -3.1230769230769229E-03  2.1589743589743595E-03
  -3.1358974358974357E-03  2.4410256410256404E-03
  -3.1615384615384617E-03  2.8128205128205128E-03
  -3.2769230769230774E-03  3.0692307692307690E-03
  -3.3025641025641026E-03  3.2358974358974364E-03
  -3.2384615384615381E-03  3.6205128205128207E-03
  -3.0974358974358977E-03  3.8384615384615384E-03
  -3.0974358974358977E-03  4.4025641025641025E-03
  -3.0205128205128208E-03  4.6974358974358980E-03
  -2.8923076923076923E-03  5.1461538461538454E-03
  -2.8410256410256410E-03  5.2615384615384616E-03
  -3.0717948717948721E-03  5.5307692307692297E-03
  -3.2641025641025642E-03  5.7615384615384620E-03
  -3.3538461538461539E-03  5.9666666666666670E-03
  -3.5333333333333336E-03  6.2615384615384625E-03
  -3.6615384615384617E-03  6.6205128205128212E-03
  -3.5461538461538464E-03  6.7871794871794868E-03
  -3.4179487179487184E-03  7.1333333333333318E-03
  -3.3282051282051282E-03  7.4666666666666683E-03
  -3.4179487179487184E-03  7.5820512820512810E-03
  -3.6487179487179489E-03  7.8641025641025680E-03
  -3.9948717948717957E-03  8.0820512820512797E-03
  -4.1230769230769229E-03  8.2615384615384608E-03
  -4.0974358974358973E-03  8.6205128205128195E-03
  -4.0205128205128204E-03  9.0307692307692346E-03
  -4.0461538461538469E-03  9.3128205128205129E-03
  -4.1871794871794869E-03  9.5948717948717965E-03
  -4.2384615384615382E-03  9.9410256410256397E-03
  -4.2128205128205126E-03  1.0338461538461538E-02
  -4.1230769230769229E-03  1.0684615384615384E-02
  -4.0076923076923076E-03  1.1043589743589740E-02
  -3.9179487179487179E-03  1.1274358974358977E-02
  -3.6615384615384617E-03  1.1556410256410255E-02
  -3.6358974358974365E-03  1.1607692307692307E-02
  -3.7384615384615386E-03  1.1889743589743590E-02
  -3.9051282051282051E-03  1.2184615384615384E-02
  -4.3025641025641031E-03  1.2479487179487181E-02
  -4.2641025641025638E-03  1.2671794871794874E-02
  -4.2128205128205126E-03  1.3017948717948718E-02
  -4.0076923076923076E-03  1.3517948717948718E-02
  -3.6743589743589745E-03  1.3800000000000002E-02
  -3.5461538461538464E-03  1.3992307692307691E-02
  -3.3538461538461539E-03  1.4479487179487180E-02
  -3.2256410256410258E-03  1.4748717948717951E-02
  -3.2000000000000002E-03  1.5274358974358975E-02
  -3.1487179487179489E-03  1.5466666666666668E-02
  -2.9948717948717952E-03  1.5620512820512822E-02
  -3.2128205128205130E-03  1.5825641025641029E-02
  -3.4307692307692312E-03  1.5992307692307688E-02
  -3.5333333333333336E-03  1.6184615384615384E-02
  -3.5333333333333336E-03  1.6492307692307692E-02
  -3.5846153846153849E-03  1.6748717948717948E-02
  -3.6615384615384617E-03  1.7094871794871798E-02
  -3.8282051282051283E-03  1.7325641025641027E-02
  -3.9948717948717957E-03  1.7569230769230771E-02
  -3.9435897435897435E-03  1.7953846153846154E-02
  -3.4435897435897440E-03  1.8171794871794870E-02
  -3.1487179487179489E-03  1.8364102564102560E-02
  -2.8282051282051282E-03  1.8607692307692308E-02
  -2.7384615384615386E-03  1.8889743589743584E-02
  -2.6615384615384617E-03  1.9261538461538462E-02
  -2.4692307692307696E-03  1.9710256410256411E-02
  -2.3025641025641026E-03  1.9889743589743592E-02
  -2.3282051282051282E-03  2.0184615384615384E-02
  -2.2384615384615386E-03  2.0505128205128204E-02
  -1.9051282051282053E-03  2.1107692307692303E-02
  -1.5589743589743592E-03  2.1441025641025638E-02
  -1.0205128205128208E-03  2.1979487179487181E-02
  -8.6666666666666706E-04  2.2171794871794871E-02
  -7.3846153846153853E-04  2.2466666666666663E-02
  -6.7435897435897448E-04  2.2607692307692308E-02
  -6.1025641025641087E-04  2.2787179487179485E-02
  -4.6923076923076953E-04  2.3184615384615383E-02
  -4.8205128205128190E-04  2.3505128205128203E-02
  -5.3333333333333314E-04  2.4005128205128210E-02
  -6.4871794871794886E-04  2.4210256410256419E-02
  -6.8717948717948729E-04  2.4492307692307685E-02
  -5.7179487179487200E-04  2.4953846153846149E-02
  -2.5128205128205176E-04  2.5158974358974358E-02
   4.3589743589743293E-05  2.5582051282051280E-02
   6.0769230769230735E-04  2.5671794871794870E-02
   9.4102564102564084E-04  2.5748717948717945E-02
   1.3128205128205123E-03  2.5723076923076921E-02
   1.4025641025641029E-03  2.5928205128205126E-02
   1.7358974358974359E-03  2.6299999999999997E-02
   1.8256410256410256E-03  2.6376923076923083E-02
   2.1333333333333339E-03  2.6530769230769240E-02
   2.2615384615384602E-03  2.6825641025641028E-02
   2.3897435897435892E-03  2.7300000000000001E-02
   2.4794871794871789E-03  2.7505128205128206E-02
   2.6974358974358975E-03  2.7697435897435896E-02
   3.1589743589743586E-03  2.7966666666666664E-02
   3.6205128205128207E-03  2.8274358974358968E-02
   3.9025641025641025E-03  2.8530769230769235E-02
   4.2230769230769231E-03  2.8838461538461535E-02
   4.5179487179487186E-03  2.9133333333333331E-02
   4.7230769230769236E-03  2.9389743589743590E-02
   4.9666666666666678E-03  2.9748717948717945E-02
   5.0564102564102566E-03  2.9889743589743591E-02
   4.8128205128205124E-03  3.0005128205128205E-02
   4.4666666666666674E-03  3.0030769230769236E-02
   4.3512820512820512E-03  3.0184615384615379E-02
   4.4923076923076930E-03  3.1069230769230766E-02
   4.7743589743589748E-03  3.1671794871794869E-02
   5.0179487179487173E-03  3.2120512820512821E-02
   5.3128205128205128E-03  3.2428205128205129E-02
   5.4666666666666665E-03  3.2556410256410255E-02
   5.4282051282051273E-03  3.2799999999999996E-02
   5.2743589743589735E-03  3.3043589743589744E-02
   5.1589743589743591E-03  3.3312820512820515E-02
   5.2358974358974377E-03  3.3633333333333335E-02
   5.2743589743589735E-03  3.4094871794871792E-02
   5.7743589743589740E-03  3.4069230769230768E-02
   6.1717948717948719E-03  3.3941025641025642E-02
   6.4666666666666674E-03  3.3864102564102563E-02
   6.5692307692307699E-03  3.4107692307692304E-02
   6.7358974358974338E-03  3.4197435897435895E-02
   6.6076923076923092E-03  3.4453846153846154E-02
   6.4410256410256436E-03  3.4748717948717950E-02
   6.4666666666666674E-03  3.5069230769230769E-02
   6.7358974358974338E-03  3.5556410256410251E-02
   7.0435897435897447E-03  3.5838461538461541E-02
   7.3384615384615385E-03  3.5941025641025644E-02
   7.8512820512820526E-03  3.5825641025641029E-02
   8.4794871794871777E-03  3.5697435897435896E-02
   8.6076923076923075E-03  3.5812820512820510E-02
   8.9538461538461508E-03  3.6069230769230770E-02
   9.2487179487179497E-03  3.6082051282051275E-02
   9.4923076923076940E-03  3.6133333333333337E-02
   9.6333333333333340E-03  3.6376923076923078E-02
   9.9153846153846158E-03  3.6735897435897433E-02
   1.0287179487179486E-02  3.7017948717948716E-02
   1.0492307692307691E-02  3.7287179487179481E-02
   1.0607692307692309E-02  3.7389743589743583E-02
   1.0812820512820511E-02  3.7402564102564102E-02
   1.1082051282051282E-02  3.7825641025641017E-02
   1.1158974358974361E-02  3.7992307692307679E-02
   1.1017948717948716E-02  3.8274358974358970E-02
   1.0799999999999999E-02  3.8505128205128199E-02
   1.0735897435897436E-02  3.8915384615384623E-02
   1.0748717948717948E-02  3.9248717948717940E-02
   1.0633333333333333E-02  3.9735897435897435E-02
   1.0864102564102564E-02  4.0274358974358972E-02
   1.1223076923076926E-02  4.0633333333333334E-02
   1.1556410256410255E-02  4.0787179487179477E-02
   1.2210256410256413E-02  4.0748717948717948E-02
   1.2633333333333335E-02  4.0735897435897436E-02
   1.3043589743589741E-02  4.0800000000000010E-02
   1.3415384615384612E-02  4.1056410256410256E-02
   1.3851282051282053E-02  4.1107692307692310E-02
   1.4453846153846152E-02  4.1223076923076925E-02
   1.4876923076923078E-02  4.1158974358974358E-02
   1.5351282051282054E-02  4.0992307692307682E-02
   1.5620512820512822E-02  4.0825641025641020E-02
   1.5774358974358974E-02  4.0864102564102563E-02
   1.5941025641025640E-02  4.1017948717948713E-02
   1.6146153846153845E-02  4.1453846153846147E-02
   1.6299999999999999E-02  4.1825641025641021E-02
   1.6607692307692313E-02  4.2415384615384605E-02
   1.6774358974358972E-02  4.2761538461538469E-02
   1.7017948717948719E-02  4.3338461538461548E-02
   1.7146153846153842E-02  4.3633333333333336E-02
   1.7569230769230771E-02  4.4223076923076921E-02
   1.7864102564102563E-02  4.4428205128205119E-02
   1.8364102564102560E-02  4.4530769230769235E-02
   1.8825641025641032E-02  4.4607692307692307E-02
   1.9505128205128206E-02  4.4620512820512812E-02
   2.0107692307692302E-02  4.4530769230769235E-02
   2.0299999999999999E-02  4.4697435897435897E-02
   2.0530769230769231E-02  4.5056410256410245E-02
   2.0748717948717948E-02  4.5543589743589748E-02
   2.1146153846153846E-02  4.5799999999999987E-02
   2.1441025641025638E-02  4.6453846153846151E-02
   2.1569230769230775E-02  4.6864102564102561E-02
   2.1594871794871785E-02  4.7235897435897435E-02
   2.1402564102564102E-02  4.7671794871794869E-02
   2.1825641025641027E-02  4.8312820512820508E-02
   2.2261538461538465E-02  4.8620512820512829E-02
   2.2530769230769233E-02  4.8748717948717941E-02
   2.2966666666666666E-02  4.8607692307692310E-02
   2.3299999999999998E-02  4.8569230769230767E-02
   2.3838461538461544E-02  4.8607692307692310E-02
   2.4825641025641026E-02  4.8415384615384624E-02
   2.5428205128205126E-02  4.8364102564102569E-02
   2.5697435897435894E-02  4.8300000000000010E-02
   2.5992307692307690E-02  4.8697435897435887E-02
   2.6043589743589741E-02  4.8838461538461532E-02
   2.6043589743589741E-02  4.9171794871794863E-02
   2.6223076923076918E-02  4.9671794871794871E-02
   2.6428205128205137E-02  5.0107692307692304E-02
   2.6684615384615386E-02  5.0415384615384612E-02
   2.7043589743589745E-02  5.0992307692307691E-02
   2.7184615384615377E-02  5.1287179487179486E-02
   2.7197435897435899E-02  5.1505128205128203E-02
   2.7082051282051274E-02  5.1761538461538463E-02
   2.7171794871794875E-02  5.2235897435897440E-02
   2.7351282051282053E-02  5.2441025641025645E-02
   2.7748717948717947E-02  5.2787179487179481E-02
   2.8120512820512825E-02  5.2992307692307679E-02
   2.8402564102564101E-02  5.2992307692307679E-02
   2.8902564102564109E-02  5.2953846153846150E-02
   2.9235897435897433E-02  5.2928205128205126E-02
   2.9594871794871795E-02  5.3082051282051283E-02
   2.9787179487179488E-02  5.3120512820512826E-02
   3.0107692307692308E-02  5.3274358974358983E-02
   3.0428205128205127E-02  5.3594871794871789E-02
   3.1210256410256411E-02  5.3851282051282048E-02
   3.1620512820512821E-02  5.4210256410256411E-02
   3.2017948717948719E-02  5.4287179487179489E-02
   3.2248717948717955E-02  5.4274358974358970E-02
   3.2697435897435893E-02  5.4210256410256411E-02
   3.2992307692307696E-02  5.4646153846153851E-02
   3.3300000000000003E-02  5.4953846153846166E-02
   3.3658974358974358E-02  5.5120512820512814E-02
   3.3774358974358973E-02  5.5210256410256404E-02
   3.3902564102564099E-02  5.5287179487179490E-02
   3.4338461538461540E-02  5.5402564102564104E-02
   3.4646153846153847E-02  5.5684615384615381E-02
   3.4915384615384612E-02  5.5992307692307682E-02
   3.5197435897435896E-02  5.6248717948717948E-02
   3.5428205128205131E-02  5.6466666666666665E-02
   3.5825641025641029E-02  5.6941025641025628E-02
   3.6171794871794873E-02  5.7184615384615389E-02
   3.6441025641025644E-02  5.7492307692307690E-02
   3.6812820512820511E-02  5.7594871794871792E-02
   3.7146153846153843E-02  5.7710256410256407E-02
   3.7466666666666662E-02  5.7607692307692297E-02
   3.7876923076923065E-02  5.7825641025641028E-02
   3.8210256410256410E-02  5.8094871794871800E-02
   3.8543589743589741E-02  5.8287179487179493E-02
   3.8800000000000008E-02  5.8300000000000005E-02
   3.9338461538461544E-02  5.8364102564102564E-02
   3.9838461538461538E-02  5.8723076923076926E-02
   4.0094871794871784E-02  5.8992307692307684E-02
   4.0415384615384617E-02  5.9428205128205132E-02
   4.0671794871794863E-02  5.9825641025641009E-02
   4.0966666666666665E-02  6.0030769230769228E-02
   4.1312820512820515E-02  6.0146153846153842E-02
   4.1723076923076925E-02  6.0235897435897433E-02
   4.1761538461538468E-02  6.0505128205128204E-02
   4.1979487179487185E-02  6.0902564102564095E-02
   4.2223076923076919E-02  6.1261538461538458E-02
   4.2633333333333322E-02  6.1492307692307686E-02
   4.3082051282051288E-02  6.1876923076923072E-02
   4.3646153846153848E-02  6.2017948717948725E-02
   4.4300000000000006E-02  6.1941025641025639E-02
   4.4787179487179481E-02  6.1889743589743591E-02
   4.5158974358974348E-02  6.1992307692307687E-02
   4.5466666666666676E-02  6.2223076923076930E-02
   4.5774358974358983E-02  6.2594871794871804E-02
   4.6248717948717946E-02  6.2992307692307695E-02
   4.6800000000000001E-02  6.3351282051282057E-02
   4.7235897435897435E-02  6.3812820512820514E-02
   4.7441025641025640E-02  6.4287179487179491E-02
   4.7671794871794869E-02  6.4620512820512829E-02
   4.8069230769230774E-02  6.4761538461538468E-02
   4.8415384615384624E-02  6.4992307692307696E-02
   4.8774358974358972E-02  6.5197435897435901E-02
   4.9094871794871792E-02  6.5312820512820516E-02
   4.9184615384615382E-02  6.6043589743589759E-02
   4.9607692307692311E-02  6.6466666666666674E-02
   4.9992307692307690E-02  6.6838461538461541E-02
   5.0594871794871800E-02  6.6941025641025650E-02
   5.1017948717948708E-02  6.7043589743589746E-02
   5.1633333333333330E-02  6.7325641025641036E-02
   5.2069230769230763E-02  6.7620512820512818E-02
   5.2646153846153849E-02  6.7646153846153856E-02
   5.3107692307692307E-02  6.7607692307692313E-02
   5.3210256410256410E-02  6.7812820512820518E-02
   5.3479487179487188E-02  6.8364102564102566E-02
   5.3864102564102567E-02  6.8800000000000014E-02
   5.4312820512820513E-02  6.8928205128205133E-02
   5.4928205128205135E-02  6.8774358974358976E-02
   5.5466666666666671E-02  6.8710256410256410E-02
   5.5761538461538453E-02  6.8658974358974362E-02
   5.6030769230769224E-02  6.8812820512820519E-02
   5.6146153846153846E-02  6.8787179487179495E-02
   5.6287179487179491E-02  6.8953846153846157E-02
   5.6505128205128194E-02  6.9082051282051291E-02
   5.6902564102564113E-02  6.9171794871794881E-02
   5.7158974358974358E-02  6.9171794871794881E-02
   5.7299999999999990E-02  6.9210256410256424E-02
   5.7697435897435895E-02  6.9146153846153843E-02
   5.8005128205128202E-02  6.9082051282051291E-02
   5.8223076923076933E-02  6.8992307692307700E-02
   5.8569230769230769E-02  6.8928205128205133E-02
   5.8825641025641015E-02  6.9171794871794881E-02
   5.8787179487179486E-02  6.9415384615384629E-02
   5.8812820512820510E-02  6.9620512820512834E-02
   5.8838461538461541E-02  7.0030769230769244E-02
   5.8992307692307684E-02  7.0325641025641039E-02
   5.9107692307692306E-02  7.0761538461538459E-02
   5.9402564102564108E-02  7.1107692307692316E-02
   5.9658974358974361E-02  7.1287179487179497E-02
   6.0030769230769228E-02  7.1351282051282064E-02
   6.0428205128205119E-02  7.1300000000000002E-02
   6.1017948717948724E-02  7.1364102564102569E-02
   6.0992307692307700E-02  7.1607692307692317E-02
   6.1171794871794867E-02  7.1915384615384617E-02
   6.1505128205128205E-02  7.2184615384615389E-02
   6.1915384615384615E-02  7.2479487179487184E-02
   6.2133333333333325E-02  7.2607692307692318E-02
   6.2505128205128213E-02  7.2761538461538461E-02
   6.2812820512820514E-02  7.2812820512820522E-02
   6.3184615384615381E-02  7.2710256410256413E-02
   6.3658974358974371E-02  7.2620512820512836E-02
   6.4005128205128214E-02  7.2620512820512836E-02
   6.4351282051282058E-02  7.2389743589743594E-02
   6.4774358974358986E-02  7.2056410256410255E-02
   6.5235897435897444E-02  7.1710256410256412E-02
   6.5389743589743601E-02  7.1274358974358978E-02
   6.5556410256410264E-02  7.0902564102564111E-02
   6.6056410256410264E-02  7.0838461538461545E-02
   6.6530769230769241E-02  7.0607692307692316E-02
   6.6902564102564108E-02  7.0235897435897449E-02
   6.6274358974358988E-02  7.1069230769230773E-02
   6.6338461538461541E-02  7.1453846153846159E-02
   6.6428205128205131E-02  7.1979487179487184E-02
   6.6646153846153855E-02  7.2607692307692318E-02
   6.6864102564102579E-02  7.3056410256410270E-02
   6.7107692307692313E-02  7.3415384615384618E-02
   6.7210256410256408E-02  7.3530769230769233E-02
   6.7441025641025651E-02  7.3800000000000004E-02
   6.7735897435897446E-02  7.4107692307692319E-02
   6.7966666666666675E-02  7.4261538461538476E-02
   6.8223076923076928E-02  7.4274358974358981E-02
   6.8735897435897447E-02  7.4248717948717957E-02
   6.9441025641025653E-02  7.4235897435897438E-02
   6.9992307692307701E-02  7.4223076923076933E-02
   7.0043589743589749E-02  7.4197435897435896E-02
   7.0582051282051278E-02  7.4223076923076933E-02
   7.1210256410256412E-02  7.4210256410256414E-02
   7.1710256410256412E-02  7.4261538461538476E-02
   7.2274358974358979E-02  7.4248717948717957E-02
   7.2774358974358980E-02  7.4325641025641043E-02
   7.2812820512820522E-02  7.4620512820512824E-02
   7.3171794871794871E-02  7.4876923076923077E-02
   7.3633333333333342E-02  7.4825641025641029E-02
   7.4030769230769233E-02  7.4864102564102572E-02
   7.4287179487179500E-02  7.5389743589743596E-02
   7.4479487179487186E-02  7.5517948717948730E-02
   7.5261538461538463E-02  7.5466666666666668E-02
   7.5953846153846163E-02  7.5235897435897439E-02
   7.6492307692307693E-02  7.5146153846153863E-02
   7.7197435897435898E-02  7.4915384615384620E-02
   7.7582051282051270E-02  7.4748717948717958E-02
   7.7941025641025632E-02  7.4671794871794886E-02
   7.8492307692307695E-02  7.5005128205128210E-02
   7.9223076923076910E-02  7.5171794871794886E-02
   7.9864102564102549E-02  7.5569230769230777E-02
   8.0171794871794877E-02  7.5761538461538477E-02
   8.0389743589743601E-02  7.5992307692307706E-02
   8.0684615384615396E-02  7.6133333333333345E-02
   8.1017948717948721E-02  7.6300000000000007E-02
   8.1364102564102578E-02  7.6582051282051283E-02
   8.1671794871794878E-02  7.6851282051282069E-02
   8.2171794871794865E-02  7.7184615384615393E-02
   8.2607692307692313E-02  7.7389743589743598E-02
   8.3107692307692313E-02  7.7364102564102574E-02
   8.3441025641025665E-02  7.7364102564102574E-02
   8.4030769230769270E-02  7.7364102564102574E-02
   8.4530769230769229E-02  7.7312820512820513E-02
   8.4812820512820519E-02  7.7338461538461536E-02
   8.5171794871794868E-02  7.7479487179487189E-02
   8.5492307692307701E-02  7.7492307692307708E-02
   8.6094871794871811E-02  7.7492307692307708E-02
   8.6505128205128221E-02  7.7620512820512827E-02
   8.6979487179487183E-02  7.7787179487179503E-02
   8.7389743589743593E-02  7.7915384615384650E-02
   8.7825641025641027E-02  7.8056410256410261E-02
   8.8223076923076932E-02  7.8094871794871804E-02
   8.8415384615384618E-02  7.8223076923076909E-02
   8.9133333333333328E-02  7.8530769230769237E-02
   8.9646153846153848E-02  7.8992307692307723E-02
   9.0120512820512824E-02  7.9415384615384610E-02
   9.0556410256410300E-02  7.9633333333333362E-02
   9.0928205128205139E-02  7.9710256410256419E-02
   9.1556410256410259E-02  7.9658974358974344E-02
   9.2530769230769236E-02  7.9607692307692310E-02
   9.3005128205128212E-02  7.9479487179487190E-02
   9.3351282051282083E-02  7.9453846153846139E-02
   9.3774358974358971E-02  7.9633333333333362E-02
   9.3979487179487176E-02  7.9902564102564091E-02
   9.4556410256410262E-02  8.0082051282051300E-02
   9.5389743589743600E-02  8.0338461538461525E-02
   9.6030769230769239E-02  8.0364102564102577E-02
   9.6710256410256448E-02  8.0415384615384625E-02
   9.7812820512820503E-02  8.0646153846153854E-02
   9.8851282051282005E-02  8.0697435897435887E-02
   9.9684615384615399E-02  8.1017948717948721E-02
   0.1004153846153846      8.1312820512820544E-02
   0.1019538461538462      8.1876923076923083E-02
   0.1029153846153846      8.2094871794871807E-02
   0.1033128205128205      8.2351282051282046E-02
   0.1035948717948718      8.2556410256410293E-02
   0.1039538461538461      8.2646153846153855E-02
   0.1042102564102564      8.2748717948717951E-02
   0.1045051282051282      8.2812820512820504E-02
   0.1048512820512820      8.2953846153846197E-02
   0.1051333333333333      8.3005128205128217E-02
   0.1053128205128205      8.3043589743589760E-02
   0.1054025641025641      8.3338461538461542E-02
   0.1055820512820513      8.3466666666666689E-02
   0.1058256410256410      8.3787179487179494E-02
   0.1060692307692308      8.3941025641025652E-02
   0.1063769230769231      8.4094871794871781E-02
   0.1068897435897436      8.4364102564102567E-02
   0.1071461538461538      8.4774358974358963E-02
   0.1077358974358974      8.4979487179487168E-02
   0.1081076923076923      8.5082051282051305E-02
   0.1083512820512820      8.5030769230769243E-02
   0.1090179487179487      8.4953846153846171E-02
   0.1095820512820513      8.4723076923076943E-02
   0.1100307692307692      8.4710256410256396E-02
   0.1105564102564103      8.4620512820512833E-02
   0.1110051282051282      8.4569230769230772E-02
   0.1115435897435897      8.4607692307692314E-02
   0.1119282051282051      8.4735897435897420E-02
   0.1123128205128205      8.4812820512820519E-02
   0.1129153846153846      8.4966666666666676E-02
   0.1134794871794872      8.5171794871794868E-02
   0.1140948717948718      8.5389743589743577E-02
   0.1147230769230769      8.5658974358974363E-02
   0.1157358974358974      8.5838461538461544E-02
   0.1168897435897436      8.5825641025641039E-02
   0.1177487179487179      8.5838461538461544E-02
   0.1182358974358974      8.5902564102564111E-02
