   9.5966666666666672E-02 -4.9238461538461543E-02
   9.5723076923076938E-02 -4.9110256410256410E-02
   9.5479487179487205E-02 -4.8994871794871796E-02
   9.5005128205128228E-02 -4.8917948717948724E-02
   9.4671794871794862E-02 -4.8905128205128205E-02
   9.4441025641025661E-02 -4.9007692307692308E-02
   9.4210256410256418E-02 -4.9097435897435898E-02
   9.3941025641025647E-02 -4.9200000000000001E-02
   9.3710256410256418E-02 -4.9315384615384615E-02
   9.3248717948717960E-02 -4.9315384615384615E-02
   9.2838461538461550E-02 -4.9289743589743598E-02
   9.2338461538461522E-02 -4.9341025641025646E-02
   9.2069230769230806E-02 -4.9315384615384615E-02
   9.1697435897435883E-02 -4.9238461538461543E-02
   9.1338461538461549E-02 -4.9174358974358970E-02
   9.0979487179487187E-02 -4.9084615384615386E-02
   9.0517948717948729E-02 -4.8930769230769236E-02
   9.0043589743589753E-02 -4.8905128205128205E-02
   8.9800000000000019E-02 -4.8905128205128205E-02
   8.9492307692307704E-02 -4.8866666666666662E-02
   8.9082051282051308E-02 -4.8802564102564110E-02
   8.8607692307692318E-02 -4.8687179487179488E-02
   8.8133333333333327E-02 -4.8623076923076922E-02
   8.7710256410256426E-02 -4.8635897435897434E-02
   8.7299999999999989E-02 -4.8571794871794874E-02
   8.7107692307692317E-02 -4.8584615384615386E-02
   8.6800000000000030E-02 -4.8700000000000007E-02
   8.6582051282051278E-02 -4.8789743589743591E-02
   8.6210256410256411E-02 -4.8789743589743591E-02
   8.6017948717948711E-02 -4.8776923076923079E-02
   8.5761538461538486E-02 -4.8841025641025639E-02
   8.5223076923076929E-02 -4.8853846153846164E-02
   8.4966666666666676E-02 -4.8892307692307693E-02
   8.4697435897435891E-02 -4.8789743589743591E-02
   8.4389743589743590E-02 -4.8764102564102567E-02
   8.4197435897435904E-02 -4.8789743589743591E-02
   8.3992307692307699E-02 -4.8841025641025639E-02
   8.3658974358974347E-02 -4.8802564102564110E-02
   8.3364102564102580E-02 -4.8700000000000007E-02
   8.2953846153846197E-02 -4.8597435897435905E-02
   8.2607692307692313E-02 -4.8571794871794874E-02
   8.2223076923076913E-02 -4.8353846153846157E-02
   8.1864102564102578E-02 -4.8187179487179481E-02
   8.1351282051282045E-02 -4.7943589743589747E-02
   8.1248717948717963E-02 -4.7905128205128204E-02
   8.0889743589743587E-02 -4.7610256410256402E-02
   8.0620512820512830E-02 -4.7507692307692299E-02
   8.0248717948717949E-02 -4.7341025641025644E-02
   7.9876923076923095E-02 -4.7199999999999999E-02
   7.9492307692307682E-02 -4.7135897435897439E-02
   7.9069230769230781E-02 -4.6943589743589746E-02
   7.8723076923076937E-02 -4.6982051282051282E-02
   7.8415384615384609E-02 -4.6994871794871794E-02
   7.8197435897435913E-02 -4.7174358974358982E-02
   7.7941025641025632E-02 -4.7353846153846156E-02
   7.7697435897435912E-02 -4.7571794871794873E-02
   7.7530769230769236E-02 -4.7687179487179487E-02
   7.7184615384615393E-02 -4.7841025641025652E-02
   7.6825641025641031E-02 -4.7982051282051269E-02
   7.6415384615384621E-02 -4.8020512820512826E-02
   7.6069230769230778E-02 -4.7892307692307692E-02
   7.5864102564102573E-02 -4.7751282051282047E-02
   7.5582051282051296E-02 -4.7597435897435890E-02
   7.5338461538461549E-02 -4.7610256410256402E-02
   7.4979487179487186E-02 -4.7661538461538464E-02
   7.4671794871794886E-02 -4.7610256410256402E-02
   7.4325641025641043E-02 -4.7469230769230771E-02
   7.3953846153846148E-02 -4.7315384615384627E-02
   7.3492307692307704E-02 -4.7110256410256422E-02
   7.3133333333333342E-02 -4.6943589743589746E-02
   7.2876923076923075E-02 -4.6828205128205118E-02
   7.2607692307692318E-02 -4.6738461538461548E-02
   7.2312820512820522E-02 -4.6430769230769227E-02
   7.2223076923076931E-02 -4.6353846153846155E-02
   7.1953846153846160E-02 -4.6084615384615384E-02
   7.1633333333333341E-02 -4.5943589743589745E-02
   7.1338461538461545E-02 -4.5994871794871793E-02
   7.1082051282051292E-02 -4.6123076923076926E-02
   7.0915384615384630E-02 -4.6264102564102565E-02
   7.0646153846153859E-02 -4.6379487179487186E-02
   7.0402564102564111E-02 -4.6405128205128203E-02
   7.0120512820512820E-02 -4.6328205128205124E-02
   6.9787179487179496E-02 -4.6199999999999998E-02
   6.9530769230769229E-02 -4.6161538461538469E-02
   6.9287179487179495E-02 -4.6097435897435896E-02
   6.8966666666666676E-02 -4.6033333333333336E-02
   6.8492307692307700E-02 -4.5815384615384619E-02
   6.8056410256410266E-02 -4.5623076923076926E-02
   6.7723076923076928E-02 -4.5482051282051288E-02
   6.7376923076923084E-02 -4.5315384615384625E-02
   6.6953846153846155E-02 -4.5123076923076925E-02
   6.6697435897435903E-02 -4.5020512820512809E-02
   6.6158974358974360E-02 -4.4917948717948707E-02
   6.5889743589743602E-02 -4.4802564102564106E-02
   6.5710256410256407E-02 -4.4674358974358973E-02
   6.5466666666666673E-02 -4.4584615384615382E-02
   6.5017948717948734E-02 -4.4520512820512829E-02
   6.4582051282051287E-02 -4.4507692307692297E-02
   6.4300000000000010E-02 -4.4610256410256399E-02
   6.4069230769230767E-02 -4.4789743589743601E-02
   6.4133333333333348E-02 -4.4917948717948707E-02
   6.3979487179487191E-02 -4.4982051282051287E-02
   6.3697435897435900E-02 -4.4956410256410263E-02
   6.3364102564102576E-02 -4.4892307692307704E-02
   6.2941025641025647E-02 -4.4725641025641028E-02
   6.2697435897435913E-02 -4.4610256410256399E-02
   6.2351282051282049E-02 -4.4405128205128201E-02
   6.2069230769230772E-02 -4.4199999999999996E-02
   6.1723076923076915E-02 -4.3956410256410262E-02
   6.1646153846153857E-02 -4.3866666666666658E-02
   6.1633333333333339E-02 -4.3751282051282044E-02
   6.1261538461538458E-02 -4.3315384615384624E-02
   6.1094871794871795E-02 -4.3110256410256405E-02
   6.0889743589743590E-02 -4.2879487179487190E-02
   6.0684615384615385E-02 -4.2866666666666671E-02
   6.0351282051282047E-02 -4.2712820512820514E-02
   6.0043589743589747E-02 -4.2546153846153845E-02
   5.9761538461538456E-02 -4.2405128205128206E-02
   5.9299999999999999E-02 -4.2084615384615387E-02
   5.8838461538461541E-02 -4.2033333333333339E-02
   5.8505128205128210E-02 -4.1969230769230766E-02
   5.8274358974358960E-02 -4.1866666666666663E-02
   5.7992307692307697E-02 -4.1738461538461537E-02
   5.7774358974358966E-02 -4.1738461538461537E-02
   5.7582051282051294E-02 -4.1994871794871796E-02
   5.7441025641025635E-02 -4.2187179487179483E-02
   5.7312820512820516E-02 -4.2328205128205128E-02
   5.7133333333333328E-02 -4.2456410256410268E-02
   5.6953846153846154E-02 -4.2571794871794882E-02
   5.6735897435897423E-02 -4.2571794871794882E-02
   5.6543589743589751E-02 -4.2443589743589749E-02
   5.6287179487179491E-02 -4.2379487179487182E-02
   5.6043589743589743E-02 -4.2379487179487182E-02
   5.5723076923076910E-02 -4.2379487179487182E-02
   5.5415384615384602E-02 -4.2276923076923066E-02
   5.5184615384615374E-02 -4.2161538461538459E-02
   5.4902564102564097E-02 -4.1841025641025646E-02
   5.4697435897435892E-02 -4.1571794871794875E-02
   5.4300000000000001E-02 -4.1341025641025639E-02
   5.3966666666666670E-02 -4.1123076923076922E-02
   5.3569230769230765E-02 -4.0879487179487181E-02
   5.3453846153846157E-02 -4.0828205128205126E-02
   5.3146153846153850E-02 -4.1097435897435898E-02
   5.2799999999999993E-02 -4.1174358974358977E-02
   5.2402564102564116E-02 -4.1046153846153843E-02
   5.2133333333333337E-02 -4.0943589743589741E-02
   5.1723076923076934E-02 -4.0751282051282055E-02
   5.1441025641025644E-02 -4.0712820512820512E-02
   5.0966666666666667E-02 -4.0751282051282055E-02
   5.0633333333333329E-02 -4.0738461538461536E-02
   5.0338461538461526E-02 -4.0661538461538464E-02
   4.9915384615384618E-02 -4.0469230769230771E-02
   4.9492307692307683E-02 -4.0251282051282054E-02
   4.9146153846153846E-02 -4.0020512820512825E-02
   4.8774358974358972E-02 -3.9853846153846156E-02
   4.8517948717948726E-02 -3.9802564102564102E-02
   4.8235897435897436E-02 -3.9674358974358975E-02
   4.7966666666666671E-02 -3.9558974358974361E-02
   4.7774358974358985E-02 -3.9417948717948716E-02
   4.7505128205128200E-02 -3.9289743589743589E-02
   4.7325641025641026E-02 -3.9212820512820511E-02
   4.6928205128205128E-02 -3.9341025641025644E-02
   4.6492307692307694E-02 -3.9405128205128211E-02
   4.6235897435897434E-02 -3.9482051282051282E-02
   4.5851282051282055E-02 -3.9353846153846156E-02
   4.5646153846153850E-02 -3.9199999999999999E-02
   4.5594871794871782E-02 -3.8879487179487179E-02
   4.5492307692307679E-02 -3.8648717948717951E-02
   4.5171794871794860E-02 -3.8430769230769234E-02
   4.4915384615384614E-02 -3.8353846153846155E-02
   4.4607692307692307E-02 -3.8366666666666667E-02
   4.4300000000000006E-02 -3.8392307692307691E-02
   4.3902564102564101E-02 -3.8392307692307691E-02
   4.3530769230769234E-02 -3.8341025641025643E-02
   4.3082051282051288E-02 -3.8135897435897438E-02
   4.2876923076923069E-02 -3.8020512820512824E-02
   4.2607692307692305E-02 -3.7623076923076926E-02
   4.2441025641025650E-02 -3.7469230769230769E-02
   4.2133333333333328E-02 -3.7174358974358973E-02
   4.1928205128205123E-02 -3.6776923076923075E-02
   4.1697435897435894E-02 -3.6533333333333334E-02
   4.1351282051282044E-02 -3.6366666666666665E-02
   4.0915384615384624E-02 -3.6174358974358972E-02
   4.0492307692307702E-02 -3.6046153846153846E-02
   4.0261538461538460E-02 -3.5943589743589743E-02
   3.9966666666666664E-02 -3.5738461538461538E-02
   3.9697435897435893E-02 -3.5405128205128207E-02
   3.9505128205128200E-02 -3.5161538461538459E-02
   3.9300000000000002E-02 -3.5071794871794876E-02
   3.8812820512820520E-02 -3.4866666666666671E-02
   3.8415384615384615E-02 -3.4841025641025647E-02
   3.8082051282051284E-02 -3.4802564102564104E-02
   3.7658974358974355E-02 -3.4802564102564104E-02
   3.7312820512820512E-02 -3.4994871794871790E-02
   3.7133333333333331E-02 -3.5135897435897435E-02
   3.6953846153846150E-02 -3.5353846153846152E-02
   3.6864102564102559E-02 -3.5635897435897436E-02
   3.6838461538461535E-02 -3.5802564102564105E-02
   3.6517948717948716E-02 -3.5776923076923074E-02
   3.6158974358974361E-02 -3.5571794871794869E-02
   3.6069230769230770E-02 -3.5507692307692310E-02
   3.5774358974358968E-02 -3.5289743589743593E-02
   3.5658974358974353E-02 -3.5187179487179490E-02
   3.5120512820512817E-02 -3.4866666666666671E-02
   3.4941025641025643E-02 -3.4661538461538466E-02
   3.4889743589743588E-02 -3.4866666666666671E-02
   3.4479487179487178E-02 -3.4841025641025647E-02
   3.4197435897435895E-02 -3.4815384615384616E-02
   3.3864102564102563E-02 -3.4725641025641026E-02
   3.3389743589743587E-02 -3.4507692307692309E-02
   3.3146153846153846E-02 -3.4302564102564104E-02
   3.2799999999999996E-02 -3.3982051282051284E-02
   3.2325641025641026E-02 -3.3661538461538465E-02
   3.2043589743589750E-02 -3.3379487179487174E-02
   3.1915384615384616E-02 -3.2982051282051277E-02
   3.1710256410256411E-02 -3.2764102564102560E-02
   3.1517948717948718E-02 -3.2661538461538457E-02
   3.1146153846153844E-02 -3.2417948717948716E-02
   3.0658974358974356E-02 -3.2161538461538464E-02
   3.0120512820512819E-02 -3.1892307692307692E-02
   2.9735897435897433E-02 -3.1725641025641023E-02
   2.9338461538461535E-02 -3.1469230769230770E-02
   2.8966666666666661E-02 -3.1251282051282053E-02
   2.8633333333333337E-02 -3.0905128205128207E-02
   2.8376923076923070E-02 -3.0648717948717947E-02
   2.8107692307692306E-02 -3.0187179487179486E-02
   2.7876923076923077E-02 -2.9969230769230769E-02
   2.7582051282051281E-02 -2.9828205128205127E-02
   2.7428205128205128E-02 -2.9776923076923072E-02
   2.7107692307692308E-02 -2.9687179487179489E-02
   2.6876923076923069E-02 -2.9712820512820513E-02
   2.6543589743589745E-02 -2.9712820512820513E-02
   2.6235897435897430E-02 -2.9712820512820513E-02
   2.5928205128205126E-02 -2.9597435897435898E-02
   2.5684615384615382E-02 -2.9546153846153847E-02
   2.5466666666666665E-02 -2.9674358974358973E-02
   2.5338461538461539E-02 -2.9712820512820513E-02
   2.5107692307692307E-02 -2.9712820512820513E-02
   2.4915384615384617E-02 -2.9764102564102564E-02
   2.4735897435897432E-02 -2.9905128205128206E-02
   2.4517948717948719E-02 -3.0084615384615383E-02
   2.4043589743589742E-02 -2.9982051282051281E-02
   2.3761538461538459E-02 -2.9994871794871789E-02
   2.3441025641025640E-02 -2.9982051282051281E-02
   2.3261538461538465E-02 -3.0046153846153844E-02
   2.3069230769230769E-02 -3.0148717948717946E-02
   2.2800000000000001E-02 -3.0238461538461537E-02
   2.2543589743589745E-02 -3.0302564102564100E-02
   2.2210256410256417E-02 -3.0264102564102568E-02
   2.2030769230769232E-02 -3.0353846153846162E-02
   2.1799999999999993E-02 -3.0417948717948715E-02
   2.1505128205128204E-02 -3.0456410256410264E-02
   2.1197435897435897E-02 -3.0494871794871793E-02
   2.0953846153846149E-02 -3.0469230769230766E-02
   2.0799999999999999E-02 -3.0417948717948715E-02
   2.0646153846153845E-02 -3.0328205128205128E-02
   2.0569230769230774E-02 -3.0251282051282049E-02
   2.0402564102564101E-02 -3.0084615384615383E-02
   2.0261538461538463E-02 -2.9930769230769230E-02
   2.0364102564102562E-02 -2.9648717948717949E-02
   2.0415384615384613E-02 -2.9264102564102567E-02
   2.0453846153846152E-02 -2.8802564102564106E-02
   2.0415384615384613E-02 -2.8264102564102563E-02
   2.0582051282051286E-02 -2.7764102564102566E-02
   2.0684615384615381E-02 -2.7469230769230770E-02
   2.0787179487179491E-02 -2.7212820512820514E-02
   2.0838461538461535E-02 -2.6930769230769234E-02
   2.0748717948717948E-02 -2.6751282051282053E-02
   2.0569230769230774E-02 -2.6623076923076923E-02
   2.0441025641025640E-02 -2.6546153846153848E-02
   2.0235897435897435E-02 -2.6456410256410261E-02
   2.0107692307692302E-02 -2.6405128205128203E-02
   1.9812820512820514E-02 -2.6366666666666667E-02
   1.9684615384615380E-02 -2.6302564102564104E-02
   1.9543589743589742E-02 -2.6238461538461544E-02
   1.9389743589743592E-02 -2.6251282051282045E-02
   1.9235897435897438E-02 -2.6276923076923080E-02
   1.9171794871794871E-02 -2.6353846153846151E-02
   1.8992307692307690E-02 -2.6533333333333336E-02
   1.8787179487179489E-02 -2.6725641025641029E-02
   1.8646153846153844E-02 -2.6943589743589746E-02
   1.8479487179487178E-02 -2.7020512820512821E-02
   1.8338461538461536E-02 -2.7110256410256411E-02
   1.8146153846153843E-02 -2.7212820512820514E-02
   1.7646153846153846E-02 -2.7148717948717951E-02
   1.7441025641025641E-02 -2.7148717948717951E-02
   1.7235897435897436E-02 -2.7020512820512821E-02
   1.7158974358974358E-02 -2.6866666666666667E-02
   1.6953846153846153E-02 -2.6687179487179490E-02
   1.6799999999999999E-02 -2.6571794871794872E-02
   1.6569230769230767E-02 -2.6366666666666667E-02
   1.6287179487179487E-02 -2.6174358974358977E-02
   1.6171794871794872E-02 -2.5930769230769233E-02
   1.6043589743589742E-02 -2.5687179487179485E-02
   1.5953846153846152E-02 -2.5584615384615383E-02
   1.5825641025641029E-02 -2.5417948717948717E-02
   1.5646153846153844E-02 -2.5238461538461536E-02
   1.5287179487179487E-02 -2.4930769230769232E-02
   1.5069230769230771E-02 -2.4674358974358976E-02
   1.5030769230769231E-02 -2.4315384615384617E-02
   1.4941025641025641E-02 -2.3982051282051275E-02
   1.4787179487179487E-02 -2.3712820512820518E-02
   1.4671794871794869E-02 -2.3405128205128200E-02
   1.4415384615384616E-02 -2.3212820512820514E-02
   1.4197435897435896E-02 -2.3110256410256411E-02
   1.3992307692307691E-02 -2.3123076923076923E-02
   1.3761538461538462E-02 -2.3123076923076923E-02
   1.3543589743589745E-02 -2.3097435897435896E-02
   1.3415384615384612E-02 -2.3058974358974360E-02
   1.3197435897435902E-02 -2.2956410256410258E-02
   1.2928205128205130E-02 -2.2841025641025640E-02
   1.2697435897435898E-02 -2.2776923076923077E-02
   1.2505128205128205E-02 -2.2841025641025640E-02
   1.2248717948717949E-02 -2.2956410256410258E-02
   1.1992307692307693E-02 -2.3020512820512828E-02
   1.1774358974358978E-02 -2.3097435897435896E-02
   1.1338461538461539E-02 -2.2956410256410258E-02
   1.1030769230769235E-02 -2.2828205128205128E-02
   1.0889743589743589E-02 -2.2623076923076923E-02
   1.0761538461538460E-02 -2.2328205128205127E-02
   1.0774358974358971E-02 -2.2033333333333335E-02
   1.0851282051282054E-02 -2.1725641025641028E-02
   1.0799999999999999E-02 -2.1584615384615386E-02
   1.0556410256410258E-02 -2.1417948717948720E-02
   1.0389743589743591E-02 -2.1238461538461539E-02
   1.0261538461538463E-02 -2.1046153846153846E-02
   1.0210256410256411E-02 -2.0751282051282054E-02
   9.8128205128205134E-03 -2.0341025641025641E-02
   9.6589743589743579E-03 -2.0148717948717948E-02
   9.4666666666666666E-03 -1.9969230769230770E-02
   9.3256410256410266E-03 -1.9725641025641026E-02
   9.2487179487179497E-03 -1.9482051282051282E-02
   8.8641025641025637E-03 -1.9302564102564104E-02
   8.6333333333333366E-03 -1.9200000000000002E-02
   8.1974358974358976E-03 -1.9033333333333333E-02
   7.8897435897435936E-03 -1.8930769230769230E-02
   7.5051282051282059E-03 -1.8815384615384612E-02
   7.2487179487179480E-03 -1.8699999999999998E-02
   7.0948717948717942E-03 -1.8482051282051284E-02
   7.0051282051282020E-03 -1.8366666666666670E-02
   6.6589743589743570E-03 -1.8302564102564103E-02
   6.3256410256410257E-03 -1.8341025641025639E-02
   6.0307692307692302E-03 -1.8289743589743588E-02
   5.6589743589743596E-03 -1.8225641025641025E-02
   5.4794871794871785E-03 -1.8174358974358974E-02
   5.2230769230769240E-03 -1.8046153846153847E-02
   4.9025641025641029E-03 -1.7802564102564103E-02
   4.6333333333333348E-03 -1.7610256410256410E-02
   4.3000000000000000E-03 -1.7469230769230768E-02
   4.2230769230769231E-03 -1.7494871794871792E-02
   4.1076923076923070E-03 -1.7674358974358980E-02
   3.9282051282051277E-03 -1.7866666666666666E-02
   3.5435897435897438E-03 -1.7828205128205130E-02
   3.2871794871794867E-03 -1.7712820512820512E-02
   2.9794871794871793E-03 -1.7507692307692307E-02
   2.8128205128205128E-03 -1.7251282051282051E-02
   2.5692307692307703E-03 -1.7020512820512822E-02
   2.3769230769230764E-03 -1.6841025641025638E-02
   1.9538461538461537E-03 -1.6661538461538464E-02
   1.5820512820512822E-03 -1.6494871794871791E-02
   1.1846153846153851E-03 -1.6225641025641023E-02
   9.5384615384615365E-04 -1.5905128205128207E-02
   8.3846153846153836E-04 -1.5648717948717951E-02
   8.3846153846153836E-04 -1.5366666666666666E-02
   8.8974358974358960E-04 -1.5058974358974356E-02
   9.2820512820512803E-04 -1.4635897435897436E-02
   1.0435897435897433E-03 -1.4238461538461538E-02
   1.1846153846153851E-03 -1.3917948717948719E-02
   1.4025641025641029E-03 -1.3725641025641026E-02
   1.5948717948717933E-03 -1.3507692307692309E-02
   1.7871794871794871E-03 -1.3276923076923073E-02
   2.0051282051282049E-03 -1.2917948717948718E-02
   2.1076923076923082E-03 -1.2764102564102564E-02
   2.2615384615384602E-03 -1.2482051282051281E-02
   1.8897435897435896E-03 -1.2328205128205127E-02
   1.6589743589743590E-03 -1.2276923076923076E-02
   1.5179487179487181E-03 -1.2212820512820516E-02
   1.2743589743589739E-03 -1.2084615384615383E-02
   1.1589743589743586E-03 -1.1930769230769229E-02
   9.1538461538461522E-04 -1.1712820512820512E-02
   6.7179487179487227E-04 -1.1507692307692307E-02
   5.1794871794871812E-04 -1.1520512820512819E-02
   3.6410256410256353E-04 -1.1469230769230768E-02
   1.4615384615384577E-04 -1.1379487179487177E-02
  -8.4615384615384804E-05 -1.1264102564102563E-02
  -1.7435897435897447E-04 -1.1200000000000000E-02
  -2.3846153846153852E-04 -1.1058974358974358E-02
  -3.0256410256410257E-04 -1.0905128205128206E-02
  -3.6666666666666705E-04 -1.0725641025641027E-02
  -4.4358974358974347E-04 -1.0558974358974359E-02
  -4.1794871794871786E-04 -1.0238461538461538E-02
  -3.7948717948717986E-04 -9.9051282051282052E-03
  -4.3076923076923066E-04 -9.5205128205128192E-03
  -5.2051282051282033E-04 -9.3282051282051297E-03
  -4.3076923076923066E-04 -9.0717948717948717E-03
  -4.0512820512820505E-04 -8.8025641025641036E-03
  -5.4615384615384595E-04 -8.6230769230769225E-03
  -8.0256410256410345E-04 -8.3153846153846134E-03
  -8.7948717948717987E-04 -8.1487179487179495E-03
  -9.6923076923076997E-04 -7.7897435897435890E-03
  -8.5384615384615425E-04 -7.3923076923076928E-03
  -9.4358974358974392E-04 -7.1487179487179486E-03
  -1.1615384615384617E-03 -7.0076923076923085E-03
  -1.4307692307692309E-03 -6.7384615384615387E-03
  -1.6871794871794873E-03 -6.4692307692307688E-03
  -1.7256410256410257E-03 -6.1230769230769238E-03
  -1.7512820512820514E-03 -5.8666666666666659E-03
  -1.9179487179487179E-03 -5.5846153846153858E-03
  -2.0076923076923076E-03 -5.3923076923076928E-03
  -2.2128205128205129E-03 -4.8538461538461539E-03
  -2.1487179487179489E-03 -4.6230769230769233E-03
  -2.2000000000000001E-03 -4.3025641025641031E-03
  -2.3282051282051282E-03 -4.0974358974358973E-03
  -2.5461538461538464E-03 -3.9692307692307700E-03
  -2.7000000000000001E-03 -3.8538461538461539E-03
  -2.9692307692307691E-03 -3.5717948717948721E-03
  -3.1102564102564105E-03 -3.4307692307692312E-03
  -3.1230769230769229E-03 -3.2000000000000002E-03
  -3.0846153846153849E-03 -2.8410256410256410E-03
  -2.9692307692307691E-03 -2.4179487179487183E-03
  -2.8794871794871795E-03 -2.0461538461538460E-03
  -3.0205128205128208E-03 -1.7128205128205129E-03
  -3.0205128205128208E-03 -1.5076923076923080E-03
  -2.6102564102564105E-03 -9.5641025641025673E-04
  -2.5333333333333336E-03 -4.8205128205128190E-04
  -2.4948717948717952E-03 -9.7435897435897614E-05
  -2.6358974358974361E-03  2.9999999999999992E-04
  -2.6615384615384617E-03  5.6923076923076892E-04
  -2.8410256410256410E-03  9.5384615384615365E-04
  -2.6871794871794873E-03  1.4410256410256404E-03
  -2.8282051282051282E-03  1.7743589743589743E-03
  -2.9564102564102563E-03  2.1461538461538467E-03
  -2.9820512820512820E-03  2.3769230769230764E-03
  -3.0717948717948721E-03  2.9794871794871793E-03
  -3.0717948717948721E-03  3.2999999999999995E-03
  -3.0461538461538464E-03  3.6846153846153847E-03
  -2.9435897435897435E-03  4.0692307692307694E-03
  -2.9179487179487179E-03  4.4282051282051281E-03
  -3.2128205128205130E-03  4.9538461538461542E-03
  -3.4820512820512824E-03  5.2358974358974377E-03
  -3.5846153846153849E-03  5.3512820512820521E-03
  -3.6102564102564105E-03  5.5692307692307690E-03
  -3.5589743589743593E-03  5.8384615384615372E-03
  -3.4692307692307696E-03  6.1717948717948719E-03
  -3.3666666666666667E-03  6.4025641025641008E-03
  -3.3025641025641026E-03  6.6589743589743570E-03
  -3.2897435897435903E-03  6.8384615384615381E-03
  -3.4307692307692312E-03  7.0564102564102549E-03
  -3.5461538461538464E-03  7.2871794871794873E-03
  -3.5076923076923080E-03  7.5564102564102554E-03
  -3.6102564102564105E-03  7.8384615384615424E-03
  -3.6358974358974365E-03  8.2358974358974369E-03
  -3.5333333333333336E-03  8.6846153846153878E-03
  -3.4179487179487184E-03  9.0179487179487174E-03
  -3.3410256410256411E-03  9.2871794871794890E-03
  -3.3538461538461539E-03  9.5307692307692298E-03
  -3.3666666666666667E-03  9.7743589743589775E-03
  -3.4564102564102568E-03  9.9794871794871825E-03
  -3.5076923076923080E-03  1.0133333333333333E-02
  -3.5974358974358977E-03  1.0300000000000002E-02
  -3.8025641025641026E-03  1.0466666666666668E-02
  -3.9179487179487179E-03  1.0697435897435896E-02
  -3.9820512820512820E-03  1.0928205128205127E-02
  -3.8282051282051283E-03  1.1133333333333334E-02
  -3.6743589743589745E-03  1.1453846153846153E-02
  -3.5717948717948721E-03  1.1774358974358978E-02
  -3.5461538461538464E-03  1.2210256410256413E-02
  -3.4948717948717952E-03  1.2530769230769232E-02
  -3.3794871794871799E-03  1.2851282051282052E-02
  -3.2512820512820514E-03  1.3133333333333332E-02
  -2.8794871794871795E-03  1.3582051282051285E-02
  -2.6871794871794873E-03  1.3800000000000002E-02
  -2.5717948717948720E-03  1.4017948717948725E-02
  -2.4564102564102568E-03  1.4287179487179490E-02
  -2.4179487179487183E-03  1.4543589743589746E-02
  -2.5076923076923080E-03  1.4979487179487183E-02
  -2.6487179487179489E-03  1.5402564102564105E-02
  -2.7128205128205130E-03  1.5825641025641029E-02
  -2.7384615384615386E-03  1.6389743589743589E-02
  -2.6743589743589745E-03  1.6799999999999999E-02
  -2.5974358974358977E-03  1.7223076923076924E-02
  -2.5076923076923080E-03  1.7735897435897437E-02
  -2.4179487179487183E-03  1.8017948717948717E-02
  -2.2128205128205129E-03  1.8389743589743587E-02
  -2.1871794871794873E-03  1.8620512820512823E-02
  -2.0717948717948720E-03  1.8889743589743584E-02
  -1.9051282051282053E-03  1.9261538461538462E-02
  -1.7384615384615386E-03  1.9761538461538462E-02
  -1.7128205128205129E-03  1.9889743589743592E-02
  -1.7641025641025640E-03  2.0133333333333333E-02
  -1.9307692307692309E-03  2.0428205128205128E-02
  -2.0589743589743592E-03  2.0799999999999999E-02
  -1.8538461538461541E-03  2.1556410256410256E-02
  -1.6230769230769233E-03  2.1992307692307689E-02
  -1.4692307692307693E-03  2.2402564102564103E-02
  -1.3538461538461538E-03  2.2774358974358973E-02
  -1.1743589743589745E-03  2.2992307692307690E-02
  -8.5384615384615425E-04  2.3235897435897435E-02
  -3.1538461538461494E-04  2.3402564102564100E-02
  -8.4615384615384804E-05  2.3825641025641022E-02
   1.5897435897435901E-04  2.4158974358974364E-02
   4.9230769230769206E-04  2.4441025641025640E-02
   8.5128205128205117E-04  2.4556410256410258E-02
   1.0051282051282049E-03  2.4594871794871798E-02
   1.3128205128205123E-03  2.4582051282051286E-02
   1.5051282051282053E-03  2.4556410256410258E-02
   1.6717948717948710E-03  2.4941025641025641E-02
   1.8512820512820512E-03  2.5351282051282051E-02
   2.1589743589743595E-03  2.5428205128205126E-02
   2.3256410256410251E-03  2.5530769230769228E-02
   2.5435897435897438E-03  2.5671794871794870E-02
   2.6717948717948719E-03  2.6005128205128212E-02
   2.7871794871794872E-03  2.6223076923076918E-02
   2.9410256410256409E-03  2.6466666666666663E-02
   3.2999999999999995E-03  2.6787179487179485E-02
   3.8000000000000000E-03  2.7094871794871796E-02
   4.1974358974358975E-03  2.7325641025641025E-02
   4.4538461538461537E-03  2.7646153846153845E-02
   4.5948717948717955E-03  2.7889743589743589E-02
   4.8000000000000004E-03  2.8184615384615384E-02
   4.9923076923076935E-03  2.8530769230769235E-02
   5.0948717948717942E-03  2.8761538461538456E-02
   5.1717948717948711E-03  2.9043589743589740E-02
   5.1205128205128198E-03  2.9556410256410252E-02
   5.1717948717948711E-03  2.9851282051282048E-02
   5.2487179487179497E-03  3.0146153846153850E-02
   5.4153846153846153E-03  3.0492307692307687E-02
   5.6717948717948715E-03  3.0838461538461537E-02
   5.9794871794871789E-03  3.0941025641025639E-02
   6.3512820512820530E-03  3.0902564102564103E-02
   6.6589743589743570E-03  3.1017948717948718E-02
   6.7999999999999988E-03  3.1287179487179489E-02
   6.9282051282051286E-03  3.1684615384615381E-02
   6.8897435897435893E-03  3.2082051282051278E-02
   6.9025641025640995E-03  3.2376923076923074E-02
   6.9923076923076918E-03  3.2851282051282051E-02
   7.1333333333333318E-03  3.3184615384615382E-02
   7.3897435897435932E-03  3.3607692307692311E-02
   7.4282051282051290E-03  3.3710256410256413E-02
   7.9153846153846141E-03  3.3851282051282051E-02
   8.1717948717948737E-03  3.3851282051282051E-02
   8.5820512820512802E-03  3.3787179487179485E-02
   8.9153846153846149E-03  3.3774358974358973E-02
   9.1974358974358985E-03  3.3953846153846154E-02
   9.4153846153846154E-03  3.4005128205128202E-02
   9.6846153846153887E-03  3.4223076923076926E-02
   9.8384615384615372E-03  3.4312820512820509E-02
   1.0133333333333333E-02  3.4466666666666666E-02
   1.0479487179487179E-02  3.4492307692307690E-02
   1.0851282051282054E-02  3.4582051282051281E-02
   1.0979487179487180E-02  3.4723076923076919E-02
   1.1082051282051282E-02  3.4915384615384612E-02
   1.1261538461538463E-02  3.5312820512820517E-02
   1.1402564102564102E-02  3.5402564102564101E-02
   1.1697435897435897E-02  3.5569230769230763E-02
   1.1812820512820512E-02  3.5787179487179487E-02
   1.1966666666666667E-02  3.6158974358974361E-02
   1.2184615384615384E-02  3.6658974358974361E-02
   1.2479487179487181E-02  3.6915384615384614E-02
   1.2812820512820513E-02  3.7094871794871795E-02
   1.2979487179487178E-02  3.7287179487179481E-02
   1.3261538461538462E-02  3.7620512820512819E-02
   1.3607692307692308E-02  3.8030769230769236E-02
   1.3928205128205131E-02  3.8133333333333325E-02
   1.4171794871794876E-02  3.8428205128205127E-02
   1.4376923076923077E-02  3.8684615384615387E-02
   1.4184615384615388E-02  3.8748717948717946E-02
   1.3774358974358974E-02  3.8915384615384623E-02
   1.3479487179487182E-02  3.9312820512820514E-02
   1.3300000000000005E-02  3.9735897435897435E-02
   1.3146153846153844E-02  3.9915384615384623E-02
   1.3082051282051281E-02  4.0235897435897443E-02
   1.3107692307692308E-02  4.0646153846153846E-02
   1.3043589743589741E-02  4.0838461538461539E-02
   1.2992307692307694E-02  4.1210256410256413E-02
   1.3184615384615383E-02  4.1389743589743587E-02
   1.3543589743589745E-02  4.1479487179487178E-02
   1.3748717948717950E-02  4.1530769230769232E-02
   1.4005128205128206E-02  4.1735897435897437E-02
   1.4453846153846152E-02  4.1941025641025642E-02
   1.4748717948717951E-02  4.1941025641025642E-02
   1.4851282051282054E-02  4.1915384615384611E-02
   1.4979487179487183E-02  4.2017948717948714E-02
   1.5402564102564105E-02  4.2530769230769219E-02
   1.5710256410256411E-02  4.2684615384615383E-02
   1.6146153846153845E-02  4.2723076923076926E-02
   1.6517948717948712E-02  4.2710256410256421E-02
   1.6966666666666668E-02  4.2710256410256421E-02
   1.7261538461538460E-02  4.2761538461538469E-02
   1.7479487179487180E-02  4.3030769230769227E-02
   1.7697435897435897E-02  4.3441025641025650E-02
   1.8210256410256410E-02  4.3671794871794865E-02
   1.8492307692307690E-02  4.3966666666666668E-02
   1.8812820512820513E-02  4.4274358974358975E-02
   1.9082051282051284E-02  4.4492307692307692E-02
   1.9351282051282052E-02  4.4543589743589740E-02
   1.9658974358974360E-02  4.4607692307692307E-02
   1.9889743589743592E-02  4.4710256410256409E-02
   2.0120512820512821E-02  4.4864102564102566E-02
   2.0094871794871794E-02  4.5107692307692300E-02
   2.0069230769230770E-02  4.5158974358974348E-02
   1.9864102564102565E-02  4.5274358974358976E-02
   1.9556410256410257E-02  4.5658974358974369E-02
   1.9376923076923076E-02  4.5864102564102567E-02
   1.9376923076923076E-02  4.6376923076923079E-02
   1.9376923076923076E-02  4.6633333333333325E-02
   1.9351282051282052E-02  4.7069230769230773E-02
   1.9261538461538462E-02  4.7415384615384623E-02
   1.9184615384615387E-02  4.7594871794871797E-02
   1.9030769230769233E-02  4.7928205128205129E-02
   1.9146153846153851E-02  4.8287179487179484E-02
   1.9607692307692309E-02  4.8697435897435887E-02
   2.0082051282051282E-02  4.8992307692307689E-02
   2.0376923076923077E-02  4.9120512820512822E-02
   2.0928205128205129E-02  4.9261538461538468E-02
   2.1505128205128204E-02  4.9325641025641027E-02
   2.2043589743589744E-02  4.9274358974358966E-02
   2.2594871794871796E-02  4.9248717948717949E-02
   2.3184615384615383E-02  4.9094871794871792E-02
   2.3876923076923073E-02  4.8864102564102563E-02
   2.4453846153846156E-02  4.8723076923076931E-02
   2.5005128205128204E-02  4.8505128205128208E-02
   2.5274358974358972E-02  4.8466666666666665E-02
   2.5594871794871788E-02  4.8697435897435887E-02
   2.5723076923076921E-02  4.8876923076923075E-02
   2.5902564102564099E-02  4.9235897435897423E-02
   2.6056410256410263E-02  4.9582051282051287E-02
   2.6171794871794867E-02  4.9838461538461533E-02
   2.6351282051282048E-02  5.0223076923076926E-02
   2.6723076923076926E-02  5.0953846153846162E-02
   2.6992307692307694E-02  5.1005128205128210E-02
   2.7261538461538462E-02  5.0941025641025636E-02
   2.7594871794871793E-02  5.1120512820512824E-02
   2.7748717948717947E-02  5.1287179487179486E-02
   2.7941025641025640E-02  5.1684615384615391E-02
   2.8030769230769231E-02  5.2056410256410252E-02
   2.8158974358974354E-02  5.2389743589743583E-02
   2.8479487179487173E-02  5.2646153846153849E-02
   2.9235897435897433E-02  5.2889743589743583E-02
   2.9787179487179488E-02  5.3210256410256410E-02
   2.9979487179487174E-02  5.3389743589743584E-02
   3.0082051282051277E-02  5.3774358974358963E-02
   3.0082051282051277E-02  5.4056410256410253E-02
   3.0017948717948717E-02  5.4338461538461530E-02
   2.9902564102564103E-02  5.4774358974358964E-02
   2.9787179487179488E-02  5.5082051282051285E-02
   2.9902564102564103E-02  5.5364102564102576E-02
   3.0082051282051277E-02  5.5530769230769231E-02
   3.0428205128205127E-02  5.5543589743589736E-02
   3.0941025641025639E-02  5.5466666666666671E-02
   3.1479487179487176E-02  5.5428205128205128E-02
   3.1774358974358971E-02  5.5633333333333333E-02
   3.2056410256410255E-02  5.5979487179487183E-02
   3.2351282051282050E-02  5.6082051282051286E-02
   3.2697435897435893E-02  5.6235897435897443E-02
   3.3415384615384618E-02  5.6248717948717948E-02
   3.4017948717948721E-02  5.6287179487179491E-02
   3.4607692307692305E-02  5.6030769230769224E-02
   3.5338461538461534E-02  5.5697435897435907E-02
   3.5710256410256408E-02  5.5530769230769231E-02
   3.5928205128205132E-02  5.5889743589743586E-02
   3.6197435897435896E-02  5.6312820512820515E-02
   3.6633333333333330E-02  5.6517948717948720E-02
   3.7312820512820512E-02  5.6505128205128194E-02
   3.7902564102564103E-02  5.6428205128205143E-02
   3.8402564102564103E-02  5.6479487179487177E-02
   3.8787179487179489E-02  5.6710256410256406E-02
   3.9210256410256411E-02  5.7082051282051287E-02
   3.9735897435897435E-02  5.7620512820512823E-02
   4.0184615384615381E-02  5.8056410256410257E-02
   4.0646153846153846E-02  5.8517948717948708E-02
   4.1005128205128208E-02  5.8658974358974353E-02
   4.1428205128205130E-02  5.8684615384615370E-02
   4.1761538461538468E-02  5.8633333333333336E-02
   4.2364102564102564E-02  5.8646153846153855E-02
   4.2658974358974366E-02  5.8928205128205131E-02
   4.2979487179487172E-02  5.9312820512820504E-02
   4.3312820512820503E-02  5.9556410256410251E-02
   4.3582051282051268E-02  5.9748717948717937E-02
   4.4428205128205119E-02  6.0184615384615371E-02
   4.4941025641025645E-02  6.0479487179487181E-02
   4.5492307692307679E-02  6.0812820512820519E-02
   4.5966666666666670E-02  6.1146153846153843E-02
   4.6697435897435899E-02  6.1646153846153857E-02
   4.7389743589743578E-02  6.2120512820512820E-02
   4.7953846153846146E-02  6.2505128205128213E-02
   4.8287179487179484E-02  6.2787179487179490E-02
   4.8774358974358972E-02  6.3158974358974357E-02
   4.9171794871794863E-02  6.3300000000000009E-02
   4.9428205128205123E-02  6.3774358974358986E-02
   4.9800000000000004E-02  6.4082051282051286E-02
   5.0248717948717950E-02  6.4492307692307696E-02
   5.0684615384615390E-02  6.4812820512820529E-02
   5.1094871794871793E-02  6.4864102564102563E-02
   5.1761538461538463E-02  6.4851282051282058E-02
   5.2094871794871808E-02  6.4915384615384625E-02
   5.2402564102564116E-02  6.5107692307692311E-02
   5.2799999999999993E-02  6.5338461538461540E-02
   5.3184615384615386E-02  6.5800000000000011E-02
   5.3671794871794860E-02  6.5992307692307697E-02
   5.4030769230769222E-02  6.6030769230769240E-02
   5.4428205128205127E-02  6.6325641025641036E-02
   5.4812820512820506E-02  6.6530769230769241E-02
   5.5261538461538473E-02  6.6851282051282060E-02
   5.5915384615384610E-02  6.7466666666666675E-02
   5.6325641025641020E-02  6.7646153846153856E-02
   5.6748717948717949E-02  6.7735897435897446E-02
   5.7197435897435901E-02  6.8017948717948723E-02
   5.7441025641025635E-02  6.8530769230769242E-02
   5.8017948717948728E-02  6.9069230769230772E-02
   5.8351282051282045E-02  6.9453846153846172E-02
   5.8748717948717943E-02  6.9800000000000001E-02
   5.9582051282051275E-02  6.9953846153846158E-02
   5.9966666666666661E-02  6.9889743589743605E-02
   6.0505128205128204E-02  6.9812820512820520E-02
   6.0774358974358976E-02  6.9966666666666663E-02
   6.1210256410256410E-02  7.0479487179487196E-02
   6.1633333333333339E-02  7.1043589743589750E-02
   6.2120512820512820E-02  7.1453846153846159E-02
   6.2415384615384616E-02  7.1774358974358979E-02
   6.2710256410256418E-02  7.1774358974358979E-02
   6.2915384615384623E-02  7.1800000000000003E-02
   6.3479487179487190E-02  7.1735897435897450E-02
   6.3697435897435900E-02  7.1748717948717955E-02
   6.3928205128205143E-02  7.1992307692307703E-02
   6.4248717948717948E-02  7.2056410256410255E-02
   6.4646153846153853E-02  7.2171794871794884E-02
   6.5017948717948734E-02  7.2351282051282051E-02
   6.5441025641025649E-02  7.2607692307692318E-02
   6.5876923076923083E-02  7.2800000000000004E-02
   6.6402564102564107E-02  7.2889743589743594E-02
   6.6902564102564108E-02  7.2864102564102570E-02
   6.7620512820512818E-02  7.2710256410256413E-02
   6.8453846153846157E-02  7.2658974358974365E-02
   6.8812820512820519E-02  7.2517948717948727E-02
   6.8607692307692314E-02  7.3235897435897451E-02
   6.8620512820512833E-02  7.3607692307692318E-02
   6.8646153846153857E-02  7.4197435897435896E-02
   6.8825641025641038E-02  7.4415384615384619E-02
   6.9210256410256424E-02  7.4556410256410258E-02
   6.9325641025641024E-02  7.4825641025641029E-02
   6.9735897435897434E-02  7.5146153846153863E-02
   7.0274358974358991E-02  7.5466666666666668E-02
   7.0851282051282063E-02  7.5710256410256416E-02
   7.1428205128205136E-02  7.5607692307692320E-02
   7.1992307692307703E-02  7.5376923076923091E-02
   7.2620512820512836E-02  7.5210256410256415E-02
   7.3364102564102571E-02  7.5082051282051282E-02
   7.3620512820512823E-02  7.5082051282051282E-02
   7.3864102564102571E-02  7.5492307692307692E-02
   7.4223076923076933E-02  7.5748717948717958E-02
   7.4633333333333343E-02  7.6005128205128211E-02
   7.4979487179487186E-02  7.6492307692307693E-02
   7.5351282051282067E-02  7.6979487179487188E-02
   7.5710256410256416E-02  7.7261538461538479E-02
   7.6133333333333345E-02  7.7376923076923065E-02
   7.6441025641025645E-02  7.7453846153846165E-02
   7.6992307692307693E-02  7.7607692307692308E-02
   7.7812820512820499E-02  7.7748717948717946E-02
   7.8184615384615366E-02  7.7876923076923107E-02
   7.8517948717948746E-02  7.8492307692307695E-02
   7.8825641025641019E-02  7.8992307692307723E-02
   7.9197435897435928E-02  7.9364102564102576E-02
   7.9697435897435887E-02  7.9607692307692310E-02
   8.0210256410256420E-02  7.9428205128205115E-02
   8.0864102564102563E-02  7.9210256410256405E-02
   8.1248717948717963E-02  7.9184615384615423E-02
   8.1774358974358960E-02  7.8928205128205142E-02
   8.2312820512820517E-02  7.8556410256410289E-02
   8.2735897435897446E-02  7.8351282051282084E-02
   8.3107692307692313E-02  7.8248717948717961E-02
   8.3466666666666689E-02  7.8158974358974384E-02
   8.3876923076923099E-02  7.8210256410256404E-02
   8.4428205128205133E-02  7.8017948717948704E-02
   8.4953846153846171E-02  7.7761538461538479E-02
   8.5607692307692315E-02  7.7466666666666684E-02
   8.5966666666666677E-02  7.7466666666666684E-02
   8.6633333333333354E-02  7.7466666666666684E-02
   8.7107692307692317E-02  7.7556410256410274E-02
   8.7543589743589750E-02  7.7800000000000008E-02
   8.7966666666666679E-02  7.8389743589743613E-02
   8.8415384615384618E-02  7.8953846153846194E-02
   8.8928205128205137E-02  7.9415384615384610E-02
   8.9120512820512851E-02  7.9864102564102549E-02
   8.9915384615384619E-02  8.0043589743589758E-02
   9.0517948717948729E-02  8.0030769230769266E-02
   9.0979487179487187E-02  7.9928205128205129E-02
   9.1530769230769235E-02  7.9825641025641020E-02
   9.2120512820512840E-02  7.9812820512820515E-02
   9.2735897435897427E-02  7.9876923076923095E-02
   9.3505128205128213E-02  7.9735897435897443E-02
   9.3799999999999981E-02  7.9479487179487190E-02
   9.3966666666666684E-02  7.9184615384615423E-02
