   2.0916111111111111E-02  1.4693055555555556E-02
   2.0916111111111111E-02  1.5039722222222225E-02
   2.0638055555555555E-02  1.5270833333333334E-02
   2.0471111111111114E-02  1.5501666666666667E-02
   2.0304166666666665E-02  1.5675000000000001E-02
   2.0026111111111113E-02  1.5790555555555554E-02
   1.9748055555555557E-02  1.5790555555555554E-02
   1.9469722222222222E-02  1.5675000000000001E-02
   1.9191666666666669E-02  1.5328611111111112E-02
   1.9080277777777779E-02  1.5097500000000000E-02
   1.8969166666666665E-02  1.4866388888888891E-02
   1.8134722222222222E-02  1.4404166666666666E-02
   1.7578333333333335E-02  1.4230833333333335E-02
   1.7188888888888889E-02  1.4230833333333335E-02
   1.6410277777777781E-02  1.4173055555555557E-02
   1.5853888888888890E-02  1.4000000000000002E-02
   1.5408888888888889E-02  1.3826666666666668E-02
   1.4963888888888891E-02  1.3537777777777781E-02
   1.4407500000000000E-02  1.3191111111111112E-02
   1.4073611111111113E-02  1.3017777777777777E-02
   1.3573055555555553E-02  1.2786666666666665E-02
   1.2849999999999997E-02  1.2555833333333336E-02
   1.2349166666666668E-02  1.2209166666666667E-02
   1.1959722222222222E-02  1.2093611111111111E-02
   1.1347777777777780E-02  1.1862500000000002E-02
   1.0680277777777778E-02  1.2093611111111111E-02
   1.0290833333333332E-02  1.2555833333333336E-02
   1.0068333333333332E-02  1.2959999999999999E-02
   9.9013888888888901E-03  1.3306666666666665E-02
   9.7902777777777762E-03  1.3479999999999999E-02
   9.4563888888888892E-03  1.3711111111111111E-02
   9.0113888888888882E-03  1.3768888888888890E-02
   8.6219444444444460E-03  1.3942222222222224E-02
   8.3994444444444455E-03  1.4115277777777779E-02
   8.1769444444444433E-03  1.4346388888888888E-02
   7.7319444444444449E-03  1.4635277777777778E-02
   7.4538888888888875E-03  1.4924166666666665E-02
   7.0644444444444444E-03  1.5155277777777778E-02
   6.5636111111111112E-03  1.5443888888888889E-02
   6.2300000000000003E-03  1.5675000000000001E-02
   5.5066666666666667E-03  1.6079444444444445E-02
   4.5611111111111113E-03  1.6426111111111110E-02
   4.1161111111111112E-03  1.6368333333333332E-02
   3.7822222222222224E-03  1.6888055555555555E-02
   3.5041666666666663E-03  1.7176944444444446E-02
   3.1702777777777779E-03  1.7523611111111111E-02
   3.0591666666666666E-03  1.7639166666666668E-02
   2.5027777777777778E-03  1.7985833333333333E-02
   1.9463888888888890E-03  1.8332222222222222E-02
   1.4458333333333333E-03  1.8621111111111113E-02
   6.1138888888888896E-04  1.8736666666666665E-02
  -1.6749999999999990E-04  1.8736666666666665E-02
  -6.1249999999999998E-04  1.8216666666666669E-02
  -1.0019444444444442E-03  1.7639166666666668E-02
  -1.3913888888888891E-03  1.7061388888888890E-02
  -1.6694444444444448E-03  1.6541666666666666E-02
  -1.7808333333333335E-03  1.6021666666666667E-02
  -1.8363888888888891E-03  1.5501666666666667E-02
  -1.8363888888888891E-03  1.4981944444444444E-02
  -2.0588888888888887E-03  1.3595555555555555E-02
  -2.1144444444444444E-03  1.3306666666666665E-02
  -2.5038888888888888E-03  1.2671388888888888E-02
  -2.8377777777777780E-03  1.1978055555555554E-02
  -2.9488888888888889E-03  1.1342499999999998E-02
  -3.3383333333333338E-03  1.0129444444444444E-02
  -3.3383333333333338E-03  9.6097222222222209E-03
  -3.5608333333333334E-03  9.0897222222222213E-03
  -3.7833333333333330E-03  8.6852777777777779E-03
  -4.0616666666666666E-03  8.3966666666666669E-03
  -4.3397222222222222E-03  7.9922222222222235E-03
  -4.4508333333333327E-03  7.5877777777777784E-03
  -4.5622222222222219E-03  6.8947222222222231E-03
  -4.4508333333333327E-03  6.2591666666666664E-03
  -4.2283333333333331E-03  5.7972222222222218E-03
  -3.8947222222222230E-03  5.1616666666666668E-03
  -3.3383333333333338E-03  3.9486111111111111E-03
  -3.1713888888888885E-03  3.2552777777777779E-03
  -3.1158333333333333E-03  2.6777777777777781E-03
  -3.0047222222222220E-03  2.2155555555555557E-03
  -2.9488888888888889E-03  1.6380555555555556E-03
  -2.9488888888888889E-03  1.0024999999999999E-03
  -2.7819444444444441E-03  4.2472222222222228E-04
  -2.6708333333333332E-03 -3.7222222222222127E-05
  -2.5594444444444445E-03 -2.1055555555555563E-04
  -2.2258333333333331E-03 -4.9944444444444450E-04
  -1.8363888888888891E-03 -8.4611111111111128E-04
  -1.5583333333333334E-03 -1.0769444444444446E-03
  -1.2244444444444442E-03 -1.3658333333333330E-03
  -9.4638888888888897E-04 -1.4813888888888889E-03
  -7.7944444444444459E-04 -1.4813888888888889E-03
  -3.9000000000000016E-04 -1.5391666666666670E-03
  -5.5555555555572567E-07 -1.5969444444444447E-03
   5.0000000000000001E-04 -1.7125000000000005E-03
   4.4444444444444447E-04 -1.9436111111111108E-03
   1.6638888888888899E-04 -2.4058333333333332E-03
   1.1055555555555558E-04 -2.7522222222222227E-03
   1.1055555555555558E-04 -2.9833333333333335E-03
   2.7750000000000008E-04 -3.6766666666666666E-03
   3.8888888888888892E-04 -4.1386111111111111E-03
   5.0000000000000001E-04 -4.5430555555555554E-03
   5.0000000000000001E-04 -5.0630555555555550E-03
   5.0000000000000001E-04 -5.1208333333333331E-03
   2.2194444444444442E-04 -5.5249999999999995E-03
  -5.5555555555572567E-07 -5.6405555555555558E-03
  -4.4555555555555537E-04 -6.0450000000000000E-03
  -8.3500000000000002E-04 -6.3916666666666662E-03
  -8.9055555555555546E-04 -6.4494444444444434E-03
  -1.5024999999999999E-03 -6.8536111111111098E-03
  -1.8363888888888891E-03 -7.0847222222222223E-03
  -2.2258333333333331E-03 -7.3158333333333348E-03
  -2.6152777777777776E-03 -7.8358333333333335E-03
  -3.0047222222222220E-03 -8.2400000000000008E-03
  -3.2272222222222225E-03 -8.7022222222222223E-03
  -3.6163888888888886E-03 -9.3952777777777767E-03
  -3.7277777777777778E-03 -1.0088611111111114E-02
  -4.0058333333333335E-03 -1.0839444444444443E-02
  -4.1172222222222218E-03 -1.1417222222222221E-02
  -4.1727777777777779E-03 -1.2341388888888891E-02
  -4.1172222222222218E-03 -1.3265833333333334E-02
  -3.9502777777777782E-03 -1.3958888888888889E-02
  -3.6722222222222217E-03 -1.4305555555555557E-02
  -3.5052777777777773E-03 -1.4652222222222219E-02
  -3.2827777777777777E-03 -1.4998611111111105E-02
  -3.0602777777777772E-03 -1.5171944444444443E-02
  -2.6708333333333332E-03 -1.5460833333333330E-02
  -2.3927777777777775E-03 -1.5749722222222221E-02
  -2.2813888888888888E-03 -1.5923055555555555E-02
  -2.2258333333333331E-03 -1.6327222222222222E-02
  -2.1144444444444444E-03 -1.6847222222222222E-02
  -2.1144444444444444E-03 -1.7598055555555554E-02
  -2.1144444444444444E-03 -1.8118055555555554E-02
  -2.1144444444444444E-03 -1.8638055555555554E-02
  -2.1144444444444444E-03 -1.9157777777777777E-02
  -1.9474999999999996E-03 -1.9851111111111111E-02
  -1.8919444444444444E-03 -2.0255277777777782E-02
  -1.8363888888888891E-03 -2.0717500000000003E-02
  -1.5583333333333334E-03 -2.1121944444444443E-02
  -1.4469444444444443E-03 -2.1410833333333334E-02
  -1.4469444444444443E-03 -2.1988333333333335E-02
  -1.2799999999999999E-03 -2.2450555555555550E-02
  -1.2244444444444442E-03 -2.2912777777777778E-02
  -1.1688888888888886E-03 -2.4068055555555551E-02
  -1.1130555555555555E-03 -2.4414444444444440E-02
  -8.3500000000000002E-04 -2.4818888888888887E-02
  -3.3444444444444450E-04 -2.5512222222222221E-02
  -5.5555555555572567E-07 -2.5916388888888888E-02
   1.1055555555555558E-04 -2.6494166666666666E-02
   1.1055555555555558E-04 -2.7014166666666662E-02
   3.3333333333333338E-04 -2.7533888888888889E-02
   5.5583333333333331E-04 -2.7880555555555558E-02
   7.7833333333333335E-04 -2.8227222222222223E-02
   1.1119444444444445E-03 -2.8631388888888883E-02
   1.6127777777777776E-03 -2.9035833333333337E-02
   1.8908333333333333E-03 -2.9266944444444443E-02
   2.2247222222222221E-03 -2.9382499999999995E-02
   2.6138888888888887E-03 -2.9498055555555555E-02
   3.5041666666666663E-03 -2.9613611111111111E-02
   4.0047222222222220E-03 -2.9555833333333333E-02
   4.6722222222222226E-03 -2.9382499999999995E-02
   5.0061111111111105E-03 -2.9209166666666668E-02
   5.3955555555555553E-03 -2.9209166666666668E-02
   6.0630555555555550E-03 -2.9266944444444443E-02
   6.5080555555555551E-03 -2.9324722222222224E-02
   6.9530555555555552E-03 -2.9498055555555555E-02
   7.3425000000000001E-03 -2.9555833333333333E-02
   8.0658333333333328E-03 -2.9613611111111111E-02
   8.6219444444444460E-03 -2.9498055555555555E-02
   8.9558333333333330E-03 -2.9324722222222224E-02
   9.5122222222222205E-03 -2.8920277777777774E-02
   1.0179722222222222E-02 -2.8169444444444448E-02
   1.0402222222222222E-02 -2.7996111111111111E-02
   1.0791666666666665E-02 -2.7533888888888889E-02
   1.1014166666666665E-02 -2.7245000000000005E-02
   1.1626111111111108E-02 -2.6898611111111116E-02
   1.2126666666666668E-02 -2.6436388888888888E-02
   1.2349166666666668E-02 -2.6378611111111110E-02
   1.2905555555555556E-02 -2.5974166666666666E-02
   1.3295000000000001E-02 -2.5685555555555559E-02
   1.3739999999999999E-02 -2.5281111111111108E-02
   1.3962500000000003E-02 -2.5049999999999999E-02
   1.4351944444444445E-02 -2.4472222222222218E-02
   1.4574444444444445E-02 -2.4068055555555551E-02
   1.4963888888888891E-02 -2.3605833333333336E-02
   1.5464444444444444E-02 -2.3201388888888886E-02
   1.5853888888888890E-02 -2.3028055555555552E-02
   1.6410277777777781E-02 -2.2681666666666666E-02
   1.6855277777777778E-02 -2.2566111111111110E-02
   1.7411388888888889E-02 -2.2277222222222219E-02
   1.8579722222222220E-02 -2.2912777777777778E-02
   1.8468611111111113E-02 -2.3143611111111108E-02
   1.8245833333333336E-02 -2.3548055555555555E-02
   1.8301666666666671E-02 -2.4010277777777776E-02
   1.8468611111111113E-02 -2.4183611111111111E-02
   1.8746666666666668E-02 -2.4299166666666663E-02
   1.8969166666666665E-02 -2.4414444444444440E-02
   1.9080277777777779E-02 -2.4414444444444440E-02
   1.9303055555555556E-02 -2.4414444444444440E-02
   1.9525555555555556E-02 -2.4241388888888889E-02
   1.9748055555555557E-02 -2.3952500000000002E-02
   1.9970555555555557E-02 -2.3605833333333336E-02
   2.0823888888888888E-02 -2.4013055555555555E-02
   2.2306944444444445E-02 -2.4610000000000000E-02
   2.2028888888888890E-02 -2.4725555555555556E-02
   2.1695000000000002E-02 -2.4898888888888887E-02
   2.1361111111111112E-02 -2.5130000000000000E-02
   2.1138611111111108E-02 -2.5591944444444445E-02
   2.1138611111111108E-02 -2.6054166666666666E-02
   2.1305555555555557E-02 -2.6285277777777772E-02
   2.1750555555555558E-02 -2.6400833333333332E-02
   2.2251388888888890E-02 -2.6458611111111110E-02
   2.2529444444444446E-02 -2.6400833333333332E-02
   2.2974444444444450E-02 -2.5938611111111110E-02
   2.3141388888888888E-02 -2.5707499999999998E-02
   2.3419444444444448E-02 -2.5360833333333336E-02
   2.5541944444444447E-02 -2.6259722222222219E-02
   2.9650000000000003E-02 -2.8364722222222222E-02
   2.9149444444444447E-02 -2.8538055555555553E-02
   2.8871111111111111E-02 -2.8769166666666669E-02
   2.8648611111111114E-02 -2.8942499999999999E-02
   2.8259444444444445E-02 -2.9231388888888890E-02
   2.8092499999999999E-02 -2.9635555555555557E-02
   2.8092499999999999E-02 -2.9982222222222223E-02
   2.8148055555555555E-02 -3.0386666666666666E-02
   2.8982500000000005E-02 -3.0733055555555555E-02
   2.9316388888888892E-02 -3.0733055555555555E-02
   2.9650000000000003E-02 -3.0675555555555553E-02
   3.0206388888888890E-02 -3.0328888888888884E-02
   3.0651388888888895E-02 -2.9924444444444441E-02
   3.0873888888888895E-02 -2.9635555555555557E-02
   3.1151944444444447E-02 -2.9346666666666674E-02
   3.1318888888888882E-02 -2.9115833333333330E-02
