   1.8719444444444445E-02  1.5184166666666669E-02
   1.8608333333333334E-02  1.4897500000000001E-02
   1.8052222222222223E-02  1.4610555555555557E-02
   1.7774166666666667E-02  1.4381111111111112E-02
   1.7051111111111114E-02  1.4266111111111111E-02
   1.6661666666666668E-02  1.4266111111111111E-02
   1.6383611111111109E-02  1.3921944444444445E-02
   1.5938888888888888E-02  1.3749722222222226E-02
   1.5382500000000000E-02  1.3577777777777775E-02
   1.4993333333333334E-02  1.3405555555555553E-02
   1.4659722222222220E-02  1.3290833333333332E-02
   1.4159166666666667E-02  1.3118611111111112E-02
   1.3769722222222221E-02  1.2889166666666667E-02
   1.3325000000000000E-02  1.2487499999999999E-02
   1.2991111111111113E-02  1.2200555555555555E-02
   1.2379444444444446E-02  1.1856388888888889E-02
   1.1823333333333332E-02  1.1511944444444443E-02
   1.1433888888888886E-02  1.1454722222222220E-02
   1.0710833333333333E-02  1.1798888888888890E-02
   9.9322222222222208E-03  1.2372777777777778E-02
   9.4319444444444442E-03  1.2889166666666667E-02
   8.8200000000000014E-03  1.3405555555555553E-02
   8.2638888888888901E-03  1.4094166666666665E-02
   7.8747222222222222E-03  1.4610555555555557E-02
   7.5963888888888886E-03  1.5126944444444446E-02
   7.2627777777777777E-03  1.5184166666666669E-02
   6.8177777777777776E-03  1.5356388888888888E-02
   6.2061111111111110E-03  1.5758055555555556E-02
   5.5944444444444444E-03  1.6274444444444446E-02
   5.1494444444444452E-03  1.6561388888888889E-02
   4.7602777777777773E-03  1.6790833333333335E-02
   4.2038888888888890E-03  1.6963055555555561E-02
   3.0361111111111114E-03  1.7020277777777777E-02
   2.4800000000000000E-03  1.6963055555555561E-02
   1.9794444444444443E-03  1.6848333333333337E-02
   1.3677777777777779E-03  1.6618611111111115E-02
   7.0027777777777775E-04  1.6848333333333337E-02
   5.8916666666666666E-04  1.6963055555555561E-02
  -7.8333333333333250E-05  1.7307222222222224E-02
  -6.3444444444444442E-04  1.7536666666666666E-02
  -1.1349999999999997E-03  1.7766388888888887E-02
  -1.8580555555555555E-03  1.7995833333333336E-02
  -2.9147222222222222E-03  1.8225277777777781E-02
  -3.4708333333333336E-03  1.8168055555555552E-02
  -4.3050000000000007E-03  1.7995833333333336E-02
  -4.9725000000000004E-03  1.7536666666666666E-02
  -5.3061111111111113E-03  1.7192499999999999E-02
  -5.9177777777777779E-03  1.6905555555555556E-02
  -6.4741666666666663E-03  1.6446666666666668E-02
  -6.4183333333333340E-03  1.6045000000000000E-02
  -6.2516666666666667E-03  1.5643333333333332E-02
  -6.3072222222222227E-03  1.5069444444444444E-02
  -6.3072222222222227E-03  1.4610555555555557E-02
  -6.0847222222222223E-03  1.4323611111111110E-02
  -5.6955555555555553E-03  1.4094166666666665E-02
  -5.6397222222222222E-03  1.3979444444444444E-02
  -5.5841666666666661E-03  1.3577777777777775E-02
  -5.5841666666666661E-03  1.2889166666666667E-02
  -5.5841666666666661E-03  1.2200555555555555E-02
  -5.5841666666666661E-03  1.1626944444444447E-02
  -5.6397222222222222E-03  1.0823611111111110E-02
  -5.4730555555555548E-03  1.0134999999999998E-02
  -5.1950000000000000E-03  9.6186111111111125E-03
  -5.3061111111111113E-03  8.9300000000000004E-03
  -5.4172222222222226E-03  8.3561111111111110E-03
  -5.5841666666666661E-03  7.8397222222222236E-03
  -5.6397222222222222E-03  6.9791666666666665E-03
  -5.5841666666666661E-03  6.2905555555555553E-03
  -5.2505555555555561E-03  6.0036111111111115E-03
  -4.9725000000000004E-03  5.8888888888888897E-03
  -4.9725000000000004E-03  5.7169444444444438E-03
  -4.6944444444444438E-03  5.2005555555555555E-03
  -4.4719444444444442E-03  4.8561111111111114E-03
  -4.0825000000000002E-03  4.1675000000000011E-03
  -3.8044444444444436E-03  3.4216666666666666E-03
  -3.4708333333333336E-03  2.6183333333333336E-03
  -3.4708333333333336E-03  2.1019444444444445E-03
  -3.3038888888888883E-03  1.4708333333333333E-03
  -3.0258333333333335E-03  8.3972222222222217E-04
  -2.6922222222222226E-03  6.1027777777777773E-04
  -2.3030555555555556E-03  4.9527777777777786E-04
  -2.0805555555555555E-03  3.8055555555555553E-04
  -1.9136111111111107E-03  3.6388888888888864E-05
  -1.8024999999999998E-03 -3.6527777777777774E-04
  -1.5800000000000002E-03 -8.8166666666666645E-04
  -1.1905555555555554E-03 -1.5702777777777776E-03
  -9.6805555555555534E-04 -2.1438888888888888E-03
  -6.8999999999999986E-04 -2.8325000000000004E-03
  -6.8999999999999986E-04 -3.3488888888888891E-03
  -1.0794444444444445E-03 -4.0949999999999997E-03
  -1.5244444444444446E-03 -4.5538888888888894E-03
  -1.8580555555555555E-03 -4.9555555555555559E-03
  -2.4141666666666669E-03 -5.5866666666666669E-03
  -2.8591666666666670E-03 -6.1030555555555551E-03
  -3.0813888888888879E-03 -6.9063888888888881E-03
  -3.1372222222222218E-03 -7.6522222222222209E-03
  -3.3038888888888883E-03 -8.2261111111111111E-03
  -3.3597222222222223E-03 -8.9147222222222232E-03
  -3.4152777777777784E-03 -9.4311111111111123E-03
  -3.0258333333333335E-03 -1.0004722222222224E-02
  -2.8591666666666670E-03 -1.0119722222222221E-02
  -2.3586111111111112E-03 -1.0636111111111110E-02
  -2.1361111111111112E-03 -1.0980277777777776E-02
  -2.2472222222222225E-03 -1.1324444444444446E-02
  -2.4697222222222221E-03 -1.1554166666666667E-02
  -2.9147222222222222E-03 -1.2299999999999998E-02
  -3.0813888888888879E-03 -1.3045833333333336E-02
  -2.8033333333333326E-03 -1.3791944444444443E-02
  -2.4697222222222221E-03 -1.4021388888888885E-02
  -2.5811111111111113E-03 -1.4480277777777776E-02
  -2.7477777777777782E-03 -1.5168888888888888E-02
  -2.8591666666666670E-03 -1.5799999999999998E-02
  -2.8591666666666670E-03 -1.6431111111111108E-02
  -2.4141666666666669E-03 -1.6775555555555557E-02
  -2.4141666666666669E-03 -1.7291944444444443E-02
  -2.4141666666666669E-03 -1.8095277777777773E-02
  -2.3030555555555556E-03 -1.8439444444444442E-02
  -1.9136111111111107E-03 -1.9357500000000000E-02
  -1.8580555555555555E-03 -1.9931388888888887E-02
  -1.6355555555555559E-03 -2.0619722222222220E-02
  -1.4130555555555554E-03 -2.1136388888888885E-02
  -1.0238888888888889E-03 -2.1365833333333334E-02
  -7.4583333333333337E-04 -2.1652777777777778E-02
  -4.6750000000000003E-04 -2.2054444444444446E-02
  -1.8944444444444434E-04 -2.2513333333333333E-02
  -4.1194444444444438E-04 -2.3087222222222217E-02
  -6.8999999999999986E-04 -2.3603611111111110E-02
  -9.1250000000000012E-04 -2.4062500000000001E-02
  -1.1905555555555554E-03 -2.4808333333333335E-02
  -1.3575000000000002E-03 -2.5554444444444446E-02
  -1.4130555555555554E-03 -2.6185555555555556E-02
  -1.5800000000000002E-03 -2.6759444444444443E-02
  -1.8024999999999998E-03 -2.7275833333333329E-02
  -2.3030555555555556E-03 -2.7849444444444447E-02
  -2.4141666666666669E-03 -2.8595555555555555E-02
  -2.3586111111111112E-03 -2.9341388888888889E-02
  -2.0247222222222220E-03 -3.0546388888888887E-02
  -1.5800000000000002E-03 -3.1005277777777777E-02
  -9.1250000000000012E-04 -3.1464444444444441E-02
  -6.3444444444444442E-04 -3.1636388888888894E-02
  -3.0083333333333329E-04 -3.1292222222222221E-02
  -7.8333333333333250E-05 -3.1234722222222219E-02
   1.4416666666666668E-04 -3.1120000000000002E-02
   6.4472222222222231E-04 -3.1005277777777777E-02
   9.7833333333333344E-04 -3.0948055555555555E-02
   1.5344444444444446E-03 -3.0948055555555555E-02
   2.2575000000000000E-03 -3.0603611111111109E-02
   2.9250000000000001E-03 -3.0201944444444444E-02
   3.4252777777777780E-03 -2.9972499999999999E-02
   4.3708333333333333E-03 -2.9513611111111109E-02
   4.7044444444444443E-03 -2.9111944444444444E-02
   4.8713888888888886E-03 -2.8538055555555553E-02
   5.2608333333333335E-03 -2.8308611111111111E-02
   5.7055555555555557E-03 -2.8021666666666670E-02
   6.2061111111111110E-03 -2.7677500000000001E-02
   6.7622222222222224E-03 -2.7390555555555553E-02
   7.3741666666666669E-03 -2.6988888888888889E-02
   7.9858333333333344E-03 -2.6701944444444448E-02
   8.2638888888888901E-03 -2.6415000000000001E-02
   8.7088888888888875E-03 -2.5841388888888886E-02
   9.0980555555555571E-03 -2.5209999999999996E-02
   9.4319444444444442E-03 -2.4578888888888886E-02
   9.8766666666666655E-03 -2.4349444444444441E-02
   1.0766666666666667E-02 -2.4119999999999999E-02
   1.1545277777777776E-02 -2.3947777777777776E-02
   1.2156944444444446E-02 -2.3890277777777778E-02
   1.2824444444444444E-02 -2.3718333333333331E-02
   1.3102500000000000E-02 -2.3431388888888890E-02
   1.3547222222222221E-02  1.3290833333333332E-02
   1.3825277777777777E-02 -2.2455833333333331E-02
   1.4103333333333332E-02 -2.2341111111111110E-02
   1.4770833333333334E-02 -2.2226388888888886E-02
   1.5215833333333331E-02 -2.2226388888888886E-02
   1.5938888888888888E-02 -2.2455833333333331E-02
   1.6717222222222224E-02 -2.2800277777777777E-02
   1.7162222222222225E-02 -2.3029722222222219E-02
   1.7551666666666667E-02 -2.3201944444444442E-02
   1.8385833333333334E-02 -2.3603611111111110E-02
   1.8775000000000000E-02 -2.3833055555555552E-02
   1.9331388888888891E-02 -2.4578888888888886E-02
   1.9442500000000001E-02 -2.4980555555555551E-02
   1.9553611111111112E-02 -2.5496944444444440E-02
   1.9498055555555557E-02 -2.5898611111111108E-02
   1.9220000000000001E-02 -2.6300277777777780E-02
   1.9442500000000001E-02 -2.6931388888888890E-02
   2.0165555555555558E-02 -2.7505277777777778E-02
   2.0777222222222221E-02 -2.7792222222222218E-02
   2.1055277777777780E-02 -2.7677500000000001E-02
   2.1611388888888888E-02 -2.7218333333333330E-02
   2.1889444444444447E-02 -2.7390555555555553E-02
   2.2612500000000001E-02 -2.7677500000000001E-02
   2.3335555555555557E-02 -2.7906944444444446E-02
   2.3724722222222227E-02 -2.8079166666666669E-02
   2.4392222222222225E-02 -2.8308611111111111E-02
   2.4169722222222224E-02 -2.8595555555555555E-02
   2.3947222222222220E-02 -2.9111944444444444E-02
   2.4058611111111114E-02 -2.9283888888888887E-02
   2.4503333333333335E-02 -2.9570833333333334E-02
   2.5115277777777778E-02 -2.9800277777777780E-02
   2.5559999999999999E-02 -2.9743055555555550E-02
   2.6060555555555552E-02 -2.9570833333333334E-02
   2.6728055555555557E-02 -2.9398611111111105E-02
   2.7339722222222224E-02 -2.9283888888888887E-02
   2.7951666666666663E-02 -2.9341388888888889E-02
   2.8674444444444447E-02 -2.9628333333333326E-02
   2.9453055555555562E-02 -2.9685555555555562E-02
   3.0398611111111112E-02 -2.9743055555555550E-02
   3.0843611111111113E-02 -2.9800277777777780E-02
   3.1510833333333335E-02 -3.0030000000000001E-02
   3.2233888888888881E-02 -3.0316666666666665E-02
   3.2734444444444448E-02 -3.0546388888888887E-02
   3.3012500000000000E-02 -3.0718333333333334E-02
   3.3680000000000002E-02 -3.0833333333333331E-02
   3.4347222222222223E-02 -3.0890555555555560E-02
   3.4903333333333335E-02 -3.0833333333333331E-02
   3.5348333333333336E-02 -3.0718333333333334E-02
