   1.9999444444444445E-02  1.4546944444444446E-02
   1.9443333333333333E-02  1.4489999999999999E-02
   1.8887500000000002E-02  1.4661111111111114E-02
   1.8609722222222222E-02  1.4946666666666667E-02
   1.8220555555555559E-02  1.5346111111111112E-02
   1.7942777777777780E-02  1.5631666666666665E-02
   1.7498055555555555E-02  1.6031111111111114E-02
   1.7053333333333334E-02  1.6316388888888891E-02
   1.6830833333333337E-02  1.6601944444444443E-02
   1.6497499999999998E-02  1.7001388888888889E-02
   1.5997222222222225E-02  1.7343888888888891E-02
   1.5274722222222224E-02  1.7800555555555556E-02
   1.4774444444444444E-02  1.7971944444444447E-02
   1.4051666666666667E-02  1.8143055555555555E-02
   1.3440277777777780E-02  1.8200277777777784E-02
   1.2773333333333334E-02  1.8143055555555555E-02
   1.2161944444444444E-02  1.7971944444444447E-02
   1.1883888888888888E-02  1.7857777777777778E-02
   1.1328055555555556E-02  1.7572222222222225E-02
   1.0994444444444446E-02  1.7343888888888891E-02
   1.0605555555555556E-02  1.7001388888888889E-02
   1.0105277777777779E-02  1.6544722222222225E-02
   9.6605555555555542E-03  1.6259444444444444E-02
   9.1602777777777776E-03  1.5859999999999999E-02
   8.7711111111111115E-03  1.5460277777777778E-02
   8.2708333333333332E-03  1.5175000000000001E-02
   7.8816666666666653E-03  1.4775277777777780E-02
   7.4927777777777779E-03  1.4489999999999999E-02
   6.9925000000000005E-03  1.4147500000000000E-02
   6.4366666666666669E-03  1.3633611111111110E-02
   6.2141666666666664E-03  1.3234166666666665E-02
   6.0474999999999999E-03  1.2720555555555554E-02
   5.7694444444444442E-03  1.2263888888888890E-02
   5.6027777777777777E-03  1.1750000000000003E-02
   5.1580555555555555E-03  1.2149722222222221E-02
   4.8802777777777785E-03  1.2492222222222221E-02
   4.6022222222222220E-03  1.2777500000000001E-02
   4.4355555555555554E-03  1.2891666666666666E-02
   4.1574999999999997E-03  1.3005833333333335E-02
   3.7683333333333332E-03  1.3063055555555557E-02
   3.2680555555555557E-03  1.3177222222222222E-02
   2.7677777777777779E-03  1.3177222222222222E-02
   1.9341666666666667E-03  1.3177222222222222E-02
   1.8786111111111108E-03  1.3120000000000000E-02
   1.2116666666666667E-03  1.2948888888888888E-02
   4.3333333333333331E-04  1.2777500000000001E-02
  -2.8916666666666674E-04  1.2549166666666667E-02
  -8.4500000000000026E-04  1.2435000000000002E-02
  -1.2341666666666668E-03  1.2263888888888890E-02
  -1.7899999999999999E-03  1.1921388888888891E-02
  -2.0680555555555556E-03  1.1635833333333335E-02
  -2.2347222222222221E-03  1.1293333333333332E-02
  -2.4013888888888891E-03  1.0950833333333333E-02
  -2.5683333333333335E-03  1.0494444444444445E-02
  -2.8461111111111109E-03  9.9805555555555550E-03
  -3.2352777777777779E-03  1.0266111111111111E-02
  -3.4574999999999996E-03  1.0323055555555554E-02
  -3.5688888888888888E-03  1.0037777777777777E-02
  -3.8466666666666666E-03  9.4669444444444445E-03
  -4.1247222222222215E-03  9.0672222222222230E-03
  -4.4025000000000002E-03  8.8388888888888892E-03
  -4.5694444444444446E-03  8.5536111111111125E-03
  -4.5136111111111115E-03  8.1538888888888876E-03
  -4.5694444444444446E-03  7.5261111111111110E-03
  -4.7916666666666663E-03  7.2408333333333335E-03
  -4.9583333333333328E-03  6.9552777777777781E-03
  -5.1808333333333333E-03  6.6127777777777773E-03
  -5.2363888888888885E-03  6.0419444444444444E-03
  -5.2363888888888885E-03  5.8708333333333338E-03
  -5.0697222222222229E-03  5.5283333333333330E-03
  -4.7361111111111111E-03  4.9575000000000001E-03
  -4.7361111111111111E-03  4.6150000000000002E-03
  -4.8472222222222224E-03  4.3866666666666672E-03
  -4.9027777777777776E-03  3.7016666666666665E-03
  -4.9027777777777776E-03  3.2450000000000001E-03
  -4.7916666666666663E-03  2.9024999999999997E-03
  -4.5136111111111115E-03  2.5030555555555552E-03
  -4.0136111111111102E-03  2.2747222222222222E-03
  -3.5688888888888888E-03  2.0463888888888893E-03
  -3.2908333333333331E-03  1.8752777777777778E-03
  -2.9572222222222222E-03  1.6469444444444444E-03
  -2.7905555555555557E-03  1.3044444444444444E-03
  -2.6238888888888887E-03  9.0472222222222223E-04
  -2.3458333333333335E-03  5.6222222222222231E-04
  -1.7899999999999999E-03  2.1972222222222228E-04
  -1.4566666666666669E-03 -8.6111111111111457E-06
  -1.0119444444444442E-03 -2.3694444444444436E-04
  -5.6722222222222200E-04 -4.6500000000000035E-04
  -1.7805555555555565E-04 -6.9333333333333334E-04
   2.6666666666666668E-04 -9.2166666666666677E-04
   8.7805555555555553E-04 -1.1500000000000000E-03
   1.0447222222222223E-03 -1.6066666666666668E-03
   1.1558333333333334E-03 -2.1205555555555552E-03
   1.2672222222222223E-03 -2.8624999999999996E-03
   1.2672222222222223E-03 -3.3761111111111118E-03
   8.7805555555555553E-04 -4.2325000000000002E-03
   7.1138888888888890E-04 -4.5750000000000001E-03
   3.7777777777777777E-04 -5.0316666666666669E-03
   9.9722222222222183E-05 -5.3741666666666668E-03
  -6.6944444444444560E-05 -5.9447222222222228E-03
  -2.8916666666666674E-04 -6.3444444444444451E-03
  -4.5611111111111113E-04 -6.6869444444444441E-03
  -6.7833333333333331E-04 -6.9722222222222208E-03
  -9.0083333333333335E-04 -7.2577777777777771E-03
  -1.1786111111111112E-03 -7.4861111111111109E-03
  -1.5122222222222225E-03 -7.8286111111111126E-03
  -2.0125000000000000E-03 -8.0569444444444430E-03
  -2.3458333333333335E-03 -8.1711111111111116E-03
  -2.7350000000000000E-03 -8.2852777777777768E-03
  -3.1797222222222218E-03 -8.3994444444444455E-03
  -3.4574999999999996E-03 -8.6274999999999998E-03
  -4.0136111111111102E-03 -8.8558333333333336E-03
  -4.4580555555555554E-03 -9.0841666666666675E-03
  -4.9583333333333328E-03 -9.3125000000000013E-03
  -5.3474999999999998E-03 -9.5980555555555541E-03
  -5.6811111111111116E-03 -9.8833333333333342E-03
  -5.9033333333333333E-03 -1.0283055555555556E-02
  -6.1813888888888882E-03 -1.0968055555555557E-02
  -6.2924999999999995E-03 -1.1595833333333336E-02
  -6.2924999999999995E-03 -1.2166666666666666E-02
  -6.2924999999999995E-03 -1.2737499999999999E-02
  -6.2924999999999995E-03 -1.3251111111111113E-02
  -6.0700000000000007E-03 -1.3764999999999999E-02
  -5.7366666666666660E-03 -1.4278611111111110E-02
  -5.4030555555555559E-03 -1.4735277777777778E-02
  -4.9027777777777776E-03 -1.5248888888888888E-02
  -4.2358333333333328E-03 -1.5705555555555556E-02
  -3.9022222222222219E-03 -1.5991111111111109E-02
  -3.5688888888888888E-03 -1.6333611111111108E-02
  -3.2352777777777779E-03 -1.6676111111111110E-02
  -3.4574999999999996E-03 -1.6904166666666665E-02
  -3.2352777777777779E-03 -1.7360833333333332E-02
  -2.6794444444444444E-03 -1.7874722222222222E-02
  -2.1236111111111108E-03 -1.8331388888888890E-02
  -1.5677777777777777E-03 -1.8730833333333332E-02
  -8.4500000000000026E-04 -1.9301666666666665E-02
  -2.8916666666666674E-04 -1.9529999999999999E-02
   2.6666666666666668E-04 -1.9701111111111110E-02
   9.8916666666666662E-04 -1.9815277777777775E-02
   1.6005555555555556E-03 -1.9929444444444444E-02
   2.2677777777777778E-03 -2.0157777777777778E-02
   2.5455555555555557E-03 -2.0157777777777778E-02
   2.9347222222222222E-03 -2.0043611111111109E-02
   3.4350000000000001E-03 -1.9872500000000001E-02
   3.7683333333333332E-03 -2.0100833333333332E-02
   4.0463888888888884E-03 -2.0500277777777777E-02
   4.4911111111111107E-03 -2.1071111111111110E-02
   4.6577777777777780E-03 -2.1242500000000001E-02
   4.8802777777777785E-03 -2.1699166666666665E-02
   5.1580555555555555E-03 -2.2041666666666671E-02
   5.5472222222222225E-03 -2.2612222222222221E-02
   5.8805555555555555E-03 -2.3126111111111111E-02
   6.2697222222222217E-03 -2.3639722222222225E-02
   6.5477777777777782E-03 -2.4153611111111108E-02
   7.1036111111111118E-03 -2.3982222222222224E-02
   7.4369444444444448E-03 -2.3982222222222224E-02
   8.2708333333333332E-03 -2.3982222222222224E-02
   8.6044444444444458E-03 -2.3982222222222224E-02
   8.9933333333333323E-03 -2.3811111111111106E-02
   9.6605555555555542E-03 -2.3354444444444442E-02
   9.9938888888888890E-03 -2.2954722222222220E-02
   1.0216388888888889E-02 -2.2155833333333333E-02
   1.0271944444444445E-02 -2.1699166666666665E-02
   1.0383055555555555E-02 -2.1014166666666667E-02
   1.0605555555555556E-02 -2.0614444444444446E-02
   1.0883333333333335E-02 -2.0214999999999997E-02
   1.1216944444444446E-02 -1.9644166666666667E-02
   1.1383611111111112E-02 -1.9358888888888884E-02
   1.1772777777777778E-02 -1.8845000000000001E-02
   1.2106111111111113E-02 -1.9016388888888888E-02
   1.2495277777777779E-02 -1.9358888888888884E-02
   1.3051111111111111E-02 -1.9701111111111110E-02
   1.3051111111111111E-02 -1.9929444444444444E-02
   1.3329166666666666E-02 -2.0271944444444440E-02
   1.3996111111111112E-02 -2.0956944444444445E-02
   1.4329722222222223E-02 -2.1071111111111110E-02
   1.4496388888888889E-02 -2.1413611111111109E-02
   1.4607500000000002E-02 -2.1813333333333334E-02
   1.4941111111111110E-02 -2.2498055555555552E-02
   1.5052222222222224E-02 -2.3068888888888889E-02
   1.5274722222222224E-02 -2.3639722222222225E-02
   1.5719166666666666E-02 -2.4324722222222220E-02
   1.6330833333333333E-02 -2.5009722222222225E-02
   1.6553055555555553E-02 -2.5180833333333333E-02
   1.7219999999999999E-02 -2.5637499999999997E-02
   1.7831388888888890E-02 -2.6037222222222222E-02
   1.8276111111111114E-02 -2.6436666666666667E-02
   1.8276111111111114E-02 -2.6779166666666670E-02
   1.8109444444444445E-02 -2.7235833333333331E-02
   1.7998333333333335E-02 -2.7920833333333332E-02
   1.7998333333333335E-02 -2.8491666666666665E-02
   1.8220555555555559E-02 -2.8948333333333336E-02
   1.8776388888888891E-02 -2.9233611111111113E-02
   1.9665833333333334E-02 -2.9576111111111116E-02
   2.0388333333333335E-02 -2.9690277777777774E-02
   2.1166666666666667E-02 -2.9747499999999996E-02
   2.2111666666666668E-02 -2.9861666666666661E-02
   2.2667500000000000E-02 -2.9918611111111111E-02
   2.3501111111111112E-02 -3.0204166666666667E-02
   2.3779166666666667E-02 -3.0261111111111107E-02
   2.4112499999999999E-02 -3.0261111111111107E-02
   2.4390555555555561E-02 -3.0146944444444438E-02
   2.4668611111111113E-02 -2.9861666666666661E-02
   2.4835277777777779E-02 -2.9461944444444440E-02
   2.4835277777777779E-02 -2.9005277777777776E-02
   2.5057500000000000E-02 -2.8834166666666668E-02
   2.5502222222222221E-02 -2.8548611111111108E-02
   2.6002499999999998E-02 -2.8206111111111109E-02
   2.6280555555555557E-02 -2.7977777777777778E-02
   2.6891944444444444E-02 -2.7464166666666665E-02
   2.7225277777777782E-02 -2.7293055555555560E-02
   2.8392777777777781E-02 -2.7806666666666664E-02
   2.9170833333333337E-02 -2.7977777777777778E-02
   3.0171388888888886E-02 -2.8377499999999996E-02
   3.0949722222222222E-02 -2.8776944444444442E-02
   3.1783333333333337E-02 -2.9005277777777776E-02
   3.2394722222222221E-02 -2.9233611111111113E-02
   3.3395277777777781E-02 -2.9747499999999996E-02
   3.3840000000000002E-02 -2.9918611111111111E-02
   3.4729444444444445E-02 -3.0375277777777779E-02
   3.5896666666666667E-02 -3.0717777777777774E-02
   3.7063888888888889E-02 -3.1060277777777777E-02
   3.7897777777777780E-02 -3.1288611111111114E-02
   3.8842777777777782E-02 -3.1802222222222218E-02
   3.9565277777777776E-02 -3.2087777777777778E-02
   4.0621388888888887E-02 -3.2487222222222223E-02
   4.1900000000000000E-02 -3.2886944444444441E-02
   4.2956111111111112E-02 -3.3286388888888886E-02
   4.3734166666666657E-02 -3.3628888888888889E-02
   4.5457222222222232E-02 -3.4028333333333334E-02
   4.6179999999999999E-02 -3.4256666666666664E-02
   4.7402777777777773E-02 -3.4827499999999997E-02
   4.7847500000000001E-02 -3.5055833333333335E-02
   4.8403333333333333E-02 -3.5398333333333337E-02
   4.9014722222222223E-02 -3.5683888888888883E-02
   4.9793055555555549E-02 -3.5912222222222220E-02
   5.0404444444444446E-02 -3.5969166666666670E-02
   5.1071388888888888E-02 -3.6083333333333328E-02
   5.2127500000000000E-02 -3.6083333333333328E-02
   5.2961388888888891E-02 -3.6083333333333328E-02
   5.3739444444444444E-02 -3.6311666666666666E-02
   5.5184722222222225E-02 -3.6711111111111111E-02
   5.5407222222222233E-02 -3.6825277777777776E-02
   5.6463333333333338E-02 -3.7167777777777772E-02
   5.7185833333333339E-02 -3.7339166666666666E-02
   5.8686666666666665E-02 -3.7624444444444440E-02
   6.0076111111111108E-02 -3.7909999999999999E-02
   6.1132222222222220E-02 -3.8252499999999995E-02
   6.2188611111111104E-02 -3.8594999999999997E-02
   6.3077777777777774E-02 -3.8880277777777777E-02
   6.4022777777777776E-02 -3.9051388888888892E-02
   6.5634722222222219E-02 -3.9393888888888881E-02
   6.6635277777777779E-02 -3.9679444444444448E-02
   6.7357777777777780E-02 -3.9850555555555556E-02
   6.8191666666666664E-02 -4.0078888888888886E-02
   6.9414444444444445E-02 -4.0364444444444446E-02
   7.0581944444444447E-02 -4.0592777777777776E-02
   7.1638055555555552E-02 -4.0706944444444441E-02
   7.2749722222222230E-02 -4.0821111111111114E-02
