   2.2281111111111113E-02  1.4669722222222223E-02
   2.2336666666666668E-02  1.5251666666666667E-02
   2.2336666666666668E-02  1.5659166666666668E-02
   2.2336666666666668E-02  1.6241111111111109E-02
   2.2169444444444446E-02  1.6648611111111114E-02
   2.1946666666666666E-02  1.7056111111111112E-02
   2.1779444444444445E-02  1.7696388888888890E-02
   2.1779444444444445E-02  1.8220000000000000E-02
   2.2113888888888891E-02  1.9209444444444446E-02
   2.2169444444444446E-02  1.9616944444444444E-02
   2.2392499999999996E-02  2.0897499999999999E-02
   2.2448055555555554E-02  2.2236111111111109E-02
   2.2281111111111113E-02  2.2701666666666665E-02
   2.2113888888888891E-02  2.3050833333333336E-02
   2.1054722222222225E-02  2.3633055555555556E-02
   1.9605833333333336E-02  2.3225555555555558E-02
   1.9160000000000000E-02  2.2992777777777779E-02
   1.8323888888888890E-02  2.2294444444444443E-02
   1.8156666666666668E-02  2.2643611111111114E-02
   1.7097777777777781E-02  2.3109166666666667E-02
   1.6707500000000000E-02  2.2818055555555557E-02
   1.6540277777777779E-02  2.2643611111111114E-02
   1.6373055555555554E-02  2.2119722222222228E-02
   1.6038888888888887E-02  2.0489999999999998E-02
   1.5927222222222221E-02  2.0198888888888891E-02
   1.5760000000000003E-02  2.0140833333333334E-02
   1.5314166666666667E-02  1.9791666666666666E-02
   1.4868333333333334E-02  1.9500555555555556E-02
   1.4311111111111111E-02  1.9151388888888888E-02
   1.3976666666666668E-02  1.8860277777777781E-02
   1.3419166666666670E-02  1.8511111111111110E-02
   1.3084999999999999E-02  1.7987222222222224E-02
   1.2638888888888887E-02  1.7579999999999998E-02
   1.1858611111111111E-02  1.7114166666666666E-02
   1.1468611111111110E-02  1.6881388888888890E-02
   1.1078333333333332E-02  1.6532222222222222E-02
   1.0799722222222221E-02  1.6241111111111109E-02
   1.0298333333333333E-02  1.5950277777777778E-02
   9.9080555555555554E-03  1.5717500000000002E-02
   9.2391666666666664E-03  1.5368055555555558E-02
   8.7933333333333336E-03  1.5077222222222221E-02
   8.4588888888888873E-03  1.4728055555555557E-02
   7.9575000000000010E-03  1.4553333333333331E-02
   7.3999999999999995E-03  1.4378611111111113E-02
   6.5638888888888891E-03  1.4262222222222221E-02
   5.8394444444444448E-03  1.4262222222222221E-02
   4.7805555555555561E-03  1.4029444444444445E-02
   3.8888888888888888E-03  1.3738611111111111E-02
   3.3313888888888889E-03  1.3563888888888889E-02
   2.9413888888888888E-03  1.3331111111111110E-02
   2.5511111111111112E-03  1.2981944444444442E-02
   2.1052777777777780E-03  1.2690833333333335E-02
   2.1052777777777780E-03  1.2749166666666666E-02
   1.8266666666666668E-03  1.3214722222222221E-02
   1.8825000000000001E-03  1.3621944444444443E-02
   1.4363888888888890E-03  1.3621944444444443E-02
   6.5611111111111111E-04  1.3563888888888889E-02
   9.8888888888889136E-05  1.3389166666666667E-02
  -4.0277777777777816E-04  1.3098333333333330E-02
  -1.0158333333333330E-03  1.2574444444444444E-02
  -1.2944444444444444E-03  1.2108888888888888E-02
  -1.6288888888888889E-03  1.1759444444444447E-02
  -1.9633333333333334E-03  1.1352222222222222E-02
  -2.1305555555555557E-03  1.1177500000000000E-02
  -2.6877777777777776E-03  1.0653611111111110E-02
  -3.0222222222222222E-03  1.0362777777777780E-02
  -3.3566666666666667E-03  9.9552777777777782E-03
  -3.7466666666666664E-03  9.4313888888888885E-03
  -4.0252777777777778E-03  9.0822222222222207E-03
  -4.3041666666666671E-03  8.6166666666666666E-03
  -4.7499999999999999E-03  8.0927777777777786E-03
  -4.8613888888888891E-03  7.8016666666666668E-03
  -5.0286111111111113E-03  7.1616666666666660E-03
  -5.0844444444444444E-03  6.5794444444444451E-03
  -4.9172222222222213E-03  6.0555555555555553E-03
  -4.7499999999999999E-03  5.8227777777777774E-03
  -4.9172222222222213E-03  5.3572222222222224E-03
  -5.0286111111111113E-03  4.9497222222222225E-03
  -5.0286111111111113E-03  4.3677777777777777E-03
  -4.8055555555555551E-03  3.7274999999999999E-03
  -4.5827777777777776E-03  2.8544444444444442E-03
  -4.3597222222222223E-03  2.3305555555555553E-03
  -4.0252777777777778E-03  1.8069444444444444E-03
  -3.6911111111111112E-03  1.5158333333333334E-03
  -2.9108333333333330E-03  1.1083333333333333E-03
  -2.5205555555555554E-03  8.7555555555555564E-04
  -2.0747222222222222E-03  4.1000000000000010E-04
  -1.5730555555555558E-03  6.0833333333333312E-05
  -1.1830555555555552E-03 -1.1388888888888885E-04
  -7.9277777777777788E-04 -3.4666666666666656E-04
  -3.4694444444444443E-04 -9.2861111111111096E-04
  -6.8333333333333657E-05 -1.5108333333333332E-03
   1.5472222222222222E-04 -2.0927777777777776E-03
   3.7750000000000001E-04 -2.6747222222222220E-03
   7.1194444444444452E-04 -3.1402777777777774E-03
   1.1022222222222223E-03 -3.7805555555555552E-03
   1.2136111111111111E-03 -4.3044444444444441E-03
   1.3250000000000000E-03 -4.7119444444444448E-03
   1.3250000000000000E-03 -5.2358333333333328E-03
   1.2136111111111111E-03 -6.1669444444444445E-03
   1.0463888888888888E-03 -6.6908333333333342E-03
   8.2333333333333336E-04 -6.9816666666666664E-03
   4.8916666666666672E-04 -7.3891666666666663E-03
   3.2194444444444447E-04 -7.5638888888888900E-03
   4.3055555555555512E-05 -7.6219444444444442E-03
  -5.6999999999999976E-04 -7.7966666666666679E-03
  -1.1272222222222222E-03 -7.9713888888888890E-03
  -1.7402777777777777E-03 -8.1458333333333313E-03
  -2.6319444444444446E-03 -8.5533333333333329E-03
  -3.0780555555555552E-03 -9.1352777777777769E-03
  -3.3566666666666667E-03 -9.5427777777777785E-03
  -3.7466666666666664E-03 -9.6008333333333362E-03
  -4.4155555555555554E-03 -9.7755555555555547E-03
  -4.6386111111111116E-03 -1.0124722222222222E-02
  -4.9172222222222213E-03 -1.0648611111111112E-02
  -4.7499999999999999E-03 -1.1463333333333332E-02
  -4.5827777777777776E-03 -1.2103611111111110E-02
  -4.5269444444444445E-03 -1.2627500000000000E-02
  -4.6941666666666668E-03 -1.3151388888888886E-02
  -4.8055555555555551E-03 -1.3733333333333330E-02
  -4.6941666666666668E-03 -1.4606388888888891E-02
  -4.4155555555555554E-03 -1.5130277777777777E-02
  -4.2483333333333331E-03 -1.5479444444444445E-02
  -3.8024999999999995E-03 -1.6119722222222223E-02
  -3.4122222222222227E-03 -1.6643611111111109E-02
  -3.1894444444444444E-03 -1.6876388888888885E-02
  -2.7991666666666668E-03 -1.6992777777777777E-02
  -2.2419444444444444E-03 -1.7109166666666665E-02
  -1.6847222222222216E-03 -1.7225555555555556E-02
  -1.0158333333333330E-03 -1.7574722222222221E-02
  -6.8138888888888893E-04 -1.7923888888888889E-02
  -3.4694444444444443E-04 -1.8273055555555553E-02
  -6.8333333333333657E-05 -1.8564166666666666E-02
   7.6777777777777782E-04 -1.8855277777777776E-02
   1.6036111111111112E-03 -1.9146111111111107E-02
   2.2725000000000002E-03 -1.9204444444444448E-02
   3.0527777777777775E-03 -1.9262777777777781E-02
   3.4986111111111112E-03 -1.9088055555555553E-02
   4.1116666666666662E-03 -1.8796944444444446E-02
   4.7247222222222222E-03 -1.8506111111111109E-02
   5.2822222222222220E-03 -1.8214999999999999E-02
   5.6166666666666665E-03 -1.8506111111111109E-02
   5.6722222222222217E-03 -1.9320833333333332E-02
   5.7280555555555557E-03 -1.9670000000000000E-02
   6.2297222222222224E-03 -2.0077499999999998E-02
   6.9541666666666667E-03 -2.0426666666666662E-02
   7.6230555555555557E-03 -2.0834166666666668E-02
   8.0688888888888893E-03 -2.1125277777777778E-02
   8.4033333333333321E-03 -2.1358055555555554E-02
   8.7377777777777783E-03 -2.0950555555555556E-02
   8.8491666666666649E-03 -2.0775833333333337E-02
   9.2391666666666664E-03 -2.0485000000000003E-02
   9.6294444444444439E-03 -2.1125277777777778E-02
   1.0186666666666667E-02 -2.1940000000000001E-02
   1.0576944444444444E-02 -2.2289166666666665E-02
   1.0966944444444446E-02 -2.2696666666666664E-02
   1.1524444444444441E-02 -2.3162222222222216E-02
   1.1635833333333335E-02 -2.3453333333333336E-02
   1.1803055555555553E-02 -2.3977222222222219E-02
   1.2248888888888889E-02 -2.4442777777777772E-02
   1.2638888888888887E-02 -2.4966666666666665E-02
   1.2861944444444447E-02 -2.5897777777777777E-02
   1.2917777777777778E-02 -2.6538055555555554E-02
   1.3029166666666668E-02 -2.7120000000000002E-02
   1.3419166666666670E-02 -2.7061944444444444E-02
   1.4143888888888890E-02 -2.7003611111111110E-02
   1.4701111111111113E-02 -2.6945555555555556E-02
   1.4979722222222221E-02 -2.7003611111111110E-02
   1.5370000000000002E-02 -2.7352777777777771E-02
   1.5592777777777778E-02 -2.7760277777777773E-02
   1.5815833333333335E-02 -2.8342222222222220E-02
   1.5983055555555559E-02 -2.8808055555555559E-02
   1.6428888888888889E-02 -3.0204722222222223E-02
   1.6596111111111110E-02 -3.0844999999999997E-02
   1.6819166666666670E-02 -3.1485277777777779E-02
   1.7041944444444443E-02 -3.2125555555555553E-02
   1.7153333333333336E-02 -3.3406111111111109E-02
   1.7766666666666667E-02 -3.4220833333333332E-02
   1.8212500000000003E-02 -3.4279166666666666E-02
   1.8825555555555554E-02 -3.4453611111111108E-02
   1.9271388888888890E-02 -3.4802777777777773E-02
   1.9661388888888891E-02 -3.5151944444444444E-02
   2.0051666666666669E-02 -3.5326666666666666E-02
   2.1054722222222225E-02 -3.5675833333333330E-02
   2.1445000000000002E-02 -3.5675833333333330E-02
   2.1835000000000000E-02 -3.5966944444444447E-02
   2.2336666666666668E-02 -3.6141388888888883E-02
   2.2894166666666670E-02 -3.6374444444444445E-02
   2.3172777777777778E-02 -3.6548888888888888E-02
   2.3507222222222221E-02 -3.6723611111111110E-02
   2.3730000000000001E-02 -3.6839999999999998E-02
   2.4454722222222221E-02 -3.7189166666666669E-02
   2.4956111111111113E-02 -3.7189166666666669E-02
   2.5401944444444446E-02 -3.6956388888888886E-02
   2.5792222222222220E-02 -3.6898055555555559E-02
   2.6238055555555556E-02 -3.6781666666666664E-02
   2.6628333333333334E-02 -3.6432500000000000E-02
   2.7018333333333335E-02 -3.5792222222222218E-02
   2.7185555555555557E-02 -3.4919166666666668E-02
   2.7185555555555557E-02 -3.4162499999999998E-02
   2.7185555555555557E-02 -3.3464166666666663E-02
   2.7352777777777778E-02 -3.2707500000000000E-02
   2.7687222222222224E-02 -3.2300000000000002E-02
   2.8188888888888885E-02 -3.1776388888888889E-02
   2.8411666666666665E-02 -3.1310555555555557E-02
   2.8690277777777776E-02 -3.0554166666666667E-02
   2.9024722222222230E-02 -3.0088333333333335E-02
   2.9470555555555555E-02 -2.9506388888888888E-02
