   1.8030277777777780E-02  1.4463055555555555E-02
   1.7752777777777777E-02  1.4463055555555555E-02
   1.7530833333333336E-02  1.4349166666666666E-02
   1.7308611111111111E-02  1.4235277777777777E-02
   1.7086666666666667E-02  1.4690833333333334E-02
   1.7086666666666667E-02  1.5317500000000001E-02
   1.6920277777777781E-02  1.6399444444444446E-02
   1.6753611111111111E-02  1.6911944444444445E-02
   1.6587222222222222E-02  1.7481666666666666E-02
   1.6087500000000001E-02  1.8335833333333336E-02
   1.5809999999999998E-02  1.8848611111111111E-02
   1.5809999999999998E-02  1.9475000000000003E-02
   1.5809999999999998E-02  1.9987500000000002E-02
   1.5809999999999998E-02  2.0443333333333334E-02
   1.5476944444444446E-02  2.1297500000000000E-02
   1.4977222222222222E-02  2.1582222222222221E-02
   1.4644166666666666E-02  2.2208888888888886E-02
   1.4089166666666667E-02  2.2892222222222224E-02
   1.3811666666666667E-02  2.3404722222222226E-02
   1.3645000000000001E-02  2.3917500000000001E-02
   1.3367500000000001E-02  2.4486944444444447E-02
   1.3090000000000001E-02  2.4885555555555557E-02
   1.2590277777777777E-02  2.5284166666666667E-02
   1.1924166666666670E-02  2.5626111111111113E-02
   1.1702222222222221E-02  2.5341111111111113E-02
   1.1480000000000001E-02  2.4828611111111107E-02
   1.0869444444444445E-02  2.4828611111111107E-02
   1.0258888888888890E-02  2.4714722222222218E-02
   9.5927777777777765E-03  2.4543888888888889E-02
   9.0930555555555556E-03  2.4999444444444446E-02
   8.5936111111111109E-03  2.5511944444444448E-02
   7.9827777777777779E-03  2.6024722222222227E-02
   7.2611111111111105E-03  2.6423333333333337E-02
   6.7616666666666667E-03  2.6765000000000004E-02
   6.3730555555555554E-03  2.7106666666666671E-02
   5.6513888888888890E-03  2.7676388888888889E-02
   5.1516666666666672E-03  2.8018055555555556E-02
   4.6522222222222225E-03  2.8473611111111113E-02
   4.0416666666666665E-03  2.8986388888888888E-02
   3.2644444444444444E-03  2.9441944444444448E-02
   2.2097222222222223E-03  3.0068333333333332E-02
   1.4325000000000000E-03  3.0523888888888889E-02
   8.7750000000000002E-04  3.0922777777777778E-02
   4.4722222222222255E-05  3.1492222222222220E-02
  -7.8777777777777787E-04  3.2061666666666669E-02
  -1.7872222222222222E-03  3.2631388888888890E-02
  -2.5641666666666669E-03  3.3371666666666668E-02
  -3.2858333333333333E-03  3.3941111111111116E-02
  -4.2294444444444445E-03  3.4510833333333338E-02
  -5.0066666666666662E-03  3.4909444444444444E-02
  -5.8950000000000001E-03  3.5251111111111108E-02
  -6.7275000000000000E-03  3.5535833333333336E-02
  -7.2827777777777778E-03  3.5820833333333330E-02
  -8.3375000000000012E-03  3.6219444444444443E-02
  -9.0591666666666668E-03  3.6504166666666671E-02
  -9.3366666666666667E-03  3.6845833333333328E-02
  -9.4475000000000010E-03  3.7073611111111113E-02
  -9.8361111111111114E-03  3.7415277777777783E-02
  -1.0169166666666667E-02  3.7814166666666670E-02
  -1.0668888888888887E-02  3.8269722222222219E-02
  -1.1223888888888887E-02  3.8668333333333332E-02
  -1.1834722222222222E-02  3.9066944444444446E-02
  -1.2334166666666670E-02  3.9465833333333339E-02
  -1.3166944444444446E-02  3.9750555555555553E-02
  -1.3888611111111109E-02  4.0035277777777781E-02
  -1.4277222222222222E-02  4.0547777777777773E-02
  -1.5387222222222222E-02  4.1117500000000001E-02
  -1.5886944444444443E-02  4.1288333333333344E-02
  -1.6331111111111112E-02  4.1288333333333344E-02
  -1.6886111111111112E-02  4.1060555555555565E-02
  -1.7330277777777778E-02  4.0889444444444450E-02
  -1.7829722222222219E-02  4.0832500000000001E-02
  -1.8551388888888888E-02  4.0661666666666672E-02
  -1.9161944444444443E-02  4.0661666666666672E-02
  -1.9994722222222219E-02  4.0775555555555558E-02
  -2.0771944444444444E-02  4.0946388888888886E-02
  -2.1271388888888888E-02  4.1060555555555565E-02
  -2.1715555555555557E-02  4.1231388888888894E-02
  -2.2326111111111113E-02  4.1686944444444450E-02
  -2.3158888888888889E-02  4.2199444444444442E-02
  -2.3769444444444444E-02  4.2541111111111113E-02
  -2.4102499999999999E-02  4.3053888888888892E-02
  -2.4435555555555558E-02  4.3509444444444448E-02
  -2.4879722222222220E-02  4.3908055555555561E-02
  -2.5268333333333327E-02  4.4078888888888890E-02
  -2.5656944444444444E-02  4.4192777777777775E-02
  -2.6378611111111110E-02  4.4363611111111118E-02
  -2.7155555555555558E-02  4.4249722222222218E-02
  -2.7877222222222220E-02  4.4135833333333339E-02
  -2.8265833333333334E-02  4.3908055555555561E-02
  -2.8543333333333334E-02  4.3737222222222226E-02
  -2.9098611111111113E-02  4.3965000000000004E-02
  -2.9986666666666668E-02  4.4135833333333339E-02
  -3.0763888888888889E-02  4.4192777777777775E-02
  -3.1263611111111110E-02  4.4021944444444440E-02
  -3.1541111111111110E-02  4.3851111111111112E-02
  -3.1818611111111110E-02  4.3566388888888891E-02
  -3.2040555555555551E-02  4.2996944444444442E-02
  -3.2207222222222220E-02  4.2427222222222220E-02
  -3.2540277777777772E-02  4.1971666666666664E-02
  -3.2762222222222220E-02  4.1857777777777778E-02
  -3.2762222222222220E-02  4.1516111111111115E-02
  -3.2595833333333331E-02  4.1117500000000001E-02
  -3.2262777777777779E-02  4.0661666666666672E-02
  -3.1763055555555558E-02  4.0206111111111116E-02
  -3.1485555555555558E-02  3.9864444444444445E-02
  -3.1763055555555558E-02  3.9636666666666667E-02
  -3.2373611111111110E-02  3.9123888888888889E-02
  -3.2762222222222220E-02  3.8953055555555553E-02
  -3.3261944444444441E-02  3.8782222222222225E-02
  -3.3539444444444441E-02  3.8155833333333333E-02
  -3.3650555555555552E-02  3.7643333333333334E-02
  -3.3761388888888882E-02  3.7244444444444441E-02
  -3.3872500000000000E-02  3.6618055555555556E-02
  -3.3872500000000000E-02  3.5706666666666664E-02
  -3.3706111111111110E-02  3.5194166666666665E-02
  -3.3483888888888889E-02  3.4681666666666666E-02
  -3.3095277777777779E-02  3.4055000000000002E-02
  -3.2817777777777779E-02  3.3314722222222225E-02
  -3.2484722222222220E-02  3.2688333333333333E-02
  -3.2207222222222220E-02  3.2061666666666669E-02
  -3.1818611111111110E-02  3.1378333333333334E-02
  -3.1430000000000000E-02  3.0695000000000007E-02
  -3.1318888888888889E-02  3.0068333333333332E-02
  -3.1208055555555551E-02  2.9669722222222226E-02
  -3.0763888888888889E-02  2.9214166666666666E-02
  -3.0375277777777779E-02  2.8872222222222230E-02
  -3.0375277777777779E-02  2.8131944444444446E-02
  -3.0264166666666668E-02  2.7334722222222222E-02
  -2.9709166666666662E-02  2.6366388888888887E-02
  -2.9264999999999999E-02  2.5853888888888888E-02
  -2.9043055555555551E-02  2.5398055555555563E-02
  -2.8598888888888889E-02  2.4657777777777778E-02
  -2.8154999999999996E-02  2.3974444444444451E-02
  -2.7710833333333334E-02  2.3461666666666669E-02
  -2.7155555555555558E-02  2.3120000000000002E-02
  -2.6323055555555554E-02  2.2721388888888892E-02
  -2.5656944444444444E-02  2.2379722222222221E-02
  -2.4990833333333337E-02  2.1866944444444446E-02
  -2.4380000000000002E-02  2.1582222222222221E-02
  -2.3769444444444444E-02  2.1354444444444443E-02
  -2.3047777777777778E-02  2.1069722222222222E-02
  -2.1993055555555557E-02  2.0728055555555555E-02
  -2.1493611111111109E-02  2.0671111111111112E-02
  -2.0716388888888888E-02  2.0500277777777784E-02
  -2.0494444444444440E-02  2.0158333333333330E-02
  -2.0105833333333333E-02  1.9759722222222224E-02
  -1.9939166666666664E-02  1.9019444444444446E-02
  -1.9828333333333333E-02  1.7880277777777776E-02
  -1.9495277777777778E-02  1.7253888888888888E-02
  -1.8884444444444440E-02  1.6627222222222224E-02
  -1.8495833333333333E-02  1.6285555555555557E-02
  -1.8162777777777778E-02  1.5773055555555558E-02
  -1.8162777777777778E-02  1.5146388888888886E-02
  -1.8162777777777778E-02  1.4292222222222224E-02
  -1.8162777777777778E-02  1.3779722222222221E-02
  -1.8162777777777778E-02  1.3039166666666668E-02
  -1.8051944444444443E-02  1.2412777777777780E-02
  -1.7885277777777778E-02  1.1786111111111112E-02
  -1.7552222222222223E-02  1.0647222222222221E-02
  -1.7385833333333333E-02  1.0077500000000000E-02
  -1.6774999999999998E-02  9.2802777777777797E-03
  -1.5831388888888888E-02  8.6538888888888880E-03
  -1.5331666666666667E-02  8.3688888888888893E-03
  -1.4998611111111105E-02  7.9133333333333330E-03
  -1.4721111111111115E-02  7.1161111111111104E-03
  -1.4443611111111108E-02  6.4894444444444444E-03
  -1.4110555555555557E-02  6.0908333333333326E-03
  -1.3388888888888888E-02  5.5783333333333336E-03
  -1.2667222222222222E-02  5.1797222222222218E-03
  -1.2056666666666667E-02  4.8947222222222222E-03
  -1.1612500000000001E-02  4.6099999999999995E-03
  -1.1057500000000001E-02  4.0975000000000004E-03
  -1.0446944444444446E-02  3.5850000000000001E-03
  -1.0002777777777781E-02  3.1861111111111113E-03
  -9.3922222222222219E-03  2.5027777777777778E-03
  -8.3930555555555564E-03  1.6486111111111111E-03
  -8.1152777777777768E-03  1.7625000000000000E-03
  -7.2827777777777778E-03  1.9902777777777779E-03
  -6.3944444444444439E-03  1.9333333333333333E-03
  -5.1177777777777775E-03  1.6486111111111111E-03
  -4.1741666666666663E-03  1.3066666666666667E-03
  -3.6188888888888894E-03  9.6500000000000004E-04
  -3.0638888888888894E-03  7.3722222222222223E-04
  -2.0647222222222221E-03  1.6777777777777776E-04
  -1.3430555555555552E-03 -1.7388888888888879E-04
  -1.0099999999999996E-03 -4.0194444444444435E-04
  -5.6583333333333334E-04 -1.0283333333333334E-03
  -6.6111111111110971E-05 -1.9966666666666666E-03
   1.0027777777777769E-04 -3.1925000000000000E-03
  -1.0833333333333181E-05 -3.4202777777777764E-03
  -8.4333333333333330E-04 -3.6483333333333333E-03
  -1.3986111111111109E-03 -3.8191666666666669E-03
  -1.7872222222222222E-03 -4.2177777777777778E-03
  -1.9536111111111108E-03 -4.5594444444444450E-03
  -2.1755555555555556E-03 -4.7872222222222222E-03
  -2.6197222222222221E-03 -5.0150000000000004E-03
  -3.1194444444444438E-03 -5.1858333333333331E-03
  -3.6744444444444455E-03 -5.4138888888888891E-03
  -4.4516666666666663E-03 -5.5277777777777773E-03
  -5.0622222222222223E-03 -5.6416666666666672E-03
  -5.8394444444444440E-03 -5.6986111111111109E-03
  -6.4500000000000000E-03 -5.9833333333333336E-03
  -6.9497222222222226E-03 -6.3249999999999999E-03
  -7.5602777777777777E-03 -6.9513888888888898E-03
  -8.0044444444444460E-03 -7.4072222222222222E-03
  -8.6150000000000011E-03 -8.0336111111111094E-03
  -8.9480555555555563E-03 -8.4322222222222229E-03
  -9.2255555555555528E-03 -8.6600000000000010E-03
  -9.5586111111111115E-03 -8.7741666666666662E-03
  -9.8916666666666667E-03 -8.9450000000000016E-03
  -1.0446944444444446E-02 -9.4575000000000006E-03
  -1.0780000000000001E-02 -1.0254722222222221E-02
  -1.0780000000000001E-02 -1.0995277777777777E-02
  -1.0724444444444443E-02 -1.1450833333333334E-02
  -1.0890833333333332E-02 -1.1906388888888890E-02
  -1.1168611111111112E-02 -1.2077222222222218E-02
  -1.1446111111111112E-02 -1.2248333333333333E-02
  -1.2056666666666667E-02 -1.2703888888888890E-02
  -1.2389722222222222E-02 -1.2988611111111110E-02
  -1.2722777777777777E-02 -1.3444166666666667E-02
  -1.2833888888888888E-02 -1.3956944444444445E-02
  -1.2722777777777777E-02 -1.4640277777777780E-02
  -1.2889444444444446E-02 -1.5038888888888890E-02
  -1.3000277777777777E-02 -1.5551388888888892E-02
  -1.3111388888888888E-02 -1.6178055555555557E-02
  -1.3000277777777777E-02 -1.6918333333333327E-02
  -1.2889444444444446E-02 -1.7886666666666665E-02
  -1.2556388888888888E-02 -1.8626944444444446E-02
  -1.2112222222222222E-02 -1.9481388888888888E-02
  -1.1723611111111112E-02 -2.0107777777777777E-02
  -1.1501666666666667E-02 -2.0620277777777772E-02
  -1.1612500000000001E-02 -2.1303888888888886E-02
  -1.1668055555555557E-02 -2.1645555555555553E-02
  -1.2334166666666670E-02 -2.1417777777777775E-02
  -1.2889444444444446E-02 -2.1360833333333332E-02
  -1.3555555555555557E-02 -2.1360833333333332E-02
  -1.4221666666666667E-02 -2.1759444444444442E-02
  -1.4499166666666667E-02 -2.2158055555555552E-02
  -1.4832222222222222E-02 -2.2613888888888888E-02
  -1.5054166666666664E-02 -2.2841666666666663E-02
  -1.5609444444444443E-02 -2.2784722222222224E-02
  -1.6386388888888888E-02 -2.2727777777777777E-02
  -1.6941666666666667E-02 -2.2784722222222224E-02
  -1.7607777777777778E-02 -2.3069444444444445E-02
  -1.8051944444444443E-02 -2.3525000000000001E-02
  -1.8384999999999999E-02 -2.3980555555555550E-02
  -1.8884444444444440E-02 -2.4379444444444443E-02
  -1.9439722222222219E-02 -2.4550277777777782E-02
  -2.0216666666666664E-02 -2.4834999999999999E-02
  -2.0605277777777778E-02 -2.5062777777777778E-02
  -2.0883055555555554E-02 -2.5518333333333330E-02
  -2.1326944444444444E-02 -2.6315833333333330E-02
  -2.1715555555555557E-02 -2.7113055555555557E-02
  -2.2492777777777778E-02 -2.6885277777777779E-02
  -2.3158888888888889E-02 -2.6657500000000001E-02
  -2.3547499999999996E-02 -2.6600555555555558E-02
  -2.4102499999999999E-02 -2.6543611111111108E-02
  -2.4380000000000002E-02 -2.6771388888888890E-02
  -2.4768611111111109E-02 -2.6999166666666668E-02
  -2.5434722222222220E-02 -2.7340833333333328E-02
  -2.6101111111111110E-02 -2.7910555555555560E-02
  -2.6378611111111110E-02 -2.8536944444444448E-02
  -2.6822499999999992E-02 -2.8935555555555555E-02
  -2.7377777777777782E-02 -2.9277222222222218E-02
  -2.7433333333333337E-02 -2.9676111111111111E-02
  -2.7599722222222220E-02 -3.0302499999999996E-02
  -2.7766388888888889E-02 -3.0815000000000002E-02
  -2.8154999999999996E-02 -3.1270833333333331E-02
  -2.8432499999999993E-02 -3.1954166666666665E-02
  -2.8432499999999993E-02 -3.2694444444444443E-02
  -2.8432499999999993E-02 -3.3264166666666664E-02
  -2.8876388888888892E-02 -3.3662777777777778E-02
  -2.9209722222222220E-02 -3.4061388888888891E-02
  -2.9598055555555551E-02 -3.4688055555555555E-02
  -2.9875833333333334E-02 -3.5257499999999997E-02
  -3.0097777777777779E-02 -3.5826944444444439E-02
  -3.0264166666666668E-02 -3.6339722222222225E-02
  -3.0264166666666668E-02 -3.7080000000000002E-02
  -3.0208888888888889E-02 -3.7820277777777772E-02
  -2.9986666666666668E-02 -3.8788611111111114E-02
  -2.9709166666666662E-02 -3.9471944444444441E-02
  -2.9542777777777775E-02 -3.9870833333333328E-02
  -2.9376111111111110E-02 -4.0155555555555555E-02
  -2.8987500000000003E-02 -4.0724999999999990E-02
  -2.8709999999999999E-02 -4.1408611111111111E-02
  -2.8321388888888889E-02 -4.2091944444444446E-02
  -2.7877222222222220E-02 -4.2661388888888901E-02
  -2.7488888888888893E-02 -4.3231111111111109E-02
  -2.6822499999999992E-02 -4.3231111111111109E-02
  -2.5767777777777775E-02 -4.2946111111111109E-02
  -2.5268333333333327E-02 -4.2376666666666674E-02
  -2.4824166666666665E-02 -4.1807222222222218E-02
  -2.4546666666666668E-02 -4.2091944444444446E-02
  -2.4102499999999999E-02 -4.2433611111111123E-02
  -2.3380833333333330E-02 -4.2490555555555559E-02
  -2.3158888888888889E-02 -4.2547499999999988E-02
  -2.3103333333333333E-02 -4.3174166666666659E-02
  -2.2936944444444444E-02 -4.4028333333333329E-02
  -2.2381666666666668E-02 -4.4882777777777778E-02
  -2.1993055555555557E-02 -4.5793888888888884E-02
  -2.1438055555555554E-02 -4.6933055555555554E-02
  -2.0883055555555554E-02 -4.7388611111111111E-02
  -2.0105833333333333E-02 -4.7616388888888889E-02
  -1.9217499999999998E-02 -4.7730277777777788E-02
  -1.9051111111111112E-02 -4.7559444444444446E-02
  -1.8884444444444440E-02 -4.6762222222222226E-02
  -1.9495277777777778E-02 -4.6705277777777776E-02
  -1.9772777777777778E-02 -4.6705277777777776E-02
  -1.9828333333333333E-02 -4.5793888888888884E-02
  -1.9772777777777778E-02 -4.5053611111111107E-02
  -1.9828333333333333E-02 -4.4597777777777764E-02
  -2.0216666666666664E-02 -4.4085277777777779E-02
  -2.0383333333333330E-02 -4.3401944444444437E-02
  -2.0216666666666664E-02 -4.2718333333333330E-02
  -1.9161944444444443E-02 -4.2604444444444452E-02
  -1.8718055555555554E-02 -4.3003333333333331E-02
  -1.8329444444444443E-02 -4.3515833333333337E-02
  -1.7940833333333336E-02 -4.3971388888888879E-02
  -1.7496666666666667E-02 -4.4369999999999993E-02
  -1.7052777777777778E-02 -4.4825833333333329E-02
  -1.6219999999999998E-02 -4.4939722222222228E-02
  -1.5442777777777777E-02 -4.4597777777777764E-02
  -1.5054166666666664E-02 -4.4085277777777779E-02
  -1.4665555555555557E-02 -4.3401944444444437E-02
  -1.4443611111111108E-02 -4.2661388888888901E-02
  -1.4166111111111112E-02 -4.1978055555555553E-02
  -1.4055000000000002E-02 -4.1465555555555561E-02
  -1.3888611111111109E-02 -4.0838888888888890E-02
  -1.3500000000000002E-02 -4.0269444444444441E-02
  -1.3000277777777777E-02 -3.9813888888888892E-02
  -1.1945555555555556E-02 -3.9984722222222220E-02
  -1.1335000000000001E-02 -4.0155555555555555E-02
  -1.0557777777777777E-02 -4.0383333333333334E-02
  -9.9472222222222254E-03 -4.0440277777777776E-02
  -9.4475000000000010E-03 -4.0383333333333334E-02
  -9.1699999999999976E-03 -4.0212499999999998E-02
  -8.6150000000000011E-03 -4.0668055555555555E-02
  -7.6158333333333330E-03 -4.1009722222222232E-02
  -6.7275000000000000E-03 -4.1009722222222232E-02
  -6.0613888888888887E-03 -4.0554166666666676E-02
  -5.3952777777777775E-03 -3.9756944444444442E-02
  -4.9511111111111127E-03 -3.8902500000000000E-02
  -4.5072222222222224E-03 -3.8105277777777773E-02
  -4.0630555555555550E-03 -3.7307777777777780E-02
  -3.7299999999999998E-03 -3.6852222222222224E-02
  -3.2858333333333333E-03 -3.6225833333333332E-02
  -2.9527777777777781E-03 -3.6681388888888888E-02
  -2.4533333333333334E-03 -3.7193888888888887E-02
  -2.1755555555555556E-03 -3.7364722222222223E-02
  -1.5094444444444443E-03 -3.7763333333333336E-02
  -6.7694444444444443E-04 -3.7706388888888887E-02
  -2.3277777777777793E-04 -3.7478611111111108E-02
   4.8888888888888897E-04 -3.7136944444444445E-02
   9.8833333333333325E-04 -3.6624444444444446E-02
   1.2661111111111111E-03 -3.6282777777777775E-02
   1.8766666666666667E-03 -3.6396666666666661E-02
   2.4316666666666670E-03 -3.6681388888888888E-02
   2.8202777777777779E-03 -3.6966111111111109E-02
   3.4308333333333335E-03 -3.7193888888888887E-02
   4.0416666666666665E-03 -3.7193888888888887E-02
   4.5411111111111112E-03 -3.6738333333333331E-02
   4.8741666666666664E-03 -3.6567500000000003E-02
   5.1516666666666672E-03 -3.6396666666666661E-02
   5.6513888888888890E-03 -3.6111666666666667E-02
   6.5949999999999993E-03 -3.6054722222222217E-02
   6.6505555555555554E-03 -3.6225833333333332E-02
   6.9836111111111106E-03 -3.6681388888888888E-02
   7.7052777777777779E-03 -3.6795277777777774E-02
   8.3713888888888900E-03 -3.6453611111111110E-02
   8.9819444444444452E-03 -3.5883888888888889E-02
   9.4816666666666660E-03 -3.5257499999999997E-02
   9.7036111111111108E-03 -3.4688055555555555E-02
   9.9813888888888903E-03 -3.3719722222222220E-02
   1.0258888888888890E-02 -3.2865555555555558E-02
   1.0314444444444446E-02 -3.2694444444444443E-02
   1.1091388888888887E-02 -3.2580555555555557E-02
   1.2146111111111111E-02 -3.2238888888888893E-02
   1.2923333333333335E-02 -3.2124999999999994E-02
   1.3034444444444446E-02 -3.2352777777777772E-02
   1.3478333333333335E-02 -3.2808611111111108E-02
   1.4533055555555556E-02 -3.2865555555555558E-02
   1.5199444444444443E-02 -3.2466666666666671E-02
   1.5698888888888887E-02 -3.1954166666666665E-02
   1.5976388888888891E-02 -3.1555555555555552E-02
   1.6198611111111112E-02 -3.1270833333333331E-02
   1.6642500000000001E-02 -3.1043055555555560E-02
   1.7142222222222222E-02 -3.0815000000000002E-02
   1.7752777777777777E-02 -3.0758055555555552E-02
   1.8252500000000001E-02 -3.0644166666666667E-02
   1.9196111111111112E-02 -3.0416388888888889E-02
   1.9862222222222222E-02 -3.0131666666666668E-02
   2.0805833333333336E-02 -2.9903888888888890E-02
   2.1583055555555557E-02 -2.9448333333333340E-02
   2.2193611111111112E-02 -2.8992499999999997E-02
   2.2748888888888888E-02 -2.8252222222222217E-02
   2.3137500000000002E-02 -2.7568611111111106E-02
   2.3692500000000002E-02 -2.7511666666666663E-02
   2.4358611111111109E-02 -2.7568611111111106E-02
   2.4691666666666667E-02 -2.7739722222222221E-02
