   4.5604166666666675E-02  2.0857777777777777E-02
   4.5326111111111109E-02  2.0971388888888890E-02
   4.4881388888888894E-02  2.1028333333333333E-02
   4.4380833333333342E-02  2.1028333333333333E-02
   4.3880555555555555E-02  2.1085000000000003E-02
   4.3268888888888885E-02  2.0914722222222223E-02
   4.2657222222222214E-02  2.0744166666666671E-02
   4.2045833333333345E-02  2.0630555555555555E-02
   4.1211666666666674E-02  2.0459999999999999E-02
   4.0599999999999997E-02  2.0346388888888890E-02
   3.9877222222222224E-02  2.0232777777777780E-02
   3.8932222222222222E-02  2.0119166666666667E-02
   3.8487222222222221E-02  2.0119166666666667E-02
   3.7986944444444441E-02  2.0119166666666667E-02
   3.7542222222222227E-02  2.0119166666666667E-02
   3.7097222222222226E-02  2.0175833333333334E-02
   3.6652500000000005E-02  2.0062222222222221E-02
   3.6318888888888887E-02  1.9891666666666669E-02
   3.5874166666666665E-02  1.9778055555555556E-02
   3.5540555555555554E-02  1.9721388888888889E-02
   3.4817777777777781E-02  1.9664444444444443E-02
   3.4317222222222221E-02  1.9493888888888890E-02
   3.3594444444444448E-02  1.9323611111111111E-02
   3.2927222222222226E-02  1.9153055555555559E-02
   3.2482499999999997E-02  1.9039444444444446E-02
   3.1870833333333334E-02  1.8925555555555557E-02
   3.1481666666666672E-02  1.8755277777777780E-02
   3.0814444444444446E-02  1.8414166666666665E-02
   3.0369722222222218E-02  1.8186944444444447E-02
   2.9813611111111117E-02  1.8073333333333334E-02
   2.9090833333333330E-02  1.7959722222222224E-02
   2.8312500000000004E-02  1.7845833333333335E-02
   2.7534166666666669E-02  1.7845833333333335E-02
   2.7033611111111112E-02  1.7845833333333335E-02
   2.6310833333333332E-02  1.7789166666666668E-02
   2.5588055555555558E-02  1.7561944444444446E-02
   2.4976388888888888E-02  1.7277777777777777E-02
   2.4531666666666667E-02  1.7107222222222225E-02
   2.3808888888888890E-02  1.6879999999999996E-02
   2.2975000000000002E-02  1.6823055555555556E-02
   2.2252222222222218E-02  1.6879999999999996E-02
   2.1362500000000000E-02  1.6936666666666669E-02
   2.0750833333333336E-02  1.6879999999999996E-02
   2.0083611111111111E-02  1.6709444444444447E-02
   1.9916944444444445E-02  1.6595833333333334E-02
   1.9305277777777779E-02  1.6482222222222221E-02
   1.8749444444444444E-02  1.6425277777777778E-02
   1.7970833333333335E-02  1.6368333333333332E-02
   1.7303611111111110E-02  1.6141111111111113E-02
   1.6636388888888895E-02  1.5743333333333335E-02
   1.5691388888888887E-02  1.5516111111111112E-02
   1.4968611111111113E-02  1.5345555555555557E-02
   1.4412500000000002E-02  1.5175000000000001E-02
   1.3967777777777777E-02  1.5175000000000001E-02
   1.3245000000000000E-02  1.5288611111111110E-02
   1.2744444444444447E-02  1.5402500000000000E-02
   1.2132777777777777E-02  1.5459166666666670E-02
   1.1521388888888890E-02  1.5516111111111112E-02
   1.1020833333333334E-02  1.5516111111111112E-02
   1.0631666666666668E-02  1.5402500000000000E-02
   1.0242500000000002E-02  1.5118333333333334E-02
   9.9644444444444459E-03  1.4834166666666666E-02
   9.9088888888888872E-03  1.4663611111111110E-02
   9.5197222222222211E-03  1.4095277777777779E-02
   9.4086111111111106E-03  1.3868055555555557E-02
   9.1305555555555550E-03  1.3526944444444446E-02
   8.7969444444444440E-03  1.3243055555555557E-02
   8.3522222222222227E-03  1.2958888888888888E-02
   7.5180555555555556E-03  1.2958888888888888E-02
   6.7397222222222225E-03  1.3015555555555555E-02
   5.8499999999999993E-03  1.3129166666666667E-02
   5.2941666666666666E-03  1.3186111111111110E-02
   4.7380555555555561E-03  1.3243055555555557E-02
   4.1822222222222226E-03  1.3186111111111110E-02
   3.8486111111111112E-03  1.3129166666666667E-02
   3.5705555555555555E-03  1.3186111111111110E-02
   3.1813888888888890E-03  1.3356666666666666E-02
   2.6252777777777776E-03  1.3413333333333333E-02
   2.0136111111111110E-03  1.3299722222222223E-02
   1.4022222222222222E-03  1.3015555555555555E-02
   7.3499999999999998E-04  1.2845277777777775E-02
   3.4583333333333330E-04  1.2731388888888886E-02
   1.2222222222222278E-05  1.2617777777777776E-02
  -4.3277777777777780E-04  1.2390555555555554E-02
  -1.0441666666666668E-03  1.1935833333333333E-02
  -1.3222222222222220E-03  1.1310833333333332E-02
  -1.4891666666666664E-03  1.0742499999999999E-02
  -1.7113888888888890E-03  1.0458333333333333E-02
  -2.2675000000000000E-03  1.0344722222222220E-02
  -2.7122222222222226E-03  1.0174166666666668E-02
  -3.3238888888888884E-03  9.8333333333333328E-03
  -3.7130555555555554E-03  9.6061111111111104E-03
  -4.1022222222222224E-03  9.2650000000000024E-03
  -4.5472222222222216E-03  8.8672222222222243E-03
  -5.1030555555555551E-03  8.4124999999999998E-03
  -5.7147222222222226E-03  8.0716666666666662E-03
  -6.1594444444444448E-03  7.7305555555555565E-03
  -6.7155555555555553E-03  7.3897222222222229E-03
  -7.3272222222222219E-03  6.8783333333333335E-03
  -7.6608333333333329E-03  6.4805555555555554E-03
  -8.0499999999999981E-03  6.0827777777777781E-03
  -8.4391666666666677E-03  5.7986111111111112E-03
  -8.6613888888888886E-03  5.5711111111111117E-03
  -9.1619444444444448E-03  5.2872222222222227E-03
  -9.5511111111111109E-03  5.0030555555555549E-03
  -9.7736111111111114E-03  4.8325000000000000E-03
  -1.0162777777777778E-02  4.4913888888888885E-03
  -1.0440833333333333E-02  4.0369444444444446E-03
  -1.0829999999999999E-02  3.3549999999999999E-03
  -1.1274722222222221E-02  2.6730555555555553E-03
  -1.1441388888888890E-02  2.1616666666666668E-03
  -1.1663888888888887E-02  1.3091666666666666E-03
  -1.1663888888888887E-02  5.7027777777777784E-04
  -1.1552777777777780E-02  1.1583333333333356E-04
  -1.1441388888888890E-02 -4.5250000000000021E-04
  -1.1107777777777779E-02 -1.1138888888888874E-04
  -1.1052222222222220E-02 -1.6833333333333327E-04
  -1.0774166666666668E-02 -9.0722222222222246E-04
  -1.0384999999999998E-02 -1.4186111111111109E-03
  -1.0107222222222222E-02 -2.1005555555555556E-03
  -9.7736111111111114E-03 -3.1233333333333330E-03
  -9.6066666666666661E-03 -3.6347222222222232E-03
  -9.3286111111111104E-03 -4.0324999999999996E-03
  -9.1063888888888896E-03 -4.3736111111111111E-03
  -8.8283333333333339E-03 -4.7144444444444438E-03
  -8.3836111111111125E-03 -5.2827777777777777E-03
  -7.8275000000000011E-03 -6.0783333333333332E-03
  -7.3827777777777772E-03 -6.7036111111111116E-03
  -6.9936111111111110E-03 -7.2716666666666667E-03
  -6.3263888888888883E-03 -8.2377777777777779E-03
  -5.8258333333333330E-03 -9.0333333333333342E-03
  -5.5477777777777782E-03 -9.4311111111111123E-03
  -5.5477777777777782E-03 -9.4311111111111123E-03
  -5.2141666666666664E-03 -9.9427777777777795E-03
  -4.8805555555555555E-03 -1.0510833333333334E-02
  -4.6027777777777777E-03 -1.1022499999999998E-02
  -4.3802777777777781E-03 -1.1704444444444441E-02
  -3.9911111111111111E-03 -1.2329444444444441E-02
  -3.7686111111111106E-03 -1.2670277777777777E-02
  -3.2683333333333332E-03 -1.3124999999999998E-02
  -2.8236111111111109E-03 -1.3522777777777779E-02
  -2.5455555555555557E-03 -1.4204722222222223E-02
  -2.3230555555555556E-03 -1.4545833333333334E-02
  -1.9338888888888891E-03 -1.4716111111111110E-02
  -1.3222222222222220E-03 -1.5113888888888885E-02
  -7.6638888888888872E-04 -1.5455000000000000E-02
  -3.7722222222222215E-04 -1.5682222222222222E-02
   2.3444444444444446E-04 -1.5966388888888891E-02
   1.2352777777777778E-03 -1.6307222222222219E-02
   1.7913888888888888E-03 -1.6477777777777775E-02
   2.4586111111111111E-03 -1.6648333333333334E-02
   3.0144444444444446E-03 -1.6818888888888890E-02
   3.2925000000000003E-03 -1.6648333333333334E-02
   3.8486111111111112E-03 -1.6136944444444443E-02
   4.1263888888888886E-03 -1.6136944444444443E-02
   4.7936111111111113E-03 -1.6307222222222219E-02
   5.4608333333333340E-03 -1.6534722222222221E-02
   5.9058333333333332E-03 -1.6534722222222221E-02
   6.2950000000000002E-03 -1.6421111111111112E-02
   6.9063888888888890E-03 -1.6136944444444443E-02
   7.5180555555555556E-03 -1.5966388888888891E-02
   7.9072222222222217E-03 -1.6079999999999997E-02
   8.0741666666666670E-03 -1.6591388888888888E-02
   8.3522222222222227E-03 -1.7330277777777778E-02
   8.7969444444444440E-03 -1.7784999999999999E-02
   9.2972222222222241E-03 -1.8068888888888884E-02
   9.3527777777777793E-03 -1.8807777777777777E-02
   9.6308333333333315E-03 -1.9432777777777778E-02
   1.0075833333333332E-02 -1.9773888888888886E-02
   1.0854166666666668E-02 -2.0114722222222218E-02
   1.1521388888888890E-02 -2.0455833333333336E-02
   1.2188611111111112E-02 -2.0796666666666668E-02
   1.2633333333333333E-02 -2.1251388888888889E-02
   1.3022499999999999E-02 -2.1478611111111112E-02
   1.3689722222222221E-02 -2.1819722222222220E-02
   1.4468055555555557E-02 -2.1933333333333332E-02
   1.4968611111111113E-02 -2.2046944444444442E-02
   1.5858055555555552E-02 -2.2160555555555558E-02
   1.6358611111111112E-02 -2.2444722222222224E-02
   1.7136944444444444E-02 -2.2558333333333333E-02
   1.7692777777777779E-02 -2.2671944444444442E-02
   1.8137777777777777E-02 -2.3013055555555554E-02
   1.9249722222222224E-02 -2.3638055555555555E-02
   2.0083611111111111E-02 -2.4206388888888885E-02
   2.1195833333333334E-02 -2.4944999999999998E-02
   2.1862777777777776E-02 -2.5343055555555556E-02
   2.2363333333333332E-02 -2.5797499999999998E-02
   2.2919444444444447E-02 -2.6138611111111109E-02
   2.3419722222222227E-02 -2.6308888888888889E-02
   2.3697777777777776E-02 -2.6422777777777778E-02
