   6.2521944444444449E-02  2.3228055555555557E-02
   6.2299722222222215E-02  2.3571388888888892E-02
   6.1855000000000007E-02  2.3686111111111116E-02
   6.1354722222222213E-02  2.3915000000000002E-02
   6.0854444444444454E-02  2.4086666666666666E-02
   6.0076111111111108E-02  2.4258611111111113E-02
   5.9464722222222224E-02  2.4258611111111113E-02
   5.9075833333333334E-02  2.3915000000000002E-02
   5.9019999999999996E-02  2.3456944444444447E-02
   5.9242500000000003E-02  2.3228055555555557E-02
   5.9131388888888886E-02  2.3056111111111114E-02
   5.8631111111111106E-02  2.2998888888888888E-02
   5.7963888888888884E-02  2.3056111111111114E-02
   5.7296944444444449E-02  2.3113611111111113E-02
   5.6741111111111103E-02  2.3113611111111113E-02
   5.6129722222222227E-02  2.3113611111111113E-02
   5.5295833333333336E-02  2.2998888888888888E-02
   5.4851111111111107E-02  2.2884444444444443E-02
   5.4017500000000003E-02  2.2769999999999999E-02
   5.3406111111111113E-02  2.2483611111111114E-02
   5.2961388888888891E-02  2.2254722222222224E-02
   5.2516666666666677E-02  2.1911111111111114E-02
   5.1349444444444454E-02  2.1739444444444443E-02
   5.0738055555555557E-02  2.1625000000000002E-02
   4.9959722222222225E-02  2.1453333333333335E-02
   4.9014722222222223E-02  2.1396111111111112E-02
   4.8681388888888892E-02  2.1338611111111114E-02
   4.7958611111111112E-02  2.1166944444444447E-02
   4.7347222222222221E-02  2.1109722222222224E-02
   4.5234999999999997E-02  2.1281388888888884E-02
   4.4679166666666673E-02  2.1338611111111114E-02
   4.4123333333333334E-02  2.1396111111111112E-02
   4.3344999999999995E-02  2.1510555555555557E-02
   4.2678055555555559E-02  2.1682222222222224E-02
   4.1788611111111117E-02  2.1682222222222224E-02
   4.0843888888888888E-02  2.1682222222222224E-02
   4.0176666666666666E-02  2.1510555555555557E-02
   3.9620833333333334E-02  2.1338611111111114E-02
   3.9398611111111113E-02  2.0537222222222221E-02
   3.9231666666666665E-02  2.0136388888888891E-02
   3.8620277777777781E-02  2.0136388888888891E-02
   3.6897222222222220E-02  2.0251111111111112E-02
   3.6508055555555557E-02  2.0251111111111112E-02
   3.6063333333333336E-02  2.0079166666666665E-02
   3.5451944444444446E-02  1.9964722222222221E-02
   3.4840555555555555E-02  1.9964722222222221E-02
   3.4006666666666664E-02  2.0021944444444446E-02
   3.3173055555555560E-02  2.0136388888888891E-02
   3.2450277777777779E-02  2.0251111111111112E-02
   3.1672222222222227E-02  2.0422777777777776E-02
   3.1060833333333333E-02  2.0537222222222221E-02
   3.0616111111111111E-02  2.0594444444444450E-02
   3.0171388888888886E-02  2.0708888888888891E-02
   2.9671111111111110E-02  2.0766111111111107E-02
   2.9115277777777782E-02  2.0766111111111107E-02
   2.8503888888888888E-02  2.0766111111111107E-02
   2.8003611111111115E-02  2.0651666666666665E-02
   2.7447777777777779E-02  2.0594444444444450E-02
   2.6947499999999999E-02  2.0422777777777776E-02
   2.6613888888888892E-02  2.0021944444444446E-02
   2.6725000000000002E-02  1.9563888888888891E-02
   2.6836388888888889E-02  1.9392222222222224E-02
   2.6502777777777778E-02  1.9220555555555557E-02
   2.6002499999999998E-02  1.8876944444444446E-02
   2.5668888888888894E-02  1.8533611111111112E-02
   2.5391111111111111E-02  1.8189999999999998E-02
   2.4724166666666669E-02  1.8247222222222224E-02
   2.4112499999999999E-02  1.8361666666666668E-02
   2.3445555555555556E-02  1.8476111111111113E-02
   2.2834166666666669E-02  1.8533611111111112E-02
   2.2167222222222224E-02  1.8533611111111112E-02
   2.1666944444444444E-02  1.8533611111111112E-02
   2.1222222222222222E-02  1.8476111111111113E-02
   2.0443888888888886E-02  1.8189999999999998E-02
   1.9554722222222223E-02  1.7846388888888887E-02
   1.8943333333333333E-02  1.7560277777777779E-02
   1.8331666666666670E-02  1.7045000000000001E-02
   1.8276111111111114E-02  1.6300833333333334E-02
   1.8665277777777781E-02  1.5900000000000001E-02
   1.8998888888888888E-02  1.5213055555555556E-02
   1.9221111111111112E-02  1.4640555555555556E-02
   1.8331666666666670E-02  1.4755000000000001E-02
   1.7831388888888890E-02  1.4869444444444446E-02
   1.7108888888888889E-02  1.5098333333333332E-02
   1.6497499999999998E-02  1.5270277777777778E-02
   1.5886111111111111E-02  1.5441944444444446E-02
   1.5385833333333335E-02  1.5556388888888890E-02
   1.4774444444444444E-02  1.5728333333333334E-02
   1.4107222222222222E-02  1.5900000000000001E-02
   1.3495833333333335E-02  1.5957222222222223E-02
   1.2662222222222221E-02  1.5957222222222223E-02
   1.1883888888888888E-02  1.5957222222222223E-02
   1.1105833333333336E-02  1.5900000000000001E-02
   1.0271944444444445E-02  1.5499166666666668E-02
   9.4936111111111124E-03  1.5270277777777778E-02
   8.8266666666666667E-03  1.5098333333333332E-02
   8.2152777777777762E-03  1.4926666666666668E-02
   7.6594444444444444E-03  1.4697777777777778E-02
   7.1036111111111118E-03  1.4525833333333332E-02
   7.3258333333333326E-03  1.4239722222222223E-02
   7.7150000000000005E-03  1.3781666666666668E-02
   8.0486111111111105E-03  1.3438333333333333E-02
   7.6038888888888892E-03  1.3438333333333333E-02
   6.6033333333333335E-03  1.3724444444444445E-02
   5.8249999999999994E-03  1.3953333333333335E-02
   4.8244444444444446E-03  1.4354166666666668E-02
   4.1574999999999997E-03  1.4525833333333332E-02
   3.6572222222222223E-03  1.4640555555555556E-02
   3.1013888888888888E-03  1.4812222222222220E-02
   2.8236111111111109E-03  1.4926666666666668E-02
   2.3788888888888887E-03  1.5098333333333332E-02
   1.7116666666666667E-03  1.5270277777777778E-02
   1.0447222222222223E-03  1.5384722222222223E-02
   4.4166666666666638E-05  1.5441944444444446E-02
  -6.2277777777777765E-04  1.5327500000000001E-02
  -1.6788888888888886E-03  1.5213055555555556E-02
  -2.5127777777777774E-03  1.5155833333333334E-02
  -3.3463888888888892E-03  1.5098333333333332E-02
  -4.0691666666666671E-03  1.4926666666666668E-02
  -4.5694444444444446E-03  1.4525833333333332E-02
  -5.3474999999999998E-03  1.4411388888888890E-02
  -6.0700000000000007E-03  1.4296944444444445E-02
  -6.5702777777777773E-03  1.4068055555555556E-02
  -7.4597222222222226E-03  1.4068055555555556E-02
  -8.1822222222222227E-03  1.4068055555555556E-02
  -8.7938888888888893E-03  1.4125277777777778E-02
  -9.2941666666666659E-03  1.4296944444444445E-02
  -9.5719444444444454E-03  1.4468611111111109E-02
  -9.9611111111111116E-03  1.4697777777777778E-02
  -1.0516944444444443E-02  1.5041111111111113E-02
  -1.0906111111111109E-02  1.5270277777777778E-02
  -1.1517500000000000E-02  1.5499166666666668E-02
  -1.2295555555555553E-02  1.5670833333333335E-02
  -1.3351666666666668E-02  1.5441944444444446E-02
  -1.3851944444444441E-02  1.5213055555555556E-02
  -1.4519166666666666E-02  1.5041111111111113E-02
  -1.5297222222222222E-02  1.4926666666666668E-02
  -1.6020000000000000E-02  1.4983888888888890E-02
  -1.6686944444444445E-02  1.5155833333333334E-02
  -1.7298333333333332E-02  1.5327500000000001E-02
  -1.8187777777777782E-02  1.5441944444444446E-02
  -1.8799166666666665E-02  1.5441944444444446E-02
  -1.9910833333333332E-02  1.5213055555555556E-02
  -2.0800277777777779E-02  1.5213055555555556E-02
  -2.2023055555555553E-02  1.5270277777777778E-02
  -2.3245833333333334E-02  1.5384722222222223E-02
  -2.3857500000000004E-02  1.5556388888888890E-02
  -2.4413333333333332E-02  1.5728333333333334E-02
  -2.4913611111111109E-02  1.5785555555555553E-02
  -2.5691666666666665E-02  1.5842777777777779E-02
  -2.6303055555555552E-02  1.5556388888888890E-02
  -2.7192500000000001E-02  1.5327500000000001E-02
  -2.7470555555555554E-02  1.4869444444444446E-02
  -2.7748333333333330E-02  1.4468611111111109E-02
  -2.8359722222222224E-02  1.3724444444444445E-02
  -2.8804444444444442E-02  1.3323611111111112E-02
  -2.9526944444444439E-02  1.2522222222222223E-02
  -3.0027222222222223E-02  1.2407777777777778E-02
  -3.0638888888888889E-02  1.2121388888888890E-02
  -3.1027777777777779E-02  1.1720555555555557E-02
  -3.1528055555555552E-02  1.1262777777777778E-02
  -3.2306388888888891E-02  1.0804722222222223E-02
  -3.2806666666666665E-02  1.0403888888888890E-02
  -3.3306944444444445E-02  9.8886111111111119E-03
  -3.4029444444444445E-02  9.3733333333333342E-03
  -3.4640833333333329E-02  9.0299999999999998E-03
  -3.5530277777777779E-02  8.6863888888888893E-03
  -3.6475277777777780E-02  8.3430555555555549E-03
  -3.7253333333333333E-02  7.9422222222222220E-03
  -3.7698055555555554E-02  7.7130555555555555E-03
  -3.8976666666666666E-02  7.0261111111111106E-03
  -3.9754722222222226E-02  6.7399999999999995E-03
  -4.0477500000000000E-02  6.4536111111111114E-03
  -4.0977500000000000E-02  6.2247222222222226E-03
  -4.1033333333333331E-02  5.8811111111111104E-03
  -4.1033333333333331E-02  4.9652777777777777E-03
  -4.1033333333333331E-02  4.3927777777777776E-03
  -4.0644166666666669E-02  3.7055555555555557E-03
  -3.9865833333333323E-02  3.0186111111111112E-03
  -3.9532499999999998E-02  2.6752777777777782E-03
  -3.8587499999999997E-02  1.8736111111111111E-03
  -3.8087222222222224E-02  1.5300000000000001E-03
  -3.7475833333333333E-02  1.1294444444444444E-03
  -3.6808611111111111E-02  7.8583333333333337E-04
  -3.5696944444444441E-02  2.1333333333333328E-04
  -3.4807777777777778E-02 -3.0194444444444453E-04
  -3.4307499999999998E-02 -6.4527777777777760E-04
  -3.3973888888888887E-02 -1.6186111111111115E-03
  -3.3751666666666666E-02 -2.1338888888888892E-03
  -3.3473611111111107E-02 -3.0500000000000006E-03
  -3.3139999999999996E-02 -3.9086111111111110E-03
  -3.2973333333333327E-02 -4.8819444444444440E-03
  -3.2806666666666665E-02 -6.1413888888888881E-03
  -3.2806666666666665E-02 -6.7138888888888890E-03
  -3.2695555555555554E-02 -7.1719444444444452E-03
  -3.2473055555555554E-02 -7.8016666666666660E-03
  -3.2139722222222222E-02 -8.2024999999999980E-03
  -3.1750555555555553E-02 -8.6030555555555582E-03
  -3.1194722222222221E-02 -9.0038888888888911E-03
  -3.0360833333333330E-02 -9.4619444444444464E-03
  -2.9693888888888891E-02 -9.9200000000000017E-03
  -2.9026944444444442E-02 -1.0206111111111110E-02
  -2.8248611111111113E-02 -1.0435277777777776E-02
  -2.7414722222222219E-02 -1.0664166666666666E-02
  -2.6636666666666663E-02 -1.0835833333333333E-02
  -2.5580555555555554E-02 -1.1351111111111110E-02
  -2.4746666666666667E-02 -1.1637500000000002E-02
  -2.3913055555555552E-02 -1.1866388888888888E-02
  -2.2523333333333329E-02 -1.2038055555555555E-02
  -2.1133611111111113E-02 -1.2267222222222221E-02
  -2.0244444444444443E-02 -1.2324444444444443E-02
  -1.9299444444444442E-02 -1.2381666666666666E-02
  -1.8298888888888889E-02 -1.2496111111111114E-02
  -1.7353888888888887E-02 -1.2668055555555557E-02
  -1.6353333333333334E-02 -1.2725277777777776E-02
  -1.5686388888888889E-02 -1.2839722222222221E-02
  -1.4908055555555556E-02 -1.3068611111111111E-02
  -1.3963333333333335E-02 -1.3125833333333337E-02
  -1.3129444444444444E-02 -1.3183333333333335E-02
  -1.2351388888888887E-02 -1.3183333333333335E-02
  -1.1573055555555555E-02 -1.3183333333333335E-02
  -1.1128333333333330E-02 -1.3297777777777776E-02
  -1.0350277777777778E-02 -1.3469444444444444E-02
  -9.4608333333333315E-03 -1.3698333333333333E-02
  -8.2380555555555540E-03 -1.3870277777777777E-02
  -7.2930555555555535E-03 -1.3927500000000002E-02
  -6.2924999999999995E-03 -1.3927500000000002E-02
  -5.3474999999999998E-03 -1.3984722222222221E-02
  -4.6805555555555550E-03 -1.4041944444444447E-02
  -3.9022222222222219E-03 -1.4099166666666670E-02
  -2.9572222222222222E-03 -1.4213611111111111E-02
  -2.2902777777777778E-03 -1.4328333333333332E-02
  -1.5122222222222225E-03 -1.4385555555555558E-02
  -1.2897222222222225E-03 -1.4385555555555558E-02
  -1.7805555555555565E-04 -1.4385555555555558E-02
   6.5555555555555560E-04 -1.4385555555555558E-02
   1.4894444444444445E-03 -1.4671666666666666E-02
   1.9897222222222226E-03 -1.4843333333333333E-02
   2.6566666666666666E-03 -1.5072499999999999E-02
   3.8797222222222219E-03 -1.5473333333333332E-02
   4.7133333333333333E-03 -1.5702222222222222E-02
   5.8249999999999994E-03 -1.6045833333333332E-02
   6.7700000000000000E-03 -1.6331944444444444E-02
   7.1591666666666670E-03 -1.6560833333333337E-02
   7.2702777777777774E-03 -1.6789999999999999E-02
   7.2702777777777774E-03 -1.7190833333333332E-02
   6.7700000000000000E-03 -1.7534166666666670E-02
   5.7694444444444442E-03 -1.7648611111111111E-02
   5.1580555555555555E-03 -1.8049444444444441E-02
   4.3244444444444441E-03 -1.8450277777777777E-02
   3.3238888888888888E-03 -1.8908333333333333E-02
   3.9908333333333332E-03 -1.9595277777777777E-02
   4.5466666666666659E-03 -1.9881388888888889E-02
   5.0469444444444442E-03 -1.9881388888888889E-02
   6.3252777777777778E-03 -2.0167777777777774E-02
   6.7700000000000000E-03 -2.0453888888888893E-02
   7.3813888888888887E-03 -2.0740277777777774E-02
   7.7150000000000005E-03 -2.0854722222222219E-02
   8.1597222222222210E-03 -2.0911944444444445E-02
   8.2152777777777762E-03 -2.0911944444444445E-02
   8.9377777777777771E-03 -2.1198333333333333E-02
   8.9933333333333323E-03 -2.1312777777777778E-02
   8.9377777777777771E-03 -2.1713611111111111E-02
   8.8822222222222219E-03 -2.1942499999999997E-02
   9.1047222222222224E-03 -2.2228611111111116E-02
   9.8827777777777785E-03 -2.2973055555555552E-02
   1.0383055555555555E-02 -2.3087499999999997E-02
   1.2161944444444444E-02 -2.3087499999999997E-02
   1.2940000000000000E-02 -2.3030277777777778E-02
   1.4162777777777778E-02 -2.2915833333333330E-02
   1.5385833333333335E-02 -2.2858611111111107E-02
   1.6441944444444447E-02 -2.2915833333333330E-02
   1.7331111111111113E-02 -2.2973055555555552E-02
   1.7942777777777780E-02 -2.3144722222222223E-02
   1.8554166666666667E-02 -2.3259166666666668E-02
   1.9276666666666668E-02 -2.3488333333333333E-02
   2.0110555555555562E-02 -2.3831666666666664E-02
   2.1055555555555557E-02 -2.4346944444444449E-02
   2.1500000000000005E-02 -2.4862222222222220E-02
   2.1889166666666668E-02 -2.5721111111111111E-02
   2.2556111111111114E-02 -2.6350833333333337E-02
   2.3334444444444446E-02 -2.6350833333333337E-02
   2.4112499999999999E-02 -2.6408055555555553E-02
   2.4501666666666665E-02 -2.6579722222222223E-02
   2.5724722222222229E-02 -2.7209444444444446E-02
   2.6447222222222223E-02 -2.7266666666666672E-02
   2.7169722222222227E-02 -2.7381388888888889E-02
   2.7836944444444445E-02 -2.7438611111111108E-02
