   1.9330277777777780E-02  1.4151388888888887E-02
   1.8996388888888889E-02  1.4323611111111110E-02
   1.8773888888888889E-02  1.4495833333333333E-02
   1.8439999999999998E-02  1.4725277777777775E-02
   1.8050277777777776E-02  1.4782500000000001E-02
   1.7438333333333333E-02  1.4782500000000001E-02
   1.6993055555555556E-02  1.4725277777777775E-02
   1.6881944444444446E-02  1.4266111111111111E-02
   1.6826111111111111E-02  1.4094166666666665E-02
   1.6659166666666666E-02  1.3749722222222226E-02
   1.6158611111111110E-02  1.3635000000000001E-02
   1.5657777777777777E-02  1.3463055555555554E-02
   1.4990000000000000E-02  1.3233333333333333E-02
   1.4377777777777778E-02  1.2946388888888889E-02
   1.3876944444444445E-02  1.2659722222222222E-02
   1.3209444444444447E-02  1.2258055555555557E-02
   1.2652777777777780E-02  1.2315277777777779E-02
   1.1985277777777779E-02  1.2487499999999999E-02
   1.1484444444444443E-02  1.2545000000000001E-02
   1.0927777777777779E-02  1.2602222222222223E-02
   1.0315833333333333E-02  1.2487499999999999E-02
   9.6480555555555556E-03  1.2085833333333334E-02
   9.0361111111111128E-03  1.1741666666666668E-02
   8.5352777777777770E-03  1.1454722222222220E-02
   8.0344444444444447E-03  1.1282500000000001E-02
   7.3666666666666663E-03  1.1110277777777778E-02
   6.8102777777777771E-03  1.1110277777777778E-02
   5.8641666666666660E-03  1.1167777777777776E-02
   5.2522222222222224E-03  1.1225277777777778E-02
   4.4730555555555556E-03  1.1339999999999999E-02
   4.0836111111111108E-03  1.1339999999999999E-02
   3.8052777777777777E-03  1.1110277777777778E-02
   3.1933333333333336E-03  1.0880833333333333E-02
   2.6369444444444444E-03  1.0708888888888889E-02
   2.1361111111111112E-03  1.0536666666666666E-02
   1.9136111111111112E-03  1.0307222222222225E-02
   1.4683333333333334E-03  9.7333333333333334E-03
   1.1344444444444444E-03  9.4463888888888896E-03
   5.2249999999999996E-04  9.3891666666666672E-03
  -1.4527777777777781E-04  9.3891666666666672E-03
  -8.6888888888888931E-04  9.2169444444444443E-03
  -1.5363888888888888E-03  9.0447222222222214E-03
  -2.3155555555555555E-03  8.8727777777777780E-03
  -2.7605555555555556E-03  8.5858333333333342E-03
  -3.0388888888888887E-03  8.2413888888888884E-03
  -3.5397222222222219E-03  7.7250000000000001E-03
  -3.9291666666666667E-03  7.2661111111111112E-03
  -4.4855555555555551E-03  6.7497222222222221E-03
  -4.8752777777777779E-03  6.2333333333333338E-03
  -5.3202777777777779E-03  5.7169444444444438E-03
  -5.7097222222222219E-03  5.0855555555555550E-03
  -6.3219444444444443E-03  4.1675000000000011E-03
  -6.8783333333333327E-03  3.1347222222222223E-03
  -7.3791666666666667E-03  2.3888888888888892E-03
  -7.9913888888888882E-03  1.4133333333333333E-03
  -8.3249999999999991E-03  8.3972222222222217E-04
  -8.7147222222222209E-03 -2.1111111111111070E-05
  -9.0486111111111114E-03 -5.9472222222222218E-04
  -9.1041666666666667E-03 -1.1686111111111112E-03
  -8.7147222222222209E-03 -2.2013888888888890E-03
  -8.2694444444444438E-03 -3.2341666666666664E-03
  -7.7686111111111107E-03 -4.2669444444444447E-03
  -7.2122222222222232E-03 -4.7261111111111106E-03
  -6.8227777777777774E-03 -5.2997222222222222E-03
  -6.3774999999999995E-03 -5.9883333333333342E-03
  -5.9880555555555564E-03 -6.5047222222222216E-03
  -5.4872222222222223E-03 -7.4227777777777773E-03
  -5.0977777777777775E-03 -7.8244444444444464E-03
  -4.4855555555555551E-03 -8.5130555555555550E-03
  -4.0405555555555559E-03 -9.0866666666666665E-03
  -3.5952777777777780E-03 -9.7180555555555562E-03
  -2.8719444444444439E-03 -1.0808055555555557E-02
  -2.2041666666666668E-03 -1.1554166666666667E-02
  -1.8147222222222223E-03 -1.1898333333333330E-02
  -1.3138888888888887E-03 -1.2529444444444444E-02
  -5.3499999999999989E-04 -1.3505000000000000E-02
  -3.1222222222222220E-04 -1.4021388888888885E-02
   2.1666666666666579E-05 -1.4595000000000000E-02
   3.5555555555555557E-04 -1.5168888888888888E-02
   7.4500000000000000E-04 -1.5398333333333333E-02
   1.1900000000000001E-03 -1.5628055555555555E-02
   1.8022222222222222E-03 -1.6029444444444443E-02
   2.1361111111111112E-03 -1.6316388888888887E-02
   2.5811111111111108E-03 -1.6431111111111108E-02
   3.0819444444444444E-03 -1.6603333333333331E-02
   4.0836111111111108E-03 -1.6718055555555555E-02
   5.0294444444444440E-03 -1.6832777777777776E-02
   6.1424999999999995E-03 -1.7062499999999998E-02
   6.9772222222222223E-03 -1.7521388888888888E-02
   7.1997222222222228E-03 -1.8037777777777778E-02
   7.3666666666666663E-03 -1.8496944444444444E-02
   7.8674999999999995E-03 -1.9185277777777777E-02
   8.3125000000000004E-03 -1.9529722222222223E-02
   8.5908333333333340E-03 -1.9816666666666663E-02
   8.7577777777777775E-03 -2.0160833333333336E-02
   9.3141666666666685E-03 -2.0906666666666671E-02
   1.0037499999999998E-02 -2.1193611111111108E-02
   1.0872222222222221E-02 -2.1423055555555556E-02
   1.0872222222222221E-02 -2.1939444444444442E-02
   1.1039166666666669E-02 -2.2685555555555556E-02
   1.1317500000000001E-02 -2.3029722222222219E-02
   1.1929444444444444E-02 -2.3316666666666666E-02
   1.2931111111111109E-02 -2.3660833333333332E-02
   1.4322222222222222E-02 -2.3890277777777778E-02
   1.5156944444444445E-02 -2.4062500000000001E-02
   1.6770555555555556E-02 -2.4119999999999999E-02
   1.8161666666666673E-02 -2.4177222222222218E-02
   1.8773888888888889E-02 -2.4177222222222218E-02
   1.9497222222222225E-02 -2.4062500000000001E-02
   2.0443055555555555E-02 -2.4062500000000001E-02
   2.0888333333333332E-02 -2.4464166666666665E-02
   2.1333333333333333E-02 -2.5267499999999998E-02
   2.1778611111111110E-02 -2.5669166666666667E-02
   2.2557499999999998E-02 -2.5956111111111110E-02
   2.3225277777777779E-02 -2.6013333333333333E-02
   2.3726111111111111E-02 -2.6300277777777780E-02
   2.4226944444444443E-02 -2.6529722222222222E-02
   2.4393888888888892E-02 -2.7103611111111106E-02
   2.4616388888888889E-02 -2.7619999999999995E-02
   2.5172777777777780E-02 -2.8021666666666670E-02
   2.5951944444444444E-02 -2.8308611111111111E-02
   2.7120555555555551E-02 -2.8480555555555554E-02
   2.8344722222222223E-02 -2.8480555555555554E-02
   2.9068055555555562E-02 -2.8308611111111111E-02
   2.9624444444444443E-02 -2.8251111111111105E-02
