   2.9055555555555553E-02  1.7949444444444445E-02
   2.8611111111111111E-02  1.7720555555555559E-02
   2.7666666666666666E-02  1.7491666666666669E-02
   2.7000000000000003E-02  1.7377222222222224E-02
   2.6166666666666668E-02  1.7148611111111114E-02
   2.5388888888888891E-02  1.6919722222222225E-02
   2.4666666666666667E-02  1.6748055555555558E-02
   2.3277777777777779E-02  1.6519166666666665E-02
   2.2333333333333334E-02  1.6347499999999997E-02
   2.1722222222222226E-02  1.6175833333333334E-02
   2.1333333333333333E-02  1.5889999999999998E-02
   2.1000000000000001E-02  1.5661111111111115E-02
   2.0388888888888887E-02  1.5432222222222226E-02
   2.0000000000000004E-02  1.5317777777777777E-02
   1.9333333333333334E-02  1.5088888888888888E-02
   1.8944444444444444E-02  1.4917499999999997E-02
   1.8333333333333333E-02  1.4803055555555555E-02
   1.7555555555555557E-02  1.4688611111111111E-02
   1.6833333333333332E-02  1.4459722222222221E-02
   1.6111111111111111E-02  1.4230833333333335E-02
   1.5444444444444448E-02  1.4059166666666668E-02
   1.4722222222222223E-02  1.3830555555555554E-02
   1.4166666666666668E-02  1.3658888888888891E-02
   1.3777777777777778E-02  1.3544444444444446E-02
   1.3166666666666667E-02  1.3372777777777779E-02
   1.2555555555555556E-02  1.3201111111111111E-02
   1.2111111111111111E-02  1.3029444444444448E-02
   1.1388888888888886E-02  1.2800833333333334E-02
   1.0555555555555554E-02  1.2400277777777777E-02
   9.8333333333333328E-03  1.1999722222222224E-02
   9.2777777777777772E-03  1.1713888888888888E-02
   8.6111111111111110E-03  1.1427777777777780E-02
   8.0000000000000002E-03  1.1198888888888890E-02
   7.4444444444444445E-03  1.1027222222222223E-02
   6.6666666666666662E-03  1.0970000000000001E-02
   5.9444444444444440E-03  1.0970000000000001E-02
   5.5555555555555558E-03  1.1027222222222223E-02
   4.4444444444444453E-03  1.1027222222222223E-02
   3.3888888888888888E-03  1.1027222222222223E-02
   2.2777777777777779E-03  1.0912777777777778E-02
   1.3333333333333333E-03  1.0626666666666666E-02
   7.7777777777777784E-04  1.0283611111111111E-02
   1.1111111111111109E-04  9.9974999999999994E-03
  -2.7777777777777783E-04  9.5969444444444427E-03
  -7.2222222222222241E-04  9.0822222222222207E-03
  -1.0555555555555552E-03  8.5672222222222226E-03
  -1.4444444444444448E-03  8.2813888888888885E-03
  -1.8888888888888887E-03  8.1097222222222230E-03
  -2.2777777777777779E-03  8.1097222222222230E-03
  -2.8333333333333335E-03  8.0525000000000006E-03
  -3.2222222222222218E-03  7.5374999999999999E-03
  -3.6111111111111109E-03  7.0227777777777780E-03
  -3.8888888888888896E-03  6.7366666666666660E-03
  -4.3333333333333331E-03  6.1647222222222225E-03
  -4.8888888888888897E-03  5.5352777777777779E-03
  -5.2222222222222227E-03  5.1347222222222228E-03
  -5.6666666666666662E-03  4.6200000000000000E-03
  -5.9444444444444440E-03  4.1622222222222217E-03
  -6.2777777777777780E-03  3.5902777777777777E-03
  -6.4444444444444445E-03  2.9608333333333335E-03
  -6.5555555555555549E-03  2.3888888888888892E-03
  -6.7777777777777784E-03  1.8738888888888889E-03
  -7.1666666666666658E-03  1.3591666666666667E-03
  -7.5000000000000006E-03  9.0138888888888886E-04
  -7.7222222222222215E-03  5.0111111111111114E-04
  -8.0000000000000002E-03 -1.3888888888888805E-05
  -8.0000000000000002E-03 -7.0027777777777775E-04
  -7.9444444444444449E-03 -1.2152777777777778E-03
  -7.7222222222222215E-03 -1.9588888888888885E-03
  -7.4444444444444436E-03 -2.9886111111111112E-03
  -7.2222222222222210E-03 -3.5608333333333334E-03
  -6.9444444444444432E-03 -4.1900000000000001E-03
  -6.6111111111111119E-03 -4.9908333333333324E-03
  -6.1666666666666667E-03 -5.6774999999999994E-03
  -5.7777777777777775E-03 -6.2494444444444438E-03
  -5.2777777777777779E-03 -6.7644444444444453E-03
  -4.6666666666666662E-03 -7.3936111111111103E-03
  -4.1111111111111114E-03 -8.0230555555555541E-03
  -3.6666666666666670E-03 -8.6522222222222209E-03
  -3.0555555555555553E-03 -9.2813888888888876E-03
  -2.5555555555555557E-03 -9.7963888888888892E-03
  -2.1666666666666666E-03 -1.0311111111111111E-02
  -1.5555555555555557E-03 -1.1112222222222221E-02
  -1.1111111111111109E-03 -1.1684166666666669E-02
  -6.1111111111111110E-04 -1.2313611111111112E-02
  -2.2222222222222240E-04 -1.2771111111111112E-02
   2.7777777777777783E-04 -1.3286111111111110E-02
   7.2222222222222219E-04 -1.3686388888888887E-02
   1.0555555555555557E-03 -1.4201388888888888E-02
   1.5000000000000000E-03 -1.4773333333333333E-02
   2.0555555555555557E-03 -1.5402777777777779E-02
   2.4444444444444444E-03 -1.5688888888888888E-02
   2.8888888888888888E-03 -1.5974722222222223E-02
   3.5000000000000001E-03 -1.6432499999999999E-02
   4.1666666666666666E-03 -1.7233333333333333E-02
   4.3888888888888884E-03 -1.7233333333333333E-02
   5.0555555555555553E-03 -1.7633888888888886E-02
   5.7777777777777775E-03 -1.8205833333333331E-02
   6.1111111111111114E-03 -1.8663611111111110E-02
   6.6111111111111119E-03 -1.9235555555555551E-02
   7.0000000000000001E-03 -1.9636111111111111E-02
   7.6666666666666662E-03 -1.9979444444444442E-02
   8.4444444444444454E-03 -2.0208055555555555E-02
   9.1666666666666667E-03 -2.0322500000000000E-02
   9.7777777777777776E-03 -2.0379722222222219E-02
   1.0555555555555554E-02 -2.0494166666666661E-02
   1.1111111111111110E-02 -2.0551388888888890E-02
   1.1722222222222224E-02 -2.1066388888888888E-02
   1.2000000000000000E-02 -2.1352222222222220E-02
   1.2666666666666666E-02 -2.1810000000000000E-02
   1.3111111111111112E-02 -2.1924444444444444E-02
   1.3666666666666667E-02 -2.2038888888888889E-02
   1.4000000000000002E-02 -2.2553611111111108E-02
   1.4444444444444447E-02 -2.3125833333333332E-02
   1.4888888888888889E-02 -2.3640555555555554E-02
   1.5444444444444448E-02 -2.3869444444444440E-02
   1.6111111111111111E-02 -2.4155555555555552E-02
   1.6833333333333332E-02 -2.4155555555555552E-02
   1.7388888888888888E-02 -2.4098333333333333E-02
   1.8222222222222223E-02 -2.4155555555555552E-02
   1.8944444444444444E-02 -2.4270000000000000E-02
   1.9611111111111114E-02 -2.4670277777777777E-02
   2.0055555555555559E-02 -2.4841944444444444E-02
   2.0833333333333332E-02 -2.4899166666666667E-02
   2.1111111111111112E-02 -2.4956388888888889E-02
   2.1555555555555560E-02 -2.5242499999999998E-02
   2.2222222222222223E-02 -2.5928888888888887E-02
   2.2833333333333330E-02 -2.6329444444444447E-02
   2.3388888888888890E-02 -2.6615555555555555E-02
   2.3722222222222221E-02 -2.7244722222222219E-02
   2.4055555555555556E-02 -2.7530833333333331E-02
   2.4777777777777777E-02 -2.7702500000000005E-02
   2.5555555555555557E-02 -2.7816666666666670E-02
   2.6388888888888892E-02 -2.7988333333333330E-02
   2.7111111111111107E-02 -2.8160000000000004E-02
   2.7722222222222221E-02 -2.8388888888888891E-02
   2.8555555555555556E-02 -2.8732222222222221E-02
   2.9388888888888891E-02 -2.8903611111111109E-02
   3.0277777777777782E-02 -2.9018055555555547E-02
   3.1055555555555562E-02 -2.9189722222222221E-02
   3.1555555555555559E-02 -2.9475833333333326E-02
   3.2444444444444449E-02 -2.9876388888888893E-02
   3.3222222222222222E-02 -3.0105000000000000E-02
   3.3777777777777775E-02 -3.0162222222222219E-02
   3.4444444444444444E-02 -3.0276666666666667E-02
   3.4833333333333334E-02 -3.0448333333333327E-02
   3.5166666666666666E-02 -3.0734444444444446E-02
   3.5833333333333335E-02 -3.1363611111111106E-02
   3.6500000000000005E-02 -3.1706944444444440E-02
   3.7055555555555557E-02 -3.2050277777777775E-02
   3.7555555555555557E-02 -3.2336111111111107E-02
   3.8277777777777779E-02 -3.2622222222222219E-02
   3.9388888888888890E-02 -3.2793888888888886E-02
   4.0055555555555560E-02 -3.2793888888888886E-02
   4.0833333333333333E-02 -3.2736666666666664E-02
