   2.1389166666666667E-02  1.4801111111111112E-02
   2.0832500000000000E-02  1.4858611111111111E-02
   2.0276111111111113E-02  1.5088333333333336E-02
   1.9998055555555557E-02  1.5203333333333333E-02
   1.9608333333333335E-02  1.5375833333333335E-02
   1.9163333333333334E-02  1.5548055555555558E-02
   1.8662500000000002E-02  1.5663055555555555E-02
   1.8217222222222225E-02  1.5548055555555558E-02
   1.7772222222222224E-02  1.5375833333333335E-02
   1.7271388888888892E-02  1.5088333333333336E-02
   1.6881944444444446E-02  1.4858611111111111E-02
   1.6269722222222220E-02  1.4628611111111110E-02
   1.5323888888888890E-02  1.4341388888888890E-02
   1.4711666666666668E-02  1.3996666666666668E-02
   1.4322222222222222E-02  1.3881666666666667E-02
   1.3710000000000000E-02  1.3709444444444444E-02
   1.3264999999999999E-02  1.3651944444444446E-02
   1.2597222222222225E-02  1.3479444444444443E-02
   1.2096388888888889E-02  1.3134722222222221E-02
   1.1762500000000002E-02  1.2962222222222222E-02
   1.1317500000000001E-02  1.2674999999999999E-02
   1.0927777777777779E-02  1.2445000000000001E-02
   1.0371388888888888E-02  1.2330277777777777E-02
   9.8150000000000008E-03  1.2215277777777776E-02
   8.8691666666666676E-03  1.2100277777777779E-02
   8.2013888888888883E-03  1.2157777777777778E-02
   7.4222222222222215E-03  1.2215277777777776E-02
   6.7544444444444449E-03  1.2215277777777776E-02
   5.9755555555555560E-03  1.2272777777777775E-02
   5.4191666666666667E-03  1.2272777777777775E-02
   5.1963888888888893E-03  1.2100277777777779E-02
   4.8069444444444444E-03  1.1698055555555555E-02
   4.3061111111111113E-03  1.1468333333333334E-02
   3.7497222222222220E-03  1.1295833333333331E-02
   3.1377777777777780E-03  1.0893611111111111E-02
   2.7480555555555557E-03  1.0318888888888888E-02
   2.4700000000000000E-03  9.8591666666666654E-03
   2.1916666666666664E-03  9.6294444444444439E-03
   1.9136111111111112E-03  9.6294444444444439E-03
   1.4683333333333334E-03  9.6869444444444459E-03
   8.5611111111111109E-04  9.6294444444444439E-03
   1.3277777777777778E-04  9.2272222222222235E-03
  -5.9055555555555554E-04  8.5950000000000019E-03
  -8.6888888888888931E-04  8.2502777777777783E-03
  -1.3138888888888887E-03  7.8480555555555560E-03
  -1.6477777777777780E-03  7.6180555555555550E-03
  -1.8702777777777780E-03  7.5605555555555556E-03
  -2.3155555555555555E-03  7.4458333333333338E-03
  -2.8719444444444439E-03  7.1583333333333334E-03
  -3.1502777777777770E-03  6.8136111111111114E-03
  -3.4841666666666667E-03  6.2963888888888887E-03
  -3.5952777777777780E-03  6.0666666666666673E-03
  -3.9291666666666667E-03  5.7791666666666668E-03
  -4.3744444444444447E-03  5.4344444444444449E-03
  -4.8752777777777779E-03  4.9747222222222224E-03
  -5.1533333333333336E-03  4.4574999999999997E-03
  -5.5986111111111115E-03  3.9405555555555557E-03
  -6.0994444444444438E-03  3.1933333333333336E-03
  -6.3774999999999995E-03  2.7336111111111111E-03
  -6.8783333333333327E-03  1.8716666666666667E-03
  -7.2122222222222232E-03  1.1822222222222223E-03
  -7.3791666666666667E-03  7.7999999999999999E-04
  -7.5461111111111102E-03  4.3500000000000006E-04
  -7.8244444444444464E-03 -1.3944444444444442E-04
  -7.9913888888888882E-03 -1.0013888888888889E-03
  -7.9913888888888882E-03 -1.8061111111111108E-03
  -7.9913888888888882E-03 -2.5530555555555554E-03
  -7.7686111111111107E-03 -3.4149999999999996E-03
  -7.4347222222222219E-03 -4.0472222222222220E-03
  -6.8783333333333327E-03 -5.2538888888888887E-03
  -6.4888888888888887E-03 -5.7136111111111120E-03
  -5.9324999999999994E-03 -6.4030555555555568E-03
  -5.4872222222222223E-03 -6.8627777777777775E-03
  -4.9863888888888892E-03 -7.4949999999999991E-03
  -4.4299999999999999E-03 -8.2994444444444461E-03
  -4.1516666666666672E-03 -8.7016666666666666E-03
  -3.4841666666666667E-03 -9.3913888888888866E-03
  -2.8163888888888891E-03 -1.0080833333333334E-02
  -2.3155555555555555E-03 -1.0827777777777776E-02
  -2.0930555555555555E-03 -1.1345000000000001E-02
  -1.5922222222222223E-03 -1.1862222222222225E-02
  -1.2025000000000000E-03 -1.2379444444444443E-02
  -4.7916666666666659E-04 -1.3068888888888887E-02
  -8.9722222222222156E-05 -1.3471111111111111E-02
   3.5555555555555557E-04 -1.3816111111111109E-02
   7.4500000000000000E-04 -1.4333055555555554E-02
   1.3013888888888888E-03 -1.4907777777777777E-02
   1.8577777777777781E-03 -1.5425000000000001E-02
   2.4700000000000000E-03 -1.5884722222222220E-02
   2.8594444444444444E-03 -1.6286944444444444E-02
   3.5272222222222224E-03 -1.6976388888888888E-02
   4.0836111111111108E-03 -1.6689166666666665E-02
   4.5288888888888896E-03 -1.7493611111111109E-02
   5.0294444444444440E-03 -1.8125833333333331E-02
   5.5302777777777781E-03 -1.8757777777777776E-02
   6.0869444444444443E-03 -1.9275000000000000E-02
   6.6988888888888888E-03 -1.9677222222222221E-02
   7.6449999999999999E-03 -2.0136944444444443E-02
   8.2569444444444452E-03 -2.0309444444444446E-02
   9.0361111111111128E-03 -2.0481944444444442E-02
   9.7036111111111108E-03 -2.0596666666666666E-02
   1.0538333333333334E-02 -2.0711666666666666E-02
   1.0816666666666665E-02 -2.0769166666666665E-02
   1.1317500000000001E-02 -2.1056388888888885E-02
   1.1818333333333333E-02 -2.1746111111111112E-02
   1.2096388888888889E-02 -2.2090833333333330E-02
   1.2708611111111111E-02 -2.2550555555555553E-02
   1.3320555555555554E-02 -2.2895277777777778E-02
   1.3710000000000000E-02 -2.3182499999999998E-02
   1.4210833333333332E-02 -2.3584999999999998E-02
   1.4600555555555554E-02 -2.3814722222222220E-02
   1.5045555555555555E-02 -2.4101944444444440E-02
   1.5546388888888887E-02 -2.4274444444444446E-02
   1.6492222222222221E-02 -2.4504444444444443E-02
   1.7382777777777778E-02 -2.4504444444444443E-02
   1.8217222222222225E-02 -2.4561666666666669E-02
   1.8940833333333337E-02 -2.4619166666666668E-02
   1.9441388888888890E-02 -2.4676666666666666E-02
   1.9775277777777781E-02 -2.5021388888888888E-02
   2.0498888888888889E-02 -2.5251388888888882E-02
   2.0888333333333332E-02 -2.5366388888888886E-02
   2.1333333333333333E-02 -2.5711111111111112E-02
   2.2112500000000000E-02 -2.6343055555555554E-02
   2.2780277777777781E-02 -2.6573055555555555E-02
   2.3336666666666662E-02 -2.6802777777777773E-02
   2.3893055555555556E-02 -2.7147777777777781E-02
   2.4338333333333337E-02 -2.7435000000000001E-02
   2.5005833333333335E-02 -2.7779722222222226E-02
   2.5562500000000002E-02 -2.8124444444444445E-02
   2.6118888888888893E-02 -2.8411944444444441E-02
   2.6675277777777773E-02 -2.8584166666666664E-02
   2.7176111111111109E-02 -2.8641666666666662E-02
   2.8010833333333332E-02 -2.8699166666666661E-02
   2.8734166666666668E-02 -2.8756666666666666E-02
   2.9568888888888895E-02 -2.8871666666666670E-02
   3.0681666666666670E-02 -2.9388888888888891E-02
   3.1349444444444444E-02 -2.9618611111111113E-02
   3.2184166666666666E-02 -3.0020833333333333E-02
   3.2851944444444448E-02 -3.0308055555555553E-02
   3.3463888888888890E-02 -3.0480555555555552E-02
   3.4298611111111113E-02 -3.0710555555555553E-02
   3.4910833333333335E-02 -3.0997777777777777E-02
   3.5689722222222220E-02 -3.1285000000000000E-02
   3.6246111111111118E-02 -3.1629722222222219E-02
   3.6913888888888885E-02 -3.2089444444444441E-02
   3.7303333333333334E-02 -3.2319444444444442E-02
   3.7804166666666666E-02 -3.2606666666666666E-02
   3.8360555555555557E-02 -3.2779166666666665E-02
   3.8972777777777780E-02 -3.2951666666666664E-02
   3.9640555555555554E-02 -3.2951666666666664E-02
   4.0196944444444445E-02 -3.2951666666666664E-02
   4.0864722222222226E-02 -3.2894166666666669E-02
