   2.0193611111111110E-02  1.5653055555555555E-02
   1.9860000000000003E-02  1.5308611111111110E-02
   1.9526388888888892E-02  1.5136388888888890E-02
   1.8859166666666666E-02  1.5136388888888890E-02
   1.8303055555555555E-02  1.4964166666666667E-02
   1.7858333333333334E-02  1.4734444444444446E-02
   1.7135555555555557E-02  1.4504722222222224E-02
   1.6523888888888887E-02  1.4275000000000003E-02
   1.6079166666666669E-02  1.4102777777777777E-02
   1.5411944444444443E-02  1.3930555555555557E-02
   1.4800277777777780E-02  1.3758333333333334E-02
   1.4188888888888890E-02  1.3471111111111114E-02
   1.3521666666666668E-02  1.3241388888888893E-02
   1.2965555555555557E-02  1.2954444444444446E-02
   1.2576388888888890E-02  1.2667222222222222E-02
   1.2076111111111110E-02  1.2380277777777775E-02
   1.1686666666666668E-02  1.2150555555555557E-02
   1.1241944444444443E-02  1.1920833333333332E-02
   1.0852777777777777E-02  1.1633611111111112E-02
   1.0185555555555555E-02  1.1346666666666665E-02
   9.6852777777777788E-03  1.1346666666666665E-02
   9.0180555555555569E-03  1.1403888888888887E-02
   8.3508333333333316E-03  1.1403888888888887E-02
   7.8502777777777789E-03  1.1289166666666666E-02
   7.4055555555555558E-03  1.1059444444444445E-02
   7.1275000000000002E-03  1.1059444444444445E-02
   6.7383333333333340E-03  1.1116944444444443E-02
   6.3491666666666662E-03  1.1174444444444445E-02
   5.9600000000000000E-03  1.1231666666666668E-02
   5.4038888888888886E-03  1.1403888888888887E-02
   4.9036111111111103E-03  1.1518888888888891E-02
   4.2363888888888885E-03  1.1576388888888890E-02
   3.1799999999999997E-03  1.1920833333333332E-02
   2.2347222222222221E-03  1.2150555555555557E-02
   1.4008333333333334E-03  1.2437500000000001E-02
   6.7805555555555566E-04  1.2667222222222222E-02
  -1.0027777777777769E-04  1.2896944444444444E-02
  -6.5638888888888886E-04  1.3069166666666666E-02
  -1.3236111111111113E-03  1.3298888888888888E-02
  -1.9908333333333332E-03  1.3413888888888888E-02
  -2.8247222222222224E-03  1.3471111111111114E-02
  -3.8255555555555560E-03  1.3413888888888888E-02
  -4.8263888888888896E-03  1.3356388888888890E-02
  -5.6047222222222227E-03  1.3298888888888888E-02
  -6.3833333333333329E-03  1.3241388888888893E-02
  -6.7724999999999999E-03  1.3069166666666666E-02
  -7.7733333333333344E-03  1.2954444444444446E-02
  -8.3291666666666653E-03  1.2839444444444445E-02
  -9.0519444444444458E-03  1.2782222222222223E-02
  -9.8861111111111129E-03  1.2782222222222223E-02
  -1.0775555555555556E-02  1.2724722222222224E-02
  -1.1887500000000002E-02  1.2724722222222224E-02
  -1.2610277777777776E-02  1.2782222222222223E-02
  -1.3611111111111109E-02  1.2667222222222222E-02
  -1.4556388888888890E-02  1.2610000000000000E-02
  -1.5168055555555553E-02  1.2610000000000000E-02
  -1.5723888888888888E-02  1.2782222222222223E-02
  -1.6391111111111110E-02  1.2954444444444446E-02
  -1.7169722222222222E-02  1.3126666666666668E-02
  -1.8059166666666668E-02  1.3126666666666668E-02
  -1.8837499999999997E-02  1.2896944444444444E-02
  -1.9449166666666670E-02  1.2667222222222222E-02
  -2.0283333333333334E-02  1.2380277777777775E-02
  -2.0950277777777776E-02  1.2093055555555555E-02
  -2.1450833333333329E-02  1.1748611111111112E-02
  -2.1839999999999998E-02  1.1174444444444445E-02
  -2.2062499999999999E-02  1.0657500000000000E-02
  -2.2229166666666668E-02  1.0198055555555554E-02
  -2.2618333333333338E-02  1.0140833333333332E-02
  -2.3174444444444445E-02  1.0025833333333335E-02
  -2.3452500000000001E-02  9.7388888888888907E-03
  -2.3786111111111109E-02  9.3941666666666687E-03
  -2.4397499999999996E-02  8.8775000000000000E-03
  -2.4842500000000000E-02  8.4755555555555556E-03
  -2.5509722222222222E-02  8.0736111111111113E-03
  -2.6065555555555554E-02  7.9013888888888884E-03
  -2.6399166666666661E-02  7.5566666666666664E-03
  -2.6788333333333334E-02  7.2122222222222223E-03
  -2.7010833333333331E-02  6.9825000000000000E-03
  -2.7399999999999997E-02  6.4658333333333330E-03
  -2.7678055555555560E-02  6.0063888888888892E-03
  -2.8233888888888888E-02  5.4322222222222228E-03
  -2.8678888888888889E-02  4.9727777777777782E-03
  -2.9290555555555556E-02  4.4561111111111112E-03
  -3.0013333333333326E-02  3.7669444444444443E-03
  -3.0624722222222220E-02  3.3075000000000001E-03
  -3.1291944444444442E-02  2.7908333333333335E-03
  -3.2070555555555554E-02  2.3888888888888892E-03
  -3.2626388888888885E-02  1.9869444444444444E-03
  -3.3460555555555556E-02  1.5275000000000000E-03
  -3.3960833333333329E-02  1.1830555555555557E-03
  -3.4349999999999999E-02  1.4944444444444434E-04
  -3.3404722222222218E-02 -5.3972222222222225E-04
  -3.2737500000000003E-02 -1.0563888888888888E-03
  -3.1848055555555560E-02 -1.5730555555555558E-03
  -3.1069722222222221E-02 -1.9750000000000002E-03
  -3.0346944444444440E-02 -2.3769444444444445E-03
  -2.9790833333333336E-02 -2.8938888888888890E-03
  -2.9457222222222218E-02 -3.2383333333333335E-03
  -2.9068055555555552E-02 -3.6402777777777779E-03
  -2.8511944444444444E-02 -4.2144444444444443E-03
  -2.7844722222222226E-02 -4.6738888888888889E-03
  -2.7177499999999997E-02 -5.1333333333333335E-03
  -2.6399166666666661E-02 -5.5927777777777772E-03
  -2.5898888888888888E-02 -6.1669444444444445E-03
  -2.5453888888888887E-02 -6.6261111111111113E-03
  -2.4953611111111110E-02 -7.3727777777777776E-03
  -2.4620000000000003E-02 -7.8322222222222231E-03
  -2.4175277777777775E-02 -8.3488888888888883E-03
  -2.3897222222222222E-02 -8.7508333333333327E-03
  -2.3619166666666667E-02 -9.3824999999999985E-03
  -2.3285555555555549E-02 -1.0416111111111112E-02
  -2.3063333333333335E-02 -1.0990277777777779E-02
  -2.2729722222222221E-02 -1.1506944444444445E-02
  -2.2340555555555554E-02 -1.2253611111111111E-02
  -2.2118055555555557E-02 -1.2655555555555555E-02
  -2.1839999999999998E-02 -1.3172222222222221E-02
  -2.1283888888888890E-02 -1.3631666666666663E-02
  -2.0783611111111110E-02 -1.4033611111111108E-02
  -2.0116388888888889E-02 -1.4320555555555555E-02
  -1.9504722222222225E-02 -1.4493055555555554E-02
  -1.8948888888888890E-02 -1.4550277777777780E-02
  -1.7836944444444443E-02 -1.4665277777777777E-02
  -1.6891666666666666E-02 -1.4665277777777777E-02
  -1.6168888888888885E-02 -1.4722499999999999E-02
  -1.5557222222222222E-02 -1.4780000000000001E-02
  -1.4890000000000000E-02 -1.4837500000000000E-02
  -1.4167222222222220E-02 -1.4894999999999999E-02
  -1.3611111111111109E-02 -1.4894999999999999E-02
  -1.2832777777777780E-02 -1.4894999999999999E-02
  -1.1776388888888888E-02 -1.4894999999999999E-02
  -1.1220555555555557E-02 -1.4894999999999999E-02
  -1.0108333333333334E-02 -1.4952222222222221E-02
  -9.1075000000000010E-03 -1.5009722222222223E-02
  -8.4405555555555553E-03 -1.5067222222222221E-02
  -7.3838888888888886E-03 -1.5239444444444444E-02
  -6.6055555555555555E-03 -1.5469166666666666E-02
  -5.5491666666666667E-03 -1.5583888888888887E-02
  -3.9925000000000004E-03 -1.5813611111111112E-02
  -2.8802777777777780E-03 -1.5985833333333331E-02
  -1.9908333333333332E-03 -1.6158055555555554E-02
  -1.3791666666666666E-03 -1.6273055555555554E-02
  -7.6749999999999995E-04 -1.6387777777777775E-02
   6.6388888888888834E-05 -1.6560000000000002E-02
   9.0027777777777784E-04 -1.6789722222222223E-02
   1.4008333333333334E-03 -1.7076944444444443E-02
   2.2347222222222221E-03 -1.7708611111111112E-02
   2.5683333333333331E-03 -1.7995555555555556E-02
   3.0130555555555557E-03 -1.8397499999999997E-02
   3.3466666666666666E-03 -1.8914444444444442E-02
   3.6247222222222223E-03 -1.9029166666666666E-02
   4.1252777777777781E-03 -1.9316388888888886E-02
   4.6255555555555555E-03 -1.9660833333333332E-02
   5.2927777777777782E-03 -2.0005277777777778E-02
   5.7930555555555565E-03 -2.0235000000000000E-02
   6.2380555555555548E-03 -2.0579722222222221E-02
   6.8497222222222223E-03 -2.0924166666666667E-02
   7.2944444444444445E-03 -2.1153888888888889E-02
   7.5166666666666672E-03 -2.1211111111111111E-02
   8.1283333333333346E-03 -2.1498333333333331E-02
   8.9625000000000017E-03 -2.1670555555555554E-02
   9.7408333333333340E-03 -2.1728055555555556E-02
   1.0519166666666666E-02 -2.1728055555555556E-02
   1.1019722222222222E-02 -2.1670555555555554E-02
   1.1631111111111113E-02 -2.1670555555555554E-02
   1.2187222222222221E-02 -2.1613055555555552E-02
   1.2743055555555556E-02 -2.1555833333333333E-02
   1.3132499999999998E-02 -2.1670555555555554E-02
   1.3577222222222223E-02 -2.2129999999999997E-02
   1.4021944444444445E-02 -2.2818888888888885E-02
   1.4300000000000000E-02 -2.3106111111111112E-02
   1.4689166666666666E-02 -2.3450555555555551E-02
   1.5189722222222223E-02 -2.3795277777777776E-02
   1.5467500000000002E-02 -2.3852500000000002E-02
   1.6412777777777776E-02 -2.4311944444444442E-02
   1.7524722222222223E-02 -2.4541666666666666E-02
   1.8080833333333334E-02 -2.4541666666666666E-02
   1.8970277777777780E-02 -2.4599166666666665E-02
   1.9581944444444447E-02 -2.4599166666666665E-02
   2.0082500000000000E-02 -2.4713888888888882E-02
   2.0249166666666665E-02 -2.5173333333333332E-02
   2.0638333333333335E-02 -2.6034722222222220E-02
   2.0805277777777784E-02 -2.6321666666666670E-02
   2.1361111111111112E-02 -2.6895833333333338E-02
   2.2139722222222224E-02 -2.7240555555555553E-02
   2.3196111111111112E-02 -2.7527500000000003E-02
   2.3807499999999999E-02 -2.7642500000000000E-02
   2.4641666666666669E-02 -2.7699722222222226E-02
   2.5864722222222220E-02 -2.8274166666666670E-02
   2.6198333333333334E-02 -2.8446388888888889E-02
   2.6587500000000000E-02 -2.8676111111111111E-02
   2.7199166666666667E-02 -2.9020555555555556E-02
   2.8033333333333334E-02 -2.9250277777777778E-02
   2.8478055555555559E-02 -2.9307500000000000E-02
   2.9200833333333339E-02 -2.9307500000000000E-02
   2.9478888888888891E-02 -2.9307500000000000E-02
   2.9534444444444446E-02 -2.9594722222222217E-02
   2.9812500000000002E-02 -3.0054166666666667E-02
   3.0368333333333334E-02 -3.0513333333333330E-02
   3.0535277777777776E-02 -3.0685833333333329E-02
   3.0980000000000004E-02 -3.1030277777777775E-02
   3.1591666666666664E-02 -3.1432222222222223E-02
   3.3092777777777777E-02 -3.1604444444444442E-02
