   2.3275555555555556E-02  1.7538611111111112E-02
   2.2998055555555553E-02  1.7481666666666666E-02
   2.2665277777777781E-02  1.7424722222222223E-02
   2.2276666666666663E-02  1.7196944444444445E-02
   2.1666388888888891E-02  1.6969166666666667E-02
   2.1111388888888891E-02  1.6798055555555556E-02
   2.0389722222222226E-02  1.6513333333333331E-02
   2.0056944444444447E-02  1.6342500000000003E-02
   1.9501944444444447E-02  1.6285555555555557E-02
   1.9002500000000002E-02  1.6285555555555557E-02
   1.8336388888888892E-02  1.6285555555555557E-02
   1.7781388888888888E-02  1.6057777777777778E-02
   1.7281944444444444E-02  1.6057777777777778E-02
   1.6893611111111109E-02  1.6114722222222225E-02
   1.6394166666666665E-02  1.6285555555555557E-02
   1.5728055555555554E-02  1.6399444444444446E-02
   1.5062222222222223E-02  1.6456388888888888E-02
   1.4618333333333334E-02  1.6456388888888888E-02
   1.4007777777777779E-02  1.6342500000000003E-02
   1.3397222222222220E-02  1.6171666666666668E-02
   1.2953333333333334E-02  1.6057777777777778E-02
   1.2453888888888889E-02  1.5488333333333333E-02
   1.2342777777777779E-02  1.5260555555555555E-02
   1.1732500000000000E-02  1.5032499999999997E-02
   1.1121944444444445E-02  1.4804722222222223E-02
   1.0788888888888890E-02  1.4576944444444444E-02
   1.0622500000000000E-02  1.4292222222222224E-02
   1.0456111111111110E-02  1.3836666666666664E-02
   1.0178611111111110E-02  1.3722777777777775E-02
   9.8455555555555553E-03  1.3210000000000000E-02
   9.6236111111111106E-03  1.2925277777777779E-02
   9.4016666666666658E-03  1.2526666666666665E-02
   9.1241666666666658E-03  1.2241944444444444E-02
   8.7355555555555554E-03  1.2128055555555555E-02
   8.2916666666666659E-03  1.2128055555555555E-02
   7.8477777777777764E-03  1.2185000000000001E-02
   7.1261111111111117E-03  1.2241944444444444E-02
   6.5711111111111109E-03  1.2185000000000001E-02
   5.7388888888888889E-03  1.2241944444444444E-02
   5.0172222222222224E-03  1.2355833333333333E-02
   4.1849999999999995E-03  1.2412777777777780E-02
   3.6855555555555556E-03  1.2412777777777780E-02
   3.2413888888888887E-03  1.2355833333333333E-02
   2.5200000000000001E-03  1.2412777777777780E-02
   1.6319444444444445E-03  1.2412777777777780E-02
   9.1055555555555551E-04  1.2412777777777780E-02
   7.8055555555555495E-05  1.2526666666666665E-02
  -6.4333333333333300E-04  1.2526666666666665E-02
  -1.1427777777777777E-03  1.2583611111111108E-02
  -1.7533333333333333E-03  1.2640555555555558E-02
  -2.5855555555555558E-03  1.2640555555555558E-02
  -3.5291666666666666E-03  1.2697500000000000E-02
  -4.4169444444444438E-03  1.2811388888888890E-02
  -5.6380555555555550E-03  1.3153055555555557E-02
  -6.1927777777777780E-03  1.3380833333333335E-02
  -6.8588888888888892E-03  1.3437777777777778E-02
  -7.4138888888888891E-03  1.3323888888888889E-02
  -8.0797222222222208E-03  1.3210000000000000E-02
  -8.6902777777777759E-03  1.3210000000000000E-02
  -9.3008333333333346E-03  1.3210000000000000E-02
  -1.0188611111111110E-02  1.3039166666666668E-02
  -1.0910000000000000E-02  1.2754444444444447E-02
  -1.2796944444444444E-02  1.2868333333333336E-02
  -1.3685000000000003E-02  1.3096111111111110E-02
  -1.4461944444444440E-02  1.3210000000000000E-02
  -1.5294444444444444E-02  1.3380833333333335E-02
  -1.6071388888888885E-02  1.3494722222222220E-02
  -1.6681666666666664E-02  1.3494722222222220E-02
  -1.7736111111111109E-02  1.3722777777777775E-02
  -1.8346666666666664E-02  1.3779722222222221E-02
  -1.8956944444444443E-02  1.3665833333333332E-02
  -1.9789444444444443E-02  1.3551944444444443E-02
  -2.0621944444444443E-02  1.3266944444444446E-02
  -2.1288055555555557E-02  1.3096111111111110E-02
  -2.2286944444444443E-02  1.3323888888888889E-02
  -2.3008333333333332E-02  1.3266944444444446E-02
  -2.3840833333333332E-02  1.3153055555555557E-02
  -2.4673333333333328E-02  1.2982222222222221E-02
  -2.5228055555555559E-02  1.2868333333333336E-02
  -2.6060555555555552E-02  1.2697500000000000E-02
  -2.6504444444444445E-02  1.2469722222222222E-02
  -2.6893055555555559E-02  1.2298888888888890E-02
  -2.7503611111111114E-02  1.1957222222222223E-02
  -2.8224999999999997E-02  1.1387500000000002E-02
  -2.8835555555555552E-02  1.0704166666666667E-02
  -2.9112777777777779E-02  1.0362500000000000E-02
  -2.9390277777777776E-02  9.7358333333333325E-03
  -2.9556944444444441E-02  9.1663888888888871E-03
  -2.9778888888888889E-02  8.4830555555555562E-03
  -3.0111944444444445E-02  7.9133333333333330E-03
  -3.0611388888888889E-02  7.2300000000000003E-03
  -3.0833333333333331E-02  7.0591666666666667E-03
  -3.1277222222222220E-02  6.8313888888888894E-03
  -3.1832222222222227E-02  6.2616666666666671E-03
  -3.2276111111111110E-02  5.6352777777777764E-03
  -3.2664722222222220E-02  5.0658333333333336E-03
  -3.3164166666666668E-02  4.3822222222222222E-03
  -3.3885555555555551E-02  3.6988888888888887E-03
  -3.4718055555555551E-02  3.1291666666666664E-03
  -3.5606111111111109E-02  2.5027777777777778E-03
  -3.6216388888888888E-02  2.1041666666666665E-03
  -3.6882499999999999E-02  1.7055555555555556E-03
  -3.7659444444444440E-02  1.1927777777777778E-03
  -3.8269722222222219E-02  7.9416666666666665E-04
  -3.8658333333333329E-02  3.9555555555555557E-04
  -3.8824722222222219E-02  1.1083333333333344E-04
  -3.8547222222222219E-02 -3.4499999999999982E-04
  -3.7992222222222226E-02 -8.5749999999999997E-04
  -3.7159999999999999E-02 -1.3699999999999997E-03
  -3.5994444444444440E-02 -2.1675000000000006E-03
  -3.5273055555555557E-02 -2.6799999999999997E-03
  -3.4551666666666668E-02 -3.2494444444444446E-03
  -3.3774722222222220E-02 -3.6483333333333333E-03
  -3.3330555555555558E-02 -3.9899999999999996E-03
  -3.2609166666666661E-02 -4.7302777777777777E-03
  -3.1887777777777772E-02 -5.1288888888888886E-03
  -3.1166388888888889E-02 -5.6416666666666672E-03
  -3.0278333333333331E-02 -6.0972222222222226E-03
  -2.9667777777777772E-02 -6.4388888888888881E-03
  -2.9112777777777779E-02 -6.7805555555555562E-03
  -2.8446944444444441E-02 -7.0655555555555550E-03
  -2.7891944444444445E-02 -7.5211111111111112E-03
  -2.7281666666666666E-02 -8.1474999999999985E-03
  -2.6671111111111111E-02 -8.7169444444444438E-03
  -2.6504444444444445E-02 -9.1158333333333334E-03
  -2.6338055555555556E-02 -9.6852777777777788E-03
  -2.5949722222222221E-02 -1.0653611111111110E-02
  -2.5783055555555556E-02 -1.1223055555555556E-02
  -2.5616666666666666E-02 -1.1678611111111112E-02
  -2.5394722222222225E-02 -1.2248333333333333E-02
  -2.5006111111111111E-02 -1.3273333333333331E-02
  -2.4728611111111111E-02 -1.4127777777777774E-02
  -2.4395833333333332E-02 -1.4868055555555551E-02
  -2.4118333333333332E-02 -1.5437500000000003E-02
  -2.3785277777777777E-02 -1.5836388888888889E-02
  -2.3174722222222218E-02 -1.6462777777777778E-02
  -2.2952777777777777E-02 -1.6918333333333327E-02
  -2.2453333333333336E-02 -1.7146111111111108E-02
  -2.1731944444444443E-02 -1.7374166666666666E-02
  -2.0843888888888887E-02 -1.7488055555555555E-02
  -2.0178055555555560E-02 -1.7544999999999998E-02
  -1.9511944444444443E-02 -1.7488055555555555E-02
  -1.8901666666666664E-02 -1.7601944444444444E-02
  -1.8235555555555550E-02 -1.7943611111111108E-02
  -1.7514166666666667E-02 -1.8285277777777779E-02
  -1.6848333333333333E-02 -1.8399166666666668E-02
  -1.5960277777777775E-02 -1.8569999999999996E-02
  -1.4794722222222220E-02 -1.8740833333333332E-02
  -1.3518333333333334E-02 -1.8968611111111110E-02
  -1.2796944444444444E-02 -1.9082777777777771E-02
  -1.2463888888888892E-02 -1.9367499999999999E-02
  -1.2131111111111110E-02 -1.9652222222222224E-02
  -1.1298611111111110E-02 -1.9709166666666667E-02
  -1.0743611111111113E-02 -1.9652222222222224E-02
  -9.8002777777777758E-03 -1.9652222222222224E-02
  -9.1341666666666654E-03 -1.9652222222222224E-02
  -8.4127777777777760E-03 -1.9766111111111109E-02
  -7.6913888888888891E-03 -2.0050833333333334E-02
  -7.0252777777777770E-03 -2.0221666666666666E-02
  -6.2483333333333332E-03 -2.0278611111111108E-02
  -5.7488888888888893E-03 -2.0335555555555555E-02
  -5.1386111111111112E-03 -2.0506388888888883E-02
  -4.6944444444444438E-03 -2.0734166666666668E-02
  -4.1394444444444439E-03 -2.0905277777777776E-02
  -3.7511111111111113E-03 -2.1076111111111115E-02
  -3.2516666666666666E-03 -2.1246944444444443E-02
  -2.4191666666666663E-03 -2.1474722222222221E-02
  -1.5866666666666663E-03 -2.1645555555555553E-02
  -8.0972222222222231E-04 -2.1702500000000000E-02
  -4.2138888888888911E-04 -2.1759444444444442E-02
   2.2777777777777813E-05 -2.2442777777777777E-02
   5.2222222222222232E-04 -2.2898611111111113E-02
   9.1055555555555551E-04 -2.3297222222222223E-02
   1.3547222222222222E-03 -2.3638888888888890E-02
   1.9094444444444443E-03 -2.4151388888888889E-02
   2.5755555555555553E-03 -2.4379444444444443E-02
   3.5188888888888887E-03 -2.4550277777777782E-02
   4.6844444444444451E-03 -2.4778055555555553E-02
   5.3502777777777776E-03 -2.4664166666666668E-02
   6.0716666666666662E-03 -2.4493333333333332E-02
   6.6822222222222222E-03 -2.4208611111111115E-02
   7.0152777777777774E-03 -2.3980555555555550E-02
   7.4591666666666660E-03 -2.4094444444444439E-02
   7.9030555555555555E-03 -2.4151388888888889E-02
   8.5136111111111107E-03 -2.4265555555555554E-02
   1.0067500000000000E-02 -2.4379444444444443E-02
   1.0733611111111110E-02 -2.4379444444444443E-02
   1.1676944444444445E-02 -2.4322500000000004E-02
   1.2509444444444445E-02 -2.4265555555555554E-02
   1.3397222222222220E-02 -2.4208611111111115E-02
   1.4451666666666665E-02 -2.4208611111111115E-02
   1.5506111111111113E-02 -2.4208611111111115E-02
   1.6560555555555558E-02 -2.4208611111111115E-02
   1.7670555555555557E-02 -2.4208611111111115E-02
   1.9113333333333333E-02 -2.4322500000000004E-02
   1.9835000000000002E-02 -2.4436388888888893E-02
   2.0001388888888895E-02 -2.4891944444444442E-02
   2.0112222222222219E-02 -2.5404444444444441E-02
   2.0445277777777781E-02 -2.6088055555555555E-02
   2.1277777777777777E-02 -2.6771388888888890E-02
   2.1721666666666667E-02 -2.6828333333333329E-02
   2.1943611111111112E-02 -2.6942222222222218E-02
   2.2054722222222226E-02 -2.7283888888888885E-02
   2.2387777777777774E-02 -2.7682777777777782E-02
   2.2776111111111112E-02 -2.7910555555555560E-02
   2.3664166666666667E-02 -2.8252222222222217E-02
   2.4551944444444446E-02 -2.8479999999999998E-02
   2.5328888888888887E-02 -2.8593888888888887E-02
   2.5995000000000001E-02 -2.8593888888888887E-02
   2.6716388888888890E-02 -2.8593888888888887E-02
   2.7548888888888890E-02 -2.8650833333333337E-02
   2.7826388888888890E-02 -2.8992499999999997E-02
   2.8270277777777780E-02 -2.9505277777777773E-02
   2.8658888888888890E-02 -2.9846944444444447E-02
   2.9158333333333335E-02 -3.0473333333333331E-02
   2.9713333333333328E-02 -3.1213888888888888E-02
   3.0268055555555552E-02 -3.1726388888888887E-02
   3.1211666666666669E-02 -3.2011111111111115E-02
   3.1988611111111113E-02 -3.2068055555555558E-02
   3.3098611111111113E-02 -3.2124999999999994E-02
   3.4097500000000003E-02 -3.2238888888888893E-02
   3.5262777777777782E-02 -3.2409722222222222E-02
   3.5928888888888885E-02 -3.2466666666666671E-02
   3.6705833333333333E-02 -3.2523611111111107E-02
   3.7593611111111112E-02 -3.2580555555555557E-02
   3.8481666666666664E-02 -3.2694444444444443E-02
   3.9369722222222223E-02 -3.2865555555555558E-02
   3.9869166666666664E-02 -3.2979444444444443E-02
   4.0535000000000002E-02 -3.3036388888888886E-02
   4.1645000000000001E-02 -3.3378055555555557E-02
   4.2255277777777780E-02 -3.3491944444444449E-02
   4.3254444444444456E-02 -3.4004444444444441E-02
