   5.2228333333333335E-02  2.2305833333333337E-02
   5.1396111111111115E-02  2.2192500000000000E-02
   5.0619722222222226E-02  2.2078888888888887E-02
   4.9676666666666668E-02  2.1965555555555558E-02
   4.9066666666666668E-02  2.1908611111111108E-02
   4.8290000000000000E-02  2.1738611111111111E-02
   4.7402777777777773E-02  2.1681666666666669E-02
   4.6459722222222222E-02  2.1568333333333335E-02
   4.5627777777777781E-02  2.1511388888888885E-02
   4.4684722222222223E-02  2.1511388888888885E-02
   4.3686388888888893E-02  2.1341388888888889E-02
   4.2854444444444445E-02  2.1284444444444450E-02
   4.1800555555555549E-02  2.1114166666666670E-02
   4.1135000000000005E-02  2.1000833333333330E-02
   4.0358333333333336E-02  2.0887222222222227E-02
   3.9692777777777778E-02  2.0717222222222224E-02
   3.9082499999999999E-02  2.0489999999999998E-02
   3.8528055555555558E-02  2.0263055555555562E-02
   3.8139722222222221E-02  2.0092777777777779E-02
   3.7474166666666670E-02  2.0036111111111112E-02
   3.6919444444444442E-02  1.9922777777777779E-02
   3.6198333333333332E-02  1.9752499999999999E-02
   3.5255277777777781E-02  1.9582222222222223E-02
   3.2481944444444445E-02  1.9241666666666667E-02
   3.1816388888888894E-02  1.9185000000000001E-02
   2.8932222222222220E-02  1.8958055555555558E-02
   2.8321944444444448E-02  1.8958055555555558E-02
   2.7767500000000004E-02  1.8787777777777778E-02
   2.7268055555555556E-02  1.8617499999999999E-02
   2.6602500000000001E-02  1.8333888888888889E-02
   2.6158888888888888E-02  1.8050277777777776E-02
   2.5493333333333333E-02  1.7823055555555557E-02
   2.4661111111111113E-02  1.7482777777777778E-02
   2.4051111111111113E-02  1.7198888888888889E-02
   2.2830833333333335E-02  1.7085555555555559E-02
   2.1887777777777777E-02  1.7085555555555559E-02
   2.1277777777777777E-02  1.7028888888888889E-02
   2.0390277777777778E-02  1.6971944444444446E-02
   1.9391944444444444E-02  1.6858611111111112E-02
   1.8560000000000004E-02  1.6631666666666670E-02
   1.8171666666666666E-02  1.6404444444444447E-02
   1.7561388888888890E-02  1.6007500000000001E-02
   1.7284166666666670E-02  1.5893888888888888E-02
   1.6396666666666667E-02  1.5837222222222218E-02
   1.5897499999999998E-02  1.5780277777777778E-02
   1.5176388888888889E-02  1.5723611111111112E-02
   1.4455277777777779E-02  1.5666944444444442E-02
   1.4011666666666665E-02  1.5383055555555556E-02
   1.3401388888888890E-02  1.4986111111111110E-02
   1.3124166666666666E-02  1.4588888888888891E-02
   1.3013333333333332E-02  1.4305000000000002E-02
   1.2680555555555556E-02  1.3624166666666666E-02
   1.2236666666666667E-02  1.3170277777777777E-02
   1.1848333333333332E-02  1.2829722222222222E-02
   1.1349166666666667E-02  1.2375833333333332E-02
   1.0850000000000002E-02  1.2148888888888890E-02
   1.0018055555555554E-02  1.1638055555555554E-02
   9.6852777777777788E-03  1.1411111111111111E-02
   9.0197222222222241E-03  1.1411111111111111E-02
   8.6313888888888881E-03  1.1354444444444445E-02
   7.9102777777777765E-03  1.1184166666666669E-02
   7.3002777777777779E-03  1.1013888888888889E-02
   6.6899999999999998E-03  1.0843611111111113E-02
   6.1908333333333338E-03  1.0730277777777776E-02
   5.2477777777777774E-03  1.0730277777777776E-02
   4.4713888888888893E-03  1.0730277777777776E-02
   3.9166666666666664E-03  1.0730277777777776E-02
   3.1955555555555556E-03  1.0730277777777776E-02
   2.8072222222222222E-03  1.0730277777777776E-02
   2.1416666666666667E-03  1.0730277777777776E-02
   1.4205555555555555E-03  1.0673333333333333E-02
   6.4416666666666659E-04  1.0673333333333333E-02
  -1.8777777777777781E-04  1.0673333333333333E-02
  -9.0888888888888877E-04  1.0616666666666667E-02
  -1.9627777777777777E-03  1.0503333333333333E-02
  -2.7394444444444441E-03  1.0503333333333333E-02
  -3.9597222222222221E-03  1.0503333333333333E-02
  -4.1261111111111116E-03  1.0503333333333333E-02
  -5.1800000000000006E-03  1.0560000000000000E-02
  -6.2338888888888886E-03  1.0560000000000000E-02
  -7.2874999999999997E-03  1.0503333333333333E-02
  -8.2861111111111121E-03  1.0446388888888887E-02
  -9.3400000000000011E-03  1.0333055555555557E-02
  -1.0060833333333331E-02  1.0276388888888890E-02
  -1.0781944444444445E-02  1.0162777777777778E-02
  -1.1447499999999999E-02  1.0106111111111111E-02
  -1.2334999999999999E-02  1.0106111111111111E-02
  -1.2778888888888888E-02  1.0162777777777778E-02
  -1.3333611111111109E-02  1.0162777777777778E-02
  -1.4609166666666666E-02  1.0106111111111111E-02
  -1.5774166666666666E-02  1.0049166666666668E-02
  -1.7049722222222220E-02  1.0049166666666668E-02
  -1.7937222222222222E-02  1.0219444444444444E-02
  -1.8935555555555553E-02  1.0333055555555557E-02
  -1.9656666666666666E-02  1.0389722222222224E-02
  -2.0544166666666665E-02  1.0503333333333333E-02
  -2.1431666666666668E-02  1.0503333333333333E-02
  -2.2596388888888888E-02  1.0389722222222224E-02
  -2.3317500000000001E-02  1.0333055555555557E-02
  -2.4371388888888887E-02  1.0333055555555557E-02
  -2.4870555555555552E-02  1.0219444444444444E-02
  -2.5591666666666665E-02  1.0219444444444444E-02
  -2.6589999999999999E-02  1.0219444444444444E-02
  -2.7033888888888885E-02  1.0162777777777778E-02
  -2.7976666666666667E-02  1.0049166666666668E-02
  -2.8697777777777777E-02  1.0049166666666668E-02
  -2.9696111111111104E-02  9.9358333333333312E-03
  -3.0916388888888889E-02  9.7088888888888884E-03
  -3.1693055555555551E-02  9.7088888888888884E-03
  -3.2469444444444447E-02  9.7655555555555551E-03
  -3.3412499999999998E-02  9.7088888888888884E-03
  -3.4521944444444438E-02  9.4819444444444456E-03
  -3.5575833333333334E-02  9.3116666666666660E-03
  -3.7073333333333333E-02  9.2549999999999993E-03
  -3.8016111111111112E-02  9.4819444444444456E-03
  -3.8959166666666670E-02  9.4249999999999994E-03
  -4.0290277777777779E-02  9.4249999999999994E-03
  -4.0734166666666662E-02  9.4249999999999994E-03
  -4.1788055555555557E-02  9.3683333333333327E-03
  -4.2952777777777770E-02  9.1413888888888899E-03
  -4.3951111111111107E-02  9.1413888888888899E-03
  -4.5226944444444445E-02  9.1980555555555565E-03
  -4.6114444444444437E-02  9.1980555555555565E-03
  -4.6946388888888885E-02  9.1980555555555565E-03
  -4.7667500000000002E-02  8.9711111111111103E-03
  -4.8333055555555553E-02  8.5172222222222229E-03
  -4.8887777777777780E-02  7.8363888888888893E-03
  -4.9331388888888890E-02  7.2688888888888890E-03
  -5.0108055555555558E-02  6.3608333333333329E-03
  -5.0551666666666661E-02  5.7936111111111114E-03
  -5.0939999999999999E-02  4.9422222222222220E-03
  -5.1272777777777778E-02  4.0911111111111113E-03
  -5.1827499999999999E-02  4.0911111111111113E-03
  -5.2215833333333329E-02  3.9208333333333335E-03
  -5.2659444444444446E-02  3.5805555555555556E-03
  -5.3214166666666653E-02  3.4669444444444444E-03
  -5.3713333333333328E-02  3.5238888888888889E-03
  -5.4378888888888893E-02  3.4102777777777777E-03
  -5.5155555555555548E-02  3.0697222222222224E-03
  -5.5931944444444437E-02  2.6158333333333333E-03
  -5.6431111111111112E-02  2.2752777777777780E-03
  -5.6819444444444450E-02  1.9916666666666668E-03
  -5.7318611111111112E-02  1.5377777777777777E-03
  -5.7928888888888891E-02  1.0269444444444445E-03
  -5.7706944444444436E-02  6.8666666666666670E-04
  -5.7374166666666657E-02  4.5972222222222226E-04
  -5.6098333333333333E-02 -2.2138888888888902E-04
  -5.5543611111111113E-02 -3.9166666666666668E-04
  -5.4767222222222217E-02 -6.7527777777777790E-04
  -5.4323333333333328E-02 -8.4555555555555556E-04
  -5.3491388888888894E-02 -1.2994444444444446E-03
  -5.3214166666666653E-02 -1.4697222222222221E-03
  -5.2770277777777784E-02 -1.5830555555555554E-03
  -5.2049444444444447E-02 -1.6400000000000000E-03
  -5.1328333333333337E-02 -1.7533333333333333E-03
  -5.0607222222222220E-02 -2.0938888888888891E-03
  -5.0163333333333331E-02 -2.2072222222222220E-03
  -4.9054166666666670E-02 -2.3208333333333336E-03
  -4.7556388888888884E-02 -3.4558333333333333E-03
  -4.7168333333333333E-02 -4.0799999999999994E-03
  -4.7112777777777788E-02 -4.8741666666666664E-03
  -4.6890833333333333E-02 -5.6686111111111121E-03
  -4.6391666666666664E-02 -6.8602777777777785E-03
  -4.6169722222222223E-02 -7.3141666666666676E-03
  -4.5781666666666665E-02 -7.8249999999999986E-03
  -4.5337777777777775E-02 -8.3355555555555544E-03
  -4.5004999999999989E-02 -8.5627777777777768E-03
  -4.4616666666666666E-02 -8.7897222222222231E-03
  -4.4062222222222218E-02 -9.0166666666666659E-03
  -4.3285555555555549E-02 -9.3002777777777754E-03
  -4.2675555555555550E-02 -9.4705555555555550E-03
  -4.1344166666666661E-02 -9.8677777777777774E-03
  -3.9624722222222221E-02 -1.0094722222222220E-02
  -3.9069999999999994E-02 -1.0265000000000000E-02
  -3.8293611111111105E-02 -1.0435277777777776E-02
  -3.7738888888888891E-02 -1.0605277777777779E-02
  -3.6629444444444444E-02 -1.0889166666666665E-02
  -3.5742222222222217E-02 -1.1002499999999998E-02
  -3.4854722222222217E-02 -1.1002499999999998E-02
  -3.4078055555555556E-02 -1.1059444444444445E-02
  -3.3578888888888887E-02 -1.1059444444444445E-02
  -3.2802222222222219E-02 -1.1229722222222221E-02
  -3.2358611111111109E-02 -1.1343055555555558E-02
  -3.2025833333333337E-02 -1.1343055555555558E-02
  -3.1249166666666668E-02 -1.1399722222222221E-02
  -3.0750000000000000E-02 -1.1399722222222221E-02
  -2.9751666666666662E-02 -1.1399722222222221E-02
  -2.8808611111111115E-02 -1.1456666666666667E-02
  -2.7921388888888884E-02 -1.1513333333333330E-02
  -2.7200277777777778E-02 -1.1513333333333330E-02
  -2.6534722222222223E-02 -1.1513333333333330E-02
  -2.5980000000000000E-02 -1.1683611111111110E-02
  -2.5480833333333331E-02 -1.1853888888888890E-02
  -2.4926111111111107E-02 -1.1910555555555556E-02
  -2.4260555555555553E-02 -1.2023888888888890E-02
  -2.3650277777777777E-02 -1.2137499999999999E-02
  -2.3261944444444446E-02 -1.2194166666666666E-02
  -2.2429999999999999E-02 -1.2307777777777779E-02
  -2.1542499999999999E-02 -1.2421111111111112E-02
  -2.0322222222222221E-02 -1.2705000000000001E-02
  -1.9379444444444442E-02 -1.2818333333333334E-02
  -1.8547499999999998E-02 -1.2818333333333334E-02
  -1.7382499999999999E-02 -1.2875277777777777E-02
  -1.6716944444444444E-02 -1.2875277777777777E-02
  -1.5552222222222221E-02 -1.2988611111111110E-02
  -1.4553888888888891E-02 -1.3102222222222223E-02
  -1.3167222222222226E-02 -1.3272500000000000E-02
  -1.2224166666666668E-02 -1.3499444444444446E-02
  -1.1336666666666669E-02 -1.3726388888888892E-02
  -1.0671111111111110E-02 -1.3839722222222219E-02
  -9.9500000000000005E-03 -1.3953333333333335E-02
  -9.0072222222222220E-03 -1.4123611111111111E-02
  -8.3413888888888878E-03 -1.4180277777777778E-02
  -7.7869444444444444E-03 -1.4463888888888887E-02
  -7.2322222222222224E-03 -1.4520833333333334E-02
  -6.8994444444444450E-03 -1.4634166666666667E-02
  -6.2338888888888886E-03 -1.4804444444444443E-02
  -5.5127777777777779E-03 -1.4974722222222223E-02
  -4.8469444444444445E-03 -1.5088055555555549E-02
  -4.1261111111111116E-03 -1.5201666666666665E-02
  -3.2386111111111114E-03 -1.5258333333333332E-02
  -2.7947222222222219E-03 -1.5315277777777778E-02
  -1.8519444444444443E-03 -1.5428611111111112E-02
  -9.0888888888888877E-04 -1.5485277777777778E-02
  -4.6527777777777756E-04 -1.5598888888888888E-02
  -2.1388888888888716E-05 -1.5712222222222221E-02
   8.6611111111111112E-04 -1.5882500000000001E-02
   2.0863888888888889E-03 -1.6336388888888890E-02
   3.1400000000000000E-03 -1.6790555555555555E-02
   3.5838888888888891E-03 -1.7017500000000001E-02
   4.0274999999999998E-03 -1.7187777777777778E-02
   4.4713888888888893E-03 -1.7471388888888887E-02
   5.0813888888888879E-03 -1.7698333333333330E-02
   5.6361111111111108E-03 -1.7868611111111113E-02
   6.4680555555555559E-03 -1.8095555555555552E-02
   6.9119444444444436E-03 -1.8265833333333332E-02
   7.2447222222222227E-03 -1.8549444444444441E-02
   7.9658333333333334E-03 -1.9003611111111110E-02
   8.5202777777777794E-03 -1.9400555555555553E-02
   8.7977777777777794E-03 -1.9514166666666669E-02
   9.3524999999999997E-03 -1.9514166666666669E-02
   1.0018055555555554E-02 -1.9514166666666669E-02
   1.0683611111111109E-02 -1.9514166666666669E-02
   1.1293611111111112E-02 -1.9570833333333332E-02
   1.1460277777777778E-02 -1.9854722222222222E-02
   1.1681944444444446E-02 -2.0592222222222220E-02
   1.1681944444444446E-02 -2.1103055555555555E-02
   1.1626666666666667E-02 -2.1783888888888887E-02
   1.1238333333333333E-02 -2.2067500000000000E-02
   1.0683611111111109E-02 -2.2464722222222219E-02
   1.0295277777777778E-02 -2.2748611111111108E-02
   9.8516666666666683E-03 -2.3088888888888888E-02
   9.6852777777777788E-03 -2.3372777777777777E-02
   9.3524999999999997E-03 -2.4337499999999998E-02
   9.2413888888888893E-03 -2.4848055555555554E-02
   9.2969444444444445E-03 -2.5585833333333335E-02
   9.5188888888888892E-03 -2.5926111111111108E-02
   1.0018055555555554E-02 -2.6209999999999997E-02
   1.0683611111111109E-02 -2.6436944444444443E-02
   1.1571111111111112E-02 -2.6663888888888890E-02
   1.2735833333333332E-02 -2.6777499999999999E-02
   1.3956111111111110E-02 -2.6890833333333329E-02
   1.4732777777777779E-02 -2.6947499999999999E-02
   1.5287222222222223E-02 -2.6947499999999999E-02
   1.6452222222222222E-02 -2.7061111111111109E-02
   1.7450555555555556E-02 -2.7231388888888888E-02
   1.8393611111111111E-02 -2.7401666666666668E-02
   1.9280833333333334E-02 -2.7514999999999998E-02
   2.0501111111111112E-02 -2.7741944444444444E-02
   2.1555000000000001E-02 -2.7798611111111114E-02
   2.2498055555555556E-02 -2.7855555555555554E-02
   2.3163611111111111E-02 -2.7798611111111114E-02
   2.3718333333333334E-02 -2.7685277777777774E-02
   2.4051111111111113E-02 -2.7685277777777774E-02
   2.4605833333333337E-02 -2.7741944444444444E-02
   2.5826111111111109E-02 -2.8139166666666666E-02
   2.6824444444444442E-02 -2.8309444444444439E-02
   2.7268055555555556E-02 -2.8309444444444439E-02
   2.7767500000000004E-02 -2.8309444444444439E-02
   2.8488333333333334E-02 -2.8309444444444439E-02
   2.9098611111111113E-02 -2.8309444444444439E-02
   2.9819722222222223E-02 -2.8536388888888889E-02
   3.0096944444444450E-02 -2.8536388888888889E-02
   3.0374444444444447E-02 -2.8593055555555559E-02
   3.0651666666666667E-02 -2.8763333333333332E-02
   3.1261666666666674E-02 -2.9160555555555554E-02
   3.2093888888888894E-02 -2.9614444444444440E-02
   3.2648333333333335E-02 -2.9784722222222219E-02
   3.3702222222222224E-02 -2.9954999999999996E-02
   3.4423333333333334E-02 -3.0295555555555555E-02
   3.4811666666666664E-02 -3.0295555555555555E-02
   3.5532777777777774E-02 -3.0352222222222218E-02
   3.6031944444444443E-02 -3.0579166666666664E-02
   3.6531111111111111E-02 -3.1033055555555550E-02
   3.6863888888888890E-02 -3.1033055555555550E-02
   3.7141388888888890E-02 -3.1373611111111116E-02
   3.7973333333333331E-02 -3.1543888888888892E-02
   3.8749722222222220E-02 -3.1884166666666665E-02
   3.9692777777777778E-02 -3.2281388888888887E-02
   4.0413888888888888E-02 -3.2395000000000000E-02
   4.1301388888888887E-02 -3.2621944444444446E-02
   4.1855833333333335E-02 -3.2621944444444446E-02
   4.2521666666666659E-02 -3.2621944444444446E-02
