   4.6381111111111102E-02  2.0853333333333335E-02
   4.5602777777777791E-02  2.1139166666666667E-02
   4.4880000000000003E-02  2.1139166666666667E-02
   4.2878333333333331E-02  2.0796111111111112E-02
   4.2099999999999999E-02  2.0510277777777780E-02
   4.1543888888888894E-02  2.0338888888888892E-02
   4.0431944444444451E-02  2.0167222222222222E-02
   3.9375555555555559E-02  2.0053055555555557E-02
   3.8541666666666669E-02  2.0053055555555557E-02
   3.7318333333333335E-02  1.9938611111111112E-02
   3.6206388888888892E-02  1.9881388888888889E-02
   3.5428055555555553E-02  1.9824166666666667E-02
   3.4705277777777779E-02  1.9767222222222224E-02
   3.3815555555555557E-02  1.9538333333333335E-02
   3.3037222222222225E-02  1.9252499999999999E-02
   3.2091944444444444E-02  1.8909722222222224E-02
   3.1091111111111111E-02  1.8623888888888891E-02
   3.0312777777777779E-02  1.8395277777777778E-02
   2.9311944444444446E-02  1.8166388888888892E-02
   2.8311111111111110E-02  1.7995000000000001E-02
   2.7254722222222222E-02  1.7766388888888887E-02
   2.6476388888888890E-02  1.7537777777777777E-02
   2.5586666666666667E-02  1.7251944444444445E-02
   2.4808333333333335E-02  1.7023055555555555E-02
   2.3696388888888888E-02  1.6680277777777780E-02
   2.2528888888888890E-02  1.6222777777777777E-02
   2.1027499999999998E-02  1.5536944444444444E-02
   2.0082500000000000E-02  1.5079444444444444E-02
   1.8970277777777780E-02  1.4622222222222224E-02
   1.7969722222222220E-02  1.4222222222222223E-02
   1.6523888888888887E-02  1.3821944444444446E-02
   1.5467500000000002E-02  1.3650555555555555E-02
   1.3799722222222220E-02  1.3536111111111113E-02
   1.2909999999999998E-02  1.3478888888888887E-02
   1.1686666666666668E-02  1.3421666666666669E-02
   1.1019722222222222E-02  1.3364722222222226E-02
   1.0463611111111111E-02  1.3193055555555555E-02
   1.0018888888888890E-02  1.2793055555555558E-02
   9.6297222222222235E-03  1.2449999999999999E-02
   9.4072222222222231E-03  1.2278611111111112E-02
   8.8511111111111117E-03  1.2106944444444444E-02
   8.1838888888888899E-03  1.1821111111111109E-02
   7.4611111111111111E-03  1.1535277777777776E-02
   6.7383333333333340E-03  1.1249444444444444E-02
   6.0155555555555552E-03  1.1020833333333334E-02
   5.2372222222222221E-03  1.0849444444444446E-02
   4.5699999999999994E-03  1.0677777777777779E-02
   4.1252777777777781E-03  1.0735000000000001E-02
   3.5691666666666667E-03  1.0849444444444446E-02
   2.8463888888888888E-03  1.0963611111111111E-02
   2.1791666666666669E-03  1.1020833333333334E-02
   1.5119444444444444E-03  1.0906388888888889E-02
   7.3361111111111110E-04  1.0677777777777779E-02
  -3.2277777777777773E-04  1.0506388888888888E-02
  -1.3791666666666666E-03  1.0449166666666666E-02
  -2.5469444444444446E-03  1.0506388888888888E-02
  -3.3808333333333329E-03  1.0735000000000001E-02
  -4.3261111111111113E-03  1.0906388888888889E-02
  -4.8263888888888896E-03  1.1078055555555553E-02
  -5.6605555555555550E-03  1.1363888888888889E-02
  -6.2719444444444454E-03  1.1592499999999999E-02
  -6.7169444444444447E-03  1.1763888888888890E-02
  -7.5508333333333339E-03  1.1992777777777779E-02
  -8.2180555555555548E-03  1.2049722222222219E-02
  -9.0519444444444458E-03  1.2164166666666667E-02
  -9.8861111111111129E-03  1.2221388888888889E-02
  -1.0664444444444445E-02  1.2278611111111112E-02
  -1.1720833333333333E-02  1.2278611111111112E-02
  -1.2554722222222221E-02  1.2335555555555554E-02
  -1.4389722222222220E-02  1.2392777777777777E-02
  -1.5279166666666663E-02  1.2449999999999999E-02
  -1.6057499999999999E-02  1.2507222222222225E-02
  -1.6724722222222224E-02  1.2621388888888887E-02
  -1.7447499999999998E-02  1.2735833333333332E-02
  -1.8226111111111110E-02  1.2735833333333332E-02
  -1.8948888888888890E-02  1.2735833333333332E-02
  -1.9893888888888888E-02  1.2735833333333332E-02
  -2.1006111111111111E-02  1.2564166666666668E-02
  -2.2118055555555557E-02  1.2507222222222225E-02
  -2.3118888888888890E-02  1.2507222222222225E-02
  -2.4286388888888885E-02  1.2564166666666668E-02
  -2.5176111111111107E-02  1.2621388888888887E-02
  -2.6288055555555558E-02  1.2678611111111113E-02
  -2.7066388888888886E-02  1.2735833333333332E-02
  -2.8011666666666667E-02  1.2735833333333332E-02
  -2.9123611111111107E-02  1.2793055555555558E-02
  -2.9957500000000001E-02  1.2793055555555558E-02
  -3.0736111111111110E-02  1.2793055555555558E-02
  -3.1625555555555553E-02  1.2849999999999997E-02
  -3.2570833333333334E-02  1.2964444444444445E-02
  -3.4016388888888888E-02  1.3021666666666668E-02
  -3.5239722222222221E-02  1.3021666666666668E-02
  -3.6407222222222223E-02  1.3078888888888886E-02
  -3.7519166666666666E-02  1.3021666666666668E-02
  -3.8130833333333336E-02  1.2849999999999997E-02
  -3.8742499999999999E-02  1.2735833333333332E-02
  -3.9465277777777780E-02  1.2564166666666668E-02
  -4.0188055555555553E-02  1.2164166666666667E-02
  -4.0632777777777768E-02  1.1706944444444443E-02
  -4.1077500000000010E-02  1.0906388888888889E-02
  -4.1578055555555556E-02  1.0049166666666668E-02
  -4.1911666666666660E-02  9.2486111111111102E-03
  -4.2356388888888902E-02  8.2197222222222220E-03
  -4.2578888888888888E-02  7.7052777777777779E-03
  -4.2968055555555558E-02  6.9049999999999997E-03
  -4.3579722222222228E-02  5.9902777777777775E-03
  -4.4079999999999987E-02  5.3044444444444441E-03
  -4.4636111111111113E-02  4.5038888888888889E-03
  -4.5025277777777775E-02  3.9322222222222224E-03
  -4.5358888888888893E-02  3.5322222222222218E-03
  -4.5748055555555556E-02  3.3036111111111113E-03
  -4.6470833333333329E-02  3.1319444444444446E-03
  -4.7193611111111117E-02  2.8461111111111113E-03
  -4.8083333333333332E-02  2.5602777777777776E-03
  -4.9139722222222217E-02  2.1030555555555559E-03
  -4.9695555555555555E-02  1.8172222222222222E-03
  -5.0696388888888888E-02  1.4169444444444444E-03
  -5.1141111111111109E-02  1.1883333333333333E-03
  -5.2141944444444449E-02  6.7388888888888891E-04
  -5.2086388888888877E-02  3.8805555555555555E-04
  -5.1641666666666669E-02  1.5944444444444448E-04
  -5.1029999999999992E-02 -1.8361111111111117E-04
  -5.0529722222222219E-02 -4.1222222222222224E-04
  -5.0029166666666659E-02 -7.5527777777777767E-04
  -4.9584444444444445E-02 -9.2666666666666678E-04
  -4.8861666666666664E-02 -1.1552777777777781E-03
  -4.7971944444444442E-02 -1.3838888888888885E-03
  -4.7082499999999999E-02 -1.7841666666666665E-03
  -4.6526388888888888E-02 -2.0699999999999998E-03
  -4.5803611111111114E-02 -2.2986111111111111E-03
  -4.5247777777777783E-02 -2.4130555555555554E-03
  -4.4802777777777775E-02 -2.5272222222222224E-03
  -4.3968888888888877E-02 -3.0988888888888889E-03
  -4.3412777777777772E-02 -3.4991666666666669E-03
  -4.2467777777777778E-02 -3.7850000000000002E-03
  -4.1967222222222218E-02 -4.0136111111111102E-03
  -4.1244444444444445E-02 -4.5852777777777775E-03
  -4.0577222222222223E-02 -5.3283333333333334E-03
  -4.0076944444444443E-02 -5.9000000000000007E-03
  -3.9687777777777780E-02 -6.4144444444444440E-03
  -3.9298333333333331E-02 -7.0433333333333329E-03
  -3.9076111111111117E-02 -7.6150000000000011E-03
  -3.8853611111111110E-02 -8.3011111111111133E-03
  -3.8575555555555557E-02 -9.1013888888888880E-03
  -3.8353333333333330E-02 -9.3872222222222204E-03
  -3.7964166666666660E-02 -1.0301666666666664E-02
  -3.7797222222222225E-02 -1.1044999999999999E-02
  -3.7574722222222218E-02 -1.2016666666666669E-02
  -3.7352499999999997E-02 -1.2931388888888888E-02
  -3.7185555555555555E-02 -1.3617499999999998E-02
  -3.6963333333333334E-02 -1.4303333333333331E-02
  -3.6851944444444444E-02 -1.5218055555555554E-02
  -3.6518333333333333E-02 -1.6018333333333332E-02
  -3.5962499999999994E-02 -1.6704444444444445E-02
  -3.5406388888888890E-02 -1.7218888888888888E-02
  -3.4739166666666668E-02 -1.7447499999999998E-02
  -3.3404722222222218E-02 -1.7847499999999999E-02
  -3.2459722222222223E-02 -1.8133333333333331E-02
  -3.1903611111111112E-02 -1.8247777777777772E-02
  -3.1180833333333331E-02 -1.8533611111111112E-02
  -3.0458055555555558E-02 -1.8762222222222222E-02
  -3.0013333333333326E-02 -1.8819444444444441E-02
  -2.8901111111111110E-02 -1.9105277777777777E-02
  -2.7956111111111112E-02 -1.9333888888888887E-02
  -2.6844166666666659E-02 -1.9505277777777778E-02
  -2.5676388888888887E-02 -1.9562499999999997E-02
  -2.4898055555555555E-02 -1.9676944444444441E-02
  -2.3897222222222222E-02 -1.9905555555555555E-02
  -2.2840833333333331E-02 -2.0076944444444442E-02
  -2.1728888888888888E-02 -2.0191388888888887E-02
  -2.0227499999999999E-02 -2.0362777777777775E-02
  -1.8615277777777779E-02 -2.0420000000000004E-02
  -1.7948055555555554E-02 -2.0534444444444445E-02
  -1.6558055555555555E-02 -2.0648611111111111E-02
  -1.5390277777777777E-02 -2.0763055555555555E-02
  -1.3944722222222223E-02 -2.0877500000000004E-02
  -1.2499166666666665E-02 -2.0934444444444443E-02
  -1.1109166666666666E-02 -2.0934444444444443E-02
  -1.0108333333333334E-02 -2.0877500000000004E-02
  -9.2188888888888876E-03 -2.0877500000000004E-02
  -7.8288888888888887E-03 -2.0877500000000004E-02
  -6.9947222222222225E-03 -2.0820277777777774E-02
  -6.4944444444444442E-03 -2.0705833333333333E-02
  -6.6611111111111107E-03 -2.1106111111111110E-02
  -7.6619444444444443E-03 -2.1849166666666666E-02
  -7.8288888888888887E-03 -2.2077777777777779E-02
  -7.3838888888888886E-03 -2.2363611111111112E-02
  -6.0497222222222228E-03 -2.2420833333333331E-02
  -5.1044444444444444E-03 -2.2420833333333331E-02
  -3.6588888888888895E-03 -2.2535277777777772E-02
  -3.1027777777777781E-03 -2.2763888888888889E-02
  -2.0463888888888884E-03 -2.2935277777777777E-02
  -7.1194444444444430E-04 -2.2935277777777777E-02
   1.7750000000000003E-04 -2.2821111111111111E-02
   1.4008333333333334E-03 -2.2649444444444441E-02
   2.0680555555555556E-03 -2.2478055555555557E-02
   2.9019444444444448E-03 -2.2306388888888889E-02
   3.9027777777777776E-03 -2.2192222222222221E-02
   4.7366666666666668E-03 -2.2192222222222221E-02
   5.6263888888888891E-03 -2.2363611111111112E-02
   6.2936111111111109E-03 -2.2706666666666667E-02
