   5.3391111111111111E-02  2.1516666666666670E-02
   5.3002499999999994E-02  2.1346111111111111E-02
   5.2558333333333339E-02  2.1289166666666665E-02
   5.1947777777777780E-02  2.1175555555555555E-02
   5.1392500000000001E-02  2.1118611111111112E-02
   5.0837500000000008E-02  2.1061666666666666E-02
   5.0004722222222214E-02  2.1061666666666666E-02
   4.9449722222222235E-02  2.1175555555555555E-02
   4.8283888888888883E-02  2.1232500000000001E-02
   4.7728888888888890E-02  2.1118611111111112E-02
   4.7229166666666669E-02  2.0834444444444447E-02
   4.6840555555555545E-02  2.0663611111111112E-02
   4.6118888888888890E-02  2.0379444444444443E-02
   4.5508333333333338E-02  2.0265555555555554E-02
   4.4897777777777780E-02  2.0208611111111111E-02
   4.4287222222222221E-02  2.0151944444444445E-02
   4.3676666666666669E-02  2.0095000000000002E-02
   4.3288055555555559E-02  2.0151944444444445E-02
   4.2566388888888890E-02  2.0208611111111111E-02
   4.1844722222222221E-02  2.0208611111111111E-02
   4.1344999999999993E-02  2.0038055555555559E-02
   4.1011944444444448E-02  1.9867500000000000E-02
   4.0567777777777779E-02  1.9640000000000001E-02
   4.0068333333333338E-02  1.9469444444444445E-02
   3.9624166666666669E-02  1.9469444444444445E-02
   3.8902500000000000E-02  1.9298888888888890E-02
   3.8403055555555551E-02  1.9128333333333334E-02
   3.7736944444444448E-02  1.8900833333333332E-02
   3.7126111111111110E-02  1.8843888888888889E-02
   3.6682222222222220E-02  1.8843888888888889E-02
   3.6016111111111110E-02  1.8957500000000002E-02
   3.5571944444444448E-02  1.9014444444444445E-02
   3.4905833333333330E-02  1.9128333333333334E-02
   3.4073055555555558E-02  1.9241944444444447E-02
   3.3628888888888889E-02  1.9298888888888890E-02
   3.2962777777777778E-02  1.9298888888888890E-02
   3.2629722222222227E-02  1.9298888888888890E-02
   3.2352222222222220E-02  1.9128333333333334E-02
   3.1852777777777778E-02  1.9071388888888888E-02
   3.1408611111111109E-02  1.8843888888888889E-02
   3.1075555555555554E-02  1.8445833333333335E-02
   3.0742499999999996E-02  1.8218333333333333E-02
   3.0131944444444447E-02  1.8218333333333333E-02
   2.9576666666666664E-02  1.8104444444444444E-02
   2.9077222222222220E-02  1.8104444444444444E-02
   2.8466388888888888E-02  1.8104444444444444E-02
   2.8077777777777778E-02  1.8047777777777781E-02
   2.7855833333333333E-02  1.7706388888888890E-02
   2.7189722222222223E-02  1.7649722222222223E-02
   2.6579166666666668E-02  1.7592777777777777E-02
   2.6301666666666668E-02  1.7365277777777778E-02
   2.5746388888888895E-02  1.7024166666666667E-02
   2.5135833333333336E-02  1.6739722222222222E-02
   2.4802777777777778E-02  1.6398611111111110E-02
   2.4303055555555553E-02  1.6114166666666666E-02
   2.3859166666666667E-02  1.5886666666666667E-02
   2.3193055555555557E-02  1.5886666666666667E-02
   2.2693333333333333E-02  1.5943611111111110E-02
   2.1583055555555557E-02  1.6114166666666666E-02
   2.0250833333333339E-02  1.6171111111111112E-02
   1.8807500000000001E-02  1.6398611111111110E-02
   1.8196944444444446E-02  1.6739722222222222E-02
   1.7863888888888887E-02  1.6910277777777778E-02
   1.7197777777777777E-02  1.7194722222222222E-02
   1.6864722222222225E-02  1.7194722222222222E-02
   1.6476111111111112E-02  1.7137777777777780E-02
   1.5920833333333335E-02  1.6853333333333335E-02
   1.5532499999999998E-02  1.6455277777777780E-02
   1.4977222222222222E-02  1.6114166666666666E-02
   1.4311111111111111E-02  1.5773055555555558E-02
   1.3922500000000001E-02  1.5431666666666666E-02
   1.3866944444444446E-02  1.5033611111111112E-02
   1.4089166666666667E-02  1.4919999999999999E-02
   1.4699722222222225E-02  1.4521666666666665E-02
   1.4422222222222225E-02  1.4464999999999999E-02
   1.3756111111111111E-02  1.4692500000000001E-02
   1.2756944444444442E-02  1.5033611111111112E-02
   1.2257222222222221E-02  1.5261111111111111E-02
   1.1313611111111111E-02  1.5602222222222222E-02
   1.0536388888888890E-02  1.5829722222222221E-02
   1.0203333333333335E-02  1.5545555555555556E-02
   9.7036111111111108E-03  1.5374722222222224E-02
   9.2597222222222213E-03  1.5488611111111113E-02
   8.9266666666666661E-03  1.5659166666666668E-02
   8.5380555555555557E-03  1.5716111111111111E-02
   8.0383333333333331E-03  1.5829722222222221E-02
   7.7608333333333331E-03  1.5886666666666667E-02
   6.7616666666666667E-03  1.5943611111111110E-02
   5.9844444444444441E-03  1.5943611111111110E-02
   5.4849999999999994E-03  1.5773055555555558E-02
   4.8741666666666664E-03  1.5318055555555554E-02
   4.4302777777777778E-03  1.4806111111111110E-02
   3.9861111111111113E-03  1.4294444444444446E-02
   3.4308333333333335E-03  1.4123611111111111E-02
   2.6538888888888888E-03  1.3782500000000000E-02
   2.3208333333333336E-03  1.3384444444444445E-02
   1.8766666666666667E-03  1.3213888888888890E-02
   1.5436111111111111E-03  1.3100000000000001E-02
   1.1550000000000000E-03  1.2758888888888889E-02
   8.2194444444444448E-04  1.2474444444444444E-02
   4.3333333333333331E-04  1.2360833333333335E-02
  -1.2166666666666662E-04  1.1962777777777781E-02
  -4.5472222222222225E-04  1.1621388888888889E-02
  -8.4333333333333330E-04  1.1337222222222221E-02
  -1.2875000000000000E-03  1.1280277777777778E-02
  -1.8425000000000004E-03  1.1280277777777778E-02
  -2.3422222222222221E-03  1.1166388888888889E-02
  -2.8416666666666668E-03  1.0882222222222224E-02
  -3.2858333333333333E-03  1.0484166666666666E-02
  -3.5633333333333333E-03  1.0313333333333334E-02
  -4.1186111111111111E-03  1.0029166666666665E-02
  -4.3961111111111111E-03  9.4602777777777793E-03
  -4.7847222222222223E-03  8.9486111111111120E-03
  -5.1177777777777775E-03  8.4936111111111115E-03
  -5.4508333333333327E-03  7.9819444444444443E-03
  -5.8394444444444440E-03  7.4130555555555555E-03
  -6.3388888888888887E-03  6.9580555555555550E-03
  -7.2272222222222226E-03  6.2758333333333329E-03
  -7.6713888888888882E-03  5.8774999999999999E-03
  -7.3936111111111103E-03  5.5363888888888893E-03
  -6.6719444444444439E-03  5.0813888888888879E-03
  -6.2836111111111113E-03  4.7402777777777773E-03
  -6.0058333333333326E-03  3.8302777777777775E-03
  -6.1725000000000000E-03  3.0911111111111113E-03
  -6.3388888888888887E-03  2.2947222222222223E-03
  -6.3388888888888887E-03  1.7261111111111110E-03
  -6.5055555555555552E-03  1.1005555555555556E-03
  -6.6719444444444439E-03  3.6138888888888896E-04
  -6.4500000000000000E-03 -4.3499999999999984E-04
  -6.2836111111111113E-03 -1.0036111111111109E-03
  -6.4500000000000000E-03 -1.7997222222222225E-03
  -6.6719444444444439E-03 -2.4252777777777779E-03
  -6.6719444444444439E-03 -3.1647222222222224E-03
  -7.0049999999999999E-03 -4.1883333333333330E-03
  -7.2827777777777778E-03 -5.0413888888888895E-03
  -7.2827777777777778E-03 -6.2355555555555549E-03
  -7.0605555555555552E-03 -7.2591666666666664E-03
  -6.5611111111111122E-03 -8.2827777777777778E-03
  -6.1169444444444439E-03 -9.3063888888888883E-03
  -5.7838888888888888E-03 -1.0045833333333334E-02
  -5.4508333333333327E-03 -1.0841944444444446E-02
  -5.2841666666666662E-03 -1.1581388888888888E-02
  -4.9511111111111127E-03 -1.2434444444444446E-02
  -4.5072222222222224E-03 -1.2946111111111110E-02
  -4.3405555555555550E-03 -1.3628611111111112E-02
  -3.9519444444444446E-03 -1.4140555555555556E-02
  -3.8963888888888893E-03 -1.4424722222222221E-02
  -3.5080555555555551E-03 -1.5391666666666665E-02
  -3.3413888888888894E-03 -1.5562222222222220E-02
  -2.3977777777777778E-03 -1.6130833333333330E-02
  -1.8425000000000004E-03 -1.6358333333333332E-02
  -1.1208333333333335E-03 -1.6642777777777777E-02
  -9.5444444444444439E-04 -1.7495833333333335E-02
  -6.2138888888888877E-04 -1.8405555555555553E-02
   4.4722222222222255E-05 -1.9088055555555553E-02
   7.6638888888888894E-04 -1.9201944444444442E-02
   1.3769444444444445E-03 -1.9486111111111110E-02
   1.9322222222222223E-03 -2.0111666666666667E-02
   2.3208333333333336E-03 -2.0509722222222221E-02
   3.0425000000000001E-03 -2.0907777777777779E-02
   4.3191666666666665E-03 -2.1192222222222220E-02
   5.5402777777777785E-03 -2.1249166666666666E-02
   6.8172222222222219E-03 -2.1362777777777776E-02
   7.9827777777777779E-03 -2.1419722222222225E-02
   8.7044444444444452E-03 -2.1476666666666665E-02
   9.4261111111111108E-03 -2.2443333333333329E-02
   9.5927777777777765E-03 -2.2784722222222224E-02
   1.0036666666666666E-02 -2.3410277777777780E-02
   1.0591944444444442E-02 -2.3865000000000004E-02
   1.1202500000000001E-02 -2.4376944444444444E-02
   1.1868611111111114E-02 -2.4774999999999995E-02
   1.2756944444444442E-02 -2.5286944444444445E-02
   1.3866944444444446E-02 -2.5400555555555555E-02
   1.5254722222222222E-02 -2.5173055555555556E-02
   1.5920833333333335E-02 -2.4945555555555554E-02
   1.6975555555555556E-02 -2.4490555555555557E-02
   1.7808333333333332E-02 -2.4263055555555555E-02
   1.8418888888888887E-02 -2.4035833333333333E-02
   1.8918611111111112E-02 -2.3865000000000004E-02
   1.9473611111111112E-02 -2.3978888888888893E-02
   2.0583888888888891E-02 -2.4433888888888887E-02
   2.1638611111111112E-02 -2.4831944444444445E-02
   2.2360277777777781E-02 -2.5230000000000002E-02
   2.2970833333333336E-02 -2.5628055555555553E-02
   2.3526111111111116E-02 -2.6083055555555554E-02
   2.4136666666666667E-02 -2.6424166666666665E-02
   2.4691666666666667E-02 -2.6765555555555553E-02
   2.5413333333333333E-02 -2.7220277777777774E-02
   2.5468888888888888E-02 -2.7789166666666670E-02
   2.5524444444444447E-02 -2.8244166666666667E-02
   2.6356944444444447E-02 -2.9097222222222219E-02
   2.6856666666666668E-02 -2.9097222222222219E-02
   2.7578333333333330E-02 -2.9040277777777776E-02
   2.8521944444444444E-02 -2.8812777777777781E-02
   2.9132500000000002E-02 -2.8585277777777772E-02
