   4.9742499999999995E-02  2.0597500000000001E-02
   4.9353611111111112E-02  2.0711944444444446E-02
   4.8853888888888891E-02  2.0883611111111110E-02
   4.8353888888888891E-02  2.0940833333333339E-02
   4.7854166666666670E-02  2.0940833333333339E-02
   4.7243055555555552E-02  2.1055000000000001E-02
   4.5576944444444448E-02  2.0711944444444446E-02
   4.4854722222222226E-02  2.0425833333333334E-02
   4.4299444444444454E-02  2.0196944444444444E-02
   4.3633055555555550E-02  1.9968055555555555E-02
   4.2855277777777784E-02  1.9739444444444445E-02
   4.1744444444444445E-02  1.9510555555555555E-02
   4.0744722222222224E-02  1.9338888888888892E-02
   3.9967222222222223E-02  1.9167222222222224E-02
   3.9467500000000003E-02  1.9167222222222224E-02
   3.8856388888888892E-02  1.9281666666666666E-02
   3.8134444444444443E-02  1.9167222222222224E-02
   3.7190277777777780E-02  1.9167222222222224E-02
   3.6412777777777773E-02  1.9338888888888892E-02
   3.5635000000000000E-02  1.9167222222222224E-02
   3.5135277777777779E-02  1.8881111111111112E-02
   3.4635277777777779E-02  1.8766944444444447E-02
   3.3746666666666668E-02  1.8538055555555558E-02
   3.3468888888888888E-02  1.8023055555555556E-02
   3.3080277777777778E-02  1.7794166666666666E-02
   3.2358055555555557E-02  1.7565555555555556E-02
   3.1802777777777777E-02  1.7680000000000001E-02
   3.0969722222222225E-02  1.7965833333333334E-02
   3.0358611111111114E-02  1.8194722222222223E-02
   2.9581111111111117E-02  1.8251944444444446E-02
   2.9025833333333338E-02  1.8080277777777778E-02
   2.8470277777777778E-02  1.7965833333333334E-02
   2.7581666666666668E-02  1.7908611111111111E-02
   2.6748611111111108E-02  1.7851388888888889E-02
   2.6137500000000001E-02  1.8023055555555556E-02
   2.5471111111111111E-02  1.8423611111111113E-02
   2.4971111111111114E-02  1.8652500000000002E-02
   2.4304722222222224E-02  1.8824166666666666E-02
   2.3582777777777779E-02  1.8881111111111112E-02
   2.3027222222222220E-02  1.8709722222222221E-02
   2.2860555555555561E-02  1.8251944444444446E-02
   2.2971666666666671E-02  1.7622777777777779E-02
   2.3249444444444448E-02  1.6936111111111110E-02
   2.3582777777777779E-02  1.6421388888888892E-02
   2.3971388888888886E-02  1.5963611111111112E-02
   2.3971388888888886E-02  1.5677500000000000E-02
   2.3138333333333330E-02  1.5506111111111113E-02
   2.2583055555555554E-02  1.5448888888888890E-02
   2.1860833333333333E-02  1.5620277777777778E-02
   2.1361111111111112E-02  1.5849166666666668E-02
   2.0694722222222225E-02  1.6020833333333331E-02
   2.0139166666666663E-02  1.6364166666666669E-02
   1.9639444444444445E-02  1.6707222222222221E-02
   1.8917222222222224E-02  1.7107777777777777E-02
   1.8361944444444445E-02  1.7336666666666667E-02
   1.7584444444444444E-02  1.7622777777777779E-02
   1.6862222222222223E-02  1.7794166666666666E-02
   1.6251388888888892E-02  1.7908611111111111E-02
   1.5529444444444443E-02  1.8080277777777778E-02
   1.4696111111111108E-02  1.7737222222222224E-02
   1.4363055555555556E-02  1.7565555555555556E-02
   1.3751944444444442E-02  1.7222222222222222E-02
   1.2974444444444445E-02  1.6821666666666665E-02
   1.2363611111111110E-02  1.6593055555555555E-02
   1.1585833333333333E-02  1.6364166666666669E-02
   1.0752777777777778E-02  1.6020833333333331E-02
   9.8641666666666669E-03  1.5677500000000000E-02
   1.0141944444444446E-02  1.5277222222222220E-02
   1.0808333333333333E-02  1.4991111111111111E-02
   1.1419444444444447E-02  1.4876666666666667E-02
   1.0586111111111112E-02  1.4704999999999999E-02
   9.5863888888888873E-03  1.4476111111111110E-02
   8.9200000000000008E-03  1.4190277777777781E-02
   8.5311111111111108E-03  1.3675277777777779E-02
   8.4200000000000004E-03  1.3160555555555557E-02
   8.1980555555555557E-03  1.2645555555555556E-02
   7.5313888888888887E-03  1.2988888888888890E-02
   7.1983333333333335E-03  1.3275000000000002E-02
   6.8094444444444444E-03  1.3332222222222224E-02
   6.2538888888888887E-03  1.3446388888888890E-02
   5.7541666666666670E-03  1.3732500000000002E-02
   5.3097222222222226E-03  1.3846944444444446E-02
   4.5877777777777774E-03  1.3789722222222224E-02
   3.7547222222222222E-03  1.3560833333333334E-02
   3.2547222222222222E-03  1.3503611111111112E-02
   2.8661111111111109E-03  1.3332222222222224E-02
   2.3661111111111114E-03  1.2931666666666668E-02
   2.0330555555555553E-03  1.2245277777777779E-02
   1.6441666666666666E-03  1.1215277777777779E-02
   1.3108333333333333E-03  1.0300000000000000E-02
   1.1441666666666666E-03  9.9569444444444453E-03
   6.4444444444444445E-04  1.0071111111111111E-02
   1.4444444444444444E-04  1.0242777777777778E-02
  -3.5527777777777771E-04  1.0300000000000000E-02
  -9.1083333333333337E-04  1.0242777777777778E-02
  -1.5216666666666668E-03  1.0128333333333333E-02
  -2.2436111111111112E-03  9.7280555555555558E-03
  -2.7991666666666668E-03  9.0986111111111094E-03
  -3.4100000000000007E-03  8.2977777777777789E-03
  -3.5211111111111111E-03  7.6686111111111122E-03
  -3.4100000000000007E-03  6.6961111111111110E-03
  -3.5211111111111111E-03  5.9522222222222225E-03
  -3.7988888888888890E-03  5.2658333333333333E-03
  -3.9655555555555555E-03  4.2933333333333330E-03
  -3.9655555555555555E-03  3.0347222222222225E-03
  -3.9655555555555555E-03  2.4052777777777779E-03
  -4.1322222222222212E-03  2.0622222222222222E-03
  -4.2986111111111116E-03  1.3755555555555556E-03
  -4.1877777777777781E-03  2.8861111111111112E-04
  -4.2430555555555555E-03 -8.5555555555555558E-04
  -4.2986111111111116E-03 -1.3130555555555556E-03
  -4.4097222222222220E-03 -2.4572222222222222E-03
  -4.6319444444444446E-03 -3.3724999999999996E-03
  -4.9097222222222224E-03 -4.5738888888888886E-03
  -5.2427777777777776E-03 -5.8897222222222224E-03
  -5.2427777777777776E-03 -6.8622222222222218E-03
  -4.7986111111111103E-03 -8.2352777777777789E-03
  -4.3541666666666668E-03 -9.2649999999999989E-03
  -3.9100000000000003E-03 -1.0123055555555555E-02
  -3.6322222222222216E-03 -1.0695277777777776E-02
  -3.5211111111111111E-03 -1.1210000000000001E-02
  -3.0213888888888894E-03 -1.1496111111111110E-02
  -2.1880555555555555E-03 -1.1839444444444444E-02
  -1.9105555555555560E-03 -1.2296944444444444E-02
  -1.3549999999999999E-03 -1.2754722222222223E-02
  -7.9972222222222250E-04 -1.3212222222222222E-02
  -5.2194444444444445E-04 -1.3498333333333334E-02
  -1.8861111111111118E-04 -1.4127500000000001E-02
  -2.9972222222222206E-04 -1.4356388888888891E-02
  -6.3305555555555554E-04 -1.4814166666666666E-02
  -7.9972222222222250E-04 -1.5271666666666666E-02
  -5.7749999999999989E-04 -1.6187222222222221E-02
   3.1111111111111118E-04 -1.6701944444444443E-02
   8.6666666666666674E-04 -1.6930833333333329E-02
   1.0886111111111112E-03 -1.7903333333333334E-02
   1.4775000000000001E-03 -1.8246666666666668E-02
   2.3105555555555553E-03 -1.8589722222222226E-02
   2.9216666666666670E-03 -1.9047499999999998E-02
   3.6991666666666670E-03 -1.9562499999999997E-02
   4.1988888888888892E-03 -1.9905555555555555E-02
   4.8655555555555553E-03 -2.0134444444444441E-02
   5.3097222222222226E-03 -2.0306111111111108E-02
   6.0319444444444448E-03 -2.0649444444444439E-02
   6.0319444444444448E-03 -2.0935277777777775E-02
   6.0319444444444448E-03 -2.1507499999999999E-02
   6.0319444444444448E-03 -2.1736388888888888E-02
   6.4205555555555561E-03 -2.2193888888888888E-02
   7.2538888888888887E-03 -2.2479999999999997E-02
   8.0869444444444452E-03 -2.2708888888888886E-02
   9.0866666666666665E-03 -2.2823333333333334E-02
   1.0253055555555553E-02 -2.2994722222222222E-02
   1.0863888888888888E-02 -2.3051944444444444E-02
   1.1919166666666668E-02 -2.3051944444444444E-02
   1.2419166666666669E-02 -2.3109166666666670E-02
   1.3030000000000000E-02 -2.3166388888888889E-02
   1.3863055555555552E-02 -2.3795833333333336E-02
   1.4251944444444446E-02 -2.4196111111111106E-02
   1.4696111111111108E-02 -2.4539444444444444E-02
   1.4640555555555556E-02 -2.4940000000000004E-02
   1.5251666666666667E-02 -2.5340277777777778E-02
   1.5695833333333332E-02 -2.5511944444444445E-02
   1.6862222222222223E-02 -2.5683611111111108E-02
   1.7695277777777779E-02 -2.5740833333333334E-02
   1.8861666666666669E-02 -2.5798055555555553E-02
   2.0416944444444446E-02 -2.5855277777777776E-02
   2.1194444444444446E-02 -2.5855277777777776E-02
   2.2194166666666668E-02 -2.5798055555555553E-02
   2.2860555555555561E-02 -2.5798055555555553E-02
   2.3416111111111113E-02 -2.6026944444444443E-02
   2.4249166666666669E-02 -2.6427222222222223E-02
   2.5082222222222218E-02 -2.6598888888888887E-02
   2.5637777777777777E-02 -2.6770555555555554E-02
   2.6137500000000001E-02 -2.7056666666666666E-02
   2.6193055555555556E-02 -2.7342499999999999E-02
   2.6359722222222225E-02 -2.8029166666666671E-02
   2.6748611111111108E-02 -2.8372222222222222E-02
   2.7303888888888891E-02 -2.8601111111111108E-02
   2.7581666666666668E-02 -2.8772777777777776E-02
   2.8026111111111113E-02 -2.9344999999999996E-02
   2.8470277777777778E-02 -2.9630833333333335E-02
   2.9081388888888893E-02 -2.9802499999999996E-02
   2.9636666666666672E-02 -2.9745277777777780E-02
   3.0247500000000000E-02 -2.9688055555555554E-02
   3.1080833333333335E-02 -2.9630833333333335E-02
   3.1802777777777777E-02 -2.9630833333333335E-02
   3.2191666666666667E-02 -2.9802499999999996E-02
   3.2858055555555557E-02 -3.0088611111111111E-02
   3.3135833333333337E-02 -3.0088611111111111E-02
   3.3468888888888888E-02 -3.0145833333333334E-02
   3.4024444444444440E-02 -3.0260277777777775E-02
   3.4635277777777779E-02 -3.0603333333333337E-02
   3.4968611111111110E-02 -3.1118333333333331E-02
   3.5190833333333331E-02 -3.1747500000000005E-02
   3.5635000000000000E-02 -3.2148055555555555E-02
   3.6523611111111111E-02 -3.2205277777777777E-02
   3.7301388888888891E-02 -3.2205277777777777E-02
   3.7690000000000001E-02 -3.2434166666666667E-02
   3.8467500000000002E-02 -3.3063333333333333E-02
   3.9411944444444444E-02 -3.3692777777777773E-02
   4.0300555555555555E-02 -3.3578333333333335E-02
   4.0966944444444445E-02 -3.3349444444444445E-02
   4.1855555555555563E-02 -3.3120555555555556E-02
