   9.6189999999999998E-02  2.7520555555555562E-02
   9.5468333333333322E-02  2.7635277777777779E-02
   9.4635833333333322E-02  2.7750000000000000E-02
   9.3858611111111101E-02  2.7865000000000001E-02
   9.2415277777777777E-02  2.7635277777777779E-02
   9.1915833333333349E-02  2.7405833333333334E-02
   9.1083055555555556E-02  2.7291111111111113E-02
   8.9806388888888866E-02  2.6774722222222224E-02
   8.8806944444444438E-02  2.6602500000000001E-02
   8.7585833333333321E-02  2.6430555555555554E-02
   8.6586666666666659E-02  2.6373055555555552E-02
   8.5698333333333335E-02  2.6200833333333329E-02
   8.4754722222222217E-02  2.6028888888888893E-02
   8.2700833333333348E-02  2.5799166666666665E-02
   8.1701666666666672E-02  2.5856666666666667E-02
   8.0535833333333334E-02  2.5856666666666667E-02
   7.9370277777777776E-02  2.5627222222222225E-02
   7.8315555555555555E-02  2.5455000000000002E-02
   7.7649444444444451E-02  2.5282777777777779E-02
   7.6594722222222231E-02  2.5225555555555553E-02
   7.5817500000000010E-02  2.5168055555555555E-02
   7.4651666666666672E-02  2.5168055555555555E-02
   7.3652499999999996E-02  2.5053333333333330E-02
   7.2708888888888892E-02  2.4823888888888888E-02
   7.1931666666666672E-02  2.4594444444444447E-02
   7.0821388888888892E-02  2.4307499999999996E-02
   6.9544722222222230E-02  2.4192777777777778E-02
   6.8378888888888892E-02  2.3963055555555557E-02
   6.7213333333333333E-02  2.3905833333333334E-02
   6.6269444444444436E-02  2.3848333333333332E-02
   6.5159444444444450E-02  2.3733611111111112E-02
   6.3938055555555554E-02  2.3618888888888891E-02
   6.3049999999999995E-02  2.3561388888888889E-02
   6.2217222222222222E-02  2.3446666666666668E-02
   6.0940555555555546E-02  2.3331944444444447E-02
   5.9719166666666677E-02  2.3217222222222222E-02
   5.8775555555555553E-02  2.3045000000000000E-02
   5.7387777777777788E-02  2.2873055555555556E-02
   5.6554999999999994E-02  2.2643333333333335E-02
   5.5444999999999994E-02  2.2528611111111110E-02
   5.4612222222222229E-02  2.2413888888888889E-02
   5.2780277777777787E-02  2.2184444444444441E-02
   5.1670000000000001E-02  2.2069722222222223E-02
   5.0559999999999994E-02  2.1782777777777776E-02
   4.9283055555555545E-02  2.1610555555555556E-02
   4.7673333333333338E-02  2.1553333333333334E-02
   4.6396666666666669E-02  2.1610555555555556E-02
   4.4953333333333331E-02  2.1840277777777778E-02
   4.3787500000000007E-02  2.2012222222222225E-02
   4.2455277777777772E-02  2.2184444444444441E-02
   4.1011944444444448E-02  2.2299166666666665E-02
   4.0012777777777779E-02  2.2356666666666664E-02
   3.8625000000000000E-02  2.2528611111111110E-02
   3.7570277777777779E-02  2.2643333333333335E-02
   3.7015277777777772E-02  2.2643333333333335E-02
   3.6848611111111117E-02  2.2012222222222225E-02
   3.6571111111111110E-02  2.1208888888888885E-02
   3.6848611111111117E-02  2.0577777777777778E-02
   3.7292777777777779E-02  1.9889166666666666E-02
   3.7403888888888889E-02  1.9545000000000000E-02
   3.6293611111111110E-02  1.9200833333333334E-02
   3.5405277777777779E-02  1.8913888888888890E-02
   3.4128611111111117E-02  1.8626944444444446E-02
   3.2518888888888889E-02  1.8225277777777781E-02
   3.1241944444444444E-02  1.7938333333333334E-02
   3.0187222222222223E-02  1.7708888888888892E-02
   2.9465555555555554E-02  1.7594166666666668E-02
   2.8466388888888888E-02  1.7479444444444447E-02
   2.6967777777777778E-02  1.7250000000000001E-02
   2.5468888888888888E-02  1.7020277777777777E-02
   2.4525277777777781E-02  1.6733611111111112E-02
   2.3636944444444447E-02  1.6503888888888887E-02
   2.2748888888888888E-02  1.6331944444444448E-02
   2.1361111111111112E-02  1.5585833333333333E-02
   2.0028888888888888E-02  1.4954722222222223E-02
   1.9196111111111112E-02  1.4954722222222223E-02
   1.7752777777777777E-02  1.5758055555555556E-02
   1.6975555555555556E-02  1.6102222222222223E-02
   1.6309444444444442E-02  1.6389166666666666E-02
   1.5587777777777777E-02  1.6790833333333335E-02
   1.3978055555555556E-02  1.7708888888888892E-02
   1.3922500000000001E-02  1.7708888888888892E-02
   1.3090000000000001E-02  1.7938333333333334E-02
   1.2312777777777777E-02  1.8168055555555552E-02
   1.1202500000000001E-02  1.8741666666666670E-02
   1.0036666666666666E-02  1.9372777777777780E-02
   9.2041666666666661E-03  2.0004166666666670E-02
   8.2605555555555557E-03  2.0520555555555556E-02
   7.5388888888888892E-03  2.0864722222222225E-02
   6.5394444444444441E-03  2.1208888888888885E-02
   5.5402777777777785E-03  2.1438611111111113E-02
   4.7633333333333330E-03  2.1840277777777778E-02
   4.0416666666666665E-03  2.2184444444444441E-02
   3.3755555555555557E-03  2.2586111111111112E-02
   2.5983333333333331E-03  2.3045000000000000E-02
   1.7655555555555556E-03  2.3446666666666668E-02
   1.1550000000000000E-03  2.3791111111111110E-02
   2.6694444444444443E-04  2.4250000000000004E-02
  -5.1027777777777812E-04  2.4479444444444446E-02
  -1.6761111111111113E-03  2.4709166666666667E-02
  -2.5086111111111112E-03  2.4996111111111111E-02
  -3.2858333333333333E-03  2.5340277777777778E-02
  -4.1186111111111111E-03  2.5856666666666667E-02
  -4.5072222222222224E-03  2.6086111111111112E-02
  -5.2288888888888888E-03  2.6373055555555552E-02
  -6.0058333333333326E-03  2.6545277777777779E-02
  -7.0605555555555552E-03  2.6545277777777779E-02
  -8.0597222222222216E-03  2.6315555555555554E-02
  -8.6150000000000011E-03  2.6373055555555552E-02
  -9.5586111111111115E-03  2.6602500000000001E-02
  -1.0169166666666667E-02  2.6774722222222224E-02
  -1.0890833333333332E-02  2.7118888888888894E-02
  -1.1668055555555557E-02  2.7348611111111115E-02
  -1.2223055555555556E-02  2.7004166666666669E-02
  -1.2611666666666667E-02  2.6430555555555554E-02
  -1.2944722222222222E-02  2.5741944444444446E-02
  -1.3055833333333332E-02  2.5110833333333336E-02
  -1.2889444444444446E-02  2.4823888888888888E-02
  -1.2445277777777777E-02  2.4536944444444445E-02
  -1.1945555555555556E-02  2.4135277777777780E-02
  -1.1668055555555557E-02  2.3733611111111112E-02
  -1.0946388888888887E-02  2.3102500000000005E-02
  -9.7805555555555562E-03  2.2184444444444441E-02
  -8.5594444444444459E-03  2.1668055555555555E-02
  -7.4491666666666673E-03  2.1266388888888890E-02
  -6.3388888888888887E-03  2.0979444444444450E-02
  -4.8958333333333328E-03  2.0692499999999999E-02
  -1.8980555555555556E-03  1.7766388888888887E-02
  -2.5641666666666669E-03  1.7881111111111112E-02
  -3.1749999999999999E-03  1.8168055555555552E-02
  -3.9519444444444446E-03  1.8454722222222223E-02
  -4.8402777777777775E-03  1.8799166666666665E-02
  -5.4508333333333327E-03  1.9028611111111111E-02
  -6.5611111111111122E-03  1.9258055555555556E-02
  -7.2827777777777778E-03  1.9315555555555555E-02
  -8.1708333333333320E-03  1.9487777777777781E-02
  -8.9480555555555563E-03  1.9659722222222221E-02
  -1.0058333333333332E-02  1.9889166666666666E-02
  -1.0835277777777777E-02  2.0061388888888889E-02
  -1.1612500000000001E-02  2.0176111111111110E-02
  -1.2389722222222222E-02  2.0348333333333336E-02
  -1.3277777777777777E-02  2.0520555555555556E-02
  -1.4221666666666667E-02  2.0577777777777778E-02
  -1.5276388888888888E-02  2.0635277777777780E-02
  -1.6441944444444443E-02  2.0520555555555556E-02
  -1.7496666666666667E-02  2.0463055555555557E-02
  -1.8384999999999999E-02  2.0463055555555557E-02
  -1.9051111111111112E-02  2.0520555555555556E-02
  -1.9772777777777778E-02  2.0692499999999999E-02
  -2.0716388888888888E-02  2.0807222222222227E-02
  -2.1438055555555554E-02  2.0750000000000001E-02
  -2.2326111111111113E-02  2.0750000000000001E-02
  -2.3269999999999999E-02  2.0864722222222225E-02
  -2.3936111111111113E-02  2.0922222222222221E-02
  -2.4657777777777775E-02  2.1036944444444441E-02
  -2.5379444444444441E-02  2.1036944444444441E-02
  -2.6101111111111110E-02  2.0692499999999999E-02
  -2.6933611111111103E-02  2.0405833333333331E-02
  -2.7544166666666661E-02  1.9774444444444445E-02
  -2.7821944444444444E-02  1.8569722222222224E-02
  -2.8043888888888886E-02  1.7421944444444445E-02
  -2.8210277777777779E-02  1.6102222222222223E-02
  -2.8488055555555555E-02  1.5413888888888887E-02
  -2.9154166666666662E-02  1.4667777777777776E-02
  -2.9764722222222220E-02  1.4266111111111111E-02
  -3.0319722222222220E-02  1.3749722222222226E-02
  -3.0652777777777779E-02  1.3061388888888890E-02
  -3.1041388888888882E-02  1.2143333333333332E-02
  -3.1152500000000000E-02  1.0593888888888889E-02
  -3.0930555555555551E-02  9.3891666666666672E-03
  -3.0652777777777779E-02  8.5283333333333322E-03
  -2.9820277777777779E-02  7.4380555555555554E-03
  -2.9209722222222220E-02  6.9216666666666671E-03
  -2.7988333333333330E-02  6.0611111111111109E-03
  -2.6544999999999999E-02  5.3724999999999997E-03
  -2.5379444444444441E-02  4.6266666666666669E-03
  -2.4046944444444444E-02  3.7658333333333337E-03
  -2.4324722222222220E-02  3.4791666666666664E-03
  -2.5434722222222220E-02  2.9052777777777775E-03
  -2.6434166666666665E-02  2.2741666666666665E-03
  -2.7377777777777782E-02  1.9300000000000001E-03
  -2.8043888888888886E-02  1.6430555555555556E-03
  -2.8876388888888892E-02  1.1266666666666667E-03
  -2.9598055555555551E-02  4.3805555555555557E-04
  -3.0042222222222224E-02 -7.8333333333333250E-05
  -3.0819444444444441E-02 -9.3916666666666649E-04
  -3.1096944444444441E-02 -1.7422222222222223E-03
  -3.1152500000000000E-02 -2.6602777777777779E-03
  -3.1318888888888889E-02 -3.5211111111111111E-03
  -3.0819444444444441E-02 -4.0375000000000003E-03
  -2.9820277777777779E-02 -4.4963888888888883E-03
  -2.8709999999999999E-02 -4.7261111111111106E-03
  -2.7433333333333337E-02 -5.0702777777777777E-03
  -2.7599722222222220E-02 -5.5866666666666669E-03
  -2.8210277777777779E-02 -5.9883333333333342E-03
  -2.8821111111111110E-02 -6.5622222222222219E-03
  -2.9154166666666662E-02 -6.8491666666666657E-03
  -2.9376111111111110E-02 -7.4802777777777775E-03
  -2.9376111111111110E-02 -8.0538888888888882E-03
  -2.9542777777777775E-02 -8.8572222222222247E-03
  -2.9820277777777779E-02 -9.6605555555555542E-03
  -3.0097777777777779E-02 -1.1037777777777778E-02
  -3.0264166666666668E-02 -1.2185277777777778E-02
  -3.0430833333333331E-02 -1.3218055555555559E-02
  -3.0486388888888889E-02 -1.4480277777777776E-02
  -3.0597500000000000E-02 -1.5628055555555555E-02
  -3.0486388888888889E-02 -1.6431111111111108E-02
  -3.0819444444444441E-02 -1.7062499999999998E-02
  -3.1152500000000000E-02 -1.7521388888888888E-02
  -3.1208055555555551E-02 -1.8324722222222221E-02
  -3.0985833333333331E-02 -1.8554166666666663E-02
  -3.0319722222222220E-02 -1.8955833333333331E-02
  -2.8654444444444444E-02 -1.9300277777777777E-02
  -2.8210277777777779E-02 -1.9644444444444444E-02
  -2.7821944444444444E-02 -1.9816666666666663E-02
  -2.6878055555555547E-02 -2.0160833333333336E-02
  -2.6434166666666665E-02 -2.0619722222222220E-02
  -2.5878888888888885E-02 -2.0791944444444446E-02
  -2.4657777777777775E-02 -2.1078888888888887E-02
  -2.3603055555555551E-02 -2.1136388888888885E-02
  -2.3158888888888889E-02 -2.1251111111111110E-02
  -2.2326111111111113E-02 -2.1652777777777778E-02
  -2.1271388888888888E-02 -2.1939444444444442E-02
  -2.0383333333333330E-02 -2.2341111111111110E-02
  -1.9661666666666668E-02 -2.2513333333333333E-02
  -1.9161944444444443E-02 -2.2628055555555554E-02
  -1.8551388888888888E-02 -2.2628055555555554E-02
  -1.7940833333333336E-02 -2.2455833333333331E-02
  -1.7219166666666664E-02 -2.2169166666666667E-02
  -1.6386388888888888E-02 -2.1652777777777778E-02
  -1.5220833333333333E-02 -2.1251111111111110E-02
  -1.3999444444444446E-02 -2.0964166666666669E-02
  -1.2833888888888888E-02 -2.0791944444444446E-02
  -1.1168611111111112E-02 -2.0504999999999999E-02
  -1.1223888888888887E-02 -2.0791944444444446E-02
  -1.1723611111111112E-02 -2.1193611111111108E-02
  -1.1834722222222222E-02 -2.1480555555555555E-02
  -1.1779166666666667E-02 -2.1882222222222220E-02
  -1.2112222222222222E-02 -2.2226388888888886E-02
  -1.3055833333333332E-02 -2.2570833333333332E-02
  -1.4055000000000002E-02 -2.3029722222222219E-02
  -1.4776666666666667E-02 -2.3603611111111110E-02
  -1.4332499999999998E-02 -2.3833055555555552E-02
  -1.3222500000000002E-02 -2.3890277777777778E-02
  -1.1945555555555556E-02 -2.3660833333333332E-02
  -1.1113055555555557E-02 -2.3431388888888890E-02
  -1.0169166666666667E-02 -2.3087222222222217E-02
  -9.1699999999999976E-03 -2.2742777777777778E-02
  -8.1708333333333320E-03 -2.2513333333333333E-02
  -7.2827777777777778E-03 -2.2283888888888891E-02
  -6.3388888888888887E-03 -2.2054444444444446E-02
  -5.2841666666666662E-03 -2.1767499999999999E-02
  -4.6180555555555549E-03 -2.1537777777777777E-02
  -3.6744444444444455E-03 -2.1308333333333332E-02
  -3.0083333333333333E-03 -2.1365833333333334E-02
  -2.3422222222222221E-03 -2.1423055555555556E-02
  -1.6205555555555552E-03 -2.1308333333333332E-02
  -4.5472222222222225E-04 -2.1021388888888888E-02
   8.2194444444444448E-04 -2.0562499999999997E-02
   1.5436111111111111E-03 -2.0447777777777777E-02
   2.3208333333333336E-03 -2.0447777777777777E-02
   3.4308333333333335E-03 -2.0677222222222222E-02
   4.1524999999999999E-03 -2.0677222222222222E-02
   5.4849999999999994E-03 -2.0447777777777777E-02
   6.3174999999999993E-03 -2.0275555555555557E-02
   7.3722222222222219E-03 -1.9988611111111113E-02
   8.0938888888888900E-03 -1.9988611111111113E-02
   9.0930555555555556E-03 -2.0390277777777778E-02
   9.8702777777777764E-03 -2.0390277777777778E-02
   1.0925000000000001E-02 -2.0275555555555557E-02
   1.2146111111111111E-02 -2.0218333333333328E-02
   1.3090000000000001E-02 -2.0333055555555552E-02
   1.3811666666666667E-02 -2.0849444444444441E-02
   1.4921666666666666E-02 -2.1537777777777777E-02
   1.5865555555555553E-02 -2.2054444444444446E-02
   1.6309444444444442E-02 -2.2226388888888886E-02
   1.7142222222222222E-02 -2.2398611111111112E-02
   1.8196944444444446E-02 -2.2570833333333332E-02
   1.7919444444444446E-02 -2.2857499999999996E-02
   1.7253333333333332E-02 -2.3373888888888888E-02
   1.7586388888888891E-02 -2.3660833333333332E-02
   1.8308055555555557E-02 -2.4291944444444446E-02
   1.8918611111111112E-02 -2.4751111111111109E-02
   1.9862222222222222E-02 -2.5152777777777781E-02
   2.0916944444444446E-02 -2.5382222222222223E-02
   2.0972500000000002E-02 -2.6357777777777779E-02
   2.1583055555555557E-02 -2.6529722222222222E-02
   2.2693333333333333E-02 -2.6931388888888890E-02
   2.3970000000000002E-02 -2.7046111111111108E-02
   2.4969166666666667E-02 -2.7103611111111106E-02
   2.5746388888888895E-02 -2.7218333333333330E-02
   2.6856666666666668E-02 -2.7505277777777778E-02
   2.8300000000000002E-02 -2.8021666666666670E-02
   2.9243611111111109E-02 -2.8480555555555554E-02
   3.0242777777777778E-02 -2.9111944444444444E-02
   3.0964444444444444E-02 -2.9628333333333326E-02
   3.1630555555555558E-02 -3.0144722222222219E-02
   3.2352222222222220E-02 -3.0603611111111109E-02
   3.3406944444444447E-02 -3.1005277777777777E-02
   3.4683611111111110E-02 -3.1120000000000002E-02
   3.5683055555555558E-02 -3.0948055555555555E-02
   3.6404444444444448E-02 -3.0890555555555560E-02
