   4.8552222222222219E-02  2.0371388888888887E-02
   4.7994999999999996E-02  2.0544444444444445E-02
   4.7437777777777773E-02  2.0659722222222222E-02
   4.6825000000000006E-02  2.0947777777777777E-02
   4.5989166666666664E-02  2.1293611111111114E-02
   4.5487777777777780E-02  2.1754722222222224E-02
   4.4986111111111102E-02  2.2158055555555552E-02
   4.4540555555555555E-02  2.2503888888888893E-02
   4.4094722222222223E-02  2.2849722222222223E-02
   4.3426111111111117E-02  2.3195555555555556E-02
   4.3036111111111122E-02  2.3310833333333333E-02
   4.2534444444444444E-02  2.3368611111111114E-02
   4.1420277777777771E-02  2.3310833333333333E-02
   4.0361666666666664E-02  2.3195555555555556E-02
   3.9414444444444446E-02  2.3080277777777779E-02
   3.8745555555555561E-02  2.2849722222222223E-02
   3.8411388888888891E-02  2.2561666666666667E-02
   3.8244166666666662E-02  2.2042777777777779E-02
   3.8690000000000002E-02  2.1639444444444447E-02
   3.9024166666666665E-02  2.1351111111111112E-02
   3.9135833333333335E-02  2.0947777777777777E-02
   3.9024166666666665E-02  2.0486666666666667E-02
   3.9469999999999998E-02  1.9795000000000000E-02
   4.0027222222222228E-02  1.9391666666666668E-02
   3.9525833333333336E-02  1.9333888888888890E-02
   3.8857222222222224E-02  1.9276388888888892E-02
   3.8244166666666662E-02  1.9218611111111110E-02
   3.7519999999999998E-02  1.9333888888888890E-02
   3.7018333333333334E-02  1.9449166666666670E-02
   3.6516944444444449E-02  1.9622222222222221E-02
   3.6015555555555551E-02  1.9679722222222223E-02
   3.5291111111111113E-02  1.9737500000000005E-02
   3.4845277777777781E-02  1.9449166666666670E-02
   3.4343888888888889E-02  1.9161111111111115E-02
   3.3731111111111114E-02  1.9276388888888892E-02
   3.3173888888888892E-02  1.9333888888888890E-02
   3.2003611111111115E-02  1.9622222222222221E-02
   3.1502222222222223E-02  1.9449166666666670E-02
   3.1000833333333335E-02  1.9161111111111115E-02
   3.0220555555555563E-02  1.8930555555555555E-02
   2.9775000000000006E-02  1.8700000000000001E-02
   2.9217777777777783E-02  1.8411666666666670E-02
   2.8159166666666669E-02  1.8354166666666668E-02
   2.7100555555555558E-02  1.8238888888888891E-02
   2.6153333333333334E-02  1.8238888888888891E-02
   2.4983055555555557E-02  1.8181111111111110E-02
   2.4203055555555558E-02  1.8238888888888891E-02
   2.3478611111111113E-02  1.8181111111111110E-02
   2.2810000000000000E-02  1.8065833333333333E-02
   2.2252777777777778E-02  1.8008333333333335E-02
   2.1305555555555557E-02  1.7893055555555554E-02
   2.0636944444444444E-02  1.7547222222222224E-02
   1.9968333333333334E-02  1.7259166666666669E-02
   1.9411111111111112E-02  1.7028611111111112E-02
   1.8853888888888889E-02  1.6625000000000001E-02
   1.9132500000000000E-02  1.5991111111111112E-02
   1.9689722222222223E-02  1.5530000000000002E-02
   2.0246944444444446E-02  1.5011111111111110E-02
   1.9299722222222222E-02  1.4895833333333334E-02
   1.8463888888888891E-02  1.4780555555555557E-02
   1.7739722222222223E-02  1.4780555555555557E-02
   1.6903888888888892E-02  1.5011111111111110E-02
   1.6290833333333334E-02  1.5356944444444447E-02
   1.5789444444444446E-02  1.5760555555555555E-02
   1.5288055555555558E-02  1.6279166666666667E-02
   1.4786666666666667E-02  1.6625000000000001E-02
   1.4062222222222222E-02  1.6970833333333334E-02
   1.3282222222222220E-02  1.7259166666666669E-02
   1.2390555555555554E-02  1.7431944444444444E-02
   1.1499166666666664E-02  1.7547222222222224E-02
   1.0551944444444444E-02  1.7662500000000001E-02
   9.6602777777777780E-03  1.7835277777777780E-02
   9.1588888888888900E-03  1.8123611111111115E-02
   8.5461111111111120E-03  1.8526944444444447E-02
   7.7102777777777777E-03  1.8988055555555557E-02
   7.7102777777777777E-03  1.8700000000000001E-02
   7.4316666666666663E-03  1.8238888888888891E-02
   6.8744444444444443E-03  1.7777777777777778E-02
   6.5399999999999998E-03  1.7777777777777778E-02
   5.7600000000000004E-03  1.7835277777777780E-02
   5.0358333333333331E-03  1.7431944444444444E-02
   4.4786111111111112E-03  1.7374444444444446E-02
   4.0886111111111106E-03  1.7431944444444444E-02
   3.2527777777777780E-03  1.7662500000000001E-02
   2.6955555555555552E-03  1.7777777777777778E-02
   1.9155555555555558E-03  1.7950555555555560E-02
   1.1352777777777778E-03  1.8123611111111115E-02
   2.9972222222222227E-04  1.8296388888888890E-02
  -4.2472222222222217E-04  1.8526944444444447E-02
  -1.2047222222222220E-03  1.8872777777777780E-02
  -1.5391666666666670E-03  1.8988055555555557E-02
  -2.3191666666666664E-03  1.9449166666666670E-02
  -2.9322222222222223E-03  1.9968055555555555E-02
  -3.6563888888888887E-03  2.0371388888888887E-02
  -4.4363888888888890E-03  2.0832500000000000E-02
  -5.0494444444444441E-03  2.1120555555555556E-02
  -5.7738888888888883E-03  2.1235833333333332E-02
  -7.0552777777777792E-03  2.1696944444444446E-02
  -7.6683333333333334E-03  2.1985277777777777E-02
  -8.3369444444444454E-03  2.2215833333333334E-02
  -9.1725000000000001E-03  2.2215833333333334E-02
  -1.0732777777777779E-02  2.2158055555555552E-02
  -1.1568611111111109E-02  2.2100555555555554E-02
  -1.2571388888888892E-02  2.2215833333333334E-02
  -1.4243055555555554E-02  2.2619166666666669E-02
  -1.5580277777777776E-02  2.2964999999999999E-02
  -1.7251944444444445E-02  2.3195555555555556E-02
  -1.8199166666666666E-02  2.3368611111111114E-02
  -1.9090555555555559E-02  2.3599166666666668E-02
  -2.0093611111111111E-02  2.3944722222222225E-02
  -2.1040833333333332E-02  2.4233055555555560E-02
  -2.2489444444444440E-02  2.4290555555555551E-02
  -2.3603888888888886E-02  2.4117777777777780E-02
  -2.4606666666666666E-02  2.4060000000000002E-02
  -2.5721111111111111E-02  2.4175277777777778E-02
  -2.6556944444444442E-02  2.4348333333333333E-02
  -2.7281388888888886E-02  2.4463611111111113E-02
  -2.8228611111111111E-02  2.4290555555555551E-02
  -2.8785833333333333E-02  2.4405833333333335E-02
  -2.9899999999999996E-02  2.4578888888888886E-02
  -3.0624444444444440E-02  2.4463611111111113E-02
  -3.1293055555555553E-02  2.3887222222222223E-02
  -3.1070277777777780E-02  2.3483888888888891E-02
  -3.0568611111111116E-02  2.2964999999999999E-02
  -3.0513055555555557E-02  2.2331111111111114E-02
  -3.0791666666666669E-02  2.1696944444444446E-02
  -3.1070277777777780E-02  2.0832500000000000E-02
  -3.0903055555555552E-02  2.0659722222222222E-02
  -3.0513055555555557E-02  2.0198611111111112E-02
  -3.0513055555555557E-02  1.9737500000000005E-02
  -3.0735833333333330E-02  1.8872777777777780E-02
  -3.0958888888888890E-02  1.7777777777777778E-02
  -3.1070277777777780E-02  1.7086111111111111E-02
  -3.1237222222222222E-02  1.6452222222222222E-02
  -3.1906111111111107E-02  1.5702777777777777E-02
  -3.2463055555555551E-02  1.5299444444444445E-02
  -3.2853333333333332E-02  1.5068888888888889E-02
  -3.3131666666666663E-02  1.4492499999999998E-02
  -3.3521944444444444E-02  1.3858611111111110E-02
  -3.3800555555555556E-02  1.3455000000000002E-02
  -3.4134722222222219E-02  1.2705833333333333E-02
  -3.4301944444444440E-02  1.1956388888888888E-02
  -3.4190555555555550E-02  1.0803888888888887E-02
  -3.4078888888888888E-02  9.7663888888888870E-03
  -3.3800555555555556E-02  9.0747222222222236E-03
  -3.3298888888888892E-02  8.3830555555555568E-03
  -3.2741666666666669E-02  7.6338888888888888E-03
  -3.2518888888888889E-02  7.3455555555555557E-03
  -3.1627500000000003E-02  6.7691666666666673E-03
  -3.0958888888888890E-02  6.3080555555555555E-03
  -2.9955833333333334E-02  5.8469444444444445E-03
  -2.8952777777777779E-02  5.4436111111111109E-03
  -2.8005555555555554E-02  5.2130555555555558E-03
  -2.6835555555555560E-02  4.8672222222222224E-03
  -2.5888333333333333E-02  4.2333333333333337E-03
  -2.5331111111111110E-02  3.7722222222222219E-03
  -2.5776944444444439E-02  3.3111111111111110E-03
  -2.6501111111111107E-02  2.7347222222222222E-03
  -2.7114166666666672E-02  2.2736111111111112E-03
  -2.7671388888888888E-02  1.8124999999999999E-03
  -2.8618611111111112E-02  1.2361111111111112E-03
  -2.9454444444444446E-02  8.9027777777777781E-04
  -3.0401666666666667E-02  4.8694444444444447E-04
  -3.1404444444444443E-02 -3.1944444444444468E-05
  -3.1850277777777776E-02 -4.3527777777777770E-04
  -3.2574722222222220E-02 -1.1269444444444443E-03
  -3.2908888888888890E-02 -1.7608333333333334E-03
  -3.3131666666666663E-02 -2.5102777777777779E-03
  -3.3187500000000002E-02 -3.6630555555555557E-03
  -3.2908888888888890E-02 -4.4122222222222228E-03
  -3.2518888888888889E-02 -4.8733333333333328E-03
  -3.1683055555555555E-02 -5.4497222222222221E-03
  -3.1237222222222222E-02 -5.7377777777777774E-03
  -3.1906111111111107E-02 -6.0261111111111114E-03
  -3.3187500000000002E-02 -6.3141666666666667E-03
  -3.3744722222222218E-02 -6.8905555555555551E-03
  -3.3911944444444439E-02 -7.5244444444444438E-03
  -3.3911944444444439E-02 -8.6772222222222216E-03
  -3.4078888888888888E-02 -9.4266666666666665E-03
  -3.4134722222222219E-02 -1.0175833333333335E-02
  -3.4580555555555552E-02 -1.1386111111111111E-02
  -3.4914722222222222E-02 -1.2654166666666668E-02
  -3.4914722222222222E-02 -1.3749166666666666E-02
  -3.4580555555555552E-02 -1.4844444444444448E-02
  -3.4246111111111116E-02 -1.5363055555555553E-02
  -3.3633333333333328E-02 -1.5939444444444444E-02
  -3.3131666666666663E-02 -1.6342777777777776E-02
  -3.1237222222222222E-02 -1.7207500000000001E-02
  -3.0290000000000004E-02 -1.7495555555555556E-02
  -2.9231388888888890E-02 -1.7841388888888886E-02
  -2.7782777777777778E-02 -1.8014444444444444E-02
  -2.6501111111111107E-02 -1.8071944444444446E-02
  -2.5163888888888888E-02 -1.8014444444444444E-02
  -2.4105277777777778E-02 -1.7726111111111109E-02
  -2.3603888888888886E-02 -1.7495555555555556E-02
  -2.2768055555555552E-02 -1.7207500000000001E-02
  -2.2378055555555557E-02 -1.7264999999999999E-02
  -2.1709444444444444E-02 -1.7610833333333333E-02
  -2.0985000000000000E-02 -1.7783888888888891E-02
  -1.9257777777777776E-02 -1.7899166666666667E-02
  -1.8199166666666666E-02 -1.7956666666666666E-02
  -1.7530555555555556E-02 -1.7899166666666667E-02
  -1.6471944444444445E-02 -1.7380277777777776E-02
  -1.5357500000000003E-02 -1.6631111111111110E-02
  -1.4800277777777777E-02 -1.6227499999999999E-02
  -1.4075833333333336E-02 -1.5766666666666665E-02
  -1.3017222222222222E-02 -1.5420833333333332E-02
  -1.0900000000000000E-02 -1.5305555555555555E-02
  -9.7855555555555543E-03 -1.5420833333333332E-02
  -8.0583333333333340E-03 -1.5420833333333332E-02
  -6.7766666666666661E-03 -1.5536111111111112E-02
  -6.2194444444444450E-03 -1.5593611111111110E-02
  -5.2166666666666655E-03 -1.5651388888888888E-02
  -4.3808333333333329E-03 -1.5651388888888888E-02
  -3.3777777777777773E-03 -1.5593611111111110E-02
  -2.0963888888888890E-03 -1.5708888888888890E-02
  -8.1472222222222211E-04 -1.5824166666666667E-02
   7.4527777777777787E-04 -1.6054722222222220E-02
   3.3641666666666668E-03 -1.6342777777777776E-02
   4.0327777777777775E-03 -1.6400555555555554E-02
   5.9272222222222226E-03 -1.6515833333333330E-02
   7.2088888888888888E-03 -1.6688611111111109E-02
   8.2675000000000005E-03 -1.6919166666666666E-02
   7.5988888888888885E-03 -1.7207500000000001E-02
   6.7630555555555551E-03 -1.7207500000000001E-02
   5.7600000000000004E-03 -1.7322777777777777E-02
   4.5341666666666672E-03 -1.7726111111111109E-02
   3.8655555555555557E-03 -1.7899166666666667E-02
   2.9183333333333335E-03 -1.8129722222222221E-02
   2.1383333333333332E-03 -1.8590833333333331E-02
   1.5811111111111113E-03 -1.8994166666666666E-02
   9.1250000000000001E-04 -1.9743333333333331E-02
  -3.4722222222222012E-05 -2.0492777777777776E-02
  -9.2611111111111106E-04 -2.1126666666666669E-02
  -1.3719444444444443E-03 -2.1645555555555553E-02
  -1.5947222222222218E-03 -2.2336944444444441E-02
  -1.6505555555555557E-03 -2.3086388888888889E-02
  -1.3161111111111108E-03 -2.3605000000000001E-02
  -7.5916666666666667E-04 -2.4354444444444442E-02
  -2.5749999999999992E-04 -2.4584999999999999E-02
   4.6666666666666677E-04 -2.4930833333333333E-02
   2.0825000000000001E-03 -2.5103611111111104E-02
   2.7511111111111113E-03 -2.5103611111111104E-02
   3.8655555555555557E-03 -2.5103611111111104E-02
   4.9241666666666670E-03 -2.5103611111111104E-02
   5.9830555555555557E-03 -2.5218888888888888E-02
   6.6516666666666677E-03 -2.5622222222222223E-02
   7.7658333333333338E-03 -2.5852777777777773E-02
   9.1588888888888900E-03 -2.5852777777777773E-02
   9.7161111111111129E-03 -2.5622222222222223E-02
   1.0161944444444446E-02 -2.5276388888888886E-02
   1.1109166666666666E-02 -2.5046111111111116E-02
   1.2111944444444446E-02 -2.4873055555555555E-02
   1.2836388888888890E-02 -2.4584999999999999E-02
   1.3727777777777776E-02 -2.4296666666666668E-02
   1.5176666666666665E-02 -2.4469722222222223E-02
   1.6123888888888889E-02 -2.4469722222222223E-02
   1.7071111111111110E-02 -2.4296666666666668E-02
   1.7962500000000003E-02 -2.4066111111111108E-02
   1.8686944444444447E-02 -2.3835555555555551E-02
   1.9355555555555556E-02 -2.3489722222222221E-02
