   9.8333333333333328E-02  2.6696111111111111E-02
   9.7833333333333342E-02  2.7155833333333334E-02
   9.6333333333333326E-02  2.7443333333333333E-02
   9.5555555555555560E-02  2.7500833333333335E-02
   9.4444444444444456E-02  2.7615555555555553E-02
   9.3166666666666675E-02  2.7845555555555554E-02
   9.2333333333333323E-02  2.8017777777777777E-02
   9.1611111111111115E-02  2.8190277777777779E-02
   9.1055555555555542E-02  2.8420000000000001E-02
   9.0333333333333335E-02  2.8649999999999998E-02
   8.9333333333333334E-02  2.8764999999999995E-02
   8.8944444444444437E-02  2.8764999999999995E-02
   8.8555555555555554E-02  2.8534999999999998E-02
   8.7888888888888905E-02  2.8190277777777779E-02
   8.7333333333333332E-02  2.7903055555555559E-02
   8.7055555555555539E-02  2.7558055555555558E-02
   8.7111111111111111E-02  2.7098333333333335E-02
   8.7666666666666684E-02  2.6523888888888889E-02
   8.7111111111111111E-02  2.6638611111111113E-02
   8.6444444444444449E-02  2.6696111111111111E-02
   8.5555555555555551E-02  2.6753611111111117E-02
   8.5000000000000006E-02  2.6868611111111114E-02
   8.4222222222222226E-02  2.7041111111111113E-02
   8.3611111111111136E-02  2.7155833333333334E-02
   8.2833333333333342E-02  2.7270833333333334E-02
   8.2111111111111107E-02  2.7270833333333334E-02
   8.1222222222222223E-02  2.7270833333333334E-02
   8.0277777777777781E-02  2.7098333333333335E-02
   7.9388888888888898E-02  2.6868611111111114E-02
   7.8944444444444442E-02  2.6523888888888889E-02
   7.8666666666666676E-02  2.5891666666666667E-02
   7.8611111111111118E-02  2.5546944444444445E-02
   7.7555555555555558E-02  2.5431944444444451E-02
   7.7111111111111116E-02  2.5316944444444447E-02
   7.6388888888888895E-02  2.5202222222222223E-02
   7.5222222222222232E-02  2.5029722222222221E-02
   7.4000000000000010E-02  2.4972222222222222E-02
   7.3000000000000009E-02  2.4914722222222224E-02
   7.2166666666666671E-02  2.4914722222222224E-02
   7.1722222222222229E-02  2.4570000000000002E-02
   7.1277777777777787E-02  2.4282777777777778E-02
   7.0499999999999993E-02  2.4052777777777777E-02
   6.9888888888888889E-02  2.4110277777777779E-02
   6.8888888888888888E-02  2.4110277777777779E-02
   6.8055555555555564E-02  2.4110277777777779E-02
   6.7055555555555563E-02  2.4167777777777778E-02
   6.6388888888888886E-02  2.4225277777777780E-02
   6.5722222222222224E-02  2.4282777777777778E-02
   6.5388888888888885E-02  2.4110277777777779E-02
   5.9473055555555571E-02  2.2386666666666669E-02
   5.2433888888888898E-02  2.1314444444444445E-02
   4.9166666666666664E-02  2.0892222222222222E-02
   4.8111111111111111E-02  2.1122222222222223E-02
   4.6555555555555551E-02  2.1294444444444446E-02
   4.5500000000000006E-02  2.1409444444444439E-02
   4.4444444444444439E-02  2.1639444444444447E-02
   4.3666666666666666E-02  2.1754166666666672E-02
   4.2833333333333334E-02  2.1811666666666663E-02
   4.1722222222222223E-02  2.1869166666666669E-02
   4.0666666666666663E-02  2.1409444444444439E-02
   3.9555555555555552E-02  2.0949722222222224E-02
   3.8777777777777772E-02  2.0547500000000000E-02
   3.9055555555555559E-02  2.0145277777777779E-02
   3.8222222222222227E-02  2.0202777777777778E-02
   3.7333333333333336E-02  2.0260277777777783E-02
   3.6388888888888887E-02  1.9915555555555558E-02
   3.5833333333333335E-02  1.9628055555555558E-02
   3.5111111111111114E-02  1.9513055555555558E-02
   3.3666666666666664E-02  1.9168333333333332E-02
   3.2722222222222222E-02  1.9053611111111111E-02
   3.1277777777777779E-02  1.8881111111111112E-02
   3.0166666666666671E-02  1.8536388888888890E-02
   2.9666666666666668E-02  1.8191388888888892E-02
   2.8944444444444443E-02  1.7904166666666669E-02
   2.8222222222222225E-02  1.7904166666666669E-02
   2.7500000000000000E-02  1.8076666666666668E-02
   2.6833333333333331E-02  1.8248888888888887E-02
   2.6111111111111113E-02  1.8536388888888890E-02
   2.5444444444444447E-02  1.8823611111111114E-02
   2.4500000000000001E-02  1.8823611111111114E-02
   2.4055555555555556E-02  1.8536388888888890E-02
   2.3444444444444445E-02  1.8363888888888888E-02
   2.2611111111111117E-02  1.8191388888888892E-02
   2.1833333333333330E-02  1.7961666666666667E-02
   2.1722222222222226E-02  1.7789166666666668E-02
   2.1666666666666671E-02  1.6984722222222224E-02
   2.1500000000000005E-02  1.6122777777777778E-02
   2.0666666666666667E-02  1.6007777777777777E-02
   2.0166666666666666E-02  1.5720555555555554E-02
   1.9777777777777780E-02  1.5490833333333332E-02
   1.8500000000000003E-02  1.5720555555555554E-02
   1.7722222222222223E-02  1.6065277777777779E-02
   1.7166666666666667E-02  1.6352777777777779E-02
   1.6444444444444449E-02  1.6755000000000006E-02
   1.5611111111111110E-02  1.7272222222222224E-02
   1.5222222222222224E-02  1.7559444444444447E-02
   1.4611111111111109E-02  1.8019166666666666E-02
   1.3555555555555557E-02  1.8421388888888890E-02
   1.2500000000000001E-02  1.8593888888888892E-02
   1.1388888888888886E-02  1.8651111111111111E-02
   1.0722222222222223E-02  1.8881111111111112E-02
   9.8888888888888880E-03  1.9340833333333335E-02
   9.2222222222222219E-03  1.9628055555555558E-02
   8.6666666666666663E-03  1.9800555555555557E-02
   8.0000000000000002E-03  2.0260277777777783E-02
   7.5000000000000006E-03  2.0720000000000002E-02
   6.5555555555555558E-03  2.1007222222222222E-02
   4.9444444444444440E-03  2.1179722222222218E-02
   3.7777777777777779E-03  2.1237222222222223E-02
   2.8888888888888888E-03  2.1409444444444439E-02
   1.6666666666666666E-03  2.1581944444444442E-02
   1.0000000000000000E-03  2.1869166666666669E-02
   3.3333333333333338E-04  2.1926666666666667E-02
  -7.7777777777777784E-04  2.1926666666666667E-02
  -1.5000000000000000E-03  2.2041666666666668E-02
  -2.4444444444444448E-03  2.2156666666666668E-02
  -3.2777777777777779E-03  2.2156666666666668E-02
  -4.1666666666666666E-03  2.2213888888888894E-02
  -5.1666666666666666E-03  2.2328888888888888E-02
  -6.0555555555555553E-03  2.2501388888888890E-02
  -6.9444444444444432E-03  2.2788611111111114E-02
  -8.1111111111111106E-03  2.3018611111111111E-02
  -8.8333333333333319E-03  2.3305833333333338E-02
  -9.5000000000000015E-03  2.3478333333333337E-02
  -1.0222222222222223E-02  2.3708055555555562E-02
  -1.0888888888888889E-02  2.3938055555555556E-02
  -1.1555555555555555E-02  2.4167777777777778E-02
  -1.2444444444444445E-02  2.4282777777777778E-02
  -1.3166666666666667E-02  2.4397500000000006E-02
  -1.3777777777777778E-02  2.4627500000000004E-02
  -1.4833333333333330E-02  2.4685000000000002E-02
  -1.5777777777777776E-02  2.4627500000000004E-02
  -1.6611111111111111E-02  2.4397500000000006E-02
  -1.7444444444444443E-02  2.4110277777777779E-02
  -1.7944444444444443E-02  2.4167777777777778E-02
  -1.8722222222222216E-02  2.4340277777777780E-02
  -1.9666666666666669E-02  2.4340277777777780E-02
  -2.0833333333333329E-02  2.4282777777777778E-02
  -2.1611111111111109E-02  2.3995277777777779E-02
  -2.2055555555555554E-02  2.3593055555555558E-02
  -2.2388888888888889E-02  2.3075833333333337E-02
  -2.2888888888888889E-02  2.3133333333333329E-02
  -2.3722222222222221E-02  2.3478333333333337E-02
  -2.4444444444444446E-02  2.3708055555555562E-02
  -2.5611111111111109E-02  2.3708055555555562E-02
  -2.6277777777777778E-02  2.3478333333333337E-02
  -2.7055555555555551E-02  2.3018611111111111E-02
  -2.7333333333333334E-02  2.3133333333333329E-02
  -2.7777777777777776E-02  2.3363333333333333E-02
  -2.8444444444444446E-02  2.3708055555555562E-02
  -2.8999999999999998E-02  2.3880555555555558E-02
  -2.9944444444444451E-02  2.3938055555555556E-02
  -3.1000000000000000E-02  2.3478333333333337E-02
  -3.1277777777777772E-02  2.2903611111111114E-02
  -3.1500000000000000E-02  2.2271388888888889E-02
  -3.1833333333333332E-02  2.1351944444444448E-02
  -3.2111111111111111E-02  2.0604999999999998E-02
  -3.2222222222222222E-02  1.9915555555555558E-02
  -3.2444444444444442E-02  1.8938611111111111E-02
  -3.2888888888888884E-02  1.7731666666666666E-02
  -3.3333333333333333E-02  1.6755000000000006E-02
  -3.3555555555555554E-02  1.6180277777777776E-02
  -3.4055555555555554E-02  1.4916111111111113E-02
  -3.4166666666666665E-02  1.4111666666666668E-02
  -3.4222222222222223E-02  1.3594444444444447E-02
  -3.4833333333333334E-02  1.3249722222222225E-02
  -3.5166666666666666E-02  1.2847222222222222E-02
  -3.5388888888888886E-02  1.1640555555555557E-02
  -3.5222222222222224E-02  1.0836111111111112E-02
  -3.4722222222222224E-02  9.9741666666666659E-03
  -3.3944444444444444E-02  8.8249999999999995E-03
  -3.3555555555555554E-02  8.4224999999999994E-03
  -3.2388888888888884E-02  7.6180555555555550E-03
  -3.1555555555555552E-02  7.1008333333333331E-03
  -3.0666666666666668E-02  6.5838888888888900E-03
  -3.0111111111111116E-02  6.3538888888888890E-03
  -2.9444444444444447E-02  6.0091666666666661E-03
  -2.8611111111111111E-02  5.7219444444444444E-03
  -2.7777777777777776E-02  5.4344444444444449E-03
  -2.6833333333333334E-02  5.0897222222222220E-03
  -2.6111111111111113E-02  4.7450000000000001E-03
  -2.5388888888888888E-02  4.3427777777777770E-03
  -2.4611111111111111E-02  3.6530555555555557E-03
  -2.3388888888888890E-02  2.9636111111111113E-03
  -2.3055555555555555E-02  2.6761111111111109E-03
  -2.4055555555555556E-02  2.4463888888888886E-03
  -2.5055555555555550E-02  2.1591666666666669E-03
  -2.5777777777777774E-02  1.8141666666666666E-03
  -2.6888888888888886E-02  1.1247222222222223E-03
  -2.8055555555555552E-02  4.3500000000000006E-04
  -2.9444444444444447E-02 -1.9694444444444447E-04
  -3.0611111111111110E-02 -6.5666666666666651E-04
  -3.1555555555555552E-02 -1.2313888888888886E-03
  -3.2277777777777773E-02 -1.6336111111111117E-03
  -3.3055555555555553E-02 -2.1508333333333336E-03
  -3.3888888888888885E-02 -2.7827777777777777E-03
  -3.4666666666666665E-02 -3.4149999999999996E-03
  -3.5277777777777776E-02 -4.1619444444444447E-03
  -3.5666666666666666E-02 -4.9663888888888891E-03
  -3.5833333333333335E-02 -5.9433333333333326E-03
  -3.5888888888888887E-02 -6.6905555555555555E-03
  -3.6111111111111115E-02 -7.3225000000000000E-03
  -3.5944444444444446E-02 -7.7822222222222225E-03
  -3.5444444444444445E-02 -8.1844444444444456E-03
  -3.4333333333333334E-02 -9.1613888888888891E-03
  -3.3944444444444444E-02 -9.4486111111111090E-03
  -3.3833333333333333E-02 -1.0368055555555557E-02
  -3.3888888888888885E-02 -1.1689722222222223E-02
  -3.4055555555555554E-02 -1.2494444444444443E-02
  -3.4166666666666665E-02 -1.3356388888888890E-02
  -3.4222222222222223E-02 -1.3930833333333333E-02
  -3.4555555555555555E-02 -1.5022777777777777E-02
  -3.4666666666666665E-02 -1.5310000000000001E-02
  -3.4833333333333334E-02 -1.6401944444444441E-02
  -3.4833333333333334E-02 -1.7493611111111109E-02
  -3.4666666666666665E-02 -1.8700555555555554E-02
  -3.4111111111111113E-02 -2.0194444444444445E-02
  -3.3777777777777775E-02 -2.0884166666666662E-02
  -3.3333333333333333E-02 -2.1688611111111110E-02
  -3.2888888888888884E-02 -2.2378055555555557E-02
  -3.2555555555555553E-02 -2.2608055555555551E-02
  -3.1777777777777773E-02 -2.2895277777777778E-02
  -3.0722222222222220E-02 -2.3010277777777775E-02
  -2.9555555555555557E-02 -2.3125277777777776E-02
  -2.8333333333333335E-02 -2.3182499999999998E-02
  -2.7333333333333334E-02 -2.3067777777777777E-02
  -2.6166666666666661E-02 -2.2837777777777776E-02
  -2.5111111111111105E-02 -2.2550555555555553E-02
  -2.4000000000000000E-02 -2.2320555555555552E-02
  -2.2555555555555554E-02 -2.2033333333333335E-02
  -2.1333333333333333E-02 -2.2263333333333333E-02
  -2.0500000000000004E-02 -2.2263333333333333E-02
  -1.9333333333333331E-02 -2.2090833333333330E-02
  -1.8277777777777775E-02 -2.1746111111111112E-02
  -1.7500000000000002E-02 -2.1516111111111111E-02
  -1.6611111111111111E-02 -2.1228888888888887E-02
  -1.5722222222222221E-02 -2.1056388888888885E-02
  -1.4944444444444441E-02 -2.0998888888888886E-02
  -1.3777777777777778E-02 -2.1113888888888890E-02
  -1.2555555555555556E-02 -2.1171388888888889E-02
  -1.1777777777777779E-02 -2.1113888888888890E-02
  -1.0944444444444444E-02 -2.0941666666666667E-02
  -9.9444444444444433E-03 -2.0596666666666666E-02
  -9.3333333333333324E-03 -2.0481944444444442E-02
  -8.6666666666666663E-03 -2.0366944444444441E-02
  -7.3333333333333332E-03 -2.0136944444444443E-02
  -5.8333333333333336E-03 -1.9907222222222222E-02
  -4.9444444444444440E-03 -1.9792222222222221E-02
  -3.7777777777777775E-03 -1.9734722222222219E-02
  -2.5555555555555557E-03 -1.9677222222222221E-02
  -1.2222222222222222E-03 -1.9504999999999998E-02
   5.5555555555555556E-04 -1.9275000000000000E-02
   1.5555555555555557E-03 -1.9102777777777774E-02
   2.7222222222222222E-03 -1.8930277777777775E-02
   4.5555555555555557E-03 -1.8585555555555557E-02
   4.5555555555555557E-03 -1.8930277777777775E-02
   4.2777777777777779E-03 -1.9332499999999996E-02
   3.6111111111111109E-03 -2.0136944444444443E-02
   3.2222222222222222E-03 -2.0941666666666667E-02
   3.2222222222222222E-03 -2.1803611111111110E-02
   3.8333333333333331E-03 -2.2780277777777781E-02
   4.2222222222222227E-03 -2.2952777777777777E-02
   5.4444444444444445E-03 -2.3527500000000000E-02
   6.2222222222222219E-03 -2.3699722222222223E-02
   7.3888888888888893E-03 -2.3757222222222221E-02
   8.6111111111111110E-03 -2.3584999999999998E-02
   9.6666666666666672E-03 -2.3239999999999997E-02
   1.0777777777777778E-02 -2.2837777777777776E-02
   1.1333333333333331E-02 -2.2665555555555557E-02
   1.2166666666666666E-02 -2.2665555555555557E-02
   1.3444444444444446E-02 -2.2550555555555553E-02
   1.4388888888888889E-02 -2.2320555555555552E-02
   1.5055555555555558E-02 -2.2550555555555553E-02
   1.5833333333333335E-02 -2.2665555555555557E-02
   1.7000000000000001E-02 -2.2895277777777778E-02
   1.8111111111111113E-02 -2.3067777777777777E-02
   1.9222222222222224E-02 -2.3125277777777776E-02
   1.8944444444444444E-02 -2.3527500000000000E-02
   1.8555555555555558E-02 -2.4561666666666669E-02
   1.8277777777777778E-02 -2.5021388888888888E-02
   1.7944444444444443E-02 -2.5653611111111113E-02
   1.8444444444444444E-02 -2.6228333333333333E-02
   1.9222222222222224E-02 -2.6802777777777773E-02
   1.9777777777777780E-02 -2.6573055555555555E-02
   2.0000000000000004E-02 -2.6458055555555554E-02
   2.0833333333333332E-02 -2.5998333333333332E-02
   2.1888888888888888E-02 -2.5940833333333333E-02
   2.2611111111111117E-02 -2.6055833333333330E-02
   2.3444444444444445E-02 -2.6113333333333332E-02
   2.4166666666666666E-02 -2.6170833333333331E-02
   2.4000000000000000E-02 -2.6688055555555555E-02
   2.2777777777777782E-02 -2.7607500000000004E-02
   2.2055555555555557E-02 -2.8124444444444445E-02
   2.1055555555555557E-02 -2.8814166666666665E-02
   2.0055555555555559E-02 -2.9331388888888886E-02
   2.1000000000000001E-02 -2.9791111111111105E-02
   2.2055555555555557E-02 -2.9791111111111105E-02
   2.3055555555555558E-02 -2.9503611111111109E-02
   2.4222222222222221E-02 -2.9101388888888885E-02
   2.4777777777777777E-02 -2.9043888888888886E-02
   2.6055555555555557E-02 -2.9043888888888886E-02
   2.7500000000000000E-02 -2.9043888888888886E-02
   2.8388888888888891E-02 -2.9043888888888886E-02
   2.9611111111111112E-02 -2.9158888888888887E-02
   3.0277777777777782E-02 -2.9388888888888891E-02
   3.1111111111111117E-02 -2.9791111111111105E-02
   3.2111111111111118E-02 -3.0193333333333336E-02
   3.2944444444444443E-02 -3.0480555555555552E-02
   3.4055555555555554E-02 -3.0940277777777775E-02
   3.4388888888888886E-02 -3.1399999999999997E-02
   3.4666666666666665E-02 -3.2032222222222219E-02
   3.5500000000000004E-02 -3.2894166666666669E-02
   3.6055555555555556E-02 -3.2951666666666664E-02
   3.7111111111111116E-02 -3.2894166666666669E-02
   3.8388888888888889E-02 -3.2779166666666665E-02
   3.9722222222222228E-02 -3.2721666666666670E-02
