   4.9212777777777779E-02  2.1738611111111111E-02
   4.8713333333333338E-02  2.1738611111111111E-02
   4.7936666666666662E-02  2.1738611111111111E-02
   4.7270833333333331E-02  2.1738611111111111E-02
   4.5883888888888891E-02  2.1511388888888885E-02
   4.5772777777777780E-02  2.1398055555555559E-02
   4.5218055555555553E-02  2.1341388888888889E-02
   4.4163888888888898E-02  2.1171111111111113E-02
   4.2943333333333326E-02  2.0887222222222227E-02
   4.1389722222222224E-02  2.0546944444444448E-02
   3.9836388888888886E-02  2.0263055555555562E-02
   3.8782222222222225E-02  2.0149722222222222E-02
   3.7839166666666674E-02  1.9922777777777779E-02
   3.6951388888888888E-02  1.9752499999999999E-02
   3.5619722222222226E-02  1.9582222222222223E-02
   3.4510277777777779E-02  1.9525555555555556E-02
   3.3289444444444448E-02  1.9355277777777777E-02
   3.2180000000000000E-02  1.9014722222222225E-02
   3.1181111111111114E-02  1.8560833333333339E-02
   3.0792777777777780E-02  1.8447222222222222E-02
   2.9738611111111108E-02  1.8106944444444446E-02
   2.8906388888888888E-02  1.7880000000000000E-02
   2.8074166666666667E-02  1.7653055555555557E-02
   2.7075555555555561E-02  1.7596111111111111E-02
   2.6243333333333334E-02  1.7596111111111111E-02
   2.5633055555555555E-02  1.7709722222222224E-02
   2.4967222222222224E-02  1.7766388888888887E-02
   2.4468055555555555E-02  1.7709722222222224E-02
   2.3968611111111114E-02  1.7539444444444444E-02
   2.3413888888888887E-02  1.7255833333333335E-02
   2.3191944444444449E-02  1.6971944444444446E-02
   2.2970000000000001E-02  1.6461388888888893E-02
   2.2526111111111108E-02  1.6234444444444447E-02
   2.1083611111111112E-02  1.5553333333333332E-02
   2.0251388888888892E-02  1.5269722222222219E-02
   1.9363611111111109E-02  1.5042777777777776E-02
   1.8475833333333334E-02  1.4872500000000000E-02
   1.7477222222222224E-02  1.4815833333333334E-02
   1.6534166666666666E-02  1.4702222222222221E-02
   1.5258055555555559E-02  1.4588888888888891E-02
   1.4703333333333336E-02  1.4531944444444445E-02
   1.3649166666666667E-02  1.4475277777777778E-02
   1.2872222222222222E-02  1.4475277777777778E-02
   1.1929166666666668E-02  1.4475277777777778E-02
   1.1152499999999999E-02  1.4475277777777778E-02
   1.0764166666666665E-02  1.4248333333333332E-02
   1.0375555555555555E-02  1.4134722222222222E-02
   9.5988888888888894E-03  1.4191666666666665E-02
   8.7111111111111104E-03  1.4191666666666665E-02
   8.1563888888888901E-03  1.3964722222222219E-02
   7.0466666666666672E-03  1.3680833333333333E-02
   6.8247222222222216E-03  1.3453888888888890E-02
   6.1036111111111109E-03  1.2829722222222222E-02
   5.1050000000000002E-03  1.2546111111111112E-02
   4.4391666666666668E-03  1.2319166666666666E-02
   3.8288888888888886E-03  1.1978611111111113E-02
   3.1075000000000000E-03  1.1581388888888888E-02
   2.9966666666666666E-03  1.1297777777777778E-02
   2.8855555555555553E-03  1.1013888888888889E-02
   2.1088888888888889E-03  1.1070555555555556E-02
   1.3877777777777777E-03  1.1013888888888889E-02
   5.5555555555555556E-04  1.0843611111111113E-02
  -3.8777777777777769E-04  1.0503333333333333E-02
  -8.8722222222222241E-04  1.0219444444444444E-02
  -1.3863888888888888E-03  9.9358333333333312E-03
  -1.6638888888888888E-03  9.5386111111111123E-03
  -1.8302777777777775E-03  9.0277777777777769E-03
  -2.0522222222222222E-03  8.6875000000000008E-03
  -2.2741666666666665E-03  8.7441666666666674E-03
  -2.7180555555555556E-03  8.8577777777777769E-03
  -3.1619444444444438E-03  8.5738888888888896E-03
  -3.6611111111111115E-03  7.9497222222222226E-03
  -3.8275000000000002E-03  7.4958333333333335E-03
  -4.1605555555555554E-03  6.9283333333333332E-03
  -4.2161111111111114E-03  6.3608333333333329E-03
  -3.9941666666666667E-03  5.8502777777777772E-03
  -3.9941666666666667E-03  5.6800000000000002E-03
  -4.6597222222222222E-03  5.3963888888888889E-03
  -5.0483333333333326E-03  5.2261111111111111E-03
  -5.8805555555555555E-03  4.7722222222222220E-03
  -6.4352777777777785E-03  4.1480555555555559E-03
  -6.8236111111111110E-03  3.6372222222222222E-03
  -6.8236111111111110E-03  2.7861111111111107E-03
  -6.6016666666666671E-03  1.8783333333333334E-03
  -6.4352777777777785E-03  1.2538888888888890E-03
  -6.2133333333333337E-03  2.3250000000000007E-04
  -5.9913888888888898E-03 -6.7527777777777790E-04
  -5.6586111111111117E-03 -1.8102777777777778E-03
  -5.6030555555555556E-03 -2.8883333333333330E-03
  -5.6030555555555556E-03 -3.6827777777777779E-03
  -5.6586111111111117E-03 -4.2500000000000003E-03
  -5.7138888888888881E-03 -4.7041666666666664E-03
  -5.8250000000000003E-03 -5.6119444444444454E-03
  -5.7694444444444442E-03 -6.0091666666666670E-03
  -5.4366666666666669E-03 -6.6899999999999989E-03
  -4.6597222222222222E-03 -7.4844444444444437E-03
  -4.3825000000000001E-03 -8.2222222222222210E-03
  -4.1605555555555554E-03 -8.6194444444444435E-03
  -3.7166666666666667E-03 -9.5272222222222216E-03
  -3.4947222222222228E-03 -1.0094722222222220E-02
  -3.0508333333333333E-03 -1.0718888888888889E-02
  -2.7733333333333329E-03 -1.1399722222222221E-02
  -1.9966666666666666E-03 -1.2421111111111112E-02
  -1.4419444444444440E-03 -1.2591388888888888E-02
  -1.3863888888888888E-03 -1.2931944444444447E-02
  -9.9805555555555541E-04 -1.3896666666666665E-02
  -6.6527777777777787E-04 -1.4350555555555557E-02
   5.6111111111111053E-05 -1.4804444444444443E-02
   7.7722222222222222E-04 -1.5088055555555549E-02
   1.2766666666666666E-03 -1.5542222222222221E-02
   1.8313888888888889E-03 -1.5939444444444444E-02
   2.3863888888888888E-03 -1.6620277777777775E-02
   2.9966666666666666E-03 -1.7074166666666665E-02
   3.6069444444444447E-03 -1.7187777777777778E-02
   3.7733333333333334E-03 -1.7585000000000003E-02
   4.3280555555555555E-03 -1.8379166666666665E-02
   4.6055555555555554E-03 -1.8719722222222221E-02
   4.7166666666666668E-03 -1.9287222222222219E-02
   5.0494444444444441E-03 -2.0081666666666664E-02
   5.6597222222222222E-03 -2.0535555555555550E-02
   6.2700000000000004E-03 -2.0819166666666663E-02
   6.8247222222222216E-03 -2.1046111111111113E-02
   7.9344444444444454E-03 -2.1386666666666665E-02
   8.8222222222222244E-03 -2.1443333333333328E-02
   9.7099999999999999E-03 -2.1500277777777778E-02
   1.0098333333333334E-02 -2.1556944444444445E-02
   1.0375555555555555E-02 -2.2294722222222219E-02
   1.0930555555555554E-02 -2.2464722222222219E-02
   1.1596388888888889E-02 -2.2521666666666666E-02
   1.2373055555555557E-02 -2.2748611111111108E-02
   1.3205277777777778E-02 -2.3032222222222221E-02
   1.3871111111111112E-02 -2.3145833333333331E-02
   1.4869722222222222E-02 -2.3202500000000001E-02
   1.5868333333333332E-02 -2.3202500000000001E-02
   1.6811388888888890E-02 -2.3202500000000001E-02
   1.7754722222222224E-02 -2.3032222222222221E-02
   1.8420555555555558E-02 -2.2918888888888888E-02
   1.8032222222222224E-02 -2.3259166666666668E-02
   1.7255277777777779E-02 -2.3486111111111110E-02
   1.6478611111111111E-02 -2.3826666666666666E-02
   1.6423055555555555E-02 -2.4053611111111109E-02
   1.6367777777777776E-02 -2.4734722222222220E-02
   1.6090277777777780E-02 -2.5131666666666667E-02
   1.6756111111111111E-02 -2.5528888888888889E-02
   1.7366388888888890E-02 -2.5812777777777778E-02
   1.8642499999999996E-02 -2.5812777777777778E-02
   1.9308055555555554E-02 -2.5585833333333335E-02
   1.9751944444444443E-02 -2.5472222222222219E-02
   2.0528888888888888E-02 -2.5415555555555556E-02
   2.1361111111111112E-02 -2.5642499999999999E-02
   2.1471944444444446E-02 -2.6096388888888888E-02
   2.1860277777777781E-02 -2.7117777777777779E-02
   2.2470555555555553E-02 -2.7288055555555552E-02
   2.3746666666666673E-02 -2.7401666666666668E-02
   2.4523333333333331E-02 -2.7458333333333331E-02
   2.5355555555555558E-02 -2.7458333333333331E-02
   2.6298888888888889E-02 -2.7458333333333331E-02
   2.7685833333333340E-02 -2.7571666666666671E-02
   2.8462777777777778E-02 -2.7628611111111104E-02
   3.0071666666666670E-02 -2.7968888888888890E-02
   3.0626388888888890E-02 -2.8195833333333337E-02
   3.1292222222222214E-02 -2.8820000000000002E-02
   3.1736111111111111E-02 -2.9217222222222224E-02
   3.2346388888888890E-02 -2.9671388888888890E-02
   3.2568333333333338E-02 -2.9841388888888890E-02
   3.2901111111111110E-02 -2.9784722222222219E-02
   3.3234166666666669E-02 -3.0125277777777779E-02
   3.3511388888888889E-02 -3.0579166666666664E-02
   3.4121666666666668E-02 -3.1033055555555550E-02
   3.4843055555555558E-02 -3.1146666666666670E-02
   3.6230000000000005E-02 -3.1259999999999996E-02
   3.6895833333333336E-02 -3.1203333333333333E-02
   3.7783611111111108E-02 -3.1259999999999996E-02
   3.8504722222222218E-02 -3.1373611111111116E-02
   3.9448055555555556E-02 -3.1543888888888892E-02
   3.9780833333333335E-02 -3.1657222222222219E-02
   4.0724166666666665E-02 -3.1941111111111115E-02
   4.1168055555555555E-02 -3.2054444444444441E-02
   4.2166666666666665E-02 -3.2451666666666670E-02
   4.2221944444444444E-02 -3.2735555555555552E-02
   4.2388611111111113E-02 -3.3189444444444445E-02
   4.2665833333333333E-02 -3.3359722222222221E-02
   4.3609166666666671E-02 -3.3473055555555555E-02
   4.4718611111111112E-02 -3.3529999999999997E-02
   4.5495555555555553E-02 -3.3643333333333331E-02
   4.6771666666666670E-02 -3.3756944444444444E-02
