   1.7388888888888888E-02  1.4784444444444447E-02
   1.7000000000000001E-02  1.4955833333333335E-02
   1.6611111111111115E-02  1.5184444444444445E-02
   1.5777777777777779E-02  1.5527222222222224E-02
   1.5166666666666669E-02  1.5698611111111115E-02
   1.4611111111111109E-02  1.5926944444444445E-02
   1.3611111111111112E-02  1.6212499999999998E-02
   1.2944444444444446E-02  1.6383888888888889E-02
   1.2333333333333332E-02  1.6612500000000002E-02
   1.1944444444444445E-02  1.6840833333333336E-02
   1.1055555555555555E-02  1.7183611111111111E-02
   1.0388888888888888E-02  1.7469444444444444E-02
   9.7777777777777776E-03  1.7640555555555559E-02
   9.2222222222222219E-03  1.7811944444444446E-02
   8.5555555555555558E-03  1.7926388888888888E-02
   7.8888888888888897E-03  1.8040555555555556E-02
   7.0000000000000001E-03  1.8154722222222221E-02
   5.9444444444444440E-03  1.8154722222222221E-02
   5.2222222222222218E-03  1.7926388888888888E-02
   4.5555555555555557E-03  1.7640555555555559E-02
   4.2222222222222227E-03  1.7354999999999999E-02
   4.1666666666666666E-03  1.6840833333333336E-02
   4.4444444444444453E-03  1.6498333333333334E-02
   5.0555555555555553E-03  1.6041111111111110E-02
   5.7777777777777775E-03  1.5470000000000001E-02
   5.9444444444444440E-03  1.5298611111111114E-02
   6.3333333333333332E-03  1.4955833333333335E-02
   5.7777777777777775E-03  1.5013055555555557E-02
   5.3333333333333332E-03  1.5241388888888888E-02
   5.0000000000000001E-03  1.5412777777777779E-02
   4.5000000000000005E-03  1.5584166666666666E-02
   4.0000000000000001E-03  1.5641388888888889E-02
   3.1111111111111109E-03  1.5755555555555557E-02
   2.2222222222222227E-03  1.5812777777777776E-02
   1.6666666666666666E-03  1.5584166666666666E-02
   1.3333333333333333E-03  1.4955833333333335E-02
   8.8888888888888893E-04  1.4727499999999998E-02
  -1.1111111111111109E-04  1.4613055555555556E-02
   2.7777777777777783E-04  1.4213333333333335E-02
   9.4444444444444448E-04  1.3870555555555553E-02
   8.8888888888888893E-04  1.3527777777777777E-02
   8.8888888888888893E-04  1.2842500000000000E-02
   8.8888888888888893E-04  1.2099722222222224E-02
   2.7777777777777783E-04  1.2271111111111111E-02
  -5.0000000000000001E-04  1.2556666666666667E-02
  -1.2777777777777779E-03  1.2899444444444443E-02
  -2.0555555555555557E-03  1.3299444444444444E-02
  -2.7222222222222222E-03  1.3756388888888891E-02
  -3.3888888888888892E-03  1.4327500000000000E-02
  -3.7777777777777775E-03  1.4556111111111110E-02
  -4.1666666666666666E-03  1.4727499999999998E-02
  -4.7222222222222223E-03  1.4784444444444447E-02
  -5.1666666666666666E-03  1.4898888888888889E-02
  -5.9444444444444440E-03  1.5127222222222226E-02
  -6.5000000000000006E-03  1.5355833333333332E-02
  -7.2222222222222210E-03  1.5355833333333332E-02
  -7.8888888888888897E-03  1.5355833333333332E-02
  -8.5555555555555558E-03  1.5412777777777779E-02
  -9.1666666666666667E-03  1.5527222222222224E-02
  -9.5555555555555567E-03  1.5698611111111115E-02
  -9.8888888888888915E-03  1.6041111111111110E-02
  -1.0333333333333333E-02  1.6498333333333334E-02
  -1.0833333333333334E-02  1.6840833333333336E-02
  -1.1333333333333334E-02  1.7126666666666665E-02
  -1.2000000000000000E-02  1.7298055555555556E-02
  -1.2888888888888887E-02  1.7583611111111112E-02
  -1.3666666666666667E-02  1.7983333333333337E-02
  -1.4388888888888889E-02  1.8326111111111112E-02
  -1.4722222222222220E-02  1.8554722222222222E-02
  -1.5277777777777776E-02  1.8897500000000001E-02
  -1.5888888888888886E-02  1.8954444444444447E-02
  -1.6611111111111111E-02  1.8954444444444447E-02
  -1.7333333333333333E-02  1.8954444444444447E-02
  -1.7888888888888888E-02  1.9125833333333335E-02
  -1.8722222222222216E-02  1.9240000000000000E-02
  -1.9500000000000003E-02  1.9297222222222223E-02
  -2.0555555555555560E-02  1.9411388888888891E-02
  -2.1388888888888888E-02  1.9411388888888891E-02
  -2.2111111111111109E-02  1.9468611111111110E-02
  -2.3166666666666665E-02  1.9640000000000001E-02
  -2.3666666666666666E-02  1.9868333333333335E-02
  -2.4611111111111111E-02  2.0154166666666667E-02
  -2.5333333333333333E-02  2.0211111111111110E-02
  -2.6666666666666665E-02  2.0211111111111110E-02
  -2.7555555555555555E-02  2.0096944444444445E-02
  -2.8500000000000001E-02  1.9982777777777780E-02
  -2.9222222222222219E-02  1.9754166666666670E-02
  -2.9999999999999999E-02  1.9697222222222224E-02
  -3.0555555555555558E-02  1.9868333333333335E-02
  -3.1222222222222221E-02  2.0096944444444445E-02
  -3.1888888888888883E-02  2.0382500000000001E-02
  -3.2722222222222222E-02  2.0553888888888889E-02
  -3.3722222222222223E-02  2.0668055555555554E-02
  -3.4611111111111113E-02  2.0725277777777783E-02
  -3.5555555555555556E-02  2.0782499999999999E-02
  -3.6611111111111115E-02  2.0839444444444445E-02
  -3.7611111111111116E-02  2.0782499999999999E-02
  -3.8222222222222220E-02  2.0611111111111111E-02
  -3.8722222222222220E-02  2.0325555555555555E-02
  -3.8888888888888890E-02  2.0325555555555555E-02
  -3.9444444444444442E-02  2.0611111111111111E-02
  -4.0111111111111118E-02  2.0611111111111111E-02
  -4.0555555555555546E-02  2.0611111111111111E-02
  -4.1333333333333333E-02  2.1010833333333333E-02
  -4.2000000000000010E-02  2.1296666666666672E-02
  -4.2777777777777776E-02  2.1582222222222221E-02
  -4.3500000000000004E-02  2.1696388888888890E-02
  -4.4277777777777777E-02  2.1867777777777778E-02
  -4.5111111111111116E-02  2.1981944444444443E-02
  -4.5555555555555557E-02  2.2210555555555556E-02
  -4.6333333333333331E-02  2.2610277777777781E-02
  -4.6888888888888890E-02  2.2838888888888895E-02
  -4.7611111111111104E-02  2.3124444444444444E-02
  -4.8277777777777781E-02  2.3295833333333335E-02
  -4.9055555555555554E-02  2.3238611111111113E-02
  -4.9666666666666665E-02  2.3124444444444444E-02
  -5.0333333333333327E-02  2.3238611111111113E-02
  -5.1111111111111100E-02  2.3238611111111113E-02
  -5.1999999999999998E-02  2.3238611111111113E-02
  -5.2666666666666667E-02  2.3010277777777782E-02
  -5.3333333333333337E-02  2.2724722222222226E-02
  -5.4111111111111110E-02  2.2667500000000000E-02
  -5.5499999999999994E-02  2.2438888888888887E-02
  -5.6555555555555553E-02  2.2153333333333337E-02
  -5.7111111111111119E-02  2.2153333333333337E-02
  -5.8166666666666672E-02  2.2210555555555556E-02
  -5.8499999999999990E-02  2.2438888888888887E-02
  -5.8888888888888886E-02  2.2896111111111107E-02
  -5.9333333333333328E-02  2.3295833333333335E-02
  -5.9777777777777784E-02  2.3467222222222223E-02
  -6.0666666666666674E-02  2.3524444444444445E-02
  -6.1499999999999999E-02  2.3353055555555557E-02
  -6.2055555555555558E-02  2.3295833333333335E-02
  -6.2722222222222221E-02  2.3295833333333335E-02
  -6.3722222222222222E-02  2.3353055555555557E-02
  -6.4388888888888884E-02  2.3238611111111113E-02
  -6.4888888888888885E-02  2.2896111111111107E-02
  -6.5444444444444444E-02  2.2724722222222226E-02
  -6.6166666666666665E-02  2.2496111111111113E-02
  -6.6666666666666666E-02  2.2210555555555556E-02
  -6.7222222222222225E-02  2.1810555555555555E-02
  -6.7611111111111108E-02  2.1867777777777778E-02
  -6.8722222222222212E-02  2.1867777777777778E-02
  -6.9444444444444448E-02  2.1753611111111112E-02
  -7.0055555555555551E-02  2.1639166666666668E-02
  -7.0333333333333331E-02  2.1753611111111112E-02
  -7.0611111111111111E-02  2.1925000000000000E-02
  -7.1166666666666656E-02  2.2210555555555556E-02
  -7.1666666666666670E-02  2.2496111111111113E-02
  -7.2333333333333333E-02  2.2667500000000000E-02
  -7.3222222222222230E-02  2.2838888888888895E-02
  -7.3944444444444438E-02  2.2724722222222226E-02
  -7.4388888888888893E-02  2.2153333333333337E-02
  -7.4111111111111100E-02  2.1525000000000002E-02
  -7.3499999999999996E-02  2.0953888888888890E-02
  -7.2888888888888892E-02  2.0211111111111110E-02
  -7.2555555555555554E-02  1.9640000000000001E-02
  -7.2444444444444450E-02  1.8954444444444447E-02
  -7.2333333333333333E-02  1.8497500000000000E-02
  -7.2055555555555553E-02  1.7583611111111112E-02
  -7.1388888888888891E-02  1.6669722222222225E-02
  -7.1111111111111111E-02  1.6383888888888889E-02
  -7.0388888888888890E-02  1.5812777777777776E-02
  -6.9777777777777772E-02  1.5355833333333332E-02
  -6.9277777777777785E-02  1.5013055555555557E-02
  -6.8611111111111123E-02  1.4556111111111110E-02
  -6.8000000000000005E-02  1.3984722222222221E-02
  -6.7555555555555549E-02  1.3699166666666669E-02
  -6.7222222222222225E-02  1.3356388888888890E-02
  -6.6777777777777769E-02  1.2842500000000000E-02
  -6.6277777777777783E-02  1.2328333333333334E-02
  -6.5833333333333341E-02  1.2042777777777781E-02
  -6.5222222222222223E-02  1.1585555555555554E-02
  -6.5000000000000002E-02  1.1357222222222223E-02
  -6.4555555555555547E-02  1.0900277777777780E-02
  -6.4222222222222222E-02  1.0500277777777779E-02
  -6.3722222222222222E-02  9.8719444444444436E-03
  -6.3166666666666663E-02  9.2436111111111122E-03
  -6.2944444444444442E-02  8.7866666666666683E-03
  -6.2555555555555545E-02  8.1583333333333334E-03
  -6.2166666666666662E-02  7.7013888888888887E-03
  -6.1666666666666675E-02  7.3013888888888894E-03
  -6.1055555555555557E-02  6.9016666666666671E-03
  -6.0722222222222212E-02  6.7872222222222223E-03
  -5.9833333333333329E-02  6.4447222222222223E-03
  -5.9166666666666666E-02  6.2161111111111115E-03
  -5.8388888888888893E-02  5.8733333333333337E-03
  -5.8055555555555555E-02  5.6449999999999998E-03
  -5.7333333333333326E-02  5.3591666666666666E-03
  -5.6777777777777788E-02  5.3591666666666666E-03
  -5.6000000000000001E-02  5.3591666666666666E-03
  -5.5555555555555552E-02  4.7880555555555558E-03
  -5.5499999999999994E-02  4.2169444444444442E-03
  -5.5777777777777780E-02  4.0455555555555557E-03
  -5.6611111111111112E-02  3.7027777777777779E-03
  -5.7111111111111119E-02  3.1886111111111112E-03
  -5.7666666666666672E-02  2.6744444444444446E-03
  -5.8055555555555555E-02  2.2747222222222222E-03
  -5.8555555555555555E-02  1.8747222222222221E-03
  -5.9055555555555556E-02  1.4177777777777778E-03
  -5.9555555555555556E-02  1.2463888888888889E-03
  -6.0222222222222226E-02  1.1894444444444444E-03
  -6.0833333333333323E-02  9.0361111111111111E-04
  -6.1333333333333323E-02  5.0388888888888890E-04
  -6.1722222222222220E-02 -1.0277777777777672E-05
  -6.1944444444444441E-02 -5.8138888888888888E-04
  -6.1611111111111116E-02 -1.4383333333333331E-03
  -6.1277777777777778E-02 -2.0094444444444448E-03
  -6.0833333333333323E-02 -2.5808333333333334E-03
  -6.0666666666666674E-02 -3.3233333333333335E-03
  -6.0388888888888895E-02 -3.8947222222222230E-03
  -5.9722222222222218E-02 -4.0661111111111106E-03
  -5.9055555555555556E-02 -4.1802777777777776E-03
  -5.9000000000000011E-02 -4.4658333333333329E-03
  -5.9333333333333328E-02 -5.0369444444444446E-03
  -5.9777777777777784E-02 -5.4369444444444448E-03
  -6.0666666666666674E-02 -6.0080555555555555E-03
  -6.1555555555555544E-02 -6.5222222222222218E-03
  -6.2000000000000000E-02 -6.8650000000000004E-03
  -6.2777777777777766E-02 -7.4361111111111112E-03
  -6.3611111111111118E-02 -8.2930555555555570E-03
  -6.4277777777777781E-02 -9.0927777777777760E-03
  -6.4833333333333340E-02 -1.0006666666666667E-02
  -6.5166666666666664E-02 -1.0634999999999999E-02
  -6.5722222222222224E-02 -1.1491944444444444E-02
  -6.6333333333333327E-02 -1.2291666666666666E-02
  -6.6833333333333342E-02 -1.2805833333333332E-02
  -6.7555555555555549E-02 -1.3434166666666667E-02
  -6.8277777777777771E-02 -1.4233888888888890E-02
  -6.8722222222222212E-02 -1.4690833333333334E-02
  -6.9055555555555564E-02 -1.5376388888888884E-02
  -6.8833333333333344E-02 -1.6461666666666666E-02
  -6.8777777777777771E-02 -1.6804444444444441E-02
  -6.9055555555555564E-02 -1.7261388888888889E-02
  -6.9722222222222227E-02 -1.8175277777777773E-02
  -7.0000000000000007E-02 -1.8918055555555549E-02
  -7.0111111111111110E-02 -1.9546388888888891E-02
  -7.0277777777777772E-02 -2.0346111111111110E-02
  -7.0388888888888890E-02 -2.1316944444444444E-02
  -7.0388888888888890E-02 -2.2116666666666663E-02
  -7.0277777777777772E-02 -2.3373611111111109E-02
  -7.0000000000000007E-02 -2.4287500000000000E-02
  -6.9666666666666668E-02 -2.5087222222222219E-02
  -6.9111111111111109E-02 -2.5658333333333328E-02
  -6.8333333333333329E-02 -2.5829722222222223E-02
  -6.7777777777777770E-02 -2.5886944444444442E-02
  -6.6333333333333327E-02 -2.5943888888888888E-02
  -6.5777777777777768E-02 -2.6058333333333336E-02
  -6.5111111111111106E-02 -2.6229722222222224E-02
  -6.3944444444444443E-02 -2.6401111111111111E-02
  -6.3277777777777780E-02 -2.6458055555555554E-02
  -6.2333333333333338E-02 -2.6743611111111110E-02
  -6.1833333333333337E-02 -2.6858055555555555E-02
  -6.0944444444444440E-02 -2.6800833333333336E-02
  -6.0333333333333336E-02 -2.6572499999999999E-02
  -5.9666666666666673E-02 -2.6343888888888885E-02
  -5.9166666666666666E-02 -2.6343888888888885E-02
  -5.8666666666666666E-02 -2.6515277777777777E-02
  -5.8222222222222224E-02 -2.6800833333333336E-02
  -5.7777777777777782E-02 -2.7086388888888882E-02
  -5.7166666666666664E-02 -2.7200833333333337E-02
  -5.6388888888888891E-02 -2.7200833333333337E-02
  -5.5388888888888883E-02 -2.7200833333333337E-02
  -5.4222222222222220E-02 -2.7200833333333337E-02
  -5.3499999999999999E-02 -2.7200833333333337E-02
  -5.2388888888888895E-02 -2.7372222222222225E-02
  -5.1666666666666666E-02 -2.7372222222222225E-02
  -5.0944444444444445E-02 -2.7200833333333337E-02
  -5.0222222222222217E-02 -2.7200833333333337E-02
  -4.9555555555555547E-02 -2.7543333333333333E-02
  -4.9111111111111112E-02 -2.7486388888888890E-02
  -4.8722222222222222E-02 -2.7257777777777777E-02
  -4.8388888888888891E-02 -2.7257777777777777E-02
  -4.7722222222222214E-02 -2.7257777777777777E-02
  -4.6888888888888890E-02 -2.7029444444444450E-02
  -4.6111111111111110E-02 -2.7143611111111108E-02
  -4.5055555555555550E-02 -2.7086388888888882E-02
  -4.4555555555555550E-02 -2.7086388888888882E-02
  -4.3888888888888894E-02 -2.7429166666666664E-02
  -4.3055555555555548E-02 -2.7600555555555552E-02
  -4.1833333333333333E-02 -2.7600555555555552E-02
  -4.0777777777777774E-02 -2.7372222222222225E-02
  -4.0000000000000008E-02 -2.7200833333333337E-02
  -3.9055555555555552E-02 -2.7086388888888882E-02
  -3.8222222222222220E-02 -2.6915000000000001E-02
  -3.7388888888888888E-02 -2.6686666666666668E-02
  -3.6277777777777777E-02 -2.6401111111111111E-02
  -3.5000000000000003E-02 -2.6229722222222224E-02
  -3.4111111111111113E-02 -2.6629444444444442E-02
  -3.3166666666666664E-02 -2.6800833333333336E-02
  -3.2222222222222222E-02 -2.6800833333333336E-02
  -3.1277777777777772E-02 -2.6401111111111111E-02
  -3.0888888888888882E-02 -2.5943888888888888E-02
  -3.0222222222222220E-02 -2.5886944444444442E-02
  -2.9555555555555557E-02 -2.5829722222222223E-02
  -2.8444444444444446E-02 -2.5429999999999998E-02
  -2.6555555555555554E-02 -2.5030000000000000E-02
  -2.6000000000000002E-02 -2.5144444444444445E-02
  -2.5277777777777774E-02 -2.5201388888888888E-02
  -2.4277777777777777E-02 -2.5258611111111110E-02
  -2.3444444444444445E-02 -2.5315555555555553E-02
  -2.2444444444444444E-02 -2.5315555555555553E-02
  -2.1888888888888888E-02 -2.5087222222222219E-02
  -2.1277777777777777E-02 -2.4744444444444444E-02
  -2.0444444444444446E-02 -2.4058888888888894E-02
  -1.9777777777777773E-02 -2.3659166666666665E-02
  -1.8944444444444444E-02 -2.3659166666666665E-02
  -1.8166666666666664E-02 -2.3773333333333330E-02
  -1.7500000000000002E-02 -2.3944722222222218E-02
  -1.7277777777777777E-02 -2.3887499999999999E-02
  -1.7000000000000001E-02 -2.3659166666666665E-02
  -1.6444444444444442E-02 -2.3487777777777778E-02
  -1.5722222222222221E-02 -2.3430555555555555E-02
  -1.4999999999999999E-02 -2.3716111111111111E-02
  -1.4055555555555554E-02 -2.3716111111111111E-02
  -1.2722222222222222E-02 -2.3773333333333330E-02
  -1.1833333333333335E-02 -2.3659166666666665E-02
  -1.1055555555555555E-02 -2.3487777777777778E-02
  -1.0499999999999999E-02 -2.3316388888888886E-02
  -9.6111111111111119E-03 -2.3202222222222221E-02
  -9.1111111111111115E-03 -2.3087777777777777E-02
  -8.6111111111111110E-03 -2.3087777777777777E-02
  -8.3333333333333350E-03 -2.3259166666666668E-02
  -7.6666666666666662E-03 -2.3544999999999993E-02
  -6.7222222222222232E-03 -2.3716111111111111E-02
  -5.6111111111111110E-03 -2.3830555555555556E-02
  -4.6111111111111118E-03 -2.4058888888888894E-02
  -3.7777777777777775E-03 -2.4001944444444444E-02
  -3.3333333333333331E-03 -2.4058888888888894E-02
  -2.8333333333333335E-03 -2.4344722222222222E-02
  -2.3888888888888887E-03 -2.4344722222222222E-02
  -1.2777777777777779E-03 -2.4230277777777781E-02
  -1.1111111111111109E-04 -2.4116111111111106E-02
   7.7777777777777784E-04 -2.4287500000000000E-02
   1.6666666666666666E-03 -2.4515833333333334E-02
   2.8333333333333335E-03 -2.4630277777777779E-02
   3.8333333333333331E-03 -2.4858611111111109E-02
   4.4444444444444453E-03 -2.4973055555555557E-02
   5.3333333333333332E-03 -2.4915833333333332E-02
   5.8888888888888897E-03 -2.4915833333333332E-02
   6.9444444444444441E-03 -2.4344722222222222E-02
   7.5555555555555558E-03 -2.3773333333333330E-02
   8.1666666666666658E-03 -2.3202222222222221E-02
   8.7222222222222232E-03 -2.3087777777777777E-02
   9.8888888888888880E-03 -2.3144999999999999E-02
   1.0722222222222223E-02 -2.3259166666666668E-02
   1.1777777777777776E-02 -2.3373611111111109E-02
   1.2444444444444445E-02 -2.3659166666666665E-02
   1.3500000000000002E-02 -2.4116111111111106E-02
   1.4000000000000002E-02 -2.4401666666666669E-02
   1.4944444444444444E-02 -2.4630277777777779E-02
   1.6833333333333332E-02 -2.4001944444444444E-02
   1.9333333333333334E-02 -2.3316388888888886E-02
