   1.3102500000000000E-02  1.2200555555555555E-02
   1.2268055555555553E-02  1.2200555555555555E-02
   1.1767777777777776E-02  1.1913611111111111E-02
   1.1211388888888889E-02  1.1511944444444443E-02
   1.0655277777777777E-02  1.1167777777777776E-02
   9.7655555555555551E-03  1.1110277777777778E-02
   9.2094444444444437E-03  1.1282500000000001E-02
   8.7088888888888875E-03  1.1454722222222220E-02
   8.0413888888888896E-03  1.1626944444444447E-02
   7.5966666666666665E-03  1.1856388888888889E-02
   7.0402777777777781E-03  1.2028333333333332E-02
   6.4286111111111106E-03  1.2200555555555555E-02
   6.0394444444444445E-03  1.2315277777777779E-02
   5.3719444444444448E-03  1.2487499999999999E-02
   4.7602777777777773E-03  1.2774444444444442E-02
   3.8702777777777780E-03  1.3118611111111112E-02
   3.2030555555555558E-03  1.3463055555555554E-02
   2.8136111111111113E-03  1.3635000000000001E-02
   2.0350000000000004E-03  1.3807222222222224E-02
   1.0897222222222222E-03  1.3921944444444445E-02
   6.4472222222222231E-04  1.4208888888888889E-02
  -2.2777777777777813E-05  1.5356388888888888E-02
  -2.4527777777777785E-04  1.5528611111111111E-02
  -1.1905555555555554E-03  1.6274444444444446E-02
  -1.4130555555555554E-03  1.6389166666666666E-02
  -2.5811111111111113E-03  1.6790833333333335E-02
  -3.3038888888888883E-03  1.6963055555555561E-02
  -4.0825000000000002E-03  1.7135000000000001E-02
  -4.9169444444444451E-03  1.7307222222222224E-02
  -5.6397222222222222E-03  1.7364722222222226E-02
  -6.2516666666666667E-03  1.7479444444444447E-02
  -7.3638888888888877E-03  1.7594166666666668E-02
  -7.6419444444444451E-03  1.7536666666666666E-02
  -8.2536111111111109E-03  1.7364722222222226E-02
  -8.9766666666666675E-03  1.7421944444444445E-02
  -9.7552777777777759E-03  1.7536666666666666E-02
  -1.0533888888888888E-02  1.7594166666666668E-02
  -1.1368055555555558E-02  1.7651666666666666E-02
  -1.2258055555555557E-02  1.7766388888888887E-02
  -1.3147777777777776E-02  1.7881111111111112E-02
  -1.3759444444444446E-02  1.7995833333333336E-02
  -1.4538055555555558E-02  1.8110555555555557E-02
  -1.6651666666666665E-02  1.8397500000000001E-02
  -1.7763888888888888E-02  1.8397500000000001E-02
  -1.8542500000000000E-02  1.8282777777777776E-02
  -1.9599166666666664E-02  1.8282777777777776E-02
  -2.0433333333333331E-02  1.8340000000000002E-02
  -2.1323333333333333E-02  1.8512222222222222E-02
  -2.2213055555555555E-02  1.8684444444444444E-02
  -2.3269722222222219E-02  1.8913888888888890E-02
  -2.4159444444444442E-02  1.9028611111111111E-02
  -2.5160555555555554E-02  1.9028611111111111E-02
  -2.6217222222222222E-02  1.8913888888888890E-02
  -2.7162777777777775E-02  1.9028611111111111E-02
  -2.7830000000000001E-02  1.9143333333333332E-02
  -2.9053611111111113E-02  1.9315555555555555E-02
  -3.0277222222222219E-02  1.9315555555555555E-02
  -3.1611944444444443E-02  1.9315555555555555E-02
  -3.2668611111111107E-02  1.9315555555555555E-02
  -3.3558333333333329E-02  1.9315555555555555E-02
  -3.4726388888888890E-02  1.9315555555555555E-02
  -3.5504999999999995E-02  1.9143333333333332E-02
  -3.6172222222222224E-02  1.8512222222222222E-02
  -3.6950833333333336E-02  1.7938333333333334E-02
  -3.8007777777777779E-02  1.7364722222222226E-02
  -3.8619444444444442E-02  1.6963055555555561E-02
  -3.9064444444444436E-02  1.6676111111111110E-02
  -3.9564999999999996E-02  1.6045000000000000E-02
  -3.9954166666666666E-02  1.5413888888888887E-02
  -4.0176666666666666E-02  1.4381111111111112E-02
  -4.0065277777777776E-02  1.3635000000000001E-02
  -3.9676111111111106E-02  1.2659722222222222E-02
  -3.9453611111111099E-02  1.1397222222222222E-02
  -3.9342499999999989E-02  1.0192222222222221E-02
  -3.9342499999999989E-02  9.1022222222222234E-03
  -3.9676111111111106E-02  8.5858333333333342E-03
  -4.0399166666666660E-02  8.1266666666666675E-03
  -4.1010833333333330E-02  7.5530555555555559E-03
  -4.1233333333333323E-02  7.0366666666666668E-03
  -4.1233333333333323E-02  6.2905555555555553E-03
  -4.1010833333333330E-02  5.3724999999999997E-03
  -4.1177777777777778E-02  4.1675000000000011E-03
  -4.1455833333333331E-02  3.3644444444444446E-03
  -4.1511388888888889E-02  2.2741666666666665E-03
  -4.1233333333333323E-02  1.2413888888888889E-03
  -4.0788333333333336E-02  7.8222222222222224E-04
  -4.0287777777777777E-02  4.3805555555555557E-04
  -3.9676111111111106E-02  2.0861111111111113E-04
  -3.7896388888888882E-02 -3.6527777777777774E-04
  -3.6895277777777777E-02 -5.9472222222222218E-04
  -3.7785277777777772E-02 -1.2258333333333335E-03
  -3.8285833333333331E-02 -1.6849999999999999E-03
  -3.8619444444444442E-02 -2.7177777777777773E-03
  -3.8675000000000001E-02 -3.8652777777777774E-03
  -3.8396944444444442E-02 -4.6686111111111112E-03
  -3.7840833333333337E-02 -5.1849999999999995E-03
  -3.7173333333333329E-02 -5.7013888888888887E-03
  -3.5838611111111113E-02 -6.5047222222222216E-03
  -3.5282500000000001E-02 -6.7916666666666672E-03
  -3.4726388888888890E-02 -6.9638888888888884E-03
  -3.4948888888888890E-02 -7.3655555555555549E-03
  -3.5504999999999995E-02 -7.9966666666666658E-03
  -3.5560555555555561E-02 -8.5702777777777774E-03
  -3.5616111111111105E-02 -9.5458333333333333E-03
  -3.5783055555555554E-02 -1.0521388888888889E-02
  -3.6005555555555555E-02 -1.1554166666666667E-02
  -3.6172222222222224E-02 -1.2242500000000000E-02
  -3.6339166666666665E-02 -1.3275277777777778E-02
  -3.6450555555555555E-02 -1.4021388888888885E-02
  -3.6561666666666666E-02 -1.4824722222222222E-02
  -3.6728611111111115E-02 -1.5628055555555555E-02
  -3.6728611111111115E-02 -1.6546111111111109E-02
  -3.6672777777777776E-02 -1.7464166666666666E-02
  -3.6895277777777777E-02 -1.8267222222222223E-02
  -3.7117777777777777E-02 -1.8841111111111111E-02
  -3.7284722222222219E-02 -1.9586944444444442E-02
  -3.7284722222222219E-02 -2.0504999999999999E-02
  -3.7062222222222219E-02 -2.1308333333333332E-02
  -3.7006666666666667E-02 -2.2169166666666667E-02
  -3.7006666666666667E-02 -2.2800277777777777E-02
  -3.7006666666666667E-02 -2.3603611111111110E-02
  -3.6895277777777777E-02 -2.4005277777777782E-02
  -3.6450555555555555E-02 -2.4578888888888886E-02
  -3.6061111111111113E-02 -2.4808333333333335E-02
  -3.5727499999999995E-02 -2.4923333333333332E-02
  -3.4781944444444442E-02 -2.4980555555555551E-02
  -3.4058888888888889E-02 -2.4923333333333332E-02
  -3.3336111111111108E-02 -2.4923333333333332E-02
  -3.2501666666666665E-02 -2.5325000000000000E-02
  -3.1723055555555553E-02 -2.5956111111111110E-02
  -3.1000277777777779E-02 -2.6185555555555556E-02
  -2.9999166666666660E-02 -2.6243055555555554E-02
  -2.9053611111111113E-02 -2.5956111111111110E-02
  -2.8553055555555554E-02 -2.5669166666666667E-02
  -2.7607777777777773E-02 -2.5152777777777781E-02
  -2.7107222222222220E-02 -2.4923333333333332E-02
  -2.6606666666666664E-02 -2.4693611111111111E-02
  -2.5828055555555552E-02 -2.4521666666666667E-02
  -2.5049444444444444E-02 -2.4406944444444439E-02
  -2.3825833333333334E-02 -2.4349444444444441E-02
  -2.3214166666666664E-02 -2.4349444444444441E-02
  -2.2379999999999997E-02 -2.4062500000000001E-02
  -2.1378888888888888E-02 -2.3833055555555552E-02
  -2.0544722222222221E-02 -2.3833055555555552E-02
  -1.9821666666666668E-02 -2.4062500000000001E-02
  -1.8820555555555552E-02 -2.4291944444444446E-02
  -1.8097499999999999E-02 -2.4349444444444441E-02
  -1.6651666666666665E-02 -2.4406944444444439E-02
  -1.5761666666666663E-02 -2.4406944444444439E-02
  -1.5150000000000000E-02 -2.4291944444444446E-02
  -1.4538055555555558E-02 -2.4291944444444446E-02
  -1.3703888888888890E-02 -2.4291944444444446E-02
  -1.2702777777777778E-02 -2.4234722222222217E-02
  -1.0533888888888888E-02 -2.4119999999999999E-02
  -9.5327777777777789E-03 -2.4177222222222218E-02
  -8.1980555555555557E-03 -2.4234722222222217E-02
  -7.1969444444444442E-03 -2.4291944444444446E-02
  -6.4183333333333340E-03 -2.4349444444444441E-02
  -5.2505555555555561E-03 -2.4464166666666665E-02
  -4.6386111111111116E-03 -2.4464166666666665E-02
  -3.3597222222222223E-03 -2.4464166666666665E-02
  -2.4697222222222221E-03 -2.4578888888888886E-02
  -1.7466666666666663E-03 -2.4578888888888886E-02
  -1.1905555555555554E-03 -2.4636388888888888E-02
   5.8916666666666666E-04 -2.4980555555555551E-02
   5.8916666666666666E-04 -2.5038055555555556E-02
   2.2575000000000000E-03 -2.5152777777777781E-02
   3.2586111111111110E-03 -2.5152777777777781E-02
   4.7602777777777773E-03 -2.5095277777777775E-02
   5.8169444444444449E-03 -2.5038055555555556E-02
   6.9847222222222229E-03 -2.4980555555555551E-02
   8.2638888888888901E-03 -2.4980555555555551E-02
   9.5430555555555546E-03 -2.4980555555555551E-02
   1.0877777777777778E-02 -2.4923333333333332E-02
   1.1878888888888890E-02 -2.4865833333333334E-02
   1.3158055555555555E-02 -2.4865833333333334E-02
   1.4103333333333332E-02 -2.4865833333333334E-02
   1.4937777777777779E-02 -2.4808333333333335E-02
   1.5549444444444446E-02 -2.4578888888888886E-02
   1.6216944444444444E-02 -2.4234722222222217E-02
   1.6939722222222221E-02 -2.3833055555555552E-02
   1.7885277777777778E-02 -2.3775555555555560E-02
   1.8830833333333335E-02 -2.4005277777777782E-02
   1.9887500000000002E-02 -2.4234722222222217E-02
   2.0721666666666669E-02 -2.4291944444444446E-02
   2.1611388888888888E-02 -2.4349444444444441E-02
