   1.7557500000000000E-02  1.4228888888888892E-02
   1.7113333333333335E-02  1.4228888888888892E-02
   1.6835833333333335E-02  1.4114722222222223E-02
   1.6225000000000000E-02  1.3943333333333332E-02
   1.5947222222222224E-02  1.3714999999999998E-02
   1.5669722222222220E-02  1.3543611111111110E-02
   1.5225555555555555E-02  1.3315000000000000E-02
   1.4670277777777779E-02  1.3200833333333335E-02
   1.3948333333333333E-02  1.3086388888888890E-02
   1.3337500000000002E-02  1.3029444444444448E-02
   1.2893333333333333E-02  1.3029444444444448E-02
   1.2116111111111112E-02  1.2800833333333334E-02
   1.1616388888888888E-02  1.2401111111111109E-02
   1.1283055555555557E-02  1.2058333333333331E-02
   1.0783333333333332E-02  1.1715555555555555E-02
   1.0283611111111111E-02  1.1429999999999999E-02
   9.5619444444444458E-03  1.1030000000000002E-02
   9.1730555555555558E-03  1.0801666666666668E-02
   8.7288888888888885E-03  1.0630277777777777E-02
   8.4513888888888885E-03  1.0573055555555554E-02
   8.1736111111111107E-03  1.0687499999999999E-02
   7.6738888888888889E-03  1.1087222222222224E-02
   7.3963888888888890E-03  1.1315833333333334E-02
   6.9522222222222225E-03  1.1715555555555555E-02
   6.5633333333333333E-03  1.1944166666666665E-02
   6.1747222222222229E-03  1.2286944444444444E-02
   5.8416666666666669E-03  1.2515277777777778E-02
   5.3419444444444443E-03  1.2686666666666666E-02
   4.8422222222222217E-03  1.2858055555555557E-02
   4.0647222222222222E-03  1.3029444444444448E-02
   3.2875000000000001E-03  1.2915277777777779E-02
   2.9541666666666666E-03  1.2515277777777778E-02
   2.4544444444444444E-03  1.2115555555555556E-02
   2.0102777777777775E-03  1.1886944444444443E-02
   1.3994444444444445E-03  1.1886944444444443E-02
   6.2222222222222225E-04  1.2115555555555556E-02
   1.2250000000000000E-04  1.2229722222222222E-02
  -4.8833333333333346E-04  1.2458055555555556E-02
  -1.1547222222222223E-03  1.2515277777777778E-02
  -1.9319444444444445E-03  1.2401111111111109E-02
  -2.4872222222222227E-03  1.2343888888888890E-02
  -3.2091666666666666E-03  1.2458055555555556E-02
  -4.4308333333333326E-03  1.2572500000000000E-02
  -5.1525000000000000E-03  1.2858055555555557E-02
  -5.4858333333333330E-03  1.2972222222222225E-02
  -6.3186111111111108E-03  1.3086388888888890E-02
  -7.0405555555555560E-03  1.3086388888888890E-02
  -7.4847222222222199E-03  1.3086388888888890E-02
  -8.3730555555555572E-03  1.3143611111111113E-02
  -9.1505555555555576E-03  1.3143611111111113E-02
  -9.8722222222222197E-03  1.3257777777777778E-02
  -1.0594166666666665E-02  1.3429166666666666E-02
  -1.1704722222222221E-02  1.3829166666666663E-02
  -1.2648611111111110E-02  1.4171944444444442E-02
  -1.3315000000000000E-02  1.4343333333333333E-02
  -1.4147777777777776E-02  1.4457500000000002E-02
  -1.4758611111111111E-02  1.4514722222222221E-02
  -1.5646944444444442E-02  1.4571666666666670E-02
  -1.6646388888888888E-02  1.4514722222222221E-02
  -1.7812499999999998E-02  1.4514722222222221E-02
  -1.8645277777777781E-02  1.4343333333333333E-02
  -1.9089444444444444E-02  1.4114722222222223E-02
  -1.9755833333333334E-02  1.3886111111111109E-02
  -2.0366666666666665E-02  1.3771944444444444E-02
  -2.0588888888888889E-02  1.3829166666666663E-02
  -2.1199444444444448E-02  1.4171944444444442E-02
  -2.1754722222222220E-02  1.4400277777777779E-02
  -2.2643333333333335E-02  1.4571666666666670E-02
  -2.3809166666666669E-02  1.4514722222222221E-02
  -2.4753333333333336E-02  1.4171944444444442E-02
  -2.5586111111111108E-02  1.3829166666666663E-02
  -2.6474444444444446E-02  1.3486388888888888E-02
  -2.7251944444444440E-02  1.3315000000000000E-02
  -2.8029166666666671E-02  1.3315000000000000E-02
  -2.8917777777777778E-02  1.3543611111111110E-02
  -2.9695000000000006E-02  1.3657777777777776E-02
  -3.0194722222222223E-02  1.3714999999999998E-02
  -3.1249722222222220E-02  1.3829166666666663E-02
  -3.1971666666666662E-02  1.3886111111111109E-02
  -3.3082222222222221E-02  1.3886111111111109E-02
  -3.3915000000000001E-02  1.3657777777777776E-02
  -3.4747777777777780E-02  1.3315000000000000E-02
  -3.5414166666666663E-02  1.2972222222222225E-02
  -3.5414166666666663E-02  1.2572500000000000E-02
  -3.5247500000000001E-02  1.1829722222222221E-02
  -3.5081111111111112E-02  1.1030000000000002E-02
  -3.5025555555555560E-02  1.0001944444444445E-02
  -3.5247500000000001E-02  9.1450000000000004E-03
  -3.5358611111111111E-02  8.5166666666666672E-03
  -3.5358611111111111E-02  7.7741666666666671E-03
  -3.5247500000000001E-02  6.8602777777777776E-03
  -3.5303055555555553E-02  5.7177777777777774E-03
  -3.5525277777777781E-02  5.2036111111111111E-03
  -3.5691944444444443E-02  4.8608333333333333E-03
  -3.5747222222222222E-02  4.2325000000000002E-03
  -3.5469722222222222E-02  3.1472222222222223E-03
  -3.4858888888888891E-02  2.6902777777777775E-03
  -3.4470277777777780E-02  2.4044444444444447E-03
  -3.4192499999999994E-02  2.0047222222222224E-03
  -3.3248611111111111E-02  1.0908333333333334E-03
  -3.2415833333333338E-02  8.6222222222222223E-04
  -3.1860555555555552E-02  6.9083333333333345E-04
  -3.1305277777777779E-02  4.6250000000000002E-04
  -3.0139166666666668E-02  1.1972222222222213E-04
  -2.9250833333333327E-02 -1.0888888888888884E-04
  -2.7918055555555557E-02 -3.3722222222222226E-04
  -2.7196388888888885E-02 -5.6583333333333334E-04
  -2.6141388888888888E-02 -5.0861111111111116E-04
  -2.5974722222222222E-02 -5.6583333333333334E-04
  -2.6030277777777777E-02 -8.5138888888888894E-04
  -2.6918611111111108E-02 -1.3655555555555552E-03
  -2.8195833333333337E-02 -1.8797222222222219E-03
  -2.8751111111111109E-02 -2.1652777777777777E-03
  -2.9583888888888896E-02 -2.4508333333333331E-03
  -3.0472500000000000E-02 -2.6794444444444444E-03
  -3.1027500000000000E-02 -2.7936111111111109E-03
  -3.1916111111111110E-02 -2.9649999999999998E-03
  -3.2360277777777779E-02 -3.3647222222222221E-03
  -3.3415277777777780E-02 -4.6216666666666672E-03
  -3.3637222222222221E-02 -5.0786111111111110E-03
  -3.3859444444444442E-02 -5.9352777777777780E-03
  -3.3915000000000001E-02 -6.5066666666666658E-03
  -3.3859444444444442E-02 -7.5347222222222230E-03
  -3.3859444444444442E-02 -8.2775000000000001E-03
  -3.3637222222222221E-02 -8.9627777777777778E-03
  -3.3248611111111111E-02 -9.5911111111111128E-03
  -3.2748888888888890E-02 -1.0276666666666667E-02
  -3.2415833333333338E-02 -1.0733611111111110E-02
  -3.2027222222222221E-02 -1.1247777777777777E-02
  -3.2193611111111110E-02 -1.2333055555555555E-02
  -3.2304722222222221E-02 -1.3018611111111109E-02
  -3.2415833333333338E-02 -1.4103888888888892E-02
  -3.2526944444444449E-02 -1.4960833333333333E-02
  -3.2748888888888890E-02 -1.5531944444444442E-02
  -3.3137500000000000E-02 -1.6103333333333334E-02
  -3.3304166666666662E-02 -1.6617222222222221E-02
  -3.3415277777777780E-02 -1.7360000000000000E-02
  -3.3470833333333332E-02 -1.8102500000000001E-02
  -3.3137500000000000E-02 -1.9016388888888888E-02
  -3.2582222222222221E-02 -1.9816111111111111E-02
  -3.2027222222222221E-02 -2.0615833333333337E-02
  -3.1360833333333331E-02 -2.1072777777777777E-02
  -3.0305833333333337E-02 -2.1472777777777775E-02
  -2.9639444444444440E-02 -2.1530000000000001E-02
  -2.8973055555555557E-02 -2.1701388888888888E-02
  -2.7973611111111116E-02 -2.1701388888888888E-02
  -2.7140833333333329E-02 -2.1701388888888888E-02
  -2.6474444444444446E-02 -2.1758333333333334E-02
  -2.5808333333333332E-02 -2.1872500000000003E-02
  -2.4919722222222222E-02 -2.2272500000000001E-02
  -2.4253333333333335E-02 -2.2386666666666666E-02
  -2.3253888888888890E-02 -2.2672222222222219E-02
  -2.2254444444444445E-02 -2.2786666666666663E-02
  -2.1199444444444448E-02 -2.2843611111111110E-02
  -2.0255555555555554E-02 -2.2729444444444441E-02
  -1.9256111111111109E-02 -2.2615277777777779E-02
  -1.8201111111111109E-02 -2.2443888888888888E-02
  -1.7423888888888888E-02 -2.2272500000000001E-02
  -1.6646388888888888E-02 -2.2101111111111113E-02
  -1.6257777777777777E-02 -2.1929722222222222E-02
  -1.5702499999999998E-02 -2.1929722222222222E-02
  -1.4314444444444442E-02 -2.1929722222222222E-02
  -1.3481388888888887E-02 -2.1929722222222222E-02
  -1.2815000000000000E-02 -2.1701388888888888E-02
  -1.2370833333333334E-02 -2.1472777777777775E-02
  -1.2093333333333334E-02 -2.1072777777777777E-02
  -1.1482500000000000E-02 -2.1187222222222225E-02
  -1.0316388888888889E-02 -2.1301388888888887E-02
  -9.5947222222222198E-03 -2.1187222222222225E-02
  -8.5952777777777781E-03 -2.1129999999999999E-02
  -7.6511111111111111E-03 -2.1187222222222225E-02
  -6.9849999999999990E-03 -2.1358611111111106E-02
  -6.1519444444444434E-03 -2.1586944444444443E-02
  -5.3747222222222234E-03 -2.1644166666666666E-02
  -4.0975000000000004E-03 -2.1701388888888888E-02
  -3.4866666666666666E-03 -2.1815555555555553E-02
  -2.7094444444444440E-03 -2.2158333333333332E-02
  -1.9319444444444445E-03 -2.2329722222222223E-02
  -1.0436111111111110E-03 -2.2558055555555553E-02
   6.6944444444444451E-05 -2.2729444444444441E-02
   9.5527777777777777E-04 -2.3129444444444442E-02
   1.6216666666666667E-03 -2.3357777777777776E-02
   2.4544444444444444E-03 -2.3529166666666667E-02
   3.5094444444444444E-03 -2.3700555555555555E-02
   4.2869444444444448E-03 -2.3757777777777777E-02
   5.0086111111111112E-03 -2.3814722222222220E-02
   5.5638888888888891E-03 -2.3814722222222220E-02
   6.3969444444444438E-03 -2.3814722222222220E-02
   7.6183333333333337E-03 -2.3986111111111111E-02
   8.2291666666666659E-03 -2.3986111111111111E-02
   8.9511111111111111E-03 -2.4043333333333333E-02
   9.7838888888888906E-03 -2.4043333333333333E-02
   1.0672222222222222E-02 -2.3929166666666665E-02
   1.1616388888888888E-02 -2.3814722222222220E-02
   1.2948888888888888E-02 -2.3700555555555555E-02
   1.3837222222222223E-02 -2.3700555555555555E-02
   1.4725833333333334E-02 -2.3871944444444446E-02
   1.5447499999999999E-02 -2.3986111111111111E-02
   1.6225000000000000E-02 -2.4100555555555556E-02
   1.7057777777777779E-02 -2.4386111111111112E-02
   1.8112777777777780E-02 -2.4557499999999996E-02
   1.9056666666666666E-02 -2.4728888888888884E-02
   1.9945277777777781E-02 -2.4900277777777771E-02
   2.0722499999999998E-02 -2.4957222222222221E-02
   2.1721944444444446E-02 -2.5185833333333334E-02
   2.2610277777777781E-02 -2.5300000000000000E-02
