   6.9822222222222216E-02  2.4496111111111111E-02
   6.9600277777777775E-02  2.4725833333333332E-02
   6.9100555555555554E-02  2.4840555555555553E-02
   6.8323611111111113E-02  2.5127777777777780E-02
   6.7490833333333333E-02  2.5357500000000002E-02
   6.6769166666666671E-02  2.5357500000000002E-02
   6.6214166666666671E-02  2.5242499999999998E-02
   6.6103055555555568E-02  2.4783055555555555E-02
   6.5936388888888892E-02  2.3979166666666673E-02
   6.5714444444444450E-02  2.3864444444444445E-02
   6.5103888888888892E-02  2.3749444444444448E-02
   6.3882500000000009E-02  2.3519999999999999E-02
   6.3383055555555540E-02  2.3634722222222224E-02
   6.2494722222222222E-02  2.3577222222222222E-02
   6.1773055555555553E-02  2.3347500000000000E-02
   6.1329166666666671E-02  2.3060555555555556E-02
   6.0718333333333339E-02  2.3003055555555554E-02
   5.9608333333333340E-02  2.2888333333333333E-02
   5.9108611111111119E-02  2.2773333333333333E-02
   5.8331388888888891E-02  2.2543611111111111E-02
   5.7720833333333332E-02  2.2428888888888891E-02
   5.7054722222222215E-02  2.2371388888888889E-02
   5.6333055555555560E-02  2.2199166666666669E-02
   5.5500277777777780E-02  2.2141666666666667E-02
   5.4223611111111111E-02  2.1969444444444444E-02
   5.3391111111111111E-02  2.1912222222222222E-02
   5.2558333333333339E-02  2.1969444444444444E-02
   5.1670000000000001E-02  2.1969444444444444E-02
   5.1114999999999994E-02  2.1969444444444444E-02
   5.0559999999999994E-02  2.1912222222222222E-02
   5.0226944444444449E-02  2.2084444444444448E-02
   4.9727222222222228E-02  2.2256666666666668E-02
   4.9172222222222221E-02  2.2543611111111111E-02
   4.8783611111111111E-02  2.2716111111111114E-02
   4.8173055555555559E-02  2.2830833333333335E-02
   4.7173611111111111E-02  2.2945555555555556E-02
   4.6451944444444442E-02  2.2888333333333333E-02
   4.4509166666666669E-02  2.2371388888888889E-02
   4.4287222222222221E-02  2.2314166666666670E-02
   4.3787500000000007E-02  2.2199166666666669E-02
   4.3065833333333331E-02  2.2026944444444446E-02
   4.2899444444444448E-02  2.1797222222222225E-02
   4.2899444444444448E-02  2.1050833333333335E-02
   4.3065833333333331E-02  2.0361666666666667E-02
   4.1955555555555551E-02  2.0361666666666667E-02
   4.1400555555555558E-02  2.0476666666666667E-02
   4.0623333333333331E-02  2.0533888888888890E-02
   3.9735277777777779E-02  2.0591388888888888E-02
   3.9124722222222220E-02  2.0476666666666667E-02
   3.8680555555555558E-02  2.0131944444444445E-02
   3.8403055555555551E-02  1.9672777777777779E-02
   3.7348333333333338E-02  1.9557777777777778E-02
   3.6404444444444448E-02  1.9443055555555557E-02
   3.5460833333333337E-02  1.9328055555555557E-02
   3.4517222222222227E-02  1.9270833333333334E-02
   3.3406944444444447E-02  1.9098333333333335E-02
   3.2907222222222227E-02  1.8409444444444444E-02
   3.2407777777777778E-02  1.8524166666666668E-02
   3.1852777777777778E-02  1.8868888888888890E-02
   3.1297500000000006E-02  1.9155833333333334E-02
   3.0798055555555551E-02  1.9557777777777778E-02
   3.0020833333333337E-02  1.9672777777777779E-02
   2.9299166666666668E-02  1.9730000000000001E-02
   2.8521944444444444E-02  1.9787500000000000E-02
   2.7966944444444444E-02  1.9902222222222224E-02
   2.7023055555555557E-02  1.9902222222222224E-02
   2.6356944444444447E-02  1.9902222222222224E-02
   2.5690833333333340E-02  1.9328055555555557E-02
   2.5191388888888892E-02  1.8926111111111112E-02
   2.5135833333333336E-02  1.7950000000000001E-02
   2.5302222222222222E-02  1.7375833333333333E-02
   2.5746388888888895E-02  1.6916388888888891E-02
   2.6190555555555557E-02  1.6571944444444445E-02
   2.5635277777777785E-02  1.6686666666666669E-02
   2.5024722222222226E-02  1.6916388888888891E-02
   2.4247499999999998E-02  1.7203611111111114E-02
   2.3526111111111116E-02  1.7490555555555554E-02
   2.2915277777777781E-02  1.7835277777777780E-02
   2.2415833333333336E-02  1.8122222222222220E-02
   2.1860555555555560E-02  1.8294444444444447E-02
   2.1361111111111112E-02  1.8524166666666668E-02
   2.0528333333333332E-02  1.8811388888888888E-02
   2.0028888888888888E-02  1.9328055555555557E-02
   2.0028888888888888E-02  1.9443055555555557E-02
   1.9529166666666667E-02  2.0074722222222223E-02
   1.9196111111111112E-02  2.0476666666666667E-02
   1.8751944444444446E-02  2.0993333333333333E-02
   1.8308055555555557E-02  2.1567500000000003E-02
   1.8085833333333336E-02  2.2314166666666670E-02
   1.7586388888888891E-02  2.3347500000000000E-02
   1.7364166666666667E-02  2.3806944444444443E-02
   1.7142222222222222E-02  2.4323888888888888E-02
   1.6809166666666667E-02  2.4610833333333332E-02
   1.6309444444444442E-02  2.4898055555555559E-02
   1.5865555555555553E-02  2.4955555555555557E-02
   1.5088333333333336E-02  2.4840555555555553E-02
   1.4255555555555553E-02  2.4725833333333332E-02
   1.3645000000000001E-02  2.4438611111111109E-02
   1.3256388888888890E-02  2.3979166666666673E-02
   1.3256388888888890E-02  2.3232777777777779E-02
   1.3311944444444446E-02  2.2658611111111112E-02
   1.3034444444444446E-02  2.2314166666666670E-02
   1.1258055555555556E-02  2.2314166666666670E-02
   1.0480833333333335E-02  2.2256666666666668E-02
   9.8147222222222212E-03  2.2199166666666669E-02
   9.2041666666666661E-03  2.1969444444444444E-02
   8.2605555555555557E-03  2.1912222222222222E-02
   7.7608333333333331E-03  2.1682500000000000E-02
   7.2611111111111105E-03  2.1452777777777779E-02
   6.6505555555555554E-03  2.0993333333333333E-02
   6.3730555555555554E-03  2.0763611111111111E-02
   5.6513888888888890E-03  2.0131944444444445E-02
   5.4294444444444442E-03  2.0189444444444447E-02
   4.7077777777777777E-03  2.0419166666666669E-02
   3.8750000000000000E-03  2.0591388888888888E-02
   3.1533333333333335E-03  2.0533888888888890E-02
   2.3761111111111114E-03  2.0246944444444446E-02
   1.2105555555555554E-03  1.9500277777777783E-02
   9.8833333333333325E-04  1.9213333333333336E-02
   7.1083333333333328E-04  1.8696388888888891E-02
   4.8888888888888897E-04  1.8294444444444447E-02
  -1.2166666666666662E-04  1.7950000000000001E-02
  -6.7694444444444443E-04  1.7605555555555555E-02
  -1.1208333333333335E-03  1.7318333333333335E-02
  -1.2319444444444444E-03  1.6859166666666668E-02
  -2.1202777777777778E-03  1.5940277777777779E-02
  -2.3422222222222221E-03  1.5595833333333333E-02
  -2.5086111111111112E-03  1.5021666666666666E-02
  -2.2311111111111112E-03  1.4217777777777777E-02
  -1.8980555555555556E-03  1.3930555555555557E-02
  -1.5094444444444443E-03  1.3643333333333334E-02
  -1.0655555555555553E-03  1.3241388888888893E-02
  -1.5094444444444443E-03  1.2839444444444445E-02
  -2.0091666666666665E-03  1.2380277777777775E-02
  -2.4533333333333334E-03  1.1805833333333335E-02
  -2.8972222222222225E-03  1.1289166666666666E-02
  -3.1194444444444438E-03  1.0657500000000000E-02
  -3.2302777777777781E-03  1.0083333333333333E-02
  -3.4524999999999998E-03  8.7052777777777788E-03
  -3.3413888888888894E-03  8.0736111111111113E-03
  -2.9527777777777781E-03  7.2122222222222223E-03
  -2.7308333333333338E-03  6.6955555555555553E-03
  -2.3977777777777778E-03  5.9488888888888890E-03
  -2.0647222222222221E-03  5.3175000000000002E-03
  -1.8980555555555556E-03  4.6283333333333333E-03
  -1.8980555555555556E-03  3.8819444444444448E-03
  -1.8980555555555556E-03  3.3075000000000001E-03
  -1.7316666666666665E-03  2.6186111111111115E-03
  -1.3430555555555552E-03  1.9869444444444444E-03
  -1.0655555555555553E-03  1.5275000000000000E-03
  -9.5444444444444439E-04  8.9583333333333333E-04
  -9.5444444444444439E-04  2.6416666666666667E-04
  -1.0099999999999996E-03 -3.0999999999999995E-04
  -1.1208333333333335E-03 -7.6916666666666648E-04
  -1.3430555555555552E-03 -1.3436111111111110E-03
  -1.5094444444444443E-03 -1.9177777777777778E-03
  -1.6761111111111113E-03 -2.4919444444444442E-03
  -1.9536111111111108E-03 -3.3533333333333332E-03
  -2.8972222222222225E-03 -3.9274999999999996E-03
  -3.2302777777777781E-03 -4.2144444444444443E-03
  -3.5633333333333333E-03 -4.7313888888888891E-03
  -3.7299999999999998E-03 -5.6499999999999996E-03
  -3.8411111111111111E-03 -6.0519444444444440E-03
  -4.0075000000000006E-03 -6.2816666666666663E-03
  -4.4516666666666663E-03 -6.8558333333333327E-03
  -4.7847222222222223E-03 -7.3152777777777756E-03
  -4.8402777777777775E-03 -7.9469444444444440E-03
  -4.8958333333333328E-03 -8.6361111111111118E-03
  -4.8958333333333328E-03 -9.3824999999999985E-03
  -4.6736111111111110E-03 -1.0014166666666664E-02
  -4.6736111111111110E-03 -1.0530833333333333E-02
  -4.3405555555555550E-03 -1.1277222222222223E-02
  -4.2849999999999997E-03 -1.1794166666666668E-02
  -4.2849999999999997E-03 -1.2540555555555555E-02
  -4.7291666666666662E-03 -1.3114722222222219E-02
  -5.0066666666666662E-03 -1.3574166666666665E-02
  -5.1733333333333327E-03 -1.4148333333333336E-02
  -5.2288888888888888E-03 -1.4665277777777777E-02
  -5.3952777777777775E-03 -1.5067222222222221E-02
  -5.4508333333333327E-03 -1.5813611111111112E-02
  -5.4508333333333327E-03 -1.5985833333333331E-02
  -5.8394444444444440E-03 -1.7306666666666665E-02
  -6.0058333333333326E-03 -1.7765833333333328E-02
  -6.3388888888888887E-03 -1.8167777777777772E-02
  -6.5611111111111122E-03 -1.8454999999999999E-02
  -6.7830555555555552E-03 -1.9029166666666666E-02
  -6.9497222222222226E-03 -1.9833055555555555E-02
  -6.8941666666666674E-03 -2.0407222222222222E-02
  -6.7830555555555552E-03 -2.1268611111111110E-02
  -6.6166666666666665E-03 -2.1842777777777777E-02
  -6.4500000000000000E-03 -2.2187499999999999E-02
  -6.3388888888888887E-03 -2.2302222222222220E-02
  -5.7838888888888888E-03 -2.2818888888888885E-02
  -5.2288888888888888E-03 -2.3393333333333335E-02
  -4.5627777777777776E-03 -2.3565555555555555E-02
  -4.0630555555555550E-03 -2.3335833333333333E-02
  -3.3413888888888894E-03 -2.2991388888888888E-02
  -2.6197222222222221E-03 -2.2531944444444441E-02
  -2.1202777777777778E-03 -2.2187499999999999E-02
  -2.0647222222222221E-03 -2.2187499999999999E-02
  -8.9888888888888896E-04 -2.1268611111111110E-02
  -5.1027777777777812E-04 -2.0981666666666666E-02
   4.4722222222222255E-05 -2.0694444444444446E-02
   7.1083333333333328E-04 -2.0177777777777781E-02
   1.1550000000000000E-03 -2.0062777777777777E-02
   2.0430555555555553E-03 -1.9833055555555555E-02
   2.7094444444444444E-03 -1.9603333333333334E-02
   2.8202777777777779E-03 -2.0292500000000002E-02
   2.7647222222222222E-03 -2.1038888888888888E-02
   2.7647222222222222E-03 -2.1728055555555556E-02
   3.3755555555555557E-03 -2.1900277777777775E-02
   4.1524999999999999E-03 -2.2244722222222221E-02
   4.9852777777777777E-03 -2.2474444444444446E-02
   6.0955555555555554E-03 -2.2531944444444441E-02
   6.8727777777777780E-03 -2.2244722222222221E-02
   7.5388888888888892E-03 -2.1670555555555554E-02
   8.1494444444444453E-03 -2.0694444444444446E-02
   8.8155555555555556E-03 -1.9890555555555554E-02
   8.7600000000000004E-03 -2.0464722222222221E-02
   8.8155555555555556E-03 -2.1153888888888889E-02
   9.2041666666666661E-03 -2.1038888888888888E-02
   9.6483333333333351E-03 -2.0981666666666666E-02
   1.0092222222222221E-02 -2.0981666666666666E-02
   1.0314444444444446E-02 -2.1613055555555552E-02
   1.0203333333333335E-02 -2.2474444444444446E-02
   1.0425277777777776E-02 -2.3163611111111111E-02
   1.0758333333333335E-02 -2.3450555555555551E-02
   1.1369166666666666E-02 -2.3910000000000001E-02
   1.1868611111111114E-02 -2.4139722222222222E-02
   1.2534722222222221E-02 -2.4082222222222217E-02
   1.3533888888888890E-02 -2.3795277777777776E-02
   1.4366666666666666E-02 -2.3508055555555556E-02
   1.5254722222222222E-02 -2.3106111111111112E-02
   1.5643333333333332E-02 -2.2933888888888889E-02
   1.6253888888888887E-02 -2.2818888888888885E-02
   1.6198611111111112E-02 -2.3163611111111111E-02
   1.6143055555555556E-02 -2.4082222222222217E-02
   1.6753611111111111E-02 -2.4197222222222221E-02
   1.7752777777777777E-02 -2.4311944444444442E-02
   1.8030277777777780E-02 -2.4541666666666666E-02
   1.7919444444444446E-02 -2.5115833333333327E-02
   1.8418888888888887E-02 -2.5230833333333331E-02
   1.8641111111111112E-02 -2.5747500000000000E-02
   1.8974166666666667E-02 -2.6379166666666665E-02
   1.9973333333333333E-02 -2.6206944444444446E-02
   2.0916944444444446E-02 -2.5460277777777773E-02
   2.1527500000000001E-02 -2.5862222222222217E-02
   2.2360277777777781E-02 -2.6034722222222220E-02
   2.2970833333333336E-02 -2.6091944444444445E-02
   2.3914444444444447E-02 -2.6149444444444444E-02
   2.4414166666666667E-02 -2.6264166666666665E-02
   2.5135833333333336E-02 -2.6723611111111111E-02
   2.5635277777777785E-02 -2.6953333333333336E-02
   2.6468055555555554E-02 -2.7355277777777780E-02
   2.6468055555555554E-02 -2.7642500000000000E-02
   2.6356944444444447E-02 -2.8446388888888889E-02
   2.6523611111111109E-02 -2.9020555555555556E-02
   2.7356111111111116E-02 -2.9250277777777778E-02
   2.7911388888888888E-02 -2.9422500000000001E-02
   2.8688611111111109E-02 -2.9766944444444447E-02
   2.9354722222222223E-02 -2.9824444444444445E-02
   3.0465000000000006E-02 -2.9709444444444441E-02
   3.1408611111111109E-02 -2.9594722222222217E-02
   3.2074722222222227E-02 -2.9479999999999999E-02
