   2.3950277777777779E-02  1.5396111111111110E-02
   2.3504722222222222E-02  1.5627222222222226E-02
   2.3003611111111114E-02  1.5627222222222226E-02
   2.2391388888888891E-02  1.5627222222222226E-02
   2.1500555555555557E-02  1.5453888888888889E-02
   2.0776666666666669E-02  1.5396111111111110E-02
   2.0331388888888892E-02  1.5453888888888889E-02
   2.0108611111111112E-02  1.5858611111111112E-02
   1.9830277777777780E-02  1.6321111111111113E-02
   1.9607500000000000E-02  1.6610000000000000E-02
   1.9273611111111113E-02  1.7014722222222223E-02
   1.8939444444444443E-02  1.7592777777777777E-02
   1.8605555555555556E-02  1.8344166666666668E-02
   1.8605555555555556E-02  1.9211388888888889E-02
   1.8549722222222221E-02  1.9789444444444446E-02
   1.8549722222222221E-02  2.0251944444444444E-02
   1.8438333333333334E-02  2.0656666666666670E-02
   1.8215833333333334E-02  2.1003611111111112E-02
   1.7881666666666667E-02  2.1466111111111116E-02
   1.7269166666666669E-02  2.2217500000000001E-02
   1.7157777777777779E-02  2.2564444444444446E-02
   1.6879444444444443E-02  2.2795555555555555E-02
   1.6656944444444446E-02  2.3142500000000000E-02
   1.6211388888888893E-02  2.3489444444444448E-02
   1.5766111111111113E-02  2.3662777777777779E-02
   1.5153611111111114E-02  2.3662777777777779E-02
   1.4986666666666669E-02  2.3489444444444448E-02
   1.4652500000000002E-02  2.3084722222222225E-02
   1.4429722222222222E-02  2.2564444444444446E-02
   1.3984444444444442E-02  2.2217500000000001E-02
   1.3706111111111110E-02  2.1812777777777778E-02
   1.3650277777777779E-02  2.1292500000000002E-02
   1.3483333333333337E-02  2.0830000000000001E-02
   1.3371944444444443E-02  2.0309722222222226E-02
   1.3483333333333337E-02  1.9673888888888890E-02
   1.3817500000000003E-02  1.9326944444444445E-02
   1.4596944444444444E-02  1.8864722222222224E-02
   1.5209166666666669E-02  1.8633333333333335E-02
   1.5487777777777777E-02  1.8460000000000001E-02
   1.5320555555555553E-02  1.8170833333333334E-02
   1.4930833333333331E-02  1.7939722222222221E-02
   1.4485555555555554E-02  1.7592777777777777E-02
   1.4207222222222225E-02  1.7477222222222224E-02
   1.3761666666666665E-02  1.7766111111111111E-02
   1.3539166666666665E-02  1.7823888888888889E-02
   1.3149444444444443E-02  1.7939722222222221E-02
   1.2703888888888890E-02  1.7939722222222221E-02
   1.2202777777777778E-02  1.7766111111111111E-02
   1.2202777777777778E-02  1.7419444444444446E-02
   1.2035833333333332E-02  1.6667777777777778E-02
   1.2035833333333332E-02  1.6031944444444446E-02
   1.1924444444444446E-02  1.5569444444444445E-02
   1.1813055555555556E-02  1.5280277777777778E-02
   1.1479166666666665E-02  1.5106944444444444E-02
   1.0978055555555553E-02  1.5049166666666669E-02
   1.0310000000000000E-02  1.4991388888888891E-02
   9.8644444444444465E-03  1.4991388888888891E-02
   9.5861111111111112E-03  1.4875833333333331E-02
   9.1963888888888894E-03  1.4760000000000002E-02
   8.4727777777777770E-03  1.4702222222222221E-02
   7.8602777777777785E-03  1.4818055555555557E-02
   6.5797222222222220E-03  1.4933611111111113E-02
   6.0786111111111110E-03  1.5106944444444444E-02
   5.6333333333333331E-03  1.5164722222222225E-02
   4.9094444444444446E-03  1.5222500000000000E-02
   4.2972222222222222E-03  1.5280277777777778E-02
   3.9630555555555556E-03  1.5396111111111110E-02
   3.6847222222222216E-03  1.5685000000000001E-02
   2.8497222222222222E-03  1.6031944444444446E-02
   2.4041666666666664E-03  1.6321111111111113E-02
   2.1258333333333333E-03  1.6725555555555556E-02
   1.9588888888888889E-03  1.7245833333333335E-02
   1.6247222222222223E-03  1.7823888888888889E-02
   8.4527777777777780E-04  1.7766111111111111E-02
   1.7722222222222228E-04  1.8055277777777781E-02
  -4.9083333333333336E-04  1.8748888888888888E-02
  -1.1033333333333333E-03  1.9095833333333333E-02
  -1.3816666666666665E-03  1.9384999999999999E-02
  -1.8827777777777775E-03  1.9847222222222224E-02
  -2.4394444444444446E-03  2.0309722222222226E-02
  -2.9961111111111109E-03  2.0598888888888889E-02
  -3.4416666666666667E-03  2.0772222222222223E-02
  -3.9983333333333329E-03  2.1119166666666668E-02
  -4.4994444444444439E-03  2.1523888888888888E-02
  -5.0005555555555550E-03  2.1928611111111117E-02
  -5.3902777777777777E-03  2.2275277777777779E-02
  -5.3902777777777777E-03  2.3026944444444440E-02
  -5.5572222222222221E-03  2.4298611111111111E-02
  -5.6686111111111121E-03  2.5165833333333335E-02
  -5.8355555555555556E-03  2.6033055555555559E-02
  -6.1697222222222223E-03  2.6379722222222221E-02
  -6.7819444444444446E-03  2.6900000000000000E-02
  -7.2275000000000004E-03  2.7246944444444449E-02
  -7.6727777777777775E-03  2.7536111111111112E-02
  -8.3408333333333320E-03  2.7882777777777777E-02
  -9.2875000000000006E-03  2.8345277777777778E-02
  -9.6213888888888911E-03  2.8634444444444448E-02
  -9.8997222222222195E-03  2.9096944444444443E-02
  -1.0345277777777780E-02  3.0253055555555557E-02
  -1.0567777777777777E-02  3.1293611111111112E-02
  -1.0957500000000002E-02  3.1929444444444441E-02
  -1.1514444444444445E-02  3.2160833333333333E-02
  -1.1959722222222222E-02  3.2391944444444445E-02
  -1.2015555555555557E-02  3.2969999999999999E-02
  -1.2349444444444444E-02  3.3259166666666666E-02
  -1.3073333333333333E-02  3.3895000000000002E-02
  -1.3463055555555554E-02  3.4126388888888887E-02
  -1.4075277777777777E-02  3.4241944444444443E-02
  -1.4687777777777779E-02  3.4473055555555555E-02
  -1.5133333333333332E-02  3.4935555555555560E-02
  -1.5411666666666667E-02  3.5398055555555558E-02
  -1.5801388888888889E-02  3.5802777777777774E-02
  -1.6191111111111111E-02  3.6149722222222222E-02
  -1.6636388888888888E-02  3.6438611111111109E-02
  -1.7193055555555555E-02  3.6727777777777776E-02
  -1.7582777777777777E-02  3.7016666666666670E-02
  -1.7750000000000002E-02  3.7190277777777780E-02
  -1.8195277777777782E-02  3.7710555555555553E-02
  -1.8418055555555552E-02  3.7941666666666672E-02
  -1.8919166666666667E-02  3.8288611111111114E-02
  -1.9253055555555555E-02  3.8404166666666670E-02
  -2.0032499999999998E-02  3.8635555555555562E-02
  -2.0589166666666662E-02  3.8577500000000001E-02
  -2.1480000000000003E-02  3.8693333333333330E-02
  -2.1814166666666669E-02  3.8751111111111111E-02
  -2.2036944444444442E-02  3.9329166666666665E-02
  -2.2315277777777781E-02  4.0138611111111111E-02
  -2.2537777777777778E-02  4.0890000000000003E-02
  -2.2816388888888886E-02  4.1410277777777768E-02
  -2.3206111111111108E-02  4.1699444444444442E-02
  -2.3595833333333330E-02  4.2046111111111110E-02
  -2.4041111111111110E-02  4.2335277777777770E-02
  -2.4653611111111105E-02  4.2508611111111115E-02
  -2.5265833333333335E-02  4.2624166666666664E-02
  -2.5655555555555556E-02  4.2682222222222232E-02
  -2.5655555555555556E-02  4.3144444444444444E-02
  -2.5766944444444443E-02  4.3491388888888892E-02
  -2.6323611111111110E-02  4.3606944444444448E-02
  -2.6824722222222222E-02  4.3606944444444448E-02
  -2.7492777777777779E-02  4.3318055555555547E-02
  -2.8049722222222222E-02  4.3028888888888894E-02
  -2.8773333333333331E-02  4.2739999999999993E-02
  -2.9274444444444443E-02  4.2277499999999996E-02
  -2.9552777777777779E-02  4.1815000000000005E-02
  -2.9664166666666665E-02  4.1352499999999993E-02
  -2.9608611111111110E-02  4.0774444444444446E-02
  -2.9720000000000000E-02  4.0080555555555557E-02
  -2.9886944444444445E-02  3.9386944444444447E-02
  -2.9831111111111110E-02  3.8461944444444444E-02
  -2.9775555555555555E-02  3.7595000000000003E-02
  -2.9664166666666665E-02  3.7132499999999999E-02
  -2.9497222222222223E-02  3.6554166666666665E-02
  -2.9385833333333333E-02  3.6323055555555560E-02
  -2.9330277777777778E-02  3.5629444444444443E-02
  -2.9274444444444443E-02  3.5282500000000001E-02
  -2.8940555555555556E-02  3.4704444444444447E-02
  -2.8439444444444444E-02  3.4010555555555558E-02
  -2.8216666666666668E-02  3.3548333333333333E-02
  -2.7938333333333332E-02  3.3027777777777781E-02
  -2.7604166666666666E-02  3.2449722222222227E-02
  -2.7158888888888885E-02  3.1756111111111110E-02
  -2.6824722222222222E-02  3.1293611111111112E-02
  -2.6546388888888890E-02  3.1120277777777774E-02
  -2.6045277777777778E-02  3.0773333333333333E-02
  -2.5600000000000001E-02  3.0484166666666666E-02
  -2.4931944444444444E-02  3.0079722222222220E-02
  -2.4765000000000002E-02  2.9963888888888887E-02
  -2.4597777777777777E-02  2.9212500000000002E-02
  -2.4653611111111105E-02  2.8692222222222220E-02
  -2.4765000000000002E-02  2.8229722222222225E-02
  -2.4931944444444444E-02  2.7882777777777777E-02
  -2.5098888888888882E-02  2.7304722222222223E-02
  -2.5210277777777779E-02  2.6668888888888895E-02
  -2.5154444444444438E-02  2.5975277777777778E-02
  -2.5098888888888882E-02  2.5108055555555557E-02
  -2.4876111111111113E-02  2.4356388888888893E-02
  -2.4597777777777777E-02  2.3893888888888892E-02
  -2.4096666666666666E-02  2.3373611111111109E-02
  -2.3595833333333330E-02  2.2969166666666666E-02
  -2.3428611111111112E-02  2.2853333333333333E-02
  -2.3150277777777773E-02  2.2622222222222224E-02
  -2.3038888888888883E-02  2.2159722222222223E-02
  -2.3038888888888883E-02  2.1408333333333335E-02
  -2.3038888888888883E-02  2.0598888888888889E-02
  -2.2760555555555551E-02  2.0136388888888891E-02
  -2.2482222222222223E-02  1.9558333333333334E-02
  -2.2426666666666664E-02  1.8864722222222224E-02
  -2.2370833333333329E-02  1.7997500000000000E-02
  -2.2036944444444442E-02  1.7592777777777777E-02
  -2.1591388888888886E-02  1.7245833333333335E-02
  -2.1146111111111109E-02  1.6956944444444445E-02
  -2.0700555555555552E-02  1.6841388888888885E-02
  -2.0088333333333333E-02  1.6725555555555556E-02
  -1.9308888888888889E-02  1.6667777777777778E-02
  -1.8863333333333333E-02  1.6436666666666669E-02
  -1.8306666666666666E-02  1.6031944444444446E-02
  -1.7861388888888888E-02  1.5800555555555554E-02
  -1.7471666666666667E-02  1.5627222222222226E-02
  -1.7360277777777777E-02  1.5049166666666669E-02
  -1.7137500000000000E-02  1.4471111111111112E-02
  -1.6859166666666665E-02  1.3893055555555554E-02
  -1.6524999999999998E-02  1.3430555555555557E-02
  -1.5968333333333331E-02  1.3083611111111108E-02
  -1.5355833333333332E-02  1.2794722222222221E-02
  -1.4966111111111111E-02  1.2505555555555554E-02
  -1.4687777777777779E-02  1.1927500000000001E-02
  -1.4186666666666667E-02  1.0944722222222224E-02
  -1.4131111111111112E-02  1.0482222222222223E-02
  -1.3741388888888890E-02  9.4994444444444423E-03
  -1.3240277777777778E-02  9.0369444444444447E-03
  -1.2683611111111111E-02  8.7480555555555558E-03
  -1.2071111111111109E-02  8.5744444444444436E-03
  -1.1625833333333332E-02  8.4588888888888873E-03
  -1.1347222222222224E-02  8.3433333333333328E-03
  -1.0846388888888888E-02  7.7652777777777772E-03
  -1.0512222222222221E-02  7.4761111111111105E-03
  -1.0233888888888890E-02  6.8980555555555557E-03
  -9.8441666666666677E-03  6.2044444444444447E-03
  -9.6213888888888911E-03  5.5105555555555559E-03
  -9.3986111111111111E-03  5.0480555555555556E-03
  -9.0647222222222205E-03  4.4700000000000000E-03
  -8.5080555555555534E-03  3.8341666666666667E-03
  -7.7286111111111106E-03  3.0824999999999997E-03
  -7.2830555555555556E-03  2.7358333333333332E-03
  -6.9491666666666669E-03  2.4466666666666664E-03
  -6.4480555555555558E-03  2.0419444444444443E-03
  -5.8913888888888887E-03  1.7530555555555554E-03
  -5.4458333333333338E-03  1.2905555555555556E-03
  -5.3902777777777777E-03  6.5472222222222223E-04
  -5.4458333333333338E-03  4.2333333333333329E-04
  -5.7241666666666665E-03  7.6388888888888969E-05
  -5.6686111111111121E-03 -7.9055555555555563E-04
  -5.6127777777777773E-03 -1.2530555555555554E-03
  -5.6686111111111121E-03 -1.9469444444444452E-03
  -5.7241666666666665E-03 -2.1780555555555555E-03
  -6.0583333333333322E-03 -2.6983333333333334E-03
  -6.5594444444444441E-03 -3.2763888888888886E-03
  -7.1716666666666673E-03 -3.8544444444444442E-03
  -7.7286111111111106E-03 -4.3169444444444444E-03
  -8.2852777777777768E-03 -4.6638888888888884E-03
  -8.7863888888888887E-03 -4.9527777777777773E-03
  -9.3430555555555558E-03 -5.2997222222222222E-03
  -9.7327777777777812E-03 -5.4152777777777775E-03
  -1.0289444444444441E-02 -5.7044444444444443E-03
  -1.0846388888888888E-02 -5.9936111111111110E-03
  -1.1068888888888889E-02 -6.3980555555555561E-03
  -1.1180277777777779E-02 -7.0919444444444450E-03
  -1.1180277777777779E-02 -7.7855555555555551E-03
  -1.1124722222222223E-02 -8.5372222222222204E-03
  -1.1124722222222223E-02 -9.1730555555555558E-03
  -1.1236111111111110E-02 -9.3463888888888902E-03
  -1.1904166666666667E-02 -9.8088888888888913E-03
  -1.2182499999999999E-02 -1.0155833333333333E-02
  -1.2795000000000001E-02 -1.0849444444444446E-02
  -1.3184722222222223E-02 -1.1196388888888888E-02
  -1.3463055555555554E-02 -1.1427500000000000E-02
  -1.4075277777777777E-02 -1.1601111111111111E-02
  -1.4520833333333334E-02 -1.1716666666666663E-02
  -1.5355833333333332E-02 -1.1832222222222223E-02
  -1.5856944444444444E-02 -1.2005555555555554E-02
  -1.6580833333333333E-02 -1.2294722222222221E-02
  -1.7193055555555555E-02 -1.2525833333333333E-02
  -1.7750000000000002E-02 -1.2641666666666669E-02
  -1.8306666666666666E-02 -1.2815000000000000E-02
  -1.8919166666666667E-02 -1.3046111111111112E-02
  -1.9587222222222221E-02 -1.3335277777777776E-02
  -2.0366666666666665E-02 -1.3739999999999999E-02
  -2.0589166666666662E-02 -1.3913333333333333E-02
  -2.1146111111111109E-02 -1.4491388888888887E-02
  -2.1535833333333330E-02 -1.4780555555555557E-02
  -2.2036944444444442E-02 -1.4896111111111110E-02
  -2.2704999999999996E-02 -1.5127500000000002E-02
  -2.3261666666666667E-02 -1.5358611111111111E-02
  -2.3874166666666662E-02 -1.5590000000000003E-02
  -2.4152500000000000E-02 -1.5821111111111109E-02
  -2.4765000000000002E-02 -1.6168055555555550E-02
  -2.5098888888888882E-02 -1.6341388888888888E-02
  -2.5655555555555556E-02 -1.6803888888888886E-02
  -2.6045277777777778E-02 -1.7092777777777776E-02
  -2.6657777777777777E-02 -1.7381944444444443E-02
  -2.7270277777777779E-02 -1.7786666666666666E-02
  -2.8383611111111109E-02 -1.8133611111111111E-02
  -2.8940555555555556E-02 -1.8480277777777773E-02
  -2.9608611111111110E-02 -1.8769444444444443E-02
  -3.0220833333333332E-02 -1.9174166666666666E-02
  -3.0777777777777772E-02 -1.9520833333333334E-02
  -3.1445833333333333E-02 -2.0098888888888888E-02
  -3.2113888888888886E-02 -2.0735000000000000E-02
  -3.2392222222222225E-02 -2.1197499999999998E-02
  -3.2670555555555557E-02 -2.1486388888888888E-02
  -3.3283055555555552E-02 -2.1948888888888889E-02
  -3.3784166666666664E-02 -2.1948888888888889E-02
  -3.4507777777777776E-02 -2.1891111111111111E-02
  -3.5343055555555551E-02 -2.1948888888888889E-02
  -3.6233888888888885E-02 -2.2180277777777774E-02
  -3.6901944444444446E-02 -2.2295833333333334E-02
  -3.7903888888888883E-02 -2.2584722222222221E-02
  -3.8627777777777782E-02 -2.2816111111111106E-02
  -3.9240277777777777E-02 -2.3220833333333336E-02
  -3.9741388888888889E-02 -2.3567500000000005E-02
  -4.0131111111111110E-02 -2.4145555555555559E-02
  -4.0242222222222221E-02 -2.4434722222222219E-02
  -4.0465000000000001E-02 -2.5244166666666668E-02
  -4.0687777777777788E-02 -2.5648611111111112E-02
  -4.1021666666666665E-02 -2.6226944444444445E-02
  -4.1355833333333335E-02 -2.6573611111111107E-02
  -4.2079444444444447E-02 -2.6978333333333330E-02
  -4.2580555555555552E-02 -2.7556388888888884E-02
  -4.2970277777777774E-02 -2.8192222222222223E-02
  -4.3137500000000002E-02 -2.8596944444444446E-02
  -4.3861111111111108E-02 -2.8943888888888884E-02
  -4.4362222222222220E-02 -2.9406388888888892E-02
  -4.4863333333333331E-02 -2.9753055555555560E-02
  -4.5308611111111105E-02 -3.0157777777777776E-02
  -4.5642777777777775E-02 -3.0793888888888885E-02
  -4.5754166666666672E-02 -3.1198333333333335E-02
  -4.6088055555555549E-02 -3.1834444444444443E-02
  -4.6422222222222226E-02 -3.2643611111111109E-02
  -4.6589166666666668E-02 -3.3106111111111107E-02
  -4.6589166666666668E-02 -3.3973333333333328E-02
  -4.6589166666666668E-02 -3.4724722222222219E-02
  -4.6589166666666668E-02 -3.4898333333333337E-02
  -4.6923333333333338E-02 -3.5591944444444440E-02
  -4.6978888888888889E-02 -3.5938888888888888E-02
  -4.7201666666666670E-02 -3.6516944444444449E-02
  -4.7424444444444443E-02 -3.7095000000000003E-02
  -4.7591388888888891E-02 -3.7384166666666663E-02
  -4.7981111111111113E-02 -3.8019999999999998E-02
  -4.8537777777777777E-02 -3.9002777777777775E-02
  -4.7479999999999994E-02 -3.9002777777777775E-02
  -4.6811944444444448E-02 -3.8540277777777771E-02
  -4.6366388888888888E-02 -3.7846388888888888E-02
  -4.6143888888888894E-02 -3.7846388888888888E-02
  -4.5586944444444444E-02 -3.8019999999999998E-02
  -4.5308611111111105E-02 -3.8135555555555554E-02
  -4.4696388888888890E-02 -3.8424722222222221E-02
  -4.4139444444444439E-02 -3.8540277777777771E-02
  -4.3415833333333341E-02 -3.8771388888888890E-02
  -4.2691944444444442E-02 -3.8655833333333334E-02
  -4.2079444444444447E-02 -3.8482500000000003E-02
  -4.1244444444444445E-02 -3.8366666666666667E-02
  -4.0353611111111104E-02 -3.8366666666666667E-02
  -3.9629999999999999E-02 -3.8308888888888885E-02
  -3.9240277777777777E-02 -3.8308888888888885E-02
  -3.8572222222222216E-02 -3.8251111111111111E-02
  -3.8071111111111111E-02 -3.8135555555555554E-02
  -3.7681388888888889E-02 -3.8019999999999998E-02
  -3.7235833333333329E-02 -3.7673055555555557E-02
  -3.6901944444444446E-02 -3.7210555555555552E-02
  -3.6734722222222217E-02 -3.6574722222222217E-02
  -3.6567777777777782E-02 -3.5938888888888888E-02
  -3.6512222222222217E-02 -3.5418611111111109E-02
  -3.6066666666666664E-02 -3.4609166666666663E-02
  -3.5454444444444441E-02 -3.4204444444444447E-02
  -3.4674999999999997E-02 -3.3799722222222224E-02
  -3.3839722222222222E-02 -3.3279444444444445E-02
  -3.2948888888888889E-02 -3.2701388888888884E-02
  -3.2169444444444445E-02 -3.2238888888888893E-02
  -3.1668333333333333E-02 -3.1776388888888889E-02
  -3.1056111111111111E-02 -3.1487500000000002E-02
  -3.0666388888888889E-02 -3.1371944444444438E-02
  -2.8773333333333331E-02 -3.1314166666666671E-02
  -2.8272222222222223E-02 -3.1140555555555553E-02
  -2.7938333333333332E-02 -3.0967222222222222E-02
  -2.7492777777777779E-02 -3.0562499999999999E-02
  -2.6769166666666663E-02 -3.0562499999999999E-02
  -2.6323611111111110E-02 -3.0504722222222225E-02
  -2.5321666666666666E-02 -3.0273333333333333E-02
  -2.5154444444444438E-02 -3.0099999999999998E-02
  -2.4876111111111113E-02 -2.9811111111111108E-02
  -2.4263888888888883E-02 -2.9117222222222221E-02
  -2.3651388888888888E-02 -2.8943888888888884E-02
  -2.2816388888888886E-02 -2.8539166666666661E-02
  -2.2315277777777781E-02 -2.8249999999999997E-02
  -2.1981111111111108E-02 -2.7729722222222222E-02
  -2.1647222222222217E-02 -2.7383055555555553E-02
  -2.0978888888888891E-02 -2.7151666666666668E-02
  -2.0533611111111114E-02 -2.6804999999999999E-02
  -1.9698611111111111E-02 -2.6515833333333336E-02
  -1.9253055555555555E-02 -2.6226944444444445E-02
  -1.8919166666666667E-02 -2.5880000000000000E-02
  -1.8640555555555553E-02 -2.5706388888888890E-02
  -1.7694166666666664E-02 -2.5533055555555559E-02
  -1.6970555555555555E-02 -2.5070555555555551E-02
  -1.6747777777777778E-02 -2.4839444444444445E-02
  -1.6191111111111111E-02 -2.4376944444444444E-02
  -1.5801388888888889E-02 -2.4029999999999999E-02
  -1.5745555555555554E-02 -2.4029999999999999E-02
  -1.5133333333333332E-02 -2.4261388888888891E-02
  -1.4242500000000002E-02 -2.4608055555555553E-02
  -1.3463055555555554E-02 -2.5012777777777776E-02
  -1.2572222222222221E-02 -2.5301944444444443E-02
  -1.2071111111111109E-02 -2.5475277777777777E-02
  -1.1570000000000000E-02 -2.5301944444444443E-02
  -1.1013333333333330E-02 -2.4839444444444445E-02
  -1.0623611111111111E-02 -2.4492500000000000E-02
  -9.8997222222222195E-03 -2.4261388888888891E-02
  -9.2875000000000006E-03 -2.4087777777777774E-02
  -8.7305555555555539E-03 -2.3683055555555551E-02
  -8.2852777777777768E-03 -2.3451944444444442E-02
  -7.3388888888888887E-03 -2.3047222222222222E-02
  -7.0047222222222221E-03 -2.2816111111111106E-02
  -6.5036111111111102E-03 -2.2469166666666665E-02
  -5.7241666666666665E-03 -2.1948888888888889E-02
  -5.4458333333333338E-03 -2.1659722222222219E-02
  -5.2230555555555554E-03 -2.1486388888888888E-02
  -4.6663888888888892E-03 -2.0966111111111112E-02
  -4.5550000000000000E-03 -2.0850555555555553E-02
  -4.2766666666666665E-03 -2.0330277777777780E-02
  -3.8869444444444446E-03 -1.9983333333333332E-02
  -3.2744444444444444E-03 -1.9810000000000005E-02
  -2.8291666666666665E-03 -1.9752222222222220E-02
  -1.8269444444444444E-03 -1.9578611111111109E-02
  -1.3258333333333338E-03 -1.9405277777777775E-02
  -7.1361111111111126E-04 -1.9116111111111111E-02
  -1.5694444444444436E-04 -1.8884999999999999E-02
   4.5555555555555562E-04 -1.8653888888888887E-02
   1.2350000000000000E-03 -1.8364722222222223E-02
   1.6805555555555556E-03 -1.8133611111111111E-02
   2.2372222222222220E-03 -1.8133611111111111E-02
   2.9052777777777775E-03 -1.8249166666666664E-02
   4.0744444444444439E-03 -1.8538055555555558E-02
   5.0766666666666668E-03 -1.8827222222222221E-02
   5.8002777777777775E-03 -1.9174166666666666E-02
   6.5241666666666668E-03 -1.9116111111111111E-02
   6.9138888888888887E-03 -1.8827222222222221E-02
   7.9158333333333337E-03 -1.8133611111111111E-02
   8.2500000000000004E-03 -1.7786666666666666E-02
   8.5283333333333322E-03 -1.7324166666666665E-02
   8.7511111111111123E-03 -1.6919444444444445E-02
   8.4169444444444456E-03 -1.7497499999999999E-02
   7.7488888888888894E-03 -1.8075555555555553E-02
   7.1363888888888892E-03 -1.8480277777777773E-02
   6.4683333333333337E-03 -1.8884999999999999E-02
   6.1900000000000002E-03 -1.9289722222222222E-02
   6.0786111111111110E-03 -1.9752222222222220E-02
   6.3013888888888894E-03 -2.0214722222222221E-02
   6.8024999999999995E-03 -2.0619166666666668E-02
   7.1363888888888892E-03 -2.0850555555555553E-02
   7.7488888888888894E-03 -2.1081666666666665E-02
   8.5283333333333322E-03 -2.1139444444444443E-02
   9.5861111111111112E-03 -2.0619166666666668E-02
   9.7533333333333326E-03 -2.0330277777777780E-02
   1.0365555555555555E-02 -1.9578611111111109E-02
   1.0643888888888890E-02 -1.9058333333333330E-02
   1.1200833333333333E-02 -1.8133611111111111E-02
