   2.2779444444444446E-02  1.5433333333333334E-02
   1.2713055555555557E-02  2.4972222222222222E-02
   1.2045833333333332E-02  2.5546944444444445E-02
   1.1433888888888886E-02  2.5891666666666667E-02
   1.1044722222222223E-02  2.6351388888888893E-02
   1.0822222222222223E-02  2.6638611111111113E-02
   1.0432777777777777E-02  2.7041111111111113E-02
   1.0154722222222221E-02  2.7385833333333335E-02
   9.9325000000000004E-03  2.7615555555555553E-02
   8.9869444444444432E-03  2.8132777777777774E-02
   8.3194444444444453E-03  2.8305277777777776E-02
   7.3741666666666669E-03  2.8937222222222229E-02
   6.9847222222222229E-03  2.9109722222222221E-02
   6.5397222222222219E-03  2.9511944444444445E-02
   5.8725000000000001E-03  2.9856666666666663E-02
   5.4830555555555561E-03  3.0258888888888894E-02
   4.9824999999999999E-03  3.0776111111111115E-02
   4.6488888888888890E-03  3.1293333333333333E-02
   4.3708333333333333E-03  3.1695555555555553E-02
   3.7036111111111111E-03  3.2385277777777777E-02
   3.4255555555555554E-03  3.2730000000000002E-02
   2.9250000000000001E-03  3.3189722222222225E-02
   2.4800000000000000E-03  3.3476944444444448E-02
   1.7569444444444444E-03  3.3591944444444445E-02
   1.2563888888888889E-03  3.3534444444444450E-02
   8.1166666666666670E-04  3.3419444444444446E-02
   4.2222222222222227E-04  3.3649444444444447E-02
  -2.2777777777777813E-05  3.4051666666666668E-02
  -9.1250000000000012E-04  3.4511388888888890E-02
  -1.4130555555555554E-03  3.4741111111111111E-02
  -2.3027777777777777E-03  3.5200833333333334E-02
  -2.7477777777777782E-03  3.5488333333333330E-02
  -3.0813888888888879E-03  3.6005277777777775E-02
  -3.6933333333333332E-03  3.6867222222222225E-02
  -3.9713888888888889E-03  3.7499444444444446E-02
  -4.1938888888888894E-03  3.7901666666666667E-02
  -4.6386111111111116E-03  3.8361388888888889E-02
  -5.1391666666666669E-03  3.8878611111111114E-02
  -6.0847222222222223E-03  4.0372777777777778E-02
  -6.6963888888888880E-03  4.1119722222222224E-02
  -7.1413888888888890E-03  4.1866666666666670E-02
  -7.7530555555555556E-03  4.2441388888888890E-02
  -8.4205555555555561E-03  4.3130833333333334E-02
  -8.6430555555555566E-03  4.3475833333333332E-02
  -8.9766666666666675E-03  4.3935555555555547E-02
  -9.4216666666666685E-03  4.4452499999999999E-02
  -9.8663888888888898E-03  4.5027222222222225E-02
  -1.0366944444444446E-02  4.5486944444444434E-02
  -1.0700833333333333E-02  4.5889166666666668E-02
  -1.0923333333333334E-02  4.6348888888888891E-02
  -1.1145555555555554E-02  4.6923611111111110E-02
  -1.1534999999999997E-02  4.8015277777777782E-02
  -1.1813055555555556E-02  4.8762500000000014E-02
  -1.1979999999999998E-02  4.9049722222222224E-02
  -1.2536111111111112E-02  4.9739166666666661E-02
  -1.2925277777777779E-02  5.0198888888888890E-02
  -1.3370277777777780E-02  5.0658611111111113E-02
  -1.3815277777777777E-02  5.0888611111111114E-02
  -1.4315833333333333E-02  5.1118333333333335E-02
  -1.5094444444444445E-02  5.1233333333333332E-02
  -1.6151111111111109E-02  5.1233333333333332E-02
  -1.6651666666666665E-02  5.1118333333333335E-02
  -1.7096388888888887E-02  5.0946111111111109E-02
  -1.7986388888888885E-02  5.1118333333333335E-02
  -1.8486944444444445E-02  5.1175833333333337E-02
  -1.9154166666666667E-02  5.1233333333333332E-02
  -1.9766111111111109E-02  5.1233333333333332E-02
  -2.0600277777777776E-02  5.1290833333333334E-02
  -2.0878333333333332E-02  5.1635555555555566E-02
  -2.1211944444444443E-02  5.2152777777777784E-02
  -2.1879444444444441E-02  5.2554999999999998E-02
  -2.2324166666666666E-02  5.2784999999999999E-02
  -2.2824722222222218E-02  5.3014722222222227E-02
  -2.3658888888888882E-02  5.3072222222222215E-02
  -2.4326388888888887E-02  5.3072222222222215E-02
  -2.5216111111111109E-02  5.3072222222222215E-02
  -2.6050555555555556E-02  5.3187222222222226E-02
  -2.6662222222222219E-02  5.3416944444444447E-02
  -2.7607777777777773E-02  5.3761666666666680E-02
  -2.7941388888888884E-02  5.4049166666666676E-02
  -2.8608611111111109E-02  5.4566388888888893E-02
  -2.8942499999999999E-02  5.4623611111111109E-02
  -2.9554166666666670E-02  5.5083333333333345E-02
  -2.9721111111111108E-02  5.5255833333333330E-02
  -3.0221666666666661E-02  5.5485833333333338E-02
  -3.0666388888888889E-02  5.5715555555555546E-02
  -3.1166944444444442E-02  5.5830555555555557E-02
  -3.2279444444444444E-02  5.6117777777777780E-02
  -3.2946666666666666E-02  5.5888055555555559E-02
  -3.3502777777777777E-02  5.5255833333333330E-02
  -3.4003333333333337E-02  5.4853611111111117E-02
  -3.4392777777777779E-02  5.4508888888888891E-02
  -3.4615277777777780E-02  5.4049166666666676E-02
  -3.4837500000000000E-02  5.3244722222222228E-02
  -3.4893333333333332E-02  5.2612500000000000E-02
  -3.4670833333333331E-02  5.1865555555555561E-02
  -3.4448333333333331E-02  5.1463333333333333E-02
  -3.4225833333333330E-02  5.1118333333333335E-02
  -3.4114722222222220E-02  5.0658611111111113E-02
  -3.4058888888888889E-02  5.0026666666666671E-02
  -3.3780833333333336E-02  4.9394444444444442E-02
  -3.3614166666666667E-02  4.8992222222222236E-02
  -3.3336111111111108E-02  4.8417499999999995E-02
  -3.3058055555555556E-02  4.7900555555555557E-02
  -3.2557499999999996E-02  4.7210833333333341E-02
  -3.2223611111111113E-02  4.6751111111111111E-02
  -3.1778888888888884E-02  4.6233888888888887E-02
  -3.1556388888888884E-02  4.5716944444444442E-02
  -3.1445000000000001E-02  4.5027222222222225E-02
  -3.1166944444444442E-02  4.4337777777777782E-02
  -3.0888888888888882E-02  4.3705555555555553E-02
  -3.0444166666666668E-02  4.3130833333333334E-02
  -3.0054722222222222E-02  4.2671111111111118E-02
  -2.9665555555555553E-02  4.2154166666666666E-02
  -2.9331666666666662E-02  4.1579444444444447E-02
  -2.8775555555555554E-02  4.0602500000000007E-02
  -2.8330555555555557E-02  3.9855555555555561E-02
  -2.7941388888888884E-02  3.9338333333333336E-02
  -2.7273888888888886E-02  3.8303888888888887E-02
  -2.6940277777777775E-02  3.7959166666666669E-02
  -2.6662222222222219E-02  3.7154722222222221E-02
  -2.7051388888888885E-02  3.6695000000000005E-02
  -2.7162777777777775E-02  3.6235277777777776E-02
  -2.7551944444444448E-02  3.5603055555555561E-02
  -2.7718888888888890E-02  3.5200833333333334E-02
  -2.7996944444444439E-02  3.4568888888888892E-02
  -2.8219444444444446E-02  3.3821666666666667E-02
  -2.8219444444444446E-02  3.3017222222222226E-02
  -2.7941388888888884E-02  3.1925555555555554E-02
  -2.7774444444444445E-02  3.1408333333333330E-02
  -2.7273888888888886E-02  3.0316388888888893E-02
  -2.6995833333333330E-02  2.9799166666666665E-02
  -2.6439722222222222E-02  2.8822499999999994E-02
  -2.6217222222222222E-02  2.8017777777777777E-02
  -2.6272777777777777E-02  2.7385833333333335E-02
  -2.6161666666666666E-02  2.6293888888888887E-02
  -2.5994722222222221E-02  2.5489444444444443E-02
  -2.5605555555555558E-02  2.4857222222222225E-02
  -2.5271944444444444E-02  2.4570000000000002E-02
  -2.4715555555555557E-02  2.4110277777777779E-02
  -2.4326388888888887E-02  2.3880555555555558E-02
  -2.3492222222222220E-02  2.2961111111111113E-02
  -2.3102777777777778E-02  2.2501388888888890E-02
  -2.2824722222222218E-02  2.2099166666666666E-02
  -2.2268611111111111E-02  2.1351944444444448E-02
  -2.1656944444444447E-02  2.0777500000000001E-02
  -2.0933888888888887E-02  2.0375277777777777E-02
  -2.0210833333333331E-02  1.9972777777777777E-02
  -1.9710277777777774E-02  1.9628055555555558E-02
  -1.9154166666666667E-02  1.9225833333333334E-02
  -1.8598055555555555E-02  1.8708611111111113E-02
  -1.7763888888888888E-02  1.8019166666666666E-02
  -1.7040833333333331E-02  1.7674444444444447E-02
  -1.6373333333333333E-02  1.7214722222222222E-02
  -1.5928611111111112E-02  1.6640000000000002E-02
  -1.5761666666666663E-02  1.5490833333333332E-02
  -1.5650555555555553E-02  1.4513888888888889E-02
  -1.5706111111111108E-02  1.4111666666666668E-02
  -1.5650555555555553E-02  1.3651944444444446E-02
  -1.5094444444444445E-02  1.2904722222222224E-02
  -1.4482500000000002E-02  1.2330277777777777E-02
  -1.4204444444444443E-02  1.1928055555555556E-02
  -1.3815277777777777E-02  1.0836111111111112E-02
  -1.3425833333333335E-02  9.8591666666666654E-03
  -1.3203333333333331E-02  8.9972222222222224E-03
  -1.3147777777777776E-02  7.8480555555555560E-03
  -1.3092222222222220E-02  7.0436111111111116E-03
  -1.2925277777777779E-02  5.9516666666666667E-03
  -1.2647222222222223E-02  5.2047222222222226E-03
  -1.2146666666666667E-02  4.5725000000000002E-03
  -1.1312500000000000E-02  3.9405555555555557E-03
  -9.8108333333333311E-03  3.1358333333333334E-03
  -8.9766666666666675E-03  2.7911111111111110E-03
  -7.6975000000000003E-03  2.2738888888888887E-03
  -7.2525000000000011E-03  2.0441666666666668E-03
  -7.3083333333333325E-03  1.5844444444444443E-03
  -6.8633333333333333E-03  5.5000000000000003E-04
  -6.8633333333333333E-03 -5.4166666666666664E-04
  -6.8633333333333333E-03 -9.4416666666666629E-04
  -7.8088888888888887E-03 -1.2313888888888886E-03
  -8.5875000000000014E-03 -1.6336111111111117E-03
  -9.0880555555555541E-03 -2.2658333333333332E-03
  -9.2547222222222197E-03 -3.7597222222222225E-03
  -9.4772222222222237E-03 -4.2769444444444443E-03
  -1.0144722222222222E-02 -5.2538888888888887E-03
  -1.0589444444444443E-02 -5.9433333333333326E-03
  -1.0589444444444443E-02 -6.7477777777777770E-03
  -1.1034444444444444E-02 -7.3800000000000003E-03
  -1.1034444444444444E-02 -7.9547222222222207E-03
  -1.1089999999999999E-02 -8.4719444444444451E-03
  -1.1089999999999999E-02 -8.6441666666666681E-03
  -1.1813055555555556E-02 -8.9888888888888865E-03
  -1.2258055555555557E-02 -9.2763888888888896E-03
  -1.2758611111111109E-02 -9.6211111111111115E-03
  -1.3370277777777780E-02 -1.0598055555555555E-02
  -1.3759444444444446E-02 -1.1115277777777776E-02
  -1.4315833333333333E-02 -1.1402499999999999E-02
  -1.5150000000000000E-02 -1.1632222222222221E-02
  -1.6429166666666665E-02 -1.1977222222222222E-02
  -1.6985277777777776E-02 -1.2264444444444446E-02
  -1.8097499999999999E-02 -1.2494444444444443E-02
  -1.9209722222222222E-02 -1.3126388888888889E-02
  -1.9543611111111109E-02 -1.3471111111111111E-02
  -1.9877222222222223E-02 -1.3930833333333333E-02
  -2.0322222222222221E-02 -1.4275833333333331E-02
  -2.0878333333333332E-02 -1.4563055555555558E-02
  -2.1768055555555558E-02 -1.5137777777777778E-02
  -2.2435555555555556E-02 -1.5425000000000001E-02
  -2.2991666666666667E-02 -1.5482499999999996E-02
  -2.3492222222222220E-02 -1.5597500000000000E-02
  -2.4270833333333335E-02 -1.5942222222222222E-02
  -2.4882499999999998E-02 -1.6286944444444444E-02
  -2.5271944444444444E-02 -1.6746666666666667E-02
  -2.5550000000000003E-02 -1.7378888888888888E-02
  -2.5883611111111107E-02 -1.8528055555555555E-02
  -2.6106111111111111E-02 -1.9390000000000001E-02
  -2.6717777777777774E-02 -1.9792222222222221E-02
  -2.7273888888888886E-02 -2.0079444444444441E-02
  -2.7774444444444445E-02 -2.0194444444444445E-02
  -2.8886944444444444E-02 -2.0366944444444441E-02
  -3.0054722222222222E-02 -2.0711666666666666E-02
  -3.0610833333333337E-02 -2.0769166666666665E-02
  -3.1333888888888890E-02 -2.1171388888888889E-02
  -3.1556388888888884E-02 -2.1516111111111111E-02
  -3.2223611111111113E-02 -2.1860833333333333E-02
  -3.2668611111111107E-02 -2.2090833333333330E-02
  -3.3336111111111108E-02 -2.2493055555555554E-02
  -3.3669722222222226E-02 -2.2895277777777778E-02
  -3.4281388888888889E-02 -2.3929722222222217E-02
  -3.4336944444444441E-02 -2.4734166666666665E-02
  -3.4615277777777780E-02 -2.5481111111111107E-02
  -3.4948888888888890E-02 -2.5826111111111109E-02
  -3.5727499999999995E-02 -2.6285555555555552E-02
  -3.6561666666666666E-02 -2.6630555555555557E-02
  -3.7284722222222219E-02 -2.6975277777777779E-02
  -3.8508055555555559E-02 -2.7492500000000000E-02
  -3.9175555555555547E-02 -2.7722222222222221E-02
  -3.9898611111111114E-02 -2.8009722222222221E-02
  -4.0287777777777777E-02 -2.8296944444444437E-02
  -4.1010833333333330E-02 -2.8929166666666662E-02
  -4.1511388888888889E-02 -2.9043888888888886E-02
  -4.2846111111111113E-02 -2.9561111111111107E-02
  -4.3569166666666666E-02 -2.9905833333333340E-02
  -4.3902777777777777E-02 -3.0193333333333336E-02
  -4.4570277777777778E-02 -3.0767777777777776E-02
  -4.5460000000000000E-02 -3.1859722222222220E-02
  -4.5738055555555560E-02 -3.2434444444444446E-02
  -4.6183055555555554E-02 -3.3238888888888887E-02
  -4.6516666666666671E-02 -3.4100833333333330E-02
  -4.6516666666666671E-02 -3.4847777777777776E-02
  -4.6906111111111114E-02 -3.5135277777777779E-02
  -4.7128611111111114E-02 -3.5365000000000001E-02
  -4.7684722222222226E-02 -3.6226944444444444E-02
  -4.7684722222222226E-02 -3.6916666666666667E-02
  -4.7684722222222226E-02 -3.7606111111111111E-02
  -4.8185277777777785E-02 -3.7663611111111113E-02
  -4.8741388888888897E-02 -3.8008333333333338E-02
  -4.9297500000000001E-02 -3.8927777777777776E-02
  -4.9631111111111105E-02 -3.9502500000000003E-02
  -4.9798055555555554E-02 -4.0191944444444440E-02
  -5.0020555555555554E-02 -4.1283888888888884E-02
  -5.0020555555555554E-02 -4.2145833333333334E-02
  -4.9853611111111112E-02 -4.3007777777777784E-02
  -4.9575555555555560E-02 -4.3812222222222225E-02
  -4.9408611111111111E-02 -4.4559166666666664E-02
  -4.8741388888888897E-02 -4.4271944444444433E-02
  -4.8296388888888896E-02 -4.4271944444444433E-02
  -4.7573333333333329E-02 -4.4444444444444439E-02
  -4.6572222222222223E-02 -4.4386944444444437E-02
  -4.5960555555555553E-02 -4.4156944444444443E-02
  -4.5014999999999999E-02 -4.3582499999999996E-02
  -4.4625833333333337E-02 -4.3179999999999989E-02
  -4.4403333333333329E-02 -4.2433055555555564E-02
  -4.3902777777777777E-02 -4.1915833333333333E-02
  -4.2456944444444450E-02 -4.0881666666666677E-02
  -4.1900833333333332E-02 -4.0421944444444441E-02
  -4.0955277777777771E-02 -4.0019722222222220E-02
  -4.0176666666666666E-02 -3.9847222222222221E-02
  -3.9843055555555555E-02 -3.9847222222222221E-02
  -3.8230000000000000E-02 -4.0191944444444440E-02
  -3.7618333333333337E-02 -3.9904722222222216E-02
  -3.6339166666666665E-02 -3.7893333333333334E-02
  -3.6172222222222224E-02 -3.7318888888888888E-02
  -3.5894166666666665E-02 -3.6973888888888889E-02
  -3.5115555555555553E-02 -3.6629166666666664E-02
  -3.3947777777777771E-02 -3.6456944444444445E-02
  -3.3224722222222218E-02 -3.6399444444444443E-02
  -3.2223611111111113E-02 -3.6341944444444448E-02
  -3.1445000000000001E-02 -3.6514444444444440E-02
  -3.0777777777777772E-02 -3.7031388888888885E-02
  -3.0388333333333330E-02 -3.7146388888888889E-02
  -2.9387222222222217E-02 -3.7261388888888886E-02
  -2.8998055555555555E-02 -3.7146388888888889E-02
  -2.8275000000000002E-02 -3.6686666666666666E-02
  -2.7496388888888893E-02 -3.6226944444444444E-02
  -2.7107222222222220E-02 -3.5939722222222220E-02
  -2.6439722222222222E-02 -3.5709722222222219E-02
  -2.5939166666666666E-02 -3.5479999999999998E-02
  -2.5216111111111109E-02 -3.5135277777777779E-02
  -2.4270833333333335E-02 -3.4618055555555555E-02
  -2.3214166666666664E-02 -3.4158333333333332E-02
  -2.2491111111111111E-02 -3.3641111111111108E-02
  -2.1656944444444447E-02 -3.3296388888888889E-02
  -2.0655833333333332E-02 -3.2836666666666667E-02
  -2.0099722222222217E-02 -3.2491944444444448E-02
  -1.9376666666666667E-02 -3.2032222222222219E-02
  -1.8709166666666666E-02 -3.1859722222222220E-02
  -1.7819444444444443E-02 -3.1572499999999996E-02
  -1.7596944444444443E-02 -3.1399999999999997E-02
  -1.6985277777777776E-02 -3.1055277777777779E-02
  -1.6484722222222220E-02 -3.0767777777777776E-02
  -1.5873055555555557E-02 -3.0193333333333336E-02
  -1.5706111111111108E-02 -2.9676111111111111E-02
  -1.5483611111111111E-02 -2.8986388888888888E-02
  -1.5316666666666666E-02 -2.8354444444444443E-02
  -1.4760555555555555E-02 -2.7664722222222222E-02
  -1.3981944444444443E-02 -2.7147777777777781E-02
  -1.3425833333333335E-02 -2.6745277777777778E-02
  -1.3147777777777776E-02 -2.6400555555555552E-02
  -1.2647222222222223E-02 -2.5366388888888886E-02
  -1.2591666666666668E-02 -2.4906666666666667E-02
  -1.1924166666666666E-02 -2.4619166666666668E-02
  -1.0867499999999999E-02 -2.4101944444444440E-02
  -1.0033333333333332E-02 -2.3814722222222220E-02
  -9.3102777777777784E-03 -2.3527500000000000E-02
  -8.9211111111111088E-03 -2.3297499999999999E-02
  -8.5316666666666666E-03 -2.3067777777777777E-02
  -8.1980555555555557E-03 -2.2608055555555551E-02
  -7.8088888888888887E-03 -2.2205833333333334E-02
  -7.2525000000000011E-03 -2.1688611111111110E-02
  -6.5297222222222215E-03 -2.1171388888888889E-02
  -6.0847222222222223E-03 -2.0998888888888886E-02
  -5.8066666666666666E-03 -2.0769166666666665E-02
  -5.0836111111111117E-03 -2.0711666666666666E-02
  -4.0825000000000002E-03 -2.0366944444444441E-02
  -3.5819444444444449E-03 -2.0136944444444443E-02
  -2.6366666666666669E-03 -1.9734722222222219E-02
  -1.1349999999999997E-03 -1.9045277777777776E-02
  -5.2333333333333333E-04 -1.9562499999999997E-02
   8.8611111111111139E-05 -2.0194444444444445E-02
   5.8916666666666666E-04 -2.0654166666666661E-02
   1.1452777777777778E-03 -2.1171388888888889E-02
   1.8124999999999999E-03 -2.1458611111111109E-02
   2.4244444444444443E-03 -2.1458611111111109E-02
   3.4811111111111110E-03 -2.1056388888888885E-02
   3.8147222222222224E-03 -2.0884166666666662E-02
   4.4822222222222225E-03 -2.0539166666666667E-02
   4.9269444444444447E-03 -2.0481944444444442E-02
   6.3174999999999993E-03 -2.0366944444444441E-02
   7.6522222222222226E-03 -1.9734722222222219E-02
   7.8747222222222222E-03 -1.9677222222222221E-02
   8.4863888888888905E-03 -1.9390000000000001E-02
   9.1538888888888885E-03 -1.9045277777777776E-02
   9.4874999999999994E-03 -1.9045277777777776E-02
   9.6541666666666651E-03 -1.9677222222222221E-02
   9.8211111111111103E-03 -2.0022222222222223E-02
   1.0488611111111112E-02 -2.0136944444444443E-02
   1.0933333333333333E-02 -2.0136944444444443E-02
   1.1990000000000001E-02 -1.9907222222222222E-02
   1.2546388888888892E-02 -1.9849722222222220E-02
   1.3491666666666669E-02 -1.9562499999999997E-02
   1.2879999999999999E-02 -2.0194444444444445E-02
   1.1934444444444445E-02 -2.0424444444444446E-02
   1.1267222222222224E-02 -2.0711666666666666E-02
   1.0377222222222222E-02 -2.1171388888888889E-02
   9.9880555555555556E-03 -2.1573611111111109E-02
   9.8766666666666655E-03 -2.2205833333333334E-02
   9.7655555555555551E-03 -2.2665555555555557E-02
   9.7099999999999999E-03 -2.3182499999999998E-02
   1.0210555555555556E-02 -2.3412499999999999E-02
   1.0822222222222223E-02 -2.3527500000000000E-02
   1.1711944444444445E-02 -2.3239999999999997E-02
   1.2713055555555557E-02 -2.2263333333333333E-02
   1.3046666666666668E-02 -2.1631111111111111E-02
