   2.8936388888888893E-02  1.7298055555555556E-02
   2.8603333333333335E-02  1.7811388888888890E-02
   2.8492222222222224E-02  1.7982499999999998E-02
   2.8381388888888890E-02  1.8381666666666671E-02
   2.8325833333333335E-02  1.8666944444444444E-02
   2.8270277777777780E-02  1.8895277777777778E-02
   2.8103888888888887E-02  1.9237500000000001E-02
   2.7992777777777776E-02  1.9465555555555555E-02
   2.7826388888888890E-02  1.9750833333333336E-02
   2.7715277777777780E-02  1.9921944444444444E-02
   2.7548888888888890E-02  2.0093055555555558E-02
   2.7271388888888894E-02  2.0321111111111109E-02
   2.7049444444444445E-02  2.0435277777777778E-02
   2.6771944444444445E-02  2.0492222222222224E-02
   2.6494444444444445E-02  2.0492222222222224E-02
   2.6105833333333335E-02  2.0321111111111109E-02
   2.5883888888888887E-02  1.9807777777777778E-02
   2.5828611111111111E-02  1.8952222222222221E-02
   2.5773055555555556E-02  1.8210555555555556E-02
   2.5661944444444446E-02  1.7354999999999999E-02
   2.5551111111111111E-02  1.6898888888888890E-02
   2.5440000000000001E-02  1.6442500000000002E-02
   2.5218055555555553E-02  1.6214444444444445E-02
   2.4829444444444446E-02  1.6214444444444445E-02
   2.4385555555555560E-02  1.6556666666666667E-02
   2.3941666666666667E-02  1.7354999999999999E-02
   2.3830555555555556E-02  1.7526111111111114E-02
   2.3386666666666667E-02  1.7754444444444448E-02
   2.2887222222222222E-02  1.7982499999999998E-02
   2.2554166666666667E-02  1.8324722222222221E-02
   2.1666388888888891E-02  1.9123333333333336E-02
   2.1166666666666667E-02  1.9522500000000002E-02
   2.0722777777777777E-02  1.9693611111111110E-02
   2.0500833333333336E-02  1.9921944444444444E-02
   2.0167777777777774E-02  2.0093055555555558E-02
   1.9723888888888888E-02  2.0093055555555558E-02
   1.9113333333333333E-02  1.9921944444444444E-02
   1.8613888888888888E-02  1.9636666666666667E-02
   1.8114444444444447E-02  1.9408611111111113E-02
   1.8281111111111113E-02  1.8895277777777778E-02
   1.8669444444444447E-02  1.8267777777777779E-02
   1.8780555555555557E-02  1.7526111111111114E-02
   1.8780555555555557E-02  1.6784722222222225E-02
   1.8780555555555557E-02  1.5872222222222222E-02
   1.8725000000000002E-02  1.5016666666666668E-02
   1.8669444444444447E-02  1.4218055555555557E-02
   1.8669444444444447E-02  1.3761666666666665E-02
   1.8391944444444447E-02  1.3818888888888888E-02
   1.7948055555555554E-02  1.3989999999999999E-02
   1.7448611111111109E-02  1.4218055555555557E-02
   1.6949166666666668E-02  1.4275000000000003E-02
   1.6616111111111109E-02  1.4103888888888888E-02
   1.6504999999999999E-02  1.3533611111111111E-02
   1.6283055555555554E-02  1.2963055555555554E-02
   1.5894722222222220E-02  1.2791944444444446E-02
   1.5561666666666668E-02  1.2735000000000003E-02
   1.5117777777777779E-02  1.2678055555555557E-02
   1.4784722222222223E-02  1.2849166666666668E-02
   1.4285277777777779E-02  1.3134166666666666E-02
   1.3785833333333330E-02  1.3476388888888888E-02
   1.3341944444444444E-02  1.3818888888888888E-02
   1.3064444444444444E-02  1.4103888888888888E-02
   1.2842222222222220E-02  1.4332222222222222E-02
   1.2565000000000000E-02  1.4560277777777780E-02
   1.2342777777777779E-02  1.4560277777777780E-02
   1.1399444444444445E-02  1.4560277777777780E-02
   1.0788888888888890E-02  1.4503333333333333E-02
   1.0123055555555555E-02  1.4446111111111111E-02
   9.4016666666666658E-03  1.4389166666666668E-02
   9.0686111111111106E-03  1.4332222222222222E-02
   8.7355555555555554E-03  1.4332222222222222E-02
   8.2916666666666659E-03  1.4617222222222222E-02
   7.9586111111111107E-03  1.5016666666666668E-02
   7.6811111111111116E-03  1.5415833333333333E-02
   7.4591666666666660E-03  1.5815000000000003E-02
   7.2927777777777774E-03  1.5986111111111111E-02
   6.6822222222222222E-03  1.6442500000000002E-02
   6.2938888888888888E-03  1.6727777777777779E-02
   5.9608333333333336E-03  1.7183888888888891E-02
   5.5169444444444450E-03  1.7925555555555556E-02
   5.2947222222222224E-03  1.8552777777777779E-02
   5.0727777777777776E-03  1.9180277777777779E-02
   4.7952777777777776E-03  1.9693611111111110E-02
   4.5177777777777785E-03  2.0206944444444444E-02
   4.1849999999999995E-03  2.0720277777777782E-02
   3.8519444444444443E-03  2.1119722222222227E-02
   3.5744444444444448E-03  2.1518888888888893E-02
   3.0750000000000000E-03  2.1918055555555552E-02
   2.4091666666666667E-03  2.2317500000000001E-02
   1.7430555555555554E-03  2.2602500000000001E-02
   1.2436111111111111E-03  2.2716666666666670E-02
   7.9972222222222228E-04  2.2716666666666670E-02
   4.6666666666666677E-04  2.2830833333333335E-02
   2.4472222222222224E-04  2.3115833333333335E-02
  -8.8333333333333276E-05  2.3743333333333335E-02
  -3.1027777777777759E-04  2.4256666666666662E-02
  -5.8777777777777778E-04  2.4998333333333334E-02
  -8.0972222222222231E-04  2.5682777777777780E-02
  -1.0872222222222221E-03  2.6253055555555557E-02
  -1.6977777777777777E-03  2.7736111111111114E-02
  -2.0861111111111111E-03  2.8021111111111111E-02
  -2.1972222222222219E-03  2.8306388888888888E-02
  -2.5302777777777780E-03  2.8705833333333333E-02
  -2.8075000000000001E-03  2.9048055555555553E-02
  -3.1961111111111114E-03  2.9219166666666668E-02
  -3.7511111111111113E-03  2.9447222222222222E-02
  -4.2505555555555560E-03  2.9732500000000002E-02
  -5.0274999999999999E-03  3.0074722222222225E-02
  -5.5824999999999998E-03  3.0131666666666668E-02
  -6.3038888888888893E-03  3.0131666666666668E-02
  -6.7477777777777770E-03  3.0074722222222225E-02
  -7.0808333333333339E-03  3.0017499999999999E-02
  -7.5247222222222217E-03  3.0701944444444441E-02
  -7.9133333333333347E-03  3.1386388888888880E-02
  -8.1352777777777760E-03  3.2070833333333333E-02
  -8.3572222222222207E-03  3.2641388888888886E-02
  -8.7458333333333346E-03  3.3040555555555552E-02
  -9.3005555555555550E-03  3.3382777777777782E-02
  -9.7447222222222206E-03  3.3724999999999998E-02
  -1.0355000000000000E-02  3.4295555555555551E-02
  -1.0743611111111113E-02  3.4637777777777781E-02
  -1.1131944444444444E-02  3.5036944444444447E-02
  -1.1409444444444444E-02  3.5265000000000005E-02
  -1.1798055555555555E-02  3.5607222222222221E-02
  -1.2186388888888892E-02  3.6006666666666666E-02
  -1.2519444444444444E-02  3.6291666666666667E-02
  -1.3240833333333334E-02  3.6862222222222220E-02
  -1.3795833333333334E-02  3.7318333333333335E-02
  -1.4017777777777775E-02  3.7546666666666666E-02
  -1.4295277777777775E-02  3.8060000000000004E-02
  -1.4350833333333333E-02  3.8402222222222226E-02
  -1.4517222222222223E-02  3.9086666666666665E-02
  -1.4683888888888889E-02  3.9656944444444446E-02
  -1.4905833333333330E-02  4.0113333333333334E-02
  -1.5349722222222219E-02  4.0512500000000000E-02
  -1.5960277777777775E-02  4.0740833333333337E-02
  -1.6459722222222223E-02  4.0797777777777780E-02
  -1.7014722222222223E-02  4.0854722222222223E-02
  -1.7680555555555554E-02  4.0911944444444445E-02
  -1.8457500000000002E-02  4.1482222222222226E-02
  -1.9012500000000002E-02  4.1995555555555557E-02
  -1.9456388888888888E-02  4.2280833333333337E-02
  -1.9900555555555553E-02  4.2565833333333331E-02
  -2.0399999999999995E-02  4.2851111111111104E-02
  -2.1010555555555553E-02  4.3079166666666668E-02
  -2.1787500000000001E-02  4.3136388888888891E-02
  -2.2397777777777780E-02  4.3079166666666668E-02
  -2.3008333333333332E-02  4.2908055555555567E-02
  -2.3563333333333332E-02  4.2851111111111104E-02
  -2.4007222222222221E-02  4.3250555555555556E-02
  -2.4118333333333332E-02  4.3535555555555557E-02
  -2.4340277777777777E-02  4.4106111111111110E-02
  -2.4506666666666663E-02  4.4505277777777776E-02
  -2.5006111111111111E-02  4.4904444444444441E-02
  -2.6726666666666666E-02  4.5531944444444444E-02
  -2.7170555555555555E-02  4.5475000000000002E-02
  -2.7558888888888890E-02  4.5360833333333322E-02
  -2.7836388888888890E-02  4.5417777777777786E-02
  -2.8391388888888883E-02  4.5646111111111123E-02
  -2.8613333333333331E-02  4.5988333333333326E-02
  -2.8946388888888886E-02  4.6216388888888890E-02
  -2.9390277777777776E-02  4.6501666666666656E-02
  -2.9778888888888889E-02  4.6672777777777778E-02
  -3.0278333333333331E-02  4.6786666666666671E-02
  -3.0944166666666668E-02  4.6615555555555556E-02
  -3.1443611111111110E-02  4.5988333333333326E-02
  -3.1832222222222227E-02  4.5703055555555559E-02
  -3.2276111111111110E-02  4.5475000000000002E-02
  -3.2664722222222220E-02  4.5075555555555563E-02
  -3.2942222222222220E-02  4.4847500000000005E-02
  -3.3219722222222220E-02  4.4277222222222225E-02
  -3.2997777777777779E-02  4.3820833333333337E-02
  -3.2942222222222220E-02  4.3307500000000006E-02
  -3.2942222222222220E-02  4.2851111111111104E-02
  -3.3053055555555558E-02  4.2280833333333337E-02
  -3.3053055555555558E-02  4.1710277777777777E-02
  -3.2831111111111110E-02  4.1254166666666668E-02
  -3.2720277777777779E-02  4.0854722222222223E-02
  -3.2276111111111110E-02  4.0113333333333334E-02
  -3.1943333333333331E-02  3.9599999999999996E-02
  -3.1554722222222220E-02  3.8630277777777777E-02
  -3.1221666666666668E-02  3.8231111111111112E-02
  -3.0944166666666668E-02  3.7774722222222223E-02
  -3.0500277777777779E-02  3.7318333333333335E-02
  -3.0000833333333334E-02  3.6748055555555555E-02
  -2.9667777777777772E-02  3.6291666666666667E-02
  -2.9223888888888890E-02  3.5835555555555558E-02
  -2.8890833333333338E-02  3.5493333333333335E-02
  -2.8502500000000000E-02  3.5036944444444447E-02
  -2.8224999999999997E-02  3.4865833333333339E-02
  -2.8224999999999997E-02  3.4580555555555559E-02
  -2.8280555555555559E-02  3.4010277777777778E-02
  -2.8224999999999997E-02  3.3382777777777782E-02
  -2.8224999999999997E-02  3.2926388888888894E-02
  -2.8169444444444448E-02  3.2184999999999998E-02
  -2.8113888888888893E-02  3.1329444444444451E-02
  -2.7891944444444445E-02  3.0645000000000002E-02
  -2.7836388888888890E-02  3.0131666666666668E-02
  -2.7614444444444445E-02  2.9618333333333333E-02
  -2.7392499999999997E-02  2.9104999999999999E-02
  -2.7003888888888890E-02  2.8477500000000003E-02
  -2.6560000000000000E-02  2.7964166666666665E-02
  -2.6116111111111107E-02  2.7621944444444445E-02
  -2.5894166666666666E-02  2.7165555555555557E-02
  -2.5616666666666666E-02  2.6823333333333338E-02
  -2.5450000000000000E-02  2.6424166666666672E-02
  -2.5283611111111114E-02  2.5853888888888888E-02
  -2.5006111111111111E-02  2.4998333333333334E-02
  -2.4895277777777777E-02  2.4485000000000000E-02
  -2.4895277777777777E-02  2.4142777777777777E-02
  -2.4728611111111111E-02  2.3743333333333335E-02
  -2.4562222222222218E-02  2.3230000000000001E-02
  -2.4395833333333332E-02  2.2716666666666670E-02
  -2.4229166666666666E-02  2.2146388888888889E-02
  -2.4007222222222221E-02  2.1690000000000001E-02
  -2.3785277777777777E-02  2.1233611111111116E-02
  -2.3396666666666663E-02  2.0663333333333332E-02
  -2.3063888888888887E-02  2.0206944444444444E-02
  -2.2841666666666663E-02  1.9921944444444444E-02
  -2.2508888888888891E-02  1.9465555555555555E-02
  -2.2120277777777777E-02  1.9009166666666667E-02
  -2.1842777777777777E-02  1.8610000000000002E-02
  -2.1509999999999998E-02  1.8267777777777779E-02
  -2.1176944444444446E-02  1.7868333333333333E-02
  -2.0843888888888887E-02  1.7697222222222222E-02
  -2.0399999999999995E-02  1.7469166666666668E-02
  -2.0066944444444443E-02  1.7298055555555556E-02
  -1.9844999999999998E-02  1.6955833333333333E-02
  -1.9511944444444443E-02  1.6385555555555556E-02
  -1.9179166666666667E-02  1.5986111111111111E-02
  -1.8734999999999998E-02  1.5358888888888891E-02
  -1.8513055555555557E-02  1.5016666666666668E-02
  -1.8124722222222223E-02  1.4503333333333333E-02
  -1.7847222222222223E-02  1.4046944444444445E-02
  -1.7625277777777778E-02  1.3533611111111111E-02
  -1.7403055555555557E-02  1.3134166666666666E-02
  -1.7125555555555554E-02  1.2335833333333334E-02
  -1.6737222222222223E-02  1.1879444444444446E-02
  -1.6515277777777778E-02  1.1708333333333334E-02
  -1.6071111111111109E-02  1.1537222222222223E-02
  -1.5571666666666664E-02  1.1309166666666669E-02
  -1.5294166666666664E-02  1.1251944444444446E-02
  -1.4850277777777775E-02  1.0624722222222223E-02
  -1.4517222222222223E-02  1.0168333333333331E-02
  -1.4184444444444444E-02  9.7691666666666691E-03
  -1.3906944444444444E-02  9.3127777777777775E-03
  -1.3573888888888892E-02  8.6283333333333316E-03
  -1.3351944444444441E-02  8.1150000000000007E-03
  -1.3018888888888889E-02  7.7727777777777778E-03
  -1.2241944444444444E-02  7.2022222222222227E-03
  -1.2019999999999999E-02  7.0311111111111112E-03
  -1.1853611111111113E-02  6.7461111111111107E-03
  -1.1631666666666665E-02  6.2897222222222217E-03
  -1.1520555555555558E-02  6.0044444444444442E-03
  -1.1243055555555555E-02  5.6622222222222221E-03
  -1.0965555555555555E-02  5.2630555555555555E-03
  -1.0632500000000000E-02  5.0350000000000004E-03
  -1.0188611111111110E-02  4.6927777777777784E-03
  -9.5780555555555549E-03  4.2933333333333330E-03
  -9.1341666666666654E-03  3.8941666666666669E-03
  -8.6347222222222207E-03  3.3808333333333333E-03
  -8.1908333333333347E-03  3.0386111111111109E-03
  -7.6913888888888891E-03  2.7533333333333333E-03
  -7.4694444444444444E-03  2.5252777777777778E-03
  -7.2472222222222217E-03  2.1830555555555557E-03
  -6.6925000000000005E-03  1.5555555555555557E-03
  -6.1374999999999997E-03  1.0991666666666667E-03
  -5.9155555555555550E-03  9.2805555555555556E-04
  -5.5824999999999998E-03  5.2888888888888885E-04
  -5.4158333333333333E-03  1.8666666666666669E-04
  -5.3605555555555550E-03 -3.2666666666666651E-04
  -5.3049999999999998E-03 -7.8305555555555528E-04
  -5.5269444444444446E-03 -1.0111111111111111E-03
  -6.0819444444444445E-03 -1.2394444444444445E-03
  -6.4702777777777779E-03 -1.5816666666666666E-03
  -6.8033333333333331E-03 -2.0950000000000001E-03
  -6.9144444444444444E-03 -2.6652777777777781E-03
  -6.9697222222222218E-03 -3.3497222222222227E-03
  -7.0252777777777770E-03 -3.9772222222222223E-03
  -7.1919444444444444E-03 -4.4333333333333334E-03
  -7.3583333333333339E-03 -5.4599999999999996E-03
  -7.5802777777777769E-03 -6.2016666666666661E-03
  -7.9688888888888899E-03 -6.7719444444444441E-03
  -8.1908333333333347E-03 -7.0572222222222225E-03
  -8.3572222222222207E-03 -7.5705555555555552E-03
  -8.8011111111111102E-03 -8.1980555555555557E-03
  -9.0786111111111102E-03 -8.5972222222222214E-03
  -9.4672222222222206E-03 -9.1675000000000020E-03
  -9.8555555555555549E-03 -9.6238888888888867E-03
  -1.0244166666666665E-02 -1.0080277777777778E-02
  -1.0521666666666665E-02 -1.0479444444444444E-02
  -1.0854722222222220E-02 -1.0764722222222224E-02
  -1.1354166666666665E-02 -1.1106944444444444E-02
  -1.1798055555555555E-02 -1.1335000000000001E-02
  -1.2408611111111110E-02 -1.1677222222222221E-02
  -1.2852499999999999E-02 -1.1905555555555558E-02
  -1.3240833333333334E-02 -1.2019444444444447E-02
  -1.3795833333333334E-02 -1.2190555555555555E-02
  -1.4184444444444444E-02 -1.2304722222222224E-02
  -1.4739444444444444E-02 -1.2932222222222223E-02
  -1.5238888888888892E-02 -1.3274444444444443E-02
  -1.5516388888888885E-02 -1.3559444444444443E-02
  -1.6126666666666664E-02 -1.3901666666666666E-02
  -1.6515277777777778E-02 -1.4186944444444446E-02
  -1.7070277777777778E-02 -1.4472222222222227E-02
  -1.7569722222222223E-02 -1.4643333333333331E-02
  -1.8235555555555550E-02 -1.4928333333333335E-02
  -1.8679444444444443E-02 -1.5099444444444443E-02
  -1.9289999999999998E-02 -1.5441666666666666E-02
  -1.9789444444444443E-02 -1.5726944444444443E-02
  -2.0344444444444446E-02 -1.6069166666666669E-02
  -2.0621944444444443E-02 -1.6297499999999999E-02
  -2.1065833333333329E-02 -1.6696666666666665E-02
  -2.1287777777777777E-02 -1.7038888888888888E-02
  -2.1565277777777777E-02 -1.7210000000000000E-02
  -2.2064722222222222E-02 -1.7381111111111111E-02
  -2.2619722222222222E-02 -1.7723333333333331E-02
  -2.3285833333333329E-02 -1.8407777777777773E-02
  -2.3674166666666666E-02 -1.8921111111111111E-02
  -2.4007222222222221E-02 -1.9491388888888888E-02
  -2.4284722222222221E-02 -1.9947777777777776E-02
  -2.4728611111111111E-02 -2.0518333333333333E-02
  -2.5061666666666666E-02 -2.0803333333333330E-02
  -2.5616666666666666E-02 -2.1031666666666660E-02
  -2.6116111111111107E-02 -2.1259722222222218E-02
  -2.6504444444444445E-02 -2.1373888888888887E-02
  -2.6948611111111114E-02 -2.1658888888888884E-02
  -2.7281388888888886E-02 -2.1773055555555552E-02
  -2.7781111111111111E-02 -2.2058333333333333E-02
  -2.8224999999999997E-02 -2.2343333333333333E-02
  -2.8668888888888886E-02 -2.2571666666666667E-02
  -2.9112777777777779E-02 -2.2799722222222221E-02
  -2.9556944444444441E-02 -2.3198888888888890E-02
  -3.0000833333333334E-02 -2.3769444444444444E-02
  -3.0444722222222220E-02 -2.4282777777777778E-02
  -3.0833333333333331E-02 -2.4681944444444444E-02
  -3.1332777777777779E-02 -2.5024166666666667E-02
  -3.1721111111111117E-02 -2.5423611111111112E-02
  -3.2276111111111110E-02 -2.5822777777777778E-02
  -3.3053055555555558E-02 -2.5993888888888886E-02
  -3.3719166666666661E-02 -2.6221944444444444E-02
  -3.4440555555555558E-02 -2.6564166666666663E-02
  -3.4939999999999999E-02 -2.6621388888888889E-02
  -3.5439444444444440E-02 -2.6792499999999997E-02
  -3.6271944444444447E-02 -2.6963611111111115E-02
  -3.7215277777777778E-02 -2.7305833333333331E-02
  -3.7936944444444440E-02 -2.7362777777777778E-02
  -3.8547222222222219E-02 -2.7533888888888889E-02
  -3.9379722222222219E-02 -2.7761944444444447E-02
  -4.0212222222222226E-02 -2.8047222222222223E-02
  -4.0933611111111108E-02 -2.8446388888888889E-02
  -4.1433055555555556E-02 -2.8788611111111105E-02
  -4.1821666666666667E-02 -2.9130833333333338E-02
  -4.2043611111111115E-02 -2.9530277777777773E-02
  -4.2321111111111108E-02 -3.0100555555555557E-02
  -4.2709444444444439E-02 -3.0556944444444442E-02
  -4.3264444444444446E-02 -3.1127222222222223E-02
  -4.3708333333333328E-02 -3.1526666666666668E-02
  -4.4318888888888887E-02 -3.2153888888888892E-02
  -4.4707222222222218E-02 -3.2553333333333337E-02
  -4.5040277777777776E-02 -3.2952500000000003E-02
  -4.5373333333333335E-02 -3.3351666666666668E-02
  -4.5761666666666673E-02 -3.3979166666666664E-02
  -4.6150277777777776E-02 -3.4378333333333330E-02
  -4.6538611111111107E-02 -3.4891666666666668E-02
  -4.6760833333333335E-02 -3.5348055555555556E-02
  -4.7038333333333321E-02 -3.5975555555555559E-02
  -4.7149166666666659E-02 -3.6260833333333332E-02
  -4.7371111111111114E-02 -3.6659999999999998E-02
  -4.7426666666666659E-02 -3.7002222222222221E-02
  -4.7426666666666659E-02 -3.7629722222222224E-02
  -4.7426666666666659E-02 -3.8085833333333333E-02
  -4.7426666666666659E-02 -3.8941388888888886E-02
  -4.7426666666666659E-02 -3.9397777777777782E-02
  -4.7260277777777776E-02 -3.9911111111111099E-02
  -4.6927222222222210E-02 -4.0139444444444436E-02
  -4.6316666666666666E-02 -4.0538611111111102E-02
  -4.6094722222222217E-02 -4.0652777777777781E-02
  -4.5095833333333328E-02 -4.0823888888888889E-02
  -4.4429999999999997E-02 -4.0823888888888889E-02
  -4.3763888888888887E-02 -4.0424444444444443E-02
  -4.3541944444444453E-02 -4.0196388888888900E-02
  -4.2986944444444446E-02 -3.9397777777777782E-02
  -4.2764999999999997E-02 -3.8998611111111109E-02
  -4.2487499999999997E-02 -3.8371111111111106E-02
  -4.2321111111111108E-02 -3.8085833333333333E-02
  -4.2043611111111115E-02 -3.7743611111111110E-02
  -4.1710555555555556E-02 -3.7629722222222224E-02
  -4.1433055555555556E-02 -3.7629722222222224E-02
  -4.1044722222222219E-02 -3.7743611111111110E-02
  -4.0378611111111101E-02 -3.7971944444444440E-02
  -3.9490833333333336E-02 -3.8028888888888890E-02
  -3.8769166666666667E-02 -3.8085833333333333E-02
  -3.8436388888888888E-02 -3.8143055555555555E-02
  -3.7770277777777778E-02 -3.8143055555555555E-02
  -3.6771388888888888E-02 -3.8143055555555555E-02
  -3.5883333333333330E-02 -3.8028888888888890E-02
  -3.5217499999999999E-02 -3.7914722222222225E-02
  -3.4662499999999999E-02 -3.7743611111111110E-02
  -3.4329444444444440E-02 -3.7686666666666667E-02
  -3.3608055555555551E-02 -3.7629722222222224E-02
  -3.2942222222222220E-02 -3.7743611111111110E-02
  -3.2498055555555551E-02 -3.7857777777777782E-02
  -3.1721111111111117E-02 -3.7914722222222225E-02
  -3.0888888888888882E-02 -3.7914722222222225E-02
  -3.0222777777777779E-02 -3.7857777777777782E-02
  -2.9834444444444438E-02 -3.7800833333333332E-02
  -2.9001944444444441E-02 -3.7629722222222224E-02
  -2.8558055555555555E-02 -3.7458611111111116E-02
  -2.8058333333333338E-02 -3.7059166666666671E-02
  -2.7725555555555555E-02 -3.6659999999999998E-02
  -2.7670000000000000E-02 -3.6488888888888890E-02
  -2.7558888888888890E-02 -3.5747500000000001E-02
  -2.7503611111111114E-02 -3.4948888888888890E-02
  -2.7448055555555552E-02 -3.4435555555555553E-02
  -2.7392499999999997E-02 -3.4036111111111107E-02
  -2.7003888888888890E-02 -3.4036111111111107E-02
  -2.6282500000000000E-02 -3.4093333333333337E-02
  -2.5783055555555556E-02 -3.4036111111111107E-02
  -2.5117222222222221E-02 -3.3693888888888884E-02
  -2.4784166666666666E-02 -3.3522777777777776E-02
  -2.4118333333333332E-02 -3.3180555555555553E-02
  -2.3563333333333332E-02 -3.2781388888888888E-02
  -2.2841666666666663E-02 -3.2325000000000000E-02
  -2.2175833333333332E-02 -3.1868888888888884E-02
  -2.1620833333333332E-02 -3.1469444444444446E-02
  -2.1010555555555553E-02 -3.1070277777777780E-02
  -2.0399999999999995E-02 -3.0785000000000000E-02
  -1.9345555555555553E-02 -3.0271666666666669E-02
  -1.8790555555555553E-02 -2.9986388888888889E-02
  -1.8124722222222223E-02 -2.9644166666666666E-02
  -1.7292222222222223E-02 -2.9416111111111115E-02
  -1.6737222222222223E-02 -2.9359166666666665E-02
  -1.5849166666666671E-02 -2.9244999999999997E-02
  -1.5127777777777778E-02 -2.9130833333333338E-02
  -1.4295277777777775E-02 -2.8902777777777781E-02
  -1.3962499999999999E-02 -2.8845833333333331E-02
  -1.3629444444444447E-02 -2.8617499999999997E-02
  -1.3074444444444444E-02 -2.8332500000000000E-02
  -1.2463888888888892E-02 -2.7990277777777774E-02
  -1.1853611111111113E-02 -2.7704999999999997E-02
  -1.1631666666666665E-02 -2.7533888888888889E-02
  -1.1187500000000000E-02 -2.7248611111111112E-02
  -1.0743611111111113E-02 -2.6906388888888886E-02
  -1.0355000000000000E-02 -2.6507222222222224E-02
  -9.9666666666666653E-03 -2.6108055555555554E-02
  -9.5780555555555549E-03 -2.5708611111111109E-02
  -9.0786111111111102E-03 -2.5195277777777778E-02
  -8.6902777777777759E-03 -2.4967222222222221E-02
  -8.1352777777777760E-03 -2.4396666666666664E-02
  -7.5247222222222217E-03 -2.4111666666666670E-02
  -7.0252777777777770E-03 -2.4054444444444444E-02
  -6.4150000000000006E-03 -2.3712222222222218E-02
  -6.0263888888888893E-03 -2.3427222222222224E-02
  -5.5824999999999998E-03 -2.3141944444444444E-02
  -5.3605555555555550E-03 -2.2913888888888886E-02
  -4.8611111111111103E-03 -2.2571666666666667E-02
  -4.3061111111111113E-03 -2.2058333333333333E-02
  -3.9175000000000000E-03 -2.1773055555555552E-02
  -3.3072222222222227E-03 -2.1487777777777776E-02
  -2.8630555555555553E-03 -2.1202777777777779E-02
  -2.4747222222222223E-03 -2.0860555555555559E-02
  -1.8641666666666663E-03 -2.0346944444444445E-02
  -1.4202777777777777E-03 -2.0004722222222222E-02
  -9.2083333333333340E-04 -1.9662499999999999E-02
  -6.9888888888888887E-04 -1.9377499999999999E-02
  -5.3222222222222212E-04 -1.9149166666666665E-02
  -8.8333333333333276E-05 -1.8864166666666668E-02
   1.3361111111111126E-04 -1.8749999999999999E-02
   7.4416666666666663E-04 -1.8350833333333330E-02
   1.0772222222222223E-03 -1.8293611111111111E-02
   1.5211111111111111E-03 -1.8122500000000000E-02
   2.4091666666666667E-03 -1.8065555555555553E-02
   3.4080555555555552E-03 -1.7951388888888888E-02
   4.1849999999999995E-03 -1.7951388888888888E-02
   4.7952777777777776E-03 -1.7951388888888888E-02
   5.8497222222222223E-03 -1.7951388888888888E-02
   6.4602777777777775E-03 -1.7951388888888888E-02
   7.1816666666666661E-03 -1.8179722222222222E-02
   8.1252777777777781E-03 -1.8521944444444445E-02
   8.5691666666666659E-03 -1.8635833333333338E-02
   8.8466666666666659E-03 -1.8635833333333338E-02
   9.1241666666666658E-03 -1.8464722222222219E-02
   9.5125000000000001E-03 -1.8293611111111111E-02
   9.9566666666666657E-03 -1.8293611111111111E-02
   1.0123055555555555E-02 -1.8864166666666668E-02
   1.0511388888888890E-02 -1.9605555555555557E-02
   1.0900000000000000E-02 -1.9947777777777776E-02
   1.1177500000000000E-02 -2.0575277777777776E-02
   1.1565833333333331E-02 -2.1088611111111110E-02
   1.2120833333333334E-02 -2.1145555555555549E-02
   1.2897777777777779E-02 -2.1088611111111110E-02
   1.3452777777777779E-02 -2.1031666666666660E-02
   1.3730277777777779E-02 -2.0974444444444448E-02
   1.4229722222222223E-02 -2.0860555555555559E-02
   1.4562777777777779E-02 -2.0632222222222222E-02
   1.4507222222222223E-02 -2.1202777777777779E-02
   1.4285277777777779E-02 -2.1716111111111110E-02
   1.4285277777777779E-02 -2.2343333333333333E-02
   1.4340833333333334E-02 -2.2742777777777778E-02
   1.4396111111111110E-02 -2.3598333333333329E-02
   1.4618333333333334E-02 -2.4339722222222221E-02
   1.5062222222222223E-02 -2.4510833333333329E-02
   1.5450555555555558E-02 -2.4853055555555555E-02
   1.6227499999999999E-02 -2.5480555555555555E-02
   1.6838055555555554E-02 -2.5765833333333335E-02
   1.7226666666666668E-02 -2.5708611111111109E-02
   1.7504166666666668E-02 -2.5594722222222220E-02
   1.8114444444444447E-02 -2.5195277777777778E-02
   1.8336388888888892E-02 -2.4967222222222221E-02
   1.8225555555555557E-02 -2.5366388888888886E-02
   1.7948055555555554E-02 -2.5765833333333335E-02
   1.7948055555555554E-02 -2.6279166666666666E-02
   1.8281111111111113E-02 -2.6393055555555555E-02
   1.8613888888888888E-02 -2.6507222222222224E-02
   1.9168888888888888E-02 -2.6849444444444440E-02
   1.9612777777777778E-02 -2.7248611111111112E-02
   2.0001388888888895E-02 -2.7704999999999997E-02
   2.0611944444444447E-02 -2.7876111111111112E-02
   2.1000277777777781E-02 -2.7933055555555555E-02
   2.1388888888888888E-02 -2.7648055555555558E-02
   2.1832777777777777E-02 -2.7305833333333331E-02
   2.2276666666666663E-02 -2.7020555555555555E-02
   2.2720555555555556E-02 -2.6735277777777774E-02
   2.3331111111111111E-02 -2.6279166666666666E-02
