   1.1949444444444447E-02  1.2263888888888890E-02
   1.1782777777777777E-02  1.2663333333333332E-02
   1.1616388888888888E-02  1.3005833333333335E-02
   1.1449722222222226E-02  1.3348333333333334E-02
   1.1283055555555557E-02  1.3633611111111110E-02
   1.1116666666666667E-02  1.4033333333333335E-02
   1.0838888888888891E-02  1.4661111111111114E-02
   1.0561388888888891E-02  1.5060833333333336E-02
   1.0339166666666667E-02  1.5460277777777778E-02
   1.0061666666666667E-02  1.5802777777777777E-02
   9.8950000000000010E-03  1.6031111111111114E-02
   9.3397222222222215E-03  1.6373611111111110E-02
   8.8400000000000006E-03  1.6487777777777775E-02
   8.2847222222222211E-03  1.6316388888888891E-02
   7.5627777777777776E-03  1.6088055555555557E-02
   7.2297222222222225E-03  1.5688611111111112E-02
   6.8411111111111112E-03  1.5346111111111112E-02
   6.6188888888888886E-03  1.5003611111111113E-02
   6.3413888888888886E-03  1.4489999999999999E-02
   6.1191666666666669E-03  1.3633611111111110E-02
   5.7861111111111117E-03  1.4147500000000000E-02
   5.5083333333333330E-03  1.4546944444444446E-02
   5.2863888888888891E-03  1.4775277777777780E-02
   5.0641666666666665E-03  1.4946666666666667E-02
   4.7866666666666665E-03  1.5175000000000001E-02
   4.3425000000000009E-03  1.5460277777777778E-02
   4.0091666666666661E-03  1.5517500000000000E-02
   3.5650000000000000E-03  1.5517500000000000E-02
   3.1763888888888892E-03  1.5517500000000000E-02
   2.8430555555555557E-03  1.5117777777777779E-02
   2.6766666666666666E-03  1.4147500000000000E-02
   2.6766666666666666E-03  1.3519444444444442E-02
   2.5100000000000001E-03  1.3291388888888887E-02
   2.1213888888888888E-03  1.3005833333333335E-02
   1.5105555555555556E-03  1.3177222222222222E-02
   1.0663888888888889E-03  1.3291388888888887E-02
   4.5555555555555562E-04  1.3348333333333334E-02
  -4.4166666666666746E-05  1.3291388888888887E-02
  -8.2166666666666673E-04  1.3291388888888887E-02
  -1.1547222222222223E-03  1.3405277777777776E-02
  -1.6544444444444445E-03  1.3976111111111113E-02
  -1.9319444444444445E-03  1.4661111111111114E-02
  -2.0430555555555553E-03  1.5289166666666670E-02
  -2.2652777777777779E-03  1.5916944444444445E-02
  -2.4872222222222227E-03  1.6658888888888890E-02
  -2.7649999999999997E-03  1.7115555555555561E-02
  -2.9869444444444440E-03  1.7343888888888891E-02
  -3.4311111111111113E-03  1.7572222222222225E-02
  -3.8755555555555557E-03  1.7686388888888890E-02
  -4.3752777777777765E-03  1.7800555555555556E-02
  -5.2080555555555552E-03  1.7686388888888890E-02
  -5.6522222222222225E-03  1.7515277777777779E-02
  -5.9855555555555547E-03  1.7286944444444445E-02
  -6.6516666666666651E-03  1.7001388888888889E-02
  -6.4297222222222221E-03  1.6658888888888890E-02
  -6.4297222222222221E-03  1.6316388888888891E-02
  -6.7627777777777773E-03  1.5859999999999999E-02
  -6.9294444444444438E-03  1.5289166666666670E-02
  -7.1513888888888886E-03  1.4718333333333333E-02
  -7.3736111111111112E-03  1.3976111111111113E-02
  -7.4291666666666664E-03  1.3462500000000002E-02
  -7.3736111111111112E-03  1.2663333333333332E-02
  -7.2624999999999990E-03  1.2378055555555555E-02
  -6.9849999999999990E-03  1.2092499999999999E-02
  -6.4297222222222221E-03  1.1921388888888891E-02
  -5.9300000000000004E-03  1.1236388888888890E-02
  -5.8744444444444443E-03  1.0437222222222223E-02
  -5.7633333333333330E-03  9.8663888888888898E-03
  -5.3747222222222234E-03  9.4097222222222221E-03
  -4.9861111111111104E-03  9.0672222222222230E-03
  -4.5416666666666669E-03  8.8961111111111116E-03
  -4.1530555555555557E-03  8.6105555555555553E-03
  -4.2086111111111118E-03  7.9255555555555572E-03
  -4.4308333333333326E-03  7.4119444444444450E-03
  -4.4861111111111117E-03  6.6127777777777773E-03
  -4.2641666666666670E-03  6.0991666666666668E-03
  -3.9311111111111118E-03  5.5283333333333330E-03
  -3.5977777777777779E-03  5.0147222222222216E-03
  -3.4866666666666666E-03  4.7291666666666671E-03
  -3.2647222222222218E-03  3.8730555555555554E-03
  -2.7649999999999997E-03  3.0166666666666666E-03
  -2.4872222222222227E-03  2.7313888888888891E-03
  -2.2652777777777779E-03  2.3319444444444446E-03
  -1.9874999999999997E-03  1.7611111111111113E-03
  -1.6544444444444445E-03  1.0761111111111110E-03
  -1.4877777777777780E-03  4.4805555555555560E-04
  -1.1547222222222223E-03 -3.5083333333333299E-04
  -8.7694444444444452E-04 -8.0750000000000006E-04
  -8.7694444444444452E-04 -1.3783333333333334E-03
  -8.2166666666666673E-04 -2.3488888888888891E-03
  -8.7694444444444452E-04 -2.9766666666666665E-03
  -1.2658333333333332E-03 -3.7186111111111109E-03
  -1.6544444444444445E-03 -4.2325000000000002E-03
  -1.8211111111111110E-03 -4.9175000000000000E-03
  -1.9319444444444445E-03 -5.7736111111111113E-03
  -2.2097222222222223E-03 -6.1730555555555558E-03
  -2.5983333333333331E-03 -6.5727777777777763E-03
  -3.0425000000000001E-03 -7.2577777777777771E-03
  -3.3758333333333331E-03 -7.8286111111111126E-03
  -3.7644444444444444E-03 -8.4563888888888883E-03
  -4.1530555555555557E-03 -8.9699999999999988E-03
  -4.4861111111111117E-03 -9.5980555555555541E-03
  -4.9861111111111104E-03 -1.0339999999999998E-02
  -5.2636111111111113E-03 -1.1310277777777777E-02
  -5.4302777777777778E-03 -1.2166666666666666E-02
  -5.5966666666666665E-03 -1.2965833333333336E-02
  -5.7077777777777786E-03 -1.3879166666666665E-02
  -5.8188888888888891E-03 -1.4792222222222220E-02
  -5.8188888888888891E-03 -1.5991111111111109E-02
  -5.7633333333333330E-03 -1.6676111111111110E-02
  -5.4858333333333330E-03 -1.7360833333333332E-02
  -5.0969444444444439E-03 -1.8331388888888890E-02
  -4.5416666666666669E-03 -1.8845000000000001E-02
  -3.8200000000000005E-03 -1.9358888888888884E-02
  -3.2647222222222218E-03 -1.9872500000000001E-02
  -2.9313888888888888E-03 -2.0443333333333327E-02
  -2.4872222222222227E-03 -2.0956944444444445E-02
  -1.8211111111111110E-03 -2.0956944444444445E-02
  -1.4877777777777780E-03 -2.0728611111111111E-02
  -1.0991666666666667E-03 -1.9986666666666666E-02
  -9.8805555555555539E-04 -1.9415833333333334E-02
  -5.4388888888888889E-04 -1.9473055555555552E-02
   2.8888888888888888E-04 -1.9473055555555552E-02
   1.0108333333333334E-03 -1.9301666666666665E-02
   1.5105555555555556E-03 -1.9016388888888888E-02
   1.8991666666666666E-03 -1.8730833333333332E-02
   2.3988888888888888E-03 -1.8559722222222224E-02
   3.0097222222222222E-03 -1.8730833333333332E-02
   3.4538888888888892E-03 -1.8845000000000001E-02
   3.6761111111111113E-03 -1.9473055555555552E-02
   4.0091666666666661E-03 -1.9929444444444444E-02
   4.2869444444444448E-03 -2.0386111111111115E-02
   4.2869444444444448E-03 -2.1413611111111109E-02
   4.5644444444444439E-03 -2.2212777777777776E-02
   4.6755555555555561E-03 -2.3068888888888889E-02
   4.8977777777777778E-03 -2.4438888888888885E-02
   5.1752777777777778E-03 -2.5523333333333332E-02
   5.3975000000000013E-03 -2.6322499999999999E-02
   5.6194444444444443E-03 -2.7178888888888884E-02
   5.8972222222222230E-03 -2.7977777777777778E-02
   6.0080555555555555E-03 -2.8491666666666665E-02
   6.5077777777777781E-03 -2.9119444444444444E-02
   7.2297222222222225E-03 -2.9747499999999996E-02
   7.8961111111111107E-03 -3.0146944444444438E-02
   8.6733333333333332E-03 -3.0489444444444444E-02
   9.5063888888888906E-03 -3.0489444444444444E-02
   1.0061666666666667E-02 -3.0204166666666667E-02
   1.0450277777777777E-02 -2.9918611111111111E-02
   1.0894444444444446E-02 -2.9576111111111116E-02
   1.1338611111111112E-02 -2.9290833333333335E-02
   1.1671666666666667E-02 -2.9233611111111113E-02
   1.2282499999999998E-02 -2.9690277777777774E-02
   1.2948888888888888E-02 -3.0089999999999999E-02
   1.3615277777777778E-02 -3.0204166666666667E-02
   1.4392499999999999E-02 -3.0261111111111107E-02
   1.5169999999999999E-02 -2.9975833333333330E-02
   1.6280555555555555E-02 -2.9461944444444440E-02
   1.6835833333333335E-02 -2.8891111111111107E-02
   1.7280000000000004E-02 -2.8263333333333328E-02
   1.7613055555555555E-02 -2.7749444444444445E-02
   1.8279444444444445E-02 -2.6779166666666670E-02
   1.8945833333333335E-02 -2.5751666666666666E-02
   1.9390000000000001E-02 -2.5009722222222225E-02
   1.9667500000000001E-02 -2.4381944444444442E-02
   2.0167222222222222E-02 -2.3411388888888888E-02
