   1.1484444444444443E-02  1.2156944444444446E-02
   1.0927777777777779E-02  1.2042777777777781E-02
   1.0482777777777778E-02  1.2042777777777781E-02
   9.6480555555555556E-03  1.2442499999999999E-02
   8.7022222222222223E-03  1.3699166666666669E-02
   8.4794444444444457E-03  1.3984722222222221E-02
   8.0900000000000000E-03  1.4384722222222222E-02
   7.9786111111111117E-03  1.4498888888888888E-02
   7.7005555555555551E-03  1.4727499999999998E-02
   7.2552777777777780E-03  1.4955833333333335E-02
   6.7544444444444449E-03  1.5127222222222226E-02
   6.1980555555555556E-03  1.5241388888888888E-02
   5.8086111111111116E-03  1.5298611111111114E-02
   5.3633333333333337E-03  1.5241388888888888E-02
   4.6958333333333340E-03  1.5013055555555557E-02
   3.9166666666666664E-03  1.4670277777777779E-02
   2.9150000000000001E-03  1.5641388888888889E-02
   2.8594444444444444E-03  1.5584166666666666E-02
   2.4141666666666669E-03  1.6098333333333333E-02
   2.0802777777777781E-03  1.6726666666666667E-02
   1.8577777777777781E-03  1.7298055555555556E-02
   1.4683333333333334E-03  1.7811944444444446E-02
   1.1344444444444444E-03  1.8097777777777779E-02
   4.1111111111111112E-04  1.8269166666666666E-02
  -2.0111111111111089E-04  1.8383333333333335E-02
  -6.4611111111111119E-04  1.8783055555555553E-02
  -8.6888888888888931E-04  1.8897500000000001E-02
  -1.4252777777777779E-03  1.9183055555555557E-02
  -1.8702777777777780E-03  1.9125833333333335E-02
  -2.4825000000000003E-03  1.8783055555555553E-02
  -2.9833333333333335E-03  1.8554722222222222E-02
  -2.8719444444444439E-03  1.8097777777777779E-02
  -2.9833333333333335E-03  1.7640555555555559E-02
  -3.3172222222222223E-03  1.6955277777777777E-02
  -3.2613888888888883E-03  1.6155555555555555E-02
  -3.3172222222222223E-03  1.5527222222222224E-02
  -3.4283333333333336E-03  1.4898888888888889E-02
  -3.6511111111111111E-03  1.4327500000000000E-02
  -3.9847222222222228E-03  1.3585000000000003E-02
  -4.1516666666666672E-03  1.3184999999999999E-02
  -4.3744444444444447E-03  1.2499722222222225E-02
  -4.5413888888888891E-03  1.1814166666666667E-02
  -4.7083333333333317E-03  1.1128611111111110E-02
  -4.7083333333333317E-03  1.0443333333333332E-02
  -4.5969444444444443E-03  9.8147222222222212E-03
  -4.4299999999999999E-03  9.1863888888888898E-03
  -4.3186111111111107E-03  8.6152777777777773E-03
  -4.2630555555555555E-03  7.6441666666666672E-03
  -4.2075000000000003E-03  7.4158333333333333E-03
  -4.2075000000000003E-03  6.9016666666666671E-03
  -4.2630555555555555E-03  6.3874999999999999E-03
  -4.0961111111111111E-03  5.6449999999999998E-03
  -3.9847222222222228E-03  5.1877777777777781E-03
  -3.8177777777777784E-03  4.5594444444444441E-03
  -3.5397222222222219E-03  3.9311111111111109E-03
  -3.2613888888888883E-03  3.2458333333333336E-03
  -3.0388888888888887E-03  2.7316666666666670E-03
  -2.8719444444444439E-03  2.3316666666666668E-03
  -2.5936111111111116E-03  1.6463888888888889E-03
  -2.4266666666666664E-03  1.0750000000000000E-03
  -2.2041666666666668E-03  2.1833333333333340E-04
  -1.8702777777777780E-03 -4.0999999999999999E-04
  -1.7033333333333336E-03 -7.5277777777777778E-04
  -1.4252777777777779E-03 -1.2669444444444447E-03
  -1.0913888888888887E-03 -1.8383333333333333E-03
  -7.0194444444444427E-04 -2.2952777777777776E-03
  -5.3499999999999989E-04 -2.9236111111111103E-03
  -3.1222222222222220E-04 -3.7233333333333328E-03
  -5.3499999999999989E-04 -4.2372222222222230E-03
  -9.2444444444444432E-04 -4.6372222222222223E-03
  -1.3138888888888887E-03 -5.0941666666666670E-03
  -1.4808333333333331E-03 -5.5511111111111108E-03
  -1.6477777777777780E-03 -6.0080555555555555E-03
  -1.8702777777777780E-03 -6.2938888888888879E-03
  -2.0372222222222224E-03 -6.6936111111111111E-03
  -2.0930555555555555E-03 -6.9791666666666674E-03
  -2.2600000000000003E-03 -7.4933333333333319E-03
  -2.2600000000000003E-03 -8.0647222222222231E-03
  -2.2041666666666668E-03 -8.5786111111111132E-03
  -2.5380555555555560E-03 -9.2641666666666636E-03
  -2.6494444444444443E-03 -9.8924999999999985E-03
  -2.4825000000000003E-03 -1.0749444444444443E-02
  -2.3155555555555555E-03 -1.1263333333333334E-02
  -1.9261111111111111E-03 -1.1720555555555557E-02
  -1.6477777777777780E-03 -1.2120277777777778E-02
  -1.3694444444444444E-03 -1.2748611111111110E-02
  -1.2583333333333327E-03 -1.3319999999999999E-02
  -1.2025000000000000E-03 -1.3891111111111111E-02
  -1.3694444444444444E-03 -1.4291111111111109E-02
  -1.5363888888888888E-03 -1.4633611111111111E-02
  -1.7591666666666667E-03 -1.5147777777777774E-02
  -1.8702777777777780E-03 -1.5719166666666666E-02
  -1.9816666666666667E-03 -1.6518888888888889E-02
  -2.0930555555555555E-03 -1.7489722222222222E-02
  -2.1486111111111111E-03 -1.7832499999999998E-02
  -2.2041666666666668E-03 -1.8518055555555555E-02
  -2.4266666666666664E-03 -1.8974999999999999E-02
  -2.6494444444444443E-03 -1.9660555555555556E-02
  -2.6494444444444443E-03 -2.0288888888888884E-02
  -2.7605555555555556E-03 -2.1145833333333329E-02
  -2.7605555555555556E-03 -2.1659722222222219E-02
  -2.9833333333333335E-03 -2.2859444444444446E-02
  -2.1486111111111111E-03 -2.3030833333333334E-02
  -1.5363888888888888E-03 -2.2916388888888889E-02
  -7.5750000000000036E-04 -2.2630833333333333E-02
  -4.2361111111111093E-04 -2.2973611111111111E-02
   1.3277777777777778E-04 -2.3202222222222221E-02
   4.1111111111111112E-04 -2.3373611111111109E-02
   1.1344444444444444E-03 -2.3544999999999993E-02
   1.8022222222222222E-03 -2.3544999999999993E-02
   2.2472222222222225E-03 -2.3316388888888886E-02
   2.7480555555555557E-03 -2.3030833333333334E-02
   3.1377777777777780E-03 -2.2688055555555552E-02
   3.6383333333333333E-03 -2.2173888888888889E-02
   3.9166666666666664E-03 -2.2116666666666663E-02
   4.5844444444444439E-03 -2.2116666666666663E-02
   5.1408333333333332E-03 -2.2173888888888889E-02
   5.6972222222222224E-03 -2.2116666666666663E-02
   6.0869444444444443E-03 -2.1945555555555555E-02
   6.5319444444444444E-03 -2.1602777777777776E-02
   7.1441666666666667E-03 -2.1145833333333329E-02
   7.3111111111111111E-03 -2.1031388888888888E-02
   7.8116666666666664E-03 -2.0745833333333335E-02
   8.2013888888888883E-03 -2.0346111111111110E-02
   8.9247222222222228E-03 -2.0346111111111110E-02
   9.6480555555555556E-03 -2.0631666666666666E-02
   1.0204444444444443E-02 -2.0803055555555554E-02
   1.0760833333333334E-02 -2.0917222222222222E-02
   1.1373055555555556E-02 -2.0917222222222222E-02
   1.1762500000000002E-02 -2.0803055555555554E-02
   1.2151944444444444E-02 -2.0517222222222221E-02
   1.2819722222222225E-02 -2.0003333333333331E-02
   1.3153611111111112E-02 -1.9546388888888891E-02
   1.3153611111111112E-02 -1.8974999999999999E-02
