   1.2282499999999998E-02  1.0675000000000000E-02
   1.1838333333333333E-02  1.0788888888888890E-02
   1.1560833333333333E-02  1.0960000000000001E-02
   1.1227500000000001E-02  1.1244722222222222E-02
   1.0450277777777777E-02  1.1415833333333333E-02
   9.7838888888888906E-03  1.1358888888888887E-02
   9.2841666666666663E-03  1.1415833333333333E-02
   8.3958333333333333E-03  1.1985833333333334E-02
   7.6738888888888889E-03  1.2441666666666667E-02
   6.6744444444444438E-03  1.2726666666666664E-02
   6.3969444444444438E-03  1.2954722222222222E-02
   6.0636111111111116E-03  1.3524722222222223E-02
   5.7305555555555564E-03  1.4094722222222224E-02
   5.2308333333333330E-03  1.4892499999999999E-02
   4.8977777777777778E-03  1.5348611111111111E-02
   4.3425000000000009E-03  1.5690555555555555E-02
   3.8427777777777783E-03  1.5975555555555555E-02
   3.7316666666666666E-03  1.6374444444444445E-02
   3.3427777777777778E-03  1.6944444444444443E-02
   2.8986111111111109E-03  1.7343333333333336E-02
   2.4544444444444444E-03  1.7685277777777779E-02
   1.8436111111111112E-03  1.7970277777777779E-02
   1.2330555555555556E-03  1.8369444444444445E-02
   5.1111111111111105E-04  1.8654444444444446E-02
  -2.1083333333333327E-04  1.8825277777777778E-02
  -9.8805555555555539E-04  1.8996388888888889E-02
  -1.4877777777777780E-03  1.8882222222222224E-02
  -1.9874999999999997E-03  1.8654444444444446E-02
  -2.4316666666666666E-03  1.8369444444444445E-02
  -3.0980555555555553E-03  1.7970277777777779E-02
  -3.8200000000000005E-03  1.7058333333333332E-02
  -4.2641666666666670E-03  1.6488333333333334E-02
  -4.4861111111111117E-03  1.5804444444444444E-02
  -4.4861111111111117E-03  1.4835555555555557E-02
  -4.2641666666666670E-03  1.3695555555555555E-02
  -4.1530555555555557E-03  1.3125833333333330E-02
  -4.0975000000000004E-03  1.2384722222222221E-02
  -3.7088888888888892E-03  1.1700833333333334E-02
  -3.4866666666666666E-03  1.1187777777777779E-02
  -3.2647222222222218E-03  1.0675000000000000E-02
  -3.3758333333333331E-03  9.8769444444444451E-03
  -3.4311111111111113E-03  8.4519444444444460E-03
  -3.2091666666666666E-03  7.6541666666666668E-03
  -2.9869444444444440E-03  6.7991666666666669E-03
  -2.5427777777777775E-03  6.0011111111111116E-03
  -2.2097222222222223E-03  5.1463888888888896E-03
  -2.3763888888888888E-03  4.4052777777777779E-03
  -2.3763888888888888E-03  3.4363888888888890E-03
  -2.4316666666666666E-03  2.6386111111111111E-03
  -2.2652777777777779E-03  2.1255555555555559E-03
  -2.2097222222222223E-03  1.9544444444444444E-03
  -2.0986111111111110E-03  1.2705555555555556E-03
  -1.8763888888888888E-03  5.8666666666666665E-04
  -1.6544444444444445E-03 -4.0277777777777751E-05
  -1.3766666666666671E-03 -8.9527777777777783E-04
  -1.0436111111111110E-03 -1.6933333333333331E-03
  -8.2166666666666673E-04 -2.1491666666666664E-03
  -5.4388888888888889E-04 -3.0041666666666663E-03
  -1.0436111111111110E-03 -3.5741666666666673E-03
  -1.3766666666666671E-03 -4.4288888888888893E-03
  -1.5433333333333332E-03 -4.9419444444444441E-03
  -1.7655555555555554E-03 -5.7969444444444440E-03
  -2.0430555555555553E-03 -7.1647222222222225E-03
  -2.0430555555555553E-03 -7.8488888888888879E-03
  -2.0986111111111110E-03 -8.7608333333333357E-03
  -1.7655555555555554E-03 -9.4447222222222224E-03
  -1.2102777777777776E-03 -1.0527500000000002E-02
  -1.2102777777777776E-03 -1.1211388888888889E-02
  -1.5988888888888888E-03 -1.1838611111111112E-02
  -1.7100000000000001E-03 -1.2522499999999999E-02
  -1.9319444444444445E-03 -1.3092500000000000E-02
  -1.8211111111111110E-03 -1.4118333333333330E-02
  -2.0986111111111110E-03 -1.4688333333333331E-02
  -2.5427777777777775E-03 -1.5201111111111110E-02
  -2.8205555555555549E-03 -1.5885277777777776E-02
  -2.9313888888888888E-03 -1.6854166666666667E-02
  -3.0980555555555553E-03 -1.7595000000000000E-02
  -3.3758333333333331E-03 -1.8393055555555555E-02
  -3.5977777777777779E-03 -1.9532777777777774E-02
  -3.6533333333333331E-03 -2.0672777777777776E-02
  -3.4311111111111113E-03 -2.1926666666666664E-02
  -2.9869444444444440E-03 -2.2895555555555554E-02
  -2.5983333333333331E-03 -2.3579722222222224E-02
  -2.3763888888888888E-03 -2.3921666666666664E-02
  -2.7649999999999997E-03 -2.4491666666666662E-02
  -2.2097222222222223E-03 -2.4719444444444440E-02
  -1.9319444444444445E-03 -2.4719444444444440E-02
  -1.2102777777777776E-03 -2.4491666666666662E-02
  -1.1547222222222223E-03 -2.5118611111111112E-02
  -1.1547222222222223E-03 -2.5916388888888888E-02
  -9.3250000000000017E-04 -2.6771388888888890E-02
  -2.6638888888888871E-04 -2.7056388888888887E-02
   2.8888888888888888E-04 -2.7398333333333334E-02
   1.2330555555555556E-03 -2.7569444444444442E-02
   2.0102777777777775E-03 -2.7626388888888891E-02
   2.8986111111111109E-03 -2.7341388888888887E-02
   3.7316666666666666E-03 -2.6543333333333332E-02
   4.2313888888888887E-03 -2.5859444444444445E-02
   4.5644444444444439E-03 -2.5289444444444444E-02
   5.1197222222222226E-03 -2.4320555555555554E-02
   5.5638888888888891E-03 -2.3465555555555552E-02
   5.7861111111111117E-03 -2.3180555555555555E-02
   6.4524999999999999E-03 -2.2382777777777779E-02
   7.0630555555555551E-03 -2.1584722222222227E-02
   7.5072222222222224E-03 -2.0957777777777777E-02
   8.1736111111111107E-03 -2.0615833333333337E-02
   8.9511111111111111E-03 -2.0273888888888883E-02
   9.8950000000000010E-03 -1.9760833333333335E-02
   1.0616944444444446E-02 -1.9076944444444445E-02
   1.1005555555555557E-02 -1.8621111111111109E-02
   1.1227500000000001E-02 -1.8278888888888886E-02
   1.1505277777777777E-02 -1.8791944444444444E-02
   1.2060555555555554E-02 -1.9304999999999999E-02
   1.2226944444444443E-02 -1.9475833333333331E-02
   1.1838333333333333E-02 -2.0159999999999997E-02
   1.1782777777777777E-02 -2.1185833333333334E-02
   1.2226944444444443E-02 -2.1755833333333335E-02
   1.3226666666666668E-02 -2.1413888888888885E-02
   1.3781666666666668E-02 -2.1356666666666670E-02
   1.3281944444444443E-02 -2.1584722222222227E-02
   1.2948888888888888E-02 -2.1983611111111113E-02
   1.2560277777777778E-02 -2.2496666666666668E-02
   1.2560277777777778E-02 -2.2952777777777777E-02
   1.3559722222222223E-02 -2.2895555555555554E-02
   1.4448055555555554E-02 -2.2667777777777776E-02
   1.4448055555555554E-02 -2.2952777777777777E-02
   1.4281666666666668E-02 -2.3750555555555556E-02
   1.4947777777777775E-02 -2.3636666666666667E-02
   1.5780833333333331E-02 -2.3237777777777774E-02
   1.6502500000000000E-02 -2.2895555555555554E-02
   1.6336111111111114E-02 -2.3237777777777774E-02
   1.6002777777777779E-02 -2.3807499999999999E-02
   1.5836111111111113E-02 -2.4206666666666668E-02
   1.5947222222222224E-02 -2.4662499999999997E-02
   1.6835833333333335E-02 -2.4662499999999997E-02
   1.7446388888888890E-02 -2.4377500000000000E-02
   1.7946111111111114E-02 -2.4263611111111111E-02
   1.7946111111111114E-02 -2.4776666666666666E-02
   1.8168333333333335E-02 -2.5118611111111112E-02
   1.8501388888888890E-02 -2.5574444444444441E-02
   1.8834722222222225E-02 -2.5802499999999999E-02
   1.9223333333333332E-02 -2.5802499999999999E-02
   1.9278888888888887E-02 -2.5973333333333334E-02
   1.9167777777777777E-02 -2.6828333333333329E-02
   1.9056666666666666E-02 -2.7512222222222223E-02
   1.9500833333333335E-02 -2.7398333333333334E-02
   1.9834166666666667E-02 -2.7569444444444442E-02
   2.0389444444444446E-02 -2.7683333333333331E-02
   2.0833611111111115E-02 -2.7740277777777780E-02
   2.1721944444444446E-02 -2.7569444444444442E-02
   2.2332777777777778E-02 -2.7284444444444444E-02
   2.2832499999999999E-02 -2.6714444444444443E-02
   2.3165555555555561E-02 -2.5916388888888888E-02
