   1.2701388888888891E-02  1.0753055555555554E-02
   1.2312777777777777E-02  1.1266944444444447E-02
   1.2257222222222221E-02  1.1951944444444446E-02
   1.2035277777777780E-02  1.2579722222222221E-02
   1.1813055555555556E-02  1.3150555555555554E-02
   1.1591111111111111E-02  1.3493055555555557E-02
   1.1369166666666666E-02  1.3892499999999999E-02
   1.0980555555555556E-02  1.4349166666666666E-02
   1.0536388888888890E-02  1.4463333333333335E-02
   9.8147222222222212E-03  1.4406388888888889E-02
   9.0375000000000004E-03  1.4235000000000001E-02
   8.4269444444444452E-03  1.4006666666666667E-02
   7.8163888888888901E-03  1.3778333333333333E-02
   7.2058333333333332E-03  1.3550000000000000E-02
   6.2063888888888889E-03  1.3435833333333334E-02
   5.5958333333333329E-03  1.3378888888888888E-02
   5.2627777777777785E-03  1.3321666666666666E-02
   5.0963888888888890E-03  1.3664166666666665E-02
   4.8741666666666664E-03  1.4178055555555558E-02
   4.4855555555555560E-03  1.4805833333333334E-02
   4.2636111111111112E-03  1.5205277777777779E-02
   3.9305555555555552E-03  1.5376666666666670E-02
   3.4308333333333335E-03  1.5547777777777778E-02
   2.5427777777777779E-03  1.5547777777777778E-02
   2.3208333333333336E-03  1.5833333333333335E-02
   2.0986111111111110E-03  1.6290000000000002E-02
   1.7100000000000001E-03  1.6632500000000001E-02
   1.4880555555555556E-03  1.6746666666666670E-02
   1.0994444444444446E-03  1.7203333333333334E-02
   7.6638888888888894E-04  1.7545833333333333E-02
   3.7777777777777777E-04  1.8116388888888890E-02
   4.4722222222222255E-05  1.8344722222222224E-02
  -3.9944444444444446E-04  1.8516111111111112E-02
  -1.2875000000000000E-03  1.8630277777777777E-02
  -2.1755555555555556E-03  1.8801388888888892E-02
  -2.6752777777777782E-03  1.9029722222222226E-02
  -3.1194444444444438E-03  1.9029722222222226E-02
  -3.6744444444444455E-03  1.9143888888888891E-02
  -4.3405555555555550E-03  1.9258055555555556E-02
  -4.7291666666666662E-03  1.9315277777777778E-02
  -5.0066666666666662E-03  1.9771944444444446E-02
  -5.5063888888888888E-03  2.0513888888888891E-02
  -5.7838888888888888E-03  2.1484166666666669E-02
  -5.8950000000000001E-03  2.1998055555555559E-02
  -6.0613888888888887E-03  2.2568888888888888E-02
  -6.2280555555555553E-03  2.2911388888888894E-02
  -6.7830555555555552E-03  2.3310833333333333E-02
  -7.2827777777777778E-03  2.3596111111111109E-02
  -8.0044444444444460E-03  2.3938611111111112E-02
  -8.3375000000000012E-03  2.4052777777777777E-02
  -8.6705555555555563E-03  2.4566666666666667E-02
  -9.0591666666666668E-03  2.5023333333333335E-02
  -9.2811111111111115E-03  2.5365833333333331E-02
  -9.7252777777777771E-03  2.5708333333333333E-02
  -1.0335833333333332E-02  2.5936388888888891E-02
  -1.0890833333333332E-02  2.6107777777777778E-02
  -1.1556944444444446E-02  2.6336111111111112E-02
  -1.2223055555555556E-02  2.6450277777777774E-02
  -1.2667222222222222E-02  2.6849722222222226E-02
  -1.3055833333333332E-02  2.7477777777777782E-02
  -1.3500000000000002E-02  2.7877222222222223E-02
  -1.3944166666666664E-02  2.8562222222222221E-02
  -1.4443611111111108E-02  2.9418333333333338E-02
  -1.4887777777777778E-02  3.0103333333333329E-02
  -1.5387222222222222E-02  3.0902500000000003E-02
  -1.5831388888888888E-02  3.1587500000000004E-02
  -1.6219999999999998E-02  3.2557777777777776E-02
  -1.6719722222222219E-02  3.3300000000000003E-02
  -1.7163611111111109E-02  3.3870833333333329E-02
  -1.7552222222222223E-02  3.4270277777777775E-02
  -1.7885277777777778E-02  3.4612777777777777E-02
  -1.8440555555555557E-02  3.5126388888888888E-02
  -1.8551388888888888E-02  3.5240555555555560E-02
  -1.9217499999999998E-02  3.5697222222222220E-02
  -1.9883611111111109E-02  3.5925555555555558E-02
  -1.9939166666666664E-02  3.5925555555555558E-02
  -2.0605277777777778E-02  3.6096944444444445E-02
  -2.1160555555555557E-02  3.6211111111111111E-02
  -2.1549166666666664E-02  3.6496388888888891E-02
  -2.2048611111111113E-02  3.6838888888888893E-02
  -2.2492777777777778E-02  3.7124166666666666E-02
  -2.3047777777777778E-02  3.7352499999999997E-02
  -2.3547499999999996E-02  3.7580833333333334E-02
  -2.4213611111111109E-02  3.7695000000000006E-02
  -2.4657777777777775E-02  3.7809166666666665E-02
  -2.5323888888888882E-02  3.7980555555555552E-02
  -2.5545833333333334E-02  3.8323055555555562E-02
  -2.6101111111111110E-02  3.8665555555555557E-02
  -2.6434166666666665E-02  3.8779722222222222E-02
  -2.6878055555555547E-02  3.9008055555555560E-02
  -2.7377777777777782E-02  3.9179166666666668E-02
  -2.7932777777777775E-02  3.9350555555555555E-02
  -2.8654444444444444E-02  3.9635833333333335E-02
  -2.9598055555555551E-02  3.9864166666666673E-02
  -3.0208888888888889E-02  4.0035277777777781E-02
  -3.0597500000000000E-02  4.0206666666666668E-02
  -3.0985833333333331E-02  4.0663333333333336E-02
  -3.1263611111111110E-02  4.1120000000000004E-02
  -3.1430000000000000E-02  4.1291111111111112E-02
  -3.1929722222222220E-02  4.1690833333333323E-02
  -3.2595833333333331E-02  4.1976111111111124E-02
  -3.2984444444444448E-02  4.2147500000000011E-02
  -3.3261944444444441E-02  4.2375555555555555E-02
  -3.3483888888888889E-02  4.2718055555555551E-02
  -3.3706111111111110E-02  4.3174722222222219E-02
  -3.3983611111111110E-02  4.3346111111111113E-02
  -3.4094444444444448E-02  4.3460277777777778E-02
  -3.4705277777777779E-02  4.3631388888888893E-02
  -3.5482222222222221E-02  4.3802777777777781E-02
  -3.6148611111111111E-02  4.3973888888888896E-02
  -3.6648055555555552E-02  4.4202222222222226E-02
  -3.7258611111111110E-02  4.4487777777777772E-02
  -3.7813888888888890E-02  4.4658888888888887E-02
  -3.8202500000000000E-02  4.4830277777777788E-02
  -3.8424444444444449E-02  4.5286666666666670E-02
  -3.8701944444444442E-02  4.5743333333333330E-02
  -3.9090555555555552E-02  4.6199999999999998E-02
  -3.9423611111111111E-02  4.6599722222222223E-02
  -3.9923333333333338E-02  4.6942222222222212E-02
  -4.0645000000000001E-02  4.7227500000000006E-02
  -4.1533055555555559E-02  4.7684166666666666E-02
  -4.2365833333333332E-02  4.8026666666666669E-02
  -4.2698888888888890E-02  4.8140833333333327E-02
  -4.3586944444444442E-02  4.8311944444444449E-02
  -4.4197500000000001E-02  4.8426111111111107E-02
  -4.4974722222222228E-02  4.8711666666666681E-02
  -4.5141388888888884E-02  4.8940000000000004E-02
  -4.5474444444444449E-02  4.9339444444444450E-02
  -4.5807499999999994E-02  4.9681944444444445E-02
  -4.5918333333333332E-02  4.9967500000000012E-02
  -4.6306944444444442E-02  5.0366944444444443E-02
  -4.6640000000000001E-02  5.0652222222222230E-02
  -4.6862222222222222E-02  5.1166111111111107E-02
  -4.6862222222222222E-02  5.1508611111111109E-02
  -4.6640000000000001E-02  5.2022222222222220E-02
  -4.6306944444444442E-02  5.2593055555555553E-02
  -4.6196111111111111E-02  5.2992777777777778E-02
  -4.6196111111111111E-02  5.3506388888888895E-02
  -4.6140555555555553E-02  5.4077222222222221E-02
  -4.6140555555555553E-02  5.4819166666666669E-02
  -4.6140555555555553E-02  5.5333055555555552E-02
  -4.6251388888888884E-02  5.5504166666666660E-02
  -4.6473611111111111E-02  5.5846666666666669E-02
  -4.6973055555555560E-02  5.6017777777777777E-02
  -4.7472777777777780E-02  5.6017777777777777E-02
  -4.7528333333333325E-02  5.6360277777777780E-02
  -4.7417222222222215E-02  5.6759999999999998E-02
  -4.7417222222222215E-02  5.6874166666666670E-02
  -4.7694722222222222E-02  5.7273611111111122E-02
  -4.8138888888888898E-02  5.7501944444444439E-02
  -4.8583055555555560E-02  5.7673333333333326E-02
  -4.9082500000000001E-02  5.7787500000000012E-02
  -4.9582222222222222E-02  5.7730277777777776E-02
  -5.0192777777777781E-02  5.7501944444444439E-02
  -5.0914444444444457E-02  5.7387777777777788E-02
  -5.1802500000000001E-02  5.7102500000000007E-02
  -5.2357777777777774E-02  5.6931111111111120E-02
  -5.3079444444444443E-02  5.6531666666666675E-02
  -5.3801111111111112E-02  5.6189166666666665E-02
  -5.4578055555555553E-02  5.5846666666666669E-02
  -5.5244444444444443E-02  5.5504166666666660E-02
  -5.5577500000000002E-02  5.5846666666666669E-02
  -5.5855000000000002E-02  5.6017777777777777E-02
  -5.6354444444444450E-02  5.6246111111111108E-02
  -5.7020555555555553E-02  5.6417499999999995E-02
  -5.7631388888888885E-02  5.6531666666666675E-02
  -5.8019999999999988E-02  5.6702777777777782E-02
  -5.8186388888888892E-02  5.6874166666666670E-02
  -5.8630555555555561E-02  5.7559166666666661E-02
  -5.8852500000000002E-02  5.7901666666666664E-02
  -5.9019166666666650E-02  5.8244166666666666E-02
  -5.9296666666666664E-02  5.8643611111111105E-02
  -5.9851666666666664E-02  5.8986111111111107E-02
  -6.0573333333333340E-02  5.9214444444444445E-02
  -6.1350555555555547E-02  5.9271388888888894E-02
  -6.2349722222222223E-02  5.9385555555555553E-02
  -6.3015833333333326E-02  5.9613888888888883E-02
  -6.3626388888888885E-02  5.9785277777777784E-02
  -6.4181666666666665E-02  5.9899444444444436E-02
  -6.4126111111111106E-02  6.0527222222222225E-02
  -6.4014999999999989E-02  6.0926944444444450E-02
  -6.3737500000000002E-02  6.1269444444444453E-02
  -6.3626388888888885E-02  6.2011388888888894E-02
  -6.3626388888888885E-02  6.2639166666666662E-02
  -6.3848611111111120E-02  6.3210000000000002E-02
  -6.4181666666666665E-02  6.3495555555555555E-02
  -6.4514722222222223E-02  6.3723888888888885E-02
  -6.5347222222222223E-02  6.3780833333333342E-02
  -6.6013611111111106E-02  6.3838055555555565E-02
  -6.6735000000000003E-02  6.3780833333333342E-02
  -6.7123611111111106E-02  6.3723888888888885E-02
  -6.7567777777777782E-02  6.3666666666666677E-02
  -6.7789722222222223E-02  6.4009166666666673E-02
  -6.8178333333333327E-02  6.4066388888888881E-02
  -6.8733611111111120E-02  6.4294444444444446E-02
  -6.9566111111111106E-02  6.4351666666666668E-02
  -7.0343333333333341E-02  6.4351666666666668E-02
  -7.1342500000000003E-02  6.4009166666666673E-02
  -7.2064166666666665E-02  6.3894999999999993E-02
  -7.2841388888888886E-02  6.3609722222222220E-02
  -7.3563055555555562E-02  6.3438333333333333E-02
  -7.4451111111111107E-02  6.3381388888888890E-02
  -7.5561388888888900E-02  6.3267222222222225E-02
  -7.6560555555555562E-02  6.3153055555555546E-02
  -7.7115833333333328E-02  6.3095833333333337E-02
  -7.7448888888888887E-02  6.3324166666666654E-02
  -7.7837222222222224E-02  6.3495555555555555E-02
  -7.8503611111111107E-02  6.3723888888888885E-02
  -7.9225000000000004E-02  6.3952222222222230E-02
  -8.0002222222222238E-02  6.4009166666666673E-02
  -8.1223611111111108E-02  6.4009166666666673E-02
  -8.2167222222222225E-02  6.4009166666666673E-02
  -8.2333888888888887E-02  6.4066388888888881E-02
  -8.2611388888888887E-02  6.4294444444444446E-02
  -8.3166388888888887E-02  6.4465833333333333E-02
  -8.3666111111111122E-02  6.4465833333333333E-02
  -8.3832500000000004E-02  6.4636944444444441E-02
  -8.4332222222222211E-02  6.4979444444444437E-02
  -8.4942777777777756E-02  6.5379166666666669E-02
  -8.5442500000000018E-02  6.5493333333333334E-02
  -8.6108611111111108E-02  6.5607499999999999E-02
  -8.6053055555555563E-02  6.4922500000000008E-02
  -8.5941944444444446E-02  6.4408611111111111E-02
  -8.5719999999999991E-02  6.3894999999999993E-02
  -8.5331388888888887E-02  6.3153055555555546E-02
  -8.4887222222222239E-02  6.2582222222222220E-02
  -8.4443055555555563E-02  6.1897222222222222E-02
  -8.3721666666666666E-02  6.1212222222222230E-02
  -8.3443888888888901E-02  6.0527222222222225E-02
  -8.2888888888888887E-02  5.9899444444444436E-02
  -8.2056111111111107E-02  5.9442777777777782E-02
  -8.2000555555555563E-02  5.9442777777777782E-02
  -8.1612222222222225E-02  5.8814722222222220E-02
  -8.1445555555555577E-02  5.8415277777777781E-02
  -8.0779444444444445E-02  5.7616111111111118E-02
  -8.0446388888888887E-02  5.7387777777777788E-02
  -8.0002222222222238E-02  5.7102500000000007E-02
  -7.9613611111111107E-02  5.6931111111111120E-02
  -7.9169722222222225E-02  5.6645833333333333E-02
  -7.8891944444444445E-02  5.6360277777777780E-02
  -7.8281388888888886E-02  5.5903888888888892E-02
  -7.8003888888888886E-02  5.5675555555555555E-02
  -7.7781944444444445E-02  5.4933333333333334E-02
  -7.7726388888888887E-02  5.4590833333333338E-02
  -7.7504166666666666E-02  5.3963055555555556E-02
  -7.7337777777777783E-02  5.3221111111111115E-02
  -7.7171111111111121E-02  5.2536111111111110E-02
  -7.6782777777777783E-02  5.1965277777777784E-02
  -7.6394166666666666E-02  5.1565555555555559E-02
  -7.6227500000000004E-02  5.1337222222222222E-02
  -7.6005555555555548E-02  5.1051944444444455E-02
  -7.5728055555555562E-02  5.0538055555555551E-02
  -7.5283888888888886E-02  5.0024444444444448E-02
  -7.4895277777777769E-02  4.9567777777777773E-02
  -7.4395555555555562E-02  4.9111111111111112E-02
  -7.3951666666666666E-02  4.8825833333333332E-02
  -7.3451944444444445E-02  4.8540277777777779E-02
  -7.3007777777777769E-02  4.8197777777777777E-02
  -7.2286111111111107E-02  4.7798333333333339E-02
  -7.1897777777777783E-02  4.7627222222222224E-02
  -7.1120555555555562E-02  4.7398888888888886E-02
  -7.0343333333333341E-02  4.7170555555555563E-02
  -6.9344166666666665E-02  4.6884999999999996E-02
  -6.8566944444444444E-02  4.6713888888888895E-02
  -6.7678888888888900E-02  4.6428333333333321E-02
  -6.7234722222222223E-02  4.6314166666666670E-02
  -6.6846111111111106E-02  4.5572222222222215E-02
  -6.6790555555555547E-02  4.4887222222222224E-02
  -6.6513055555555561E-02  4.4316388888888884E-02
  -6.6235555555555548E-02  4.3859722222222224E-02
  -6.5846944444444444E-02  4.3403055555555556E-02
  -6.5624999999999989E-02  4.2946388888888888E-02
  -6.5347222222222223E-02  4.2375555555555555E-02
  -6.5014166666666665E-02  4.1976111111111124E-02
  -6.4570277777777768E-02  4.1576666666666671E-02
  -6.4014999999999989E-02  4.1348333333333334E-02
  -6.3182500000000003E-02  4.1234166666666669E-02
  -6.2627222222222223E-02  4.1291111111111112E-02
  -6.1905555555555561E-02  4.1519444444444435E-02
  -6.1239444444444430E-02  4.1690833333333323E-02
  -6.0961944444444444E-02  4.1462499999999999E-02
  -6.0240277777777768E-02  4.1005833333333332E-02
  -5.9907222222222223E-02  4.0720277777777779E-02
  -5.9185555555555554E-02  3.9921111111111109E-02
  -5.9185555555555554E-02  3.9635833333333335E-02
  -5.9518611111111099E-02  3.9008055555555560E-02
  -5.9574166666666678E-02  3.8323055555555562E-02
  -5.9685277777777788E-02  3.7638055555555557E-02
  -5.9685277777777788E-02  3.7010000000000001E-02
  -5.9463055555555561E-02  3.6153888888888895E-02
  -5.9185555555555554E-02  3.5754444444444450E-02
  -5.8574999999999995E-02  3.4955277777777780E-02
  -5.7853333333333340E-02  3.4498611111111112E-02
  -5.7020555555555553E-02  3.4156111111111109E-02
  -5.6354444444444450E-02  3.3870833333333329E-02
  -5.5355277777777781E-02  3.3585277777777783E-02
  -5.4578055555555553E-02  3.3528333333333334E-02
  -5.4244999999999995E-02  3.3471111111111111E-02
  -5.3468055555555553E-02  3.3642499999999999E-02
  -5.2968333333333333E-02  3.3813611111111114E-02
  -5.2302222222222222E-02  3.3242777777777781E-02
  -5.1913611111111119E-02  3.2900277777777778E-02
  -5.1358611111111112E-02  3.2443611111111111E-02
  -5.0748055555555553E-02  3.1815833333333335E-02
  -5.0303888888888898E-02  3.1416111111111117E-02
  -4.9637777777777781E-02  3.0902500000000003E-02
  -4.9304722222222222E-02  3.0388888888888892E-02
  -4.8583055555555560E-02  2.9818055555555553E-02
  -4.7972222222222222E-02  2.9304166666666669E-02
  -4.7472777777777780E-02  2.9075833333333332E-02
  -4.6917777777777767E-02  2.8847499999999998E-02
  -4.6085000000000001E-02  2.8505277777777779E-02
  -4.5751944444444442E-02  2.8105555555555557E-02
  -4.5307777777777773E-02  2.7591944444444447E-02
  -4.4697222222222222E-02  2.7021111111111114E-02
  -4.4364166666666670E-02  2.6678611111111111E-02
  -4.3919999999999987E-02  2.6450277777777774E-02
  -4.3420555555555553E-02  2.6221944444444444E-02
  -4.2920833333333325E-02  2.5765277777777776E-02
  -4.2476666666666670E-02  2.5365833333333331E-02
  -4.1699722222222207E-02  2.4909166666666666E-02
  -4.0367222222222214E-02  2.4623611111111113E-02
  -3.9645555555555559E-02  2.4623611111111113E-02
  -3.9146111111111111E-02  2.4680833333333332E-02
  -3.8701944444444442E-02  2.4166944444444446E-02
  -3.8591111111111104E-02  2.3995833333333338E-02
  -3.8202500000000000E-02  2.3310833333333333E-02
  -3.7869444444444442E-02  2.2797222222222219E-02
  -3.7425277777777780E-02  2.2340555555555558E-02
  -3.6759166666666662E-02  2.1940833333333340E-02
  -3.6148611111111111E-02  2.1655555555555556E-02
  -3.5537777777777779E-02  2.1427222222222223E-02
  -3.5038333333333331E-02  2.1141666666666666E-02
  -3.4427500000000000E-02  2.1027499999999998E-02
  -3.3816944444444448E-02  2.0913333333333332E-02
  -3.3373055555555559E-02  2.0856388888888890E-02
  -3.2762222222222220E-02  2.0856388888888890E-02
  -3.2262777777777779E-02  2.0399722222222222E-02
  -3.1985277777777779E-02  1.9943055555555554E-02
  -3.1596666666666669E-02  1.9372222222222221E-02
  -3.1263611111111110E-02  1.8915555555555557E-02
  -3.0930555555555551E-02  1.8458888888888889E-02
  -3.0319722222222220E-02  1.8059444444444447E-02
  -2.9986666666666668E-02  1.7659722222222222E-02
  -2.9487222222222220E-02  1.7488611111111111E-02
  -2.8876388888888892E-02  1.7260277777777777E-02
  -2.8709999999999999E-02  1.6803611111111113E-02
  -2.8210277777777779E-02  1.6061666666666665E-02
  -2.7655277777777779E-02  1.5605000000000001E-02
  -2.6822499999999992E-02  1.5205277777777779E-02
  -2.6323055555555554E-02  1.5034166666666664E-02
  -2.5712499999999999E-02  1.4863055555555556E-02
  -2.5323888888888882E-02  1.4406388888888889E-02
  -2.5046388888888892E-02  1.4006666666666667E-02
  -2.4768611111111109E-02  1.3550000000000000E-02
  -2.4491111111111113E-02  1.3150555555555554E-02
  -2.4269166666666665E-02  1.2693888888888887E-02
  -2.3824999999999999E-02  1.2294166666666669E-02
  -2.3325277777777778E-02  1.2008888888888888E-02
  -2.2936944444444444E-02  1.1837777777777777E-02
  -2.2659166666666664E-02  1.1266944444444447E-02
  -2.2381666666666668E-02  1.0753055555555554E-02
  -2.2104166666666661E-02  1.0296388888888890E-02
  -2.1715555555555557E-02  9.7827777777777791E-03
  -2.1549166666666664E-02  9.4402777777777766E-03
  -2.1271388888888888E-02  8.6983333333333322E-03
  -2.0771944444444444E-02  8.0702777777777769E-03
  -2.0216666666666664E-02  7.5566666666666664E-03
  -1.9384166666666664E-02  7.0999999999999995E-03
  -1.8718055555555554E-02  6.9286111111111119E-03
  -1.8051944444444443E-02  6.7005555555555560E-03
  -1.7940833333333336E-02  6.5863888888888890E-03
  -1.7441111111111112E-02  6.1297222222222222E-03
  -1.7219166666666664E-02  5.9013888888888892E-03
  -1.6886111111111112E-02  5.4447222222222223E-03
  -1.6497499999999998E-02  4.8166666666666670E-03
  -1.6053333333333333E-02  4.3030555555555556E-03
  -1.5387222222222222E-02  3.7322222222222223E-03
  -1.4832222222222222E-02  3.3327777777777778E-03
  -1.4332499999999998E-02  3.1613888888888889E-03
  -1.4443611111111108E-02  2.6477777777777775E-03
  -1.4665555555555557E-02  1.9627777777777777E-03
  -1.4721111111111115E-02  1.6772222222222223E-03
  -1.4832222222222222E-02  1.1066666666666666E-03
  -1.4887777777777778E-02  1.9333333333333333E-04
  -1.4665555555555557E-02 -4.3472222222222219E-04
  -1.4332499999999998E-02 -1.3480555555555555E-03
  -1.4055000000000002E-02 -1.8616666666666669E-03
  -1.3666388888888888E-02 -2.5466666666666663E-03
  -1.3444444444444446E-02 -3.0033333333333335E-03
  -1.3055833333333332E-02 -3.9166666666666664E-03
  -1.2722777777777777E-02 -4.4872222222222223E-03
  -1.2223055555555556E-02 -5.1152777777777785E-03
  -1.2334166666666670E-02 -5.3436111111111106E-03
  -1.2556388888888888E-02 -5.6288888888888899E-03
  -1.2778333333333333E-02 -6.0286111111111105E-03
  -1.2833888888888888E-02 -6.7705555555555548E-03
  -1.2833888888888888E-02 -7.3983333333333340E-03
  -1.2833888888888888E-02 -7.5697222222222216E-03
  -1.3222500000000002E-02 -8.0263888888888885E-03
  -1.3555555555555557E-02 -8.3688888888888910E-03
  -1.3944166666666664E-02 -8.8255555555555552E-03
  -1.4166111111111112E-02 -9.6816666666666648E-03
  -1.4221666666666667E-02 -1.0081111111111110E-02
  -1.4554722222222222E-02 -1.0309444444444444E-02
  -1.5054166666666664E-02 -1.0880277777777777E-02
  -1.5498333333333333E-02 -1.1508333333333332E-02
  -1.5664999999999998E-02 -1.1850833333333331E-02
  -1.5831388888888888E-02 -1.2136111111111111E-02
  -1.6608611111111109E-02 -1.2421388888888892E-02
  -1.7163611111111109E-02 -1.2592777777777779E-02
  -1.7718888888888888E-02 -1.2878055555555556E-02
  -1.7996388888888888E-02 -1.3277777777777777E-02
  -1.8440555555555557E-02 -1.3734444444444445E-02
  -1.8995555555555557E-02 -1.3962777777777779E-02
  -1.9661666666666668E-02 -1.4191111111111109E-02
  -2.0605277777777778E-02 -1.4533611111111112E-02
  -2.1216111111111113E-02 -1.4761944444444442E-02
  -2.1715555555555557E-02 -1.4933055555555557E-02
  -2.2215277777777778E-02 -1.5104444444444445E-02
  -2.2659166666666664E-02 -1.5218333333333334E-02
  -2.3047777777777778E-02 -1.5218333333333334E-02
  -2.3658611111111106E-02 -1.5218333333333334E-02
  -2.4269166666666665E-02 -1.5389722222222221E-02
  -2.5212777777777778E-02 -1.6017500000000000E-02
  -2.5545833333333334E-02 -1.6417222222222222E-02
  -2.5823333333333330E-02 -1.7273333333333332E-02
  -2.6378611111111110E-02 -1.7901111111111111E-02
  -2.6878055555555547E-02 -1.8415000000000001E-02
  -2.7599722222222220E-02 -1.9271111111111110E-02
  -2.8265833333333334E-02 -1.9670833333333332E-02
  -2.8987500000000003E-02 -2.0184444444444439E-02
  -2.9431666666666665E-02 -2.0584166666666667E-02
  -2.9931111111111113E-02 -2.0869444444444444E-02
  -3.0264166666666668E-02 -2.0926388888888887E-02
  -3.0763888888888889E-02 -2.1040555555555555E-02
  -3.1263611111111110E-02 -2.1268888888888882E-02
  -3.1652222222222220E-02 -2.1668611111111111E-02
  -3.1985277777777779E-02 -2.2011111111111110E-02
  -3.2484722222222220E-02 -2.1896944444444441E-02
  -3.3373055555555559E-02 -2.1782777777777776E-02
  -3.4150000000000000E-02 -2.1896944444444441E-02
  -3.4871666666666662E-02 -2.2011111111111110E-02
  -3.5648888888888890E-02 -2.2239444444444444E-02
  -3.6370555555555552E-02 -2.2696111111111111E-02
  -3.6869999999999993E-02 -2.3209722222222222E-02
  -3.7425277777777780E-02 -2.3495000000000002E-02
  -3.7869444444444442E-02 -2.3666388888888886E-02
  -3.8313333333333338E-02 -2.4008888888888889E-02
  -3.8646388888888890E-02 -2.4465555555555560E-02
  -3.8979444444444442E-02 -2.4979166666666667E-02
  -3.9423611111111111E-02 -2.5435833333333335E-02
  -4.0089722222222221E-02 -2.5835555555555553E-02
  -4.0478333333333325E-02 -2.6177777777777779E-02
  -4.0978055555555559E-02 -2.6577499999999997E-02
  -4.1477500000000000E-02 -2.7148333333333330E-02
  -4.1699722222222207E-02 -2.7433611111111107E-02
  -4.2310277777777766E-02 -2.7661944444444444E-02
  -4.2809722222222214E-02 -2.7890277777777778E-02
  -4.3309444444444442E-02 -2.8232777777777777E-02
  -4.3864444444444456E-02 -2.8575277777777779E-02
  -4.4253055555555545E-02 -2.8803611111111113E-02
  -4.4974722222222228E-02 -2.8917777777777778E-02
  -4.5751944444444442E-02 -2.9146111111111109E-02
  -4.6418055555555553E-02 -2.9203055555555558E-02
  -4.7195277777777780E-02 -2.9488611111111108E-02
  -4.7805833333333332E-02 -2.9831111111111110E-02
  -4.8471944444444443E-02 -3.0059444444444444E-02
  -4.9138055555555546E-02 -3.0230555555555556E-02
  -4.9915277777777774E-02 -3.0287777777777775E-02
  -5.0525833333333332E-02 -3.0516111111111105E-02
  -5.0969999999999988E-02 -3.0516111111111105E-02
  -5.1691666666666664E-02 -3.0516111111111105E-02
  -5.2413333333333340E-02 -3.0744444444444442E-02
  -5.2690833333333326E-02 -3.0858611111111114E-02
  -5.3079444444444443E-02 -3.1086944444444445E-02
  -5.3911944444444443E-02 -3.1086944444444445E-02
  -5.4578055555555553E-02 -3.1086944444444445E-02
  -5.5133333333333333E-02 -3.1086944444444445E-02
  -5.5743888888888891E-02 -3.1201111111111110E-02
  -5.6299166666666657E-02 -3.1372222222222218E-02
  -5.7076111111111112E-02 -3.1600555555555555E-02
  -5.7797777777777767E-02 -3.2171388888888888E-02
  -5.8130833333333326E-02 -3.2628055555555556E-02
  -5.8297500000000002E-02 -3.3369999999999997E-02
  -5.8686111111111106E-02 -3.4226388888888883E-02
  -5.8908055555555561E-02 -3.4682777777777778E-02
  -5.8963611111111119E-02 -3.4740000000000000E-02
  -5.9796111111111112E-02 -3.4854166666666665E-02
  -6.0295833333333326E-02 -3.5082499999999996E-02
  -6.1239444444444430E-02 -3.5596111111111113E-02
  -6.2183333333333327E-02 -3.6224166666666661E-02
  -6.2627222222222223E-02 -3.6680833333333336E-02
  -6.3015833333333326E-02 -3.7023333333333332E-02
  -6.3460000000000003E-02 -3.7365555555555555E-02
  -6.3793055555555547E-02 -3.7651111111111107E-02
  -6.4181666666666665E-02 -3.7593888888888892E-02
  -6.4847777777777782E-02 -3.7308611111111112E-02
  -6.5236388888888885E-02 -3.7194444444444447E-02
  -6.5846944444444444E-02 -3.7137222222222224E-02
  -6.6401944444444444E-02 -3.7137222222222224E-02
  -6.7068055555555561E-02 -3.7251388888888889E-02
  -6.7789722222222223E-02 -3.7365555555555555E-02
  -6.8900000000000003E-02 -3.7822222222222222E-02
  -6.9177500000000003E-02 -3.8107777777777775E-02
  -6.9455277777777769E-02 -3.8621388888888886E-02
  -6.9677222222222224E-02 -3.8792777777777773E-02
  -7.0510000000000003E-02 -3.8792777777777773E-02
  -7.1398055555555548E-02 -3.8849722222222223E-02
  -7.2008611111111107E-02 -3.8963888888888881E-02
  -7.2563888888888886E-02 -3.9306388888888891E-02
  -7.3007777777777769E-02 -3.9819999999999994E-02
  -7.3229999999999990E-02 -4.0105555555555547E-02
  -7.3729444444444445E-02 -4.0790555555555552E-02
  -7.4006944444444445E-02 -4.1361388888888878E-02
  -7.4617777777777783E-02 -4.2046388888888883E-02
  -7.5006388888888886E-02 -4.2445833333333322E-02
  -7.5505833333333328E-02 -4.2616944444444443E-02
  -7.6283055555555548E-02 -4.2788333333333338E-02
  -7.7115833333333328E-02 -4.2902499999999996E-02
  -7.7892777777777769E-02 -4.3016666666666675E-02
  -7.8392500000000004E-02 -4.3245000000000006E-02
  -7.8947500000000004E-02 -4.3701666666666666E-02
  -7.9391666666666666E-02 -4.4044166666666655E-02
  -7.9669166666666652E-02 -4.4101111111111119E-02
  -8.0224444444444459E-02 -4.4329444444444449E-02
  -8.0723888888888887E-02 -4.4557777777777779E-02
  -8.1279166666666666E-02 -4.4786111111111110E-02
  -8.2278333333333328E-02 -4.5242777777777771E-02
  -8.3554999999999990E-02 -4.5356944444444450E-02
  -8.3943611111111108E-02 -4.5356944444444450E-02
  -8.4498611111111108E-02 -4.5413888888888893E-02
  -8.4998333333333342E-02 -4.5528055555555551E-02
  -8.5386944444444446E-02 -4.5756388888888888E-02
  -8.6053055555555563E-02 -4.6270277777777778E-02
  -8.6497222222222225E-02 -4.6898055555555568E-02
  -8.6885555555555535E-02 -4.7526111111111109E-02
  -8.6941111111111108E-02 -4.7583055555555559E-02
  -8.7218611111111122E-02 -4.7868611111111098E-02
  -8.7551666666666667E-02 -4.8496388888888887E-02
  -8.7773888888888887E-02 -4.9124166666666663E-02
  -8.8106944444444446E-02 -4.9638055555555553E-02
  -8.8440000000000005E-02 -4.9980555555555556E-02
  -8.8773055555555550E-02 -5.0494166666666659E-02
  -8.9272777777777784E-02 -5.1236111111111114E-02
  -8.9494722222222226E-02 -5.1578611111111117E-02
  -9.0049722222222225E-02 -5.2206666666666665E-02
  -9.0382777777777770E-02 -5.2777499999999998E-02
  -9.0382777777777770E-02 -5.3519444444444439E-02
  -9.0327500000000019E-02 -5.4204444444444444E-02
  -9.0549444444444446E-02 -5.4889444444444456E-02
  -9.0882500000000005E-02 -5.5346111111111110E-02
  -9.0160833333333315E-02 -5.5288888888888894E-02
  -8.9328055555555549E-02 -5.4946388888888885E-02
  -8.8828611111111122E-02 -5.4832222222222220E-02
  -8.8440000000000005E-02 -5.4832222222222220E-02
  -8.7995833333333329E-02 -5.4832222222222220E-02
  -8.7274166666666667E-02 -5.4832222222222220E-02
  -8.6996666666666667E-02 -5.4946388888888885E-02
  -8.6663611111111108E-02 -5.5060555555555557E-02
  -8.6108611111111108E-02 -5.5060555555555557E-02
  -8.5608888888888901E-02 -5.4603888888888882E-02
  -8.5331388888888887E-02 -5.4546944444444440E-02
  -8.4609722222222225E-02 -5.4718055555555561E-02
  -8.4054722222222225E-02 -5.4832222222222220E-02
  -8.3333055555555535E-02 -5.4832222222222220E-02
  -8.2722222222222211E-02 -5.4718055555555561E-02
  -8.2111666666666666E-02 -5.3976111111111114E-02
  -8.1834166666666680E-02 -5.3462222222222223E-02
  -8.1223611111111108E-02 -5.3176944444444450E-02
  -8.0501944444444445E-02 -5.3062777777777771E-02
  -7.9780277777777783E-02 -5.3176944444444450E-02
  -7.9502777777777769E-02 -5.3291111111111109E-02
  -7.8947500000000004E-02 -5.3120000000000001E-02
  -7.8059444444444445E-02 -5.2834444444444434E-02
  -7.7115833333333328E-02 -5.2777499999999998E-02
  -7.6338611111111121E-02 -5.3062777777777771E-02
  -7.5616944444444445E-02 -5.3633611111111111E-02
  -7.5061666666666665E-02 -5.3747777777777776E-02
  -7.4062500000000003E-02 -5.3747777777777776E-02
  -7.3396388888888886E-02 -5.3405277777777788E-02
  -7.2896944444444445E-02 -5.2777499999999998E-02
  -7.2563888888888886E-02 -5.2206666666666665E-02
  -7.2175277777777783E-02 -5.2263611111111108E-02
  -7.0731944444444445E-02 -5.2434999999999996E-02
  -6.9954722222222224E-02 -5.2549166666666668E-02
  -6.9177500000000003E-02 -5.2606111111111103E-02
  -6.7789722222222223E-02 -5.2663333333333333E-02
  -6.7012777777777768E-02 -5.2663333333333333E-02
  -6.5958055555555561E-02 -5.2491944444444445E-02
  -6.5125277777777782E-02 -5.2377777777777773E-02
  -6.4403611111111106E-02 -5.2206666666666665E-02
  -6.4181666666666665E-02 -5.2035277777777778E-02
  -6.3348888888888885E-02 -5.1464444444444445E-02
  -6.2682777777777782E-02 -5.0950833333333327E-02
  -6.2183333333333327E-02 -5.0494166666666659E-02
  -6.1794722222222209E-02 -4.9980555555555556E-02
  -6.1128611111111106E-02 -4.9923333333333333E-02
  -6.0462500000000002E-02 -4.9694999999999996E-02
  -5.9629722222222209E-02 -4.9523888888888895E-02
  -5.9074722222222230E-02 -4.9752222222222225E-02
  -5.8408333333333340E-02 -4.9866388888888884E-02
  -5.7631388888888885E-02 -4.9809166666666668E-02
  -5.6188055555555547E-02 -4.9752222222222225E-02
  -5.5632777777777781E-02 -4.9523888888888895E-02
  -5.5410833333333333E-02 -4.9352499999999994E-02
  -5.4800277777777774E-02 -4.9466666666666666E-02
  -5.4134166666666671E-02 -4.9638055555555553E-02
  -5.3301388888888884E-02 -4.9980555555555556E-02
  -5.2857222222222222E-02 -5.0323055555555558E-02
  -5.2413333333333340E-02 -5.0665555555555547E-02
  -5.2080277777777774E-02 -5.0893611111111112E-02
  -5.1469444444444450E-02 -5.1236111111111114E-02
  -5.0748055555555553E-02 -5.1407500000000002E-02
  -4.9970833333333325E-02 -5.1407500000000002E-02
  -4.8971666666666663E-02 -5.1236111111111114E-02
  -4.8527500000000001E-02 -5.1007777777777777E-02
  -4.7916944444444443E-02 -5.0665555555555547E-02
  -4.7195277777777780E-02 -5.0265833333333322E-02
  -4.6640000000000001E-02 -4.9923333333333333E-02
  -4.5973888888888891E-02 -4.9181388888888879E-02
  -4.5696388888888884E-02 -4.8724722222222218E-02
  -4.5640833333333325E-02 -4.8325000000000000E-02
  -4.5696388888888884E-02 -4.7697222222222224E-02
  -4.5918333333333332E-02 -4.7583055555555559E-02
  -4.5418888888888884E-02 -4.7468888888888887E-02
  -4.4808333333333332E-02 -4.7240555555555556E-02
  -4.4364166666666670E-02 -4.6783888888888882E-02
  -4.3586944444444442E-02 -4.6098888888888884E-02
  -4.3420555555555553E-02 -4.5870555555555553E-02
  -4.3031944444444442E-02 -4.5242777777777771E-02
  -4.2143611111111118E-02 -4.5471111111111108E-02
  -4.1421944444444442E-02 -4.5585277777777773E-02
  -4.0589444444444435E-02 -4.5699444444444438E-02
  -3.9590277777777773E-02 -4.5642222222222223E-02
  -3.8591111111111104E-02 -4.5471111111111108E-02
  -3.7869444444444442E-02 -4.5128611111111112E-02
  -3.7092222222222221E-02 -4.4843333333333332E-02
  -3.5981944444444441E-02 -4.4329444444444449E-02
  -3.5315833333333331E-02 -4.3929999999999997E-02
  -3.4649722222222221E-02 -4.3187777777777776E-02
  -3.4427500000000000E-02 -4.2845277777777774E-02
  -3.3761388888888882E-02 -4.2788333333333338E-02
  -3.3483888888888889E-02 -4.2616944444444443E-02
  -3.3150833333333331E-02 -4.2445833333333322E-02
  -3.1929722222222220E-02 -4.2331666666666670E-02
  -3.1374444444444448E-02 -4.2217499999999998E-02
  -3.1096944444444441E-02 -4.1932222222222232E-02
  -3.0652777777777779E-02 -4.1475555555555557E-02
  -3.0097777777777779E-02 -4.0847500000000002E-02
  -2.9653611111111106E-02 -4.0162500000000011E-02
  -2.9376111111111110E-02 -3.9648888888888886E-02
  -2.8709999999999999E-02 -3.9363611111111113E-02
  -2.7766388888888889E-02 -3.8849722222222223E-02
  -2.7488888888888893E-02 -3.8564444444444443E-02
  -2.6989166666666661E-02 -3.8050555555555560E-02
  -2.6711666666666668E-02 -3.7765277777777780E-02
  -2.5989999999999999E-02 -3.7651111111111107E-02
  -2.5601388888888889E-02 -3.7479722222222220E-02
  -2.4380000000000002E-02 -3.7137222222222224E-02
  -2.3713888888888889E-02 -3.6966111111111109E-02
  -2.3269999999999999E-02 -3.6623611111111107E-02
  -2.2992222222222223E-02 -3.6338333333333334E-02
  -2.1993055555555557E-02 -3.6166944444444439E-02
  -2.1438055555555554E-02 -3.6052777777777774E-02
  -2.0327777777777781E-02 -3.5710277777777771E-02
  -2.0161388888888888E-02 -3.5481944444444441E-02
  -1.9883611111111109E-02 -3.5253611111111111E-02
  -1.9550555555555557E-02 -3.4854166666666665E-02
  -1.8718055555555554E-02 -3.4796944444444443E-02
  -1.8051944444444443E-02 -3.4625833333333328E-02
  -1.6997222222222223E-02 -3.3998055555555552E-02
  -1.6497499999999998E-02 -3.3484166666666669E-02
  -1.6108888888888888E-02 -3.3084722222222224E-02
  -1.5775833333333333E-02 -3.2742222222222221E-02
  -1.5442777777777777E-02 -3.2342500000000003E-02
  -1.5109722222222219E-02 -3.2285555555555553E-02
  -1.4610277777777778E-02 -3.2171388888888888E-02
  -1.3833055555555553E-02 -3.1885833333333329E-02
  -1.3222500000000002E-02 -3.1543611111111113E-02
  -1.2611666666666667E-02 -3.1086944444444445E-02
  -1.2056666666666667E-02 -3.0801388888888885E-02
  -1.1446111111111112E-02 -3.0516111111111105E-02
  -1.1001944444444446E-02 -3.0287777777777775E-02
  -1.0668888888888887E-02 -3.0116388888888887E-02
  -1.0058333333333332E-02 -3.0059444444444444E-02
  -9.4475000000000010E-03 -2.9888055555555557E-02
  -8.9480555555555563E-03 -2.9716944444444442E-02
  -8.8369444444444459E-03 -2.9602777777777773E-02
  -8.3930555555555564E-03 -2.9260277777777774E-02
  -7.8377777777777768E-03 -2.9146111111111109E-02
  -7.0605555555555552E-03 -2.8917777777777778E-02
  -6.6166666666666665E-03 -2.8803611111111113E-02
  -5.7283333333333327E-03 -2.8632499999999998E-02
  -4.6736111111111110E-03 -2.8461111111111111E-02
  -3.8411111111111111E-03 -2.8290000000000003E-02
  -2.9527777777777781E-03 -2.8232777777777777E-02
  -2.3977777777777778E-03 -2.8232777777777777E-02
  -1.5094444444444443E-03 -2.8518333333333330E-02
  -7.8777777777777787E-04 -2.8575277777777779E-02
  -5.1027777777777812E-04 -2.8461111111111111E-02
   1.5583333333333334E-04 -2.8061666666666665E-02
   1.7100000000000001E-03 -2.7433611111111107E-02
   2.8202777777777779E-03 -2.6976944444444442E-02
   3.7638888888888891E-03 -2.6520277777777778E-02
   4.2080555555555552E-03 -2.6291944444444444E-02
   4.6522222222222225E-03 -2.6006666666666668E-02
   4.8741666666666664E-03 -2.5664166666666665E-02
   5.1516666666666672E-03 -2.5321666666666666E-02
   7.8163888888888901E-03 -2.3837499999999998E-02
   8.5380555555555557E-03 -2.3951666666666663E-02
   9.3152777777777765E-03 -2.4179999999999997E-02
   1.0036666666666666E-02 -2.4465555555555560E-02
   1.0425277777777776E-02 -2.4693888888888890E-02
   1.0702777777777776E-02 -2.4979166666666667E-02
   1.0758333333333335E-02 -2.4979166666666667E-02
   1.1369166666666666E-02 -2.4294166666666665E-02
   1.2368333333333335E-02 -2.3609166666666667E-02
   1.2812222222222221E-02 -2.2981388888888888E-02
   1.2867777777777777E-02 -2.2753055555555554E-02
   1.3589444444444446E-02 -2.2810277777777777E-02
   1.4366666666666666E-02 -2.3038611111111110E-02
   1.5088333333333336E-02 -2.3323888888888887E-02
   1.5254722222222222E-02 -2.3209722222222222E-02
   1.5698888888888887E-02 -2.2524722222222224E-02
   1.5976388888888891E-02 -2.1953888888888887E-02
   1.6143055555555556E-02 -2.1440277777777777E-02
