   1.0049444444444444E-02  1.1921388888888891E-02
   9.5494444444444437E-03  1.2320833333333333E-02
   9.1602777777777776E-03  1.2606388888888889E-02
   8.9377777777777771E-03  1.2891666666666666E-02
   8.5488888888888889E-03  1.3291388888888887E-02
   8.1597222222222210E-03  1.3690833333333333E-02
   7.7705555555555549E-03  1.4033333333333335E-02
   7.4927777777777779E-03  1.4261666666666666E-02
   7.3813888888888887E-03  1.4261666666666666E-02
   7.0480555555555557E-03  1.4318611111111112E-02
   6.8255555555555552E-03  1.4604166666666665E-02
   6.5477777777777782E-03  1.4889444444444445E-02
   6.1030555555555560E-03  1.5060833333333336E-02
   5.6027777777777777E-03  1.5231944444444444E-02
   4.8244444444444446E-03  1.5460277777777778E-02
   3.8797222222222219E-03  1.5631666666666665E-02
   3.0458333333333331E-03  1.5802777777777777E-02
   2.4344444444444444E-03  1.6259444444444444E-02
   1.9897222222222226E-03  1.6716111111111112E-02
   1.6005555555555556E-03  1.7172777777777776E-02
   1.3227777777777778E-03  1.7515277777777779E-02
   1.0447222222222223E-03  1.7743611111111113E-02
   8.2250000000000010E-04  1.7914722222222221E-02
   2.6666666666666668E-04  1.8257222222222223E-02
  -2.8916666666666674E-04  1.8485555555555557E-02
  -7.3388888888888896E-04  1.8599722222222222E-02
  -1.4566666666666669E-03  1.8656944444444448E-02
  -2.1236111111111108E-03  1.8599722222222222E-02
  -2.4013888888888891E-03  1.9056388888888890E-02
  -2.9572222222222222E-03  1.9513055555555558E-02
  -3.3463888888888892E-03  1.9912500000000000E-02
  -3.7911111111111106E-03  2.0312222222222221E-02
  -4.1802777777777776E-03  2.0597500000000001E-02
  -4.6805555555555550E-03  2.0940000000000000E-02
  -4.9583333333333328E-03  2.1225555555555557E-02
  -5.1252777777777781E-03  2.1625000000000002E-02
  -5.2363888888888885E-03  2.2366944444444443E-02
  -5.3474999999999998E-03  2.2823611111111114E-02
  -5.4030555555555559E-03  2.3280277777777778E-02
  -5.7366666666666660E-03  2.3794166666666668E-02
  -5.9588888888888894E-03  2.4022499999999999E-02
  -6.4591666666666660E-03  2.4364722222222225E-02
  -6.8483333333333339E-03  2.4593055555555559E-02
  -7.3486111111111104E-03  2.4536111111111113E-02
  -7.7377777777777783E-03  2.4536111111111113E-02
  -8.1266666666666675E-03  2.4764444444444443E-02
  -8.9049999999999997E-03  2.5106944444444442E-02
  -9.4052777777777763E-03  2.5335277777777779E-02
  -1.0016666666666667E-02  2.5677777777777779E-02
  -1.0350277777777778E-02  2.5963055555555555E-02
  -1.0906111111111109E-02  2.6191388888888886E-02
  -1.1684166666666669E-02  2.6419722222222223E-02
  -1.2351388888888887E-02  2.6533888888888892E-02
  -1.2351388888888887E-02  2.6819444444444444E-02
  -1.2684722222222222E-02  2.7275833333333336E-02
  -1.2962777777777778E-02  2.7561388888888892E-02
  -1.3240555555555554E-02  2.7903888888888888E-02
  -1.3574166666666665E-02  2.8132222222222222E-02
  -1.3685277777777775E-02  2.8303333333333333E-02
  -1.4130000000000000E-02  2.8759999999999997E-02
  -1.4574722222222222E-02  2.8988333333333331E-02
  -1.5074999999999998E-02  2.9159722222222226E-02
  -1.5686388888888889E-02  2.9388055555555556E-02
  -1.6408888888888890E-02  2.9616388888888890E-02
  -1.6853611111111111E-02  2.9901666666666667E-02
  -1.7353888888888887E-02  3.0186944444444443E-02
  -1.7798611111111109E-02  3.0415277777777781E-02
  -1.8354444444444441E-02  3.0529444444444449E-02
  -1.9021388888888890E-02  3.0643611111111108E-02
  -1.9688611111111108E-02  3.0643611111111108E-02
  -2.0411111111111113E-02  3.0415277777777781E-02
  -2.0911388888888893E-02  3.0130000000000004E-02
  -2.1633888888888887E-02  2.9673333333333340E-02
  -2.2189722222222222E-02  2.9388055555555556E-02
  -2.2968055555555554E-02  2.8931388888888892E-02
  -2.3801666666666662E-02  2.8531666666666667E-02
  -2.4468888888888887E-02  2.8303333333333333E-02
  -2.5191388888888892E-02  2.8018055555555556E-02
  -2.5636111111111110E-02  2.7675555555555554E-02
  -2.5969722222222224E-02  2.7275833333333336E-02
  -2.6080833333333334E-02  2.6762222222222225E-02
  -2.6358611111111110E-02  2.6191388888888886E-02
  -2.6914444444444446E-02  2.5335277777777779E-02
  -2.7303611111111108E-02  2.4992777777777780E-02
  -2.7914999999999995E-02  2.4593055555555559E-02
  -2.8637777777777776E-02  2.4250555555555556E-02
  -2.9249166666666670E-02  2.3851111111111115E-02
  -2.9805000000000002E-02  2.3223333333333332E-02
  -3.0138611111111109E-02  2.2709444444444445E-02
  -3.0471944444444440E-02  2.2195833333333335E-02
  -3.1027777777777779E-02  2.1567777777777783E-02
  -3.1416944444444442E-02  2.2138611111111109E-02
  -3.1750555555555553E-02  2.2880833333333336E-02
  -3.1972777777777774E-02  2.3451666666666666E-02
  -3.2250833333333333E-02  2.4079444444444445E-02
  -3.2473055555555554E-02  2.4478888888888890E-02
  -3.2806666666666665E-02  2.5049722222222223E-02
  -3.3084444444444444E-02  2.5278055555555554E-02
  -3.3251388888888886E-02  2.5335277777777779E-02
  -3.3918333333333335E-02  2.5506388888888887E-02
  -3.4474166666666667E-02  2.5506388888888887E-02
  -3.5085555555555557E-02  2.5278055555555554E-02
  -3.5585833333333330E-02  2.5049722222222223E-02
  -3.5752500000000000E-02  2.4707222222222224E-02
  -3.5808333333333331E-02  2.4022499999999999E-02
  -3.6086111111111110E-02  2.3337500000000001E-02
  -3.6697500000000001E-02  2.2766666666666668E-02
  -3.7308888888888884E-02  2.2366944444444443E-02
  -3.7642499999999995E-02  2.2024444444444444E-02
  -3.7753611111111113E-02  2.1510833333333333E-02
  -3.7753611111111113E-02  2.0597500000000001E-02
  -3.8142777777777775E-02  1.9741388888888892E-02
  -3.8420833333333335E-02  1.9170555555555559E-02
  -3.9143333333333336E-02  1.7743611111111113E-02
  -3.9254444444444453E-02  1.7343888888888891E-02
  -3.9476944444444446E-02  1.6373611111111110E-02
  -3.9810277777777778E-02  1.5517500000000000E-02
  -3.9865833333333323E-02  1.4832500000000002E-02
  -4.0088333333333330E-02  1.4090277777777778E-02
  -4.0254999999999999E-02  1.3519444444444442E-02
  -4.0421666666666661E-02  1.2777500000000001E-02
  -4.0421666666666661E-02  1.1921388888888891E-02
  -4.0366111111111110E-02  1.1293333333333332E-02
  -4.0254999999999999E-02  1.0779722222222222E-02
  -3.9921388888888888E-02  1.0437222222222223E-02
  -3.9421111111111108E-02  1.0266111111111111E-02
  -3.8142777777777775E-02  9.8663888888888898E-03
  -3.7142222222222222E-02  9.4097222222222221E-03
  -3.6364166666666670E-02  9.0102777777777768E-03
  -3.5419166666666668E-02  8.5536111111111125E-03
  -3.4807777777777778E-02  8.1538888888888876E-03
  -3.4418611111111108E-02  7.9827777777777779E-03
  -3.4085000000000004E-02  7.8116666666666664E-03
  -3.3751666666666666E-02  7.8116666666666664E-03
  -3.3195833333333334E-02  7.7544444444444440E-03
  -3.2584166666666664E-02  7.5261111111111110E-03
  -3.2139722222222222E-02  7.3550000000000004E-03
  -3.1861666666666663E-02  7.4691666666666674E-03
  -3.1583611111111111E-02  8.0397222222222224E-03
  -3.1361388888888890E-02  8.1538888888888876E-03
  -3.0471944444444440E-02  8.0397222222222224E-03
  -2.9582777777777777E-02  7.9255555555555572E-03
  -2.8526666666666665E-02  7.7544444444444440E-03
  -2.7803888888888885E-02  7.6402777777777780E-03
  -2.6803333333333332E-02  7.5261111111111110E-03
  -2.6358611111111110E-02  7.4691666666666674E-03
  -2.5802777777777775E-02  7.3550000000000004E-03
  -2.5080277777777781E-02  7.0694444444444442E-03
  -2.4024166666666669E-02  6.8983333333333336E-03
  -2.3023611111111109E-02  6.7841666666666666E-03
  -2.2189722222222222E-02  6.7841666666666666E-03
  -2.1189166666666662E-02  6.6699999999999997E-03
  -2.0800277777777779E-02  6.4416666666666667E-03
  -2.0188888888888888E-02  5.5283333333333330E-03
  -1.9855277777777777E-02  4.9575000000000001E-03
  -1.9410555555555556E-02  4.2725000000000003E-03
  -1.8743611111111110E-02  3.5875000000000000E-03
  -1.8132222222222223E-02  3.1308333333333336E-03
  -1.7409444444444443E-02  2.7883333333333336E-03
  -1.6408888888888890E-02  2.4458333333333333E-03
  -1.5463888888888888E-02  2.1605555555555553E-03
  -1.4407777777777776E-02  1.8180555555555554E-03
  -1.3851944444444441E-02  1.5897222222222222E-03
  -1.3796388888888886E-02  1.4755555555555555E-03
  -1.3463055555555554E-02  6.7638888888888892E-04
  -1.3129444444444444E-02 -6.5555555555555462E-05
  -1.2629166666666667E-02 -6.9333333333333334E-04
  -1.2462500000000001E-02 -1.1500000000000000E-03
  -1.2240000000000001E-02 -1.7780555555555553E-03
  -1.1962222222222221E-02 -2.6913888888888890E-03
  -1.1795277777777776E-02 -3.2619444444444449E-03
  -1.1461944444444445E-02 -3.9469444444444448E-03
  -1.1684166666666669E-02 -4.4608333333333331E-03
  -1.1795277777777776E-02 -5.2599999999999999E-03
  -1.1851111111111111E-02 -5.7166666666666659E-03
  -1.1851111111111111E-02 -6.3444444444444451E-03
  -1.2073333333333332E-02 -6.6869444444444441E-03
  -1.2240000000000001E-02 -7.3147222222222216E-03
  -1.2295555555555553E-02 -7.6572222222222224E-03
  -1.2351388888888887E-02 -8.0569444444444430E-03
  -1.2684722222222222E-02 -8.3422222222222231E-03
  -1.3184999999999999E-02 -8.5705555555555570E-03
  -1.3629722222222220E-02 -8.9699999999999988E-03
  -1.4018888888888890E-02 -9.5408333333333317E-03
  -1.4352222222222221E-02 -9.9974999999999994E-03
  -1.4741388888888887E-02 -1.0283055555555556E-02
  -1.5241666666666667E-02 -1.0454166666666664E-02
  -1.6075555555555555E-02 -1.0796666666666666E-02
  -1.6631388888888890E-02 -1.0910833333333335E-02
  -1.7131666666666667E-02 -1.1025000000000000E-02
  -1.8465555555555555E-02 -1.1595833333333336E-02
  -1.9132777777777776E-02 -1.1710000000000002E-02
  -1.9855277777777777E-02 -1.1995277777777778E-02
  -2.0244444444444443E-02 -1.2166666666666666E-02
  -2.0689166666666665E-02 -1.2395000000000000E-02
  -2.1245000000000000E-02 -1.2623333333333334E-02
  -2.1800833333333332E-02 -1.2965833333333336E-02
  -2.2467777777777774E-02 -1.3251111111111113E-02
  -2.2968055555555554E-02 -1.3764999999999999E-02
  -2.3301666666666665E-02 -1.4221388888888888E-02
  -2.3635000000000003E-02 -1.4792222222222220E-02
  -2.3968611111111107E-02 -1.5306111111111111E-02
  -2.4301944444444442E-02 -1.5705555555555556E-02
  -2.4746666666666667E-02 -1.6276388888888889E-02
  -2.4969166666666667E-02 -1.6789999999999999E-02
  -2.5358055555555557E-02 -1.7646388888888889E-02
  -2.5636111111111110E-02 -1.8103055555555553E-02
  -2.6080833333333334E-02 -1.8559722222222224E-02
  -2.6469999999999997E-02 -1.8730833333333332E-02
  -2.6970277777777781E-02 -1.9016388888888888E-02
  -2.7470555555555554E-02 -1.9358888888888884E-02
  -2.7859444444444447E-02 -1.9644166666666667E-02
  -2.8304166666666668E-02 -1.9701111111111110E-02
  -2.8859999999999997E-02 -1.9586944444444442E-02
  -2.9360277777777780E-02 -1.9529999999999999E-02
  -3.0194166666666664E-02 -1.9529999999999999E-02
  -3.0916666666666669E-02 -1.9586944444444442E-02
  -3.1361388888888890E-02 -1.9758333333333333E-02
  -3.1972777777777774E-02 -1.9815277777777775E-02
  -3.2862222222222223E-02 -1.9815277777777775E-02
  -3.3529166666666665E-02 -1.9986666666666666E-02
  -3.4196111111111115E-02 -2.0271944444444440E-02
  -3.4863333333333330E-02 -2.0386111111111115E-02
  -3.5641388888888889E-02 -2.0386111111111115E-02
  -3.6530833333333332E-02 -2.0443333333333327E-02
  -3.7920555555555555E-02 -2.0557499999999996E-02
  -3.8754166666666666E-02 -2.0899999999999998E-02
  -3.9198888888888887E-02 -2.1128333333333332E-02
  -3.9977222222222220E-02 -2.1699166666666665E-02
  -4.0421666666666661E-02 -2.2155833333333333E-02
  -4.0866388888888890E-02 -2.2840555555555551E-02
  -4.1144444444444442E-02 -2.3582777777777775E-02
  -4.1477777777777773E-02 -2.4438888888888885E-02
  -4.1700277777777767E-02 -2.5238055555555555E-02
  -4.2033611111111112E-02 -2.6094166666666668E-02
  -4.2311666666666664E-02 -2.6265555555555556E-02
  -4.2811944444444444E-02 -2.6379722222222221E-02
  -4.3645833333333335E-02 -2.6550833333333333E-02
  -4.4423888888888895E-02 -2.6779166666666670E-02
  -4.5090833333333330E-02 -2.6836388888888889E-02
  -4.5591111111111110E-02 -2.6779166666666670E-02
  -4.6814166666666671E-02 -2.6608055555555555E-02
  -4.7536666666666665E-02 -2.6665000000000001E-02
  -4.7925833333333334E-02 -2.6779166666666670E-02
  -4.8481666666666673E-02 -2.6950555555555547E-02
  -4.8926388888888887E-02 -2.7178888888888884E-02
  -4.9593333333333330E-02 -2.7521388888888887E-02
  -4.9926944444444434E-02 -2.7920833333333332E-02
  -5.0260277777777779E-02 -2.8320277777777778E-02
  -5.0538333333333331E-02 -2.8491666666666665E-02
  -5.0927500000000001E-02 -2.8491666666666665E-02
  -5.1483333333333332E-02 -2.8434444444444443E-02
  -5.2094722222222223E-02 -2.8434444444444443E-02
  -5.2650555555555562E-02 -2.8491666666666665E-02
  -5.3317499999999997E-02 -2.8491666666666665E-02
  -5.3984444444444439E-02 -2.8491666666666665E-02
  -5.4762777777777771E-02 -2.8662777777777773E-02
  -5.5263055555555558E-02 -2.8891111111111107E-02
  -5.5763333333333338E-02 -2.9290833333333335E-02
  -5.6096666666666670E-02 -2.9747499999999996E-02
  -5.6208055555555553E-02 -3.0318333333333329E-02
  -5.6208055555555553E-02 -3.1402777777777779E-02
  -5.6263611111111111E-02 -3.1973611111111105E-02
  -5.6430277777777781E-02 -3.2601388888888888E-02
  -5.7041666666666671E-02 -3.2544444444444445E-02
  -5.7931111111111107E-02 -3.2544444444444445E-02
  -5.8764999999999984E-02 -3.2658611111111110E-02
  -5.9543055555555544E-02 -3.2829722222222218E-02
  -6.0488055555555559E-02 -3.3115277777777778E-02
  -6.1099444444444449E-02 -3.3343333333333329E-02
  -6.1766388888888898E-02 -3.3571666666666666E-02
  -6.2322222222222223E-02 -3.3800000000000004E-02
  -6.2933888888888886E-02 -3.3914166666666662E-02
  -6.3823055555555550E-02 -3.4370833333333330E-02
  -6.4490277777777771E-02 -3.4713333333333332E-02
  -6.5101666666666669E-02 -3.5055833333333335E-02
  -6.5879722222222215E-02 -3.5626666666666668E-02
  -6.6435555555555553E-02 -3.6140277777777778E-02
  -6.6935833333333333E-02 -3.6596944444444446E-02
  -6.7380555555555555E-02 -3.6996666666666664E-02
  -6.7769722222222217E-02 -3.7110833333333336E-02
  -6.8325555555555556E-02 -3.7225000000000001E-02
  -6.8714722222222233E-02 -3.7053611111111114E-02
  -6.9437222222222220E-02 -3.6711111111111111E-02
  -6.9826388888888882E-02 -3.6711111111111111E-02
  -7.0660000000000001E-02 -3.6654166666666668E-02
  -7.1271666666666664E-02 -3.6768333333333326E-02
  -7.1827499999999989E-02 -3.6882499999999999E-02
  -7.2716666666666666E-02 -3.6825277777777776E-02
  -7.4328611111111109E-02 -3.7167777777777772E-02
  -7.5051388888888890E-02 -3.7396111111111109E-02
  -7.5662777777777773E-02 -3.7567500000000004E-02
  -7.6496666666666671E-02 -3.7567500000000004E-02
  -7.7274722222222231E-02 -3.7681666666666662E-02
  -7.8108611111111115E-02 -3.7738611111111112E-02
  -7.8942222222222219E-02 -3.7852777777777777E-02
  -7.9720555555555558E-02 -3.8081111111111107E-02
  -8.0554166666666649E-02 -3.8480833333333325E-02
  -8.1443611111111133E-02 -3.8823055555555555E-02
  -8.2555277777777769E-02 -3.9508055555555560E-02
  -8.3111111111111108E-02 -3.9907777777777785E-02
  -8.3833888888888888E-02 -4.0821111111111114E-02
  -8.4222777777777785E-02 -4.1448888888888889E-02
  -8.4945555555555552E-02 -4.1848333333333335E-02
  -8.5556944444444449E-02 -4.2419166666666661E-02
  -8.5890555555555553E-02 -4.2990000000000000E-02
  -8.6335277777777775E-02 -4.3389722222222225E-02
  -8.6724166666666658E-02 -4.3789166666666678E-02
  -8.7002222222222231E-02 -4.4188611111111109E-02
  -8.7224444444444424E-02 -4.4759444444444442E-02
  -8.7335555555555555E-02 -4.5615833333333335E-02
  -8.7391388888888893E-02 -4.6586111111111106E-02
  -8.7391388888888893E-02 -4.7613611111111107E-02
  -8.7391388888888893E-02 -4.8755277777777765E-02
  -8.7279999999999996E-02 -4.9725555555555551E-02
  -8.6668611111111113E-02 -4.9839722222222223E-02
  -8.6168333333333333E-02 -4.9839722222222223E-02
  -8.5779166666666670E-02 -4.9953888888888881E-02
  -8.4945555555555552E-02 -5.0638888888888886E-02
  -8.4667499999999993E-02 -5.0867222222222223E-02
  -8.4111666666666654E-02 -5.1209722222222226E-02
  -8.3500277777777770E-02 -5.1494999999999999E-02
  -8.2944444444444432E-02 -5.1552222222222215E-02
  -8.2166388888888886E-02 -5.1609166666666678E-02
  -8.1443611111111133E-02 -5.1723333333333329E-02
  -8.0554166666666649E-02 -5.2065833333333332E-02
  -7.9831666666666676E-02 -5.2351111111111105E-02
  -7.8997777777777778E-02 -5.2636666666666672E-02
  -7.8275277777777777E-02 -5.2864999999999995E-02
  -7.7608333333333335E-02 -5.2864999999999995E-02
  -7.6941111111111113E-02 -5.2522500000000000E-02
  -7.6329722222222215E-02 -5.2123055555555554E-02
  -7.5884999999999994E-02 -5.1780555555555566E-02
  -7.5496111111111111E-02 -5.1380833333333341E-02
  -7.5106944444444448E-02 -5.0981388888888889E-02
  -7.4606666666666668E-02 -5.1152499999999990E-02
  -7.4050833333333344E-02 -5.1152499999999990E-02
  -7.3439444444444446E-02 -5.0981388888888889E-02
  -7.3161388888888887E-02 -5.0695833333333336E-02
  -7.2828055555555549E-02 -5.0410555555555549E-02
  -7.2049722222222223E-02 -5.0410555555555549E-02
  -7.1549444444444443E-02 -5.0524722222222235E-02
  -7.0938055555555560E-02 -5.0753055555555558E-02
  -6.9270555555555557E-02 -5.0867222222222223E-02
  -6.8992499999999998E-02 -5.0809999999999994E-02
  -6.8547777777777777E-02 -5.0753055555555558E-02
  -6.8103333333333335E-02 -5.1209722222222226E-02
  -6.7102777777777775E-02 -5.2008888888888889E-02
  -6.6546944444444450E-02 -5.2408333333333321E-02
  -6.5990833333333332E-02 -5.2921944444444445E-02
  -6.5268333333333331E-02 -5.3321666666666663E-02
  -6.4712500000000006E-02 -5.3435833333333335E-02
  -6.3767500000000005E-02 -5.3321666666666663E-02
  -6.3156111111111107E-02 -5.3093333333333333E-02
  -6.2544722222222224E-02 -5.3036111111111110E-02
  -6.2099999999999989E-02 -5.3321666666666663E-02
  -6.1321944444444457E-02 -5.3721111111111115E-02
  -6.0765833333333331E-02 -5.4006666666666668E-02
  -6.0154444444444448E-02 -5.4235000000000005E-02
  -5.9598611111111116E-02 -5.4349166666666664E-02
  -5.8987222222222219E-02 -5.4291944444444441E-02
  -5.8264722222222225E-02 -5.4177777777777790E-02
  -5.7764444444444452E-02 -5.3949444444444453E-02
  -5.7264166666666665E-02 -5.3435833333333335E-02
  -5.6708333333333333E-02 -5.3036111111111110E-02
  -5.6541388888888891E-02 -5.2807777777777773E-02
  -5.6208055555555553E-02 -5.2294166666666669E-02
  -5.5929999999999994E-02 -5.2008888888888889E-02
  -5.5207500000000000E-02 -5.1552222222222215E-02
  -5.3817777777777770E-02 -5.0753055555555558E-02
  -5.3150833333333335E-02 -5.0182222222222218E-02
  -5.3150833333333335E-02 -5.0068055555555560E-02
  -5.2761666666666672E-02 -4.9097777777777775E-02
  -5.2205833333333333E-02 -4.8698055555555564E-02
  -5.1427777777777774E-02 -4.8698055555555564E-02
  -4.9315277777777777E-02 -4.8355555555555561E-02
  -4.8481666666666673E-02 -4.8184444444444446E-02
  -4.7981388888888893E-02 -4.8013055555555552E-02
  -4.6758611111111112E-02 -4.7328055555555554E-02
  -4.5313333333333330E-02 -4.7385277777777769E-02
  -4.4701944444444447E-02 -4.7271111111111111E-02
  -4.4423888888888895E-02 -4.6871388888888893E-02
  -4.3923611111111115E-02 -4.6015277777777780E-02
  -4.3756944444444446E-02 -4.5501666666666662E-02
  -4.2978611111111099E-02 -4.5330277777777775E-02
  -4.2256111111111119E-02 -4.5273333333333332E-02
  -4.1755833333333332E-02 -4.5330277777777775E-02
  -4.1311111111111104E-02 -4.5901111111111115E-02
  -4.0644166666666669E-02 -4.6357777777777776E-02
  -3.9921388888888888E-02 -4.6643333333333342E-02
  -3.9365555555555563E-02 -4.6643333333333342E-02
  -3.8698611111111107E-02 -4.6643333333333342E-02
  -3.8087222222222224E-02 -4.6529166666666663E-02
  -3.6975555555555553E-02 -4.5844166666666658E-02
  -3.6308333333333331E-02 -4.5330277777777775E-02
  -3.5752500000000000E-02 -4.4873611111111107E-02
  -3.5141111111111109E-02 -4.4474166666666669E-02
  -3.4752222222222219E-02 -4.4074722222222223E-02
  -3.4307499999999998E-02 -4.3560833333333340E-02
  -3.3918333333333335E-02 -4.3161388888888888E-02
  -3.3306944444444445E-02 -4.2761666666666670E-02
  -3.2695555555555554E-02 -4.2647499999999998E-02
  -3.1750555555555553E-02 -4.2476388888888897E-02
  -3.0972222222222220E-02 -4.2476388888888897E-02
  -3.0027222222222223E-02 -4.2476388888888897E-02
  -2.9526944444444439E-02 -4.2533333333333340E-02
  -2.8304166666666668E-02 -4.2533333333333340E-02
  -2.7803888888888885E-02 -4.2362222222222218E-02
  -2.7414722222222219E-02 -4.2019722222222222E-02
  -2.6970277777777781E-02 -4.1563055555555554E-02
  -2.6581111111111107E-02 -4.1106388888888887E-02
  -2.6191944444444441E-02 -4.0535555555555554E-02
  -2.5914166666666669E-02 -3.9907777777777785E-02
  -2.5691666666666665E-02 -3.9108611111111108E-02
  -2.5024722222222226E-02 -3.8823055555555555E-02
  -2.4301944444444442E-02 -3.8252499999999995E-02
  -2.3690555555555558E-02 -3.7681666666666662E-02
  -2.3523888888888886E-02 -3.7396111111111109E-02
  -2.3301666666666665E-02 -3.6996666666666664E-02
  -2.3079166666666664E-02 -3.6768333333333326E-02
  -2.2690000000000002E-02 -3.6368611111111109E-02
  -2.1689444444444442E-02 -3.6026111111111113E-02
  -2.1189166666666662E-02 -3.5854999999999998E-02
  -2.0522222222222223E-02 -3.5626666666666668E-02
  -1.9855277777777777E-02 -3.5512499999999995E-02
  -1.9188333333333332E-02 -3.5284166666666665E-02
  -1.8409999999999996E-02 -3.4998888888888885E-02
  -1.7965277777777774E-02 -3.4656388888888889E-02
  -1.7576388888888888E-02 -3.4428055555555552E-02
  -1.6964722222222221E-02 -3.4085555555555556E-02
  -1.6186666666666669E-02 -3.3800000000000004E-02
  -1.5297222222222222E-02 -3.3743055555555554E-02
  -1.4463611111111111E-02 -3.3628888888888889E-02
  -1.3629722222222220E-02 -3.3685833333333332E-02
  -1.3073888888888888E-02 -3.3514722222222217E-02
  -1.2851388888888888E-02 -3.3286388888888886E-02
  -1.2351388888888887E-02 -3.2715555555555553E-02
  -1.2128888888888890E-02 -3.2430277777777773E-02
  -1.1739722222222221E-02 -3.1688055555555560E-02
  -1.1461944444444445E-02 -3.1174444444444442E-02
  -1.0794999999999999E-02 -3.0774722222222224E-02
  -9.7386111111111076E-03 -3.0660555555555552E-02
  -8.9049999999999997E-03 -3.0717777777777774E-02
  -8.2380555555555540E-03 -3.0717777777777774E-02
  -7.7377777777777783E-03 -3.0831944444444447E-02
  -7.1261111111111117E-03 -3.1003055555555555E-02
  -6.8483333333333339E-03 -3.0946111111111112E-02
  -6.5702777777777773E-03 -3.0660555555555552E-02
  -6.0144444444444447E-03 -3.0261111111111107E-02
  -5.7922222222222220E-03 -2.9918611111111111E-02
  -5.4030555555555559E-03 -2.9461944444444440E-02
  -5.0697222222222229E-03 -2.9062500000000002E-02
  -4.7361111111111111E-03 -2.8548611111111108E-02
  -4.5694444444444446E-03 -2.8035000000000001E-02
  -4.2913888888888889E-03 -2.7235833333333331E-02
  -3.9022222222222219E-03 -2.6893333333333335E-02
  -3.3463888888888892E-03 -2.6608055555555555E-02
  -2.9016666666666665E-03 -2.6265555555555556E-02
  -2.5127777777777774E-03 -2.6037222222222222E-02
  -2.0680555555555556E-03 -2.5694722222222223E-02
  -1.0674999999999999E-03 -2.5580555555555554E-02
  -5.6722222222222200E-04 -2.5466388888888889E-02
  -2.8916666666666674E-04 -2.5295000000000002E-02
   1.5527777777777794E-04 -2.5009722222222225E-02
   8.7805555555555553E-04 -2.4667222222222219E-02
   1.6005555555555556E-03 -2.4553055555555554E-02
   2.3233333333333335E-03 -2.4267777777777777E-02
   2.6566666666666666E-03 -2.3925277777777781E-02
   3.3794444444444445E-03 -2.3525555555555556E-02
   4.2130555555555550E-03 -2.3011944444444446E-02
   4.8244444444444446E-03 -2.2783611111111112E-02
   5.6027777777777777E-03 -2.2326944444444444E-02
   6.3252777777777778E-03 -2.1927499999999999E-02
   6.8255555555555552E-03 -2.1641944444444446E-02
   7.1591666666666670E-03 -2.1470833333333331E-02
   7.7150000000000005E-03 -2.1185277777777775E-02
   8.5488888888888889E-03 -2.1128333333333332E-02
   9.0491666666666672E-03 -2.1014166666666667E-02
   9.8272222222222233E-03 -2.0842777777777780E-02
   1.0883333333333335E-02 -2.0500277777777777E-02
   1.1216944444444446E-02 -2.0329166666666666E-02
   1.1883888888888888E-02 -2.0043611111111109E-02
   1.2273055555555558E-02 -1.9815277777777775E-02
   1.2662222222222221E-02 -1.9586944444444442E-02
   1.3051111111111111E-02 -1.9187500000000003E-02
