   8.9066666666666669E-03  1.0352500000000001E-02
   8.7400000000000012E-03  1.1154722222222222E-02
   8.5175000000000008E-03  1.1441111111111110E-02
   8.5175000000000008E-03  1.1498333333333333E-02
   8.5175000000000008E-03  1.2186111111111113E-02
   8.3508333333333316E-03  1.2701666666666667E-02
   8.2397222222222212E-03  1.3331944444444445E-02
   7.5166666666666672E-03  1.4019444444444445E-02
   6.9052777777777784E-03  1.4363055555555556E-02
   6.4602777777777775E-03  1.4592222222222222E-02
   5.9044444444444439E-03  1.4821388888888891E-02
   5.3483333333333334E-03  1.5108055555555555E-02
   4.9036111111111103E-03  1.5394444444444443E-02
   4.4588888888888890E-03  1.5680833333333335E-02
   4.0138888888888889E-03  1.5967222222222219E-02
   3.4580555555555554E-03  1.6196388888888889E-02
   2.9019444444444448E-03  1.6368333333333332E-02
   2.4016666666666665E-03  1.6654722222222224E-02
   1.6230555555555555E-03  1.7170555555555557E-02
   9.5611111111111114E-04  1.7399722222222223E-02
   2.8888888888888888E-04  1.7456944444444445E-02
  -2.6722222222222230E-04  1.7456944444444445E-02
  -1.3236111111111113E-03  1.7628888888888888E-02
  -1.5461111111111114E-03  1.8029722222222225E-02
  -1.8238888888888888E-03  1.9576666666666669E-02
  -1.8797222222222219E-03  2.0206944444444444E-02
  -2.2688888888888889E-03  2.0894444444444445E-02
  -2.4355555555555554E-03  2.1696666666666666E-02
  -2.7691666666666672E-03  2.2269444444444442E-02
  -3.2697222222222225E-03  2.2899722222222224E-02
  -3.7699999999999999E-03  2.3530000000000002E-02
  -4.0480555555555556E-03  2.3988333333333337E-02
  -4.4927777777777778E-03  2.4446666666666669E-02
  -4.8819444444444440E-03  2.4675833333333331E-02
  -5.3825000000000001E-03  2.4962222222222222E-02
  -6.4388888888888881E-03  2.5363333333333335E-02
  -7.3838888888888886E-03  2.5592500000000001E-02
  -8.1624999999999996E-03  2.5878888888888885E-02
  -8.9408333333333354E-03  2.6280000000000001E-02
  -9.7747222222222228E-03  2.6566388888888889E-02
  -1.0386388888888889E-02  2.6795555555555559E-02
  -1.0386388888888889E-02  2.7082222222222226E-02
  -1.0497500000000000E-02  2.7311388888888889E-02
  -1.0942500000000001E-02  2.7425833333333330E-02
  -1.1442777777777777E-02  2.7654999999999999E-02
  -1.1943333333333334E-02  2.7884166666666668E-02
  -1.1943333333333334E-02  2.8342500000000003E-02
  -1.2054444444444444E-02  2.8800833333333338E-02
  -1.2388055555555555E-02  2.9488333333333335E-02
  -1.2610277777777776E-02  2.9889444444444444E-02
  -1.2943888888888890E-02  3.0290555555555557E-02
  -1.3722499999999999E-02  3.0863611111111116E-02
  -1.4167222222222220E-02  3.1264444444444442E-02
  -1.4890000000000000E-02  3.1837500000000005E-02
  -1.5835277777777778E-02  3.2410277777777781E-02
  -1.6502500000000000E-02  3.3212500000000006E-02
  -1.7002777777777776E-02  3.3957222222222222E-02
  -1.7280833333333332E-02  3.4473055555555555E-02
  -1.7614444444444446E-02  3.4988611111111109E-02
  -1.8003611111111109E-02  3.5504166666666670E-02
  -1.8503888888888889E-02  3.5962500000000001E-02
  -1.8837499999999997E-02  3.6248888888888886E-02
  -1.9115555555555556E-02  3.6649999999999995E-02
  -1.9504722222222225E-02  3.7280277777777780E-02
  -2.0116388888888889E-02  3.7738611111111112E-02
  -2.0394444444444444E-02  3.7853333333333329E-02
  -2.0894722222222221E-02  3.8025000000000003E-02
  -2.1561944444444439E-02  3.8196944444444450E-02
  -2.2673888888888886E-02  3.8311666666666667E-02
  -2.3341111111111111E-02  3.8426111111111112E-02
  -2.4175277777777775E-02  3.8540833333333330E-02
  -2.4786944444444445E-02  3.8769999999999999E-02
  -2.5342777777777777E-02  3.8884444444444444E-02
  -2.5731944444444443E-02  3.8884444444444444E-02
  -2.6621666666666668E-02  3.8827222222222221E-02
  -2.7233333333333332E-02  3.8827222222222221E-02
  -2.8067222222222223E-02  3.9056388888888890E-02
  -2.8845555555555555E-02  3.9400000000000004E-02
  -2.9568333333333335E-02  3.9514722222222222E-02
  -3.0513611111111109E-02  3.9571944444444444E-02
  -3.1013888888888889E-02  3.9629166666666667E-02
  -3.1347500000000000E-02  4.0259444444444445E-02
  -3.1458888888888890E-02  4.0660555555555561E-02
  -3.1792500000000001E-02  4.1061666666666670E-02
  -3.2459722222222223E-02  4.1405277777777777E-02
  -3.3015555555555555E-02  4.1634444444444446E-02
  -3.3627222222222225E-02  4.1863611111111115E-02
  -3.3793888888888887E-02  4.2150277777777773E-02
  -3.4294444444444440E-02  4.2493888888888900E-02
  -3.4850555555555558E-02  4.2723055555555549E-02
  -3.5517500000000000E-02  4.2837777777777780E-02
  -3.6184722222222215E-02  4.2894999999999996E-02
  -3.7129999999999996E-02  4.3009722222222234E-02
  -3.8130833333333336E-02  4.3181388888888894E-02
  -3.8408888888888888E-02  4.3296111111111119E-02
  -3.8519999999999999E-02  4.3582500000000003E-02
  -3.8742499999999999E-02  4.4040833333333335E-02
  -3.9131666666666655E-02  4.4556388888888888E-02
  -3.9576388888888897E-02  4.5129444444444444E-02
  -4.0132499999999995E-02  4.5473055555555558E-02
  -4.0188055555555553E-02  4.6046111111111100E-02
  -4.0243611111111105E-02  4.6619166666666670E-02
  -4.0466111111111112E-02  4.7421111111111108E-02
  -4.0688333333333333E-02  4.8108611111111116E-02
  -4.1188888888888893E-02  4.8566944444444447E-02
  -4.1522499999999997E-02  4.8796111111111116E-02
  -4.1967222222222218E-02  4.8968055555555556E-02
  -4.2634444444444447E-02  4.9139999999999989E-02
  -4.3079166666666668E-02  4.9254444444444448E-02
  -4.3079166666666668E-02  4.9884722222222233E-02
  -4.3023611111111110E-02  5.0228611111111120E-02
  -4.3190555555555551E-02  5.0686944444444451E-02
  -4.3579722222222228E-02  5.1145277777777776E-02
  -4.3968888888888877E-02  5.1546111111111112E-02
  -4.4413611111111112E-02  5.1947222222222221E-02
  -4.4913888888888892E-02  5.2176388888888897E-02
  -4.5191944444444437E-02  5.2176388888888897E-02
  -4.5914722222222232E-02  5.2061944444444445E-02
  -4.6693333333333337E-02  5.2004444444444443E-02
  -4.7805277777777780E-02  5.1947222222222221E-02
  -4.9028333333333320E-02  5.1832777777777769E-02
  -5.0307222222222212E-02  5.1775277777777781E-02
  -5.0585277777777778E-02  5.1316944444444436E-02
  -5.0863333333333337E-02  5.0572222222222220E-02
  -5.1196944444444455E-02  4.9941944444444449E-02
  -5.1530555555555552E-02  4.9254444444444448E-02
  -5.1864166666666656E-02  4.8738888888888894E-02
  -5.2197499999999987E-02  4.9197222222222226E-02
  -5.2698055555555554E-02  4.9655555555555557E-02
  -5.3142777777777775E-02  4.9941944444444449E-02
  -5.3643333333333335E-02  5.0113888888888881E-02
  -5.4421666666666667E-02  5.0285833333333335E-02
  -5.5033333333333337E-02  5.0457777777777782E-02
  -5.5533611111111117E-02  5.0572222222222220E-02
  -5.6534444444444436E-02  5.0686944444444451E-02
  -5.7535277777777775E-02  5.0744166666666667E-02
  -5.8480555555555563E-02  5.0744166666666667E-02
  -5.8980833333333336E-02  5.0572222222222220E-02
  -5.9481111111111110E-02  5.0457777777777782E-02
  -5.9981666666666669E-02  5.0343055555555544E-02
  -6.0259722222222228E-02  4.9999444444444457E-02
  -6.0926944444444436E-02  4.8910833333333327E-02
  -6.1149166666666664E-02  4.8165833333333331E-02
  -6.1260555555555561E-02  4.7650277777777778E-02
  -6.1260555555555561E-02  4.6790833333333330E-02
  -6.1204722222222216E-02  4.6103333333333336E-02
  -6.0926944444444436E-02  4.5587777777777776E-02
  -6.0537499999999994E-02  4.5014722222222220E-02
  -6.0148333333333331E-02  4.4613888888888897E-02
  -5.9703611111111117E-02  4.4327222222222212E-02
  -5.9258888888888889E-02  4.3754444444444443E-02
  -5.8758333333333329E-02  4.3468055555555558E-02
  -5.8258055555555556E-02  4.3181388888888894E-02
  -5.7868888888888886E-02  4.3066944444444449E-02
  -5.7368333333333327E-02  4.2952222222222211E-02
  -5.7090555555555561E-02  4.2723055555555549E-02
  -5.6645555555555546E-02  4.2264722222222224E-02
  -5.6034166666666677E-02  4.1978333333333333E-02
  -5.5311111111111116E-02  4.1806388888888893E-02
  -5.4366111111111108E-02  4.1691944444444441E-02
  -5.3809999999999997E-02  4.1749166666666671E-02
  -5.3365277777777782E-02  4.1691944444444441E-02
  -5.2920555555555554E-02  4.1577222222222224E-02
  -5.2642500000000002E-02  4.0946944444444439E-02
  -5.2419999999999994E-02  4.0488611111111114E-02
  -5.2086388888888877E-02  3.9858611111111109E-02
  -5.1641666666666669E-02  3.9342777777777775E-02
  -5.1141111111111109E-02  3.8884444444444444E-02
  -5.0696388888888888E-02  3.8483333333333335E-02
  -5.0196111111111115E-02  3.7853333333333329E-02
  -4.9862499999999997E-02  3.7223055555555558E-02
  -4.8750555555555554E-02  3.6134444444444441E-02
  -4.8583611111111112E-02  3.6077222222222226E-02
  -4.7360555555555552E-02  3.5561388888888892E-02
  -4.6971111111111102E-02  3.5446944444444441E-02
  -4.6470833333333329E-02  3.5217777777777778E-02
  -4.6026111111111115E-02  3.5103055555555561E-02
  -4.5136388888888886E-02  3.5045833333333332E-02
  -4.4691666666666664E-02  3.5045833333333332E-02
  -4.3746388888888890E-02  3.4988611111111109E-02
  -4.2745555555555564E-02  3.4759444444444447E-02
  -4.2467500000000012E-02  3.4702222222222218E-02
  -4.1856111111111108E-02  3.4530277777777778E-02
  -4.1466944444444445E-02  3.4186388888888891E-02
  -4.1021944444444430E-02  3.3842777777777777E-02
  -4.0299166666666664E-02  3.3556111111111113E-02
  -3.9798888888888891E-02  3.3441666666666668E-02
  -3.8798055555555558E-02  3.3269722222222221E-02
  -3.8186388888888888E-02  3.3269722222222221E-02
  -3.7964166666666660E-02  3.2754166666666668E-02
  -3.7630555555555556E-02  3.2238611111111107E-02
  -3.7352499999999997E-02  3.1722777777777780E-02
  -3.7129999999999996E-02  3.1149999999999997E-02
  -3.6629722222222223E-02  3.0519722222222226E-02
  -3.6073611111111105E-02  2.9946666666666663E-02
  -3.5573333333333332E-02  2.9545833333333334E-02
  -3.5072777777777779E-02  2.9201944444444444E-02
  -3.5072777777777779E-02  2.8800833333333338E-02
  -3.4739166666666668E-02  2.8228055555555555E-02
  -3.4461111111111109E-02  2.7769722222222223E-02
  -3.3960833333333329E-02  2.7253888888888890E-02
  -3.3460555555555556E-02  2.7139444444444445E-02
  -3.2904444444444444E-02  2.6853055555555557E-02
  -3.2348333333333333E-02  2.6337222222222220E-02
  -3.1903611111111112E-02  2.5878888888888885E-02
  -3.1681111111111111E-02  2.5306111111111113E-02
  -3.1291944444444442E-02  2.4847777777777781E-02
  -3.0958333333333338E-02  2.4503888888888891E-02
  -3.0513611111111109E-02  2.4217499999999999E-02
  -3.0068888888888881E-02  2.3759166666666668E-02
  -2.9901944444444446E-02  2.3472777777777776E-02
  -2.9512777777777780E-02  2.2899722222222224E-02
  -2.8456388888888889E-02  2.2212222222222223E-02
  -2.7900555555555553E-02  2.2097777777777782E-02
  -2.7288888888888887E-02  2.1925833333333332E-02
  -2.6399166666666661E-02  2.1410277777777778E-02
  -2.5843333333333333E-02  2.1180833333333333E-02
  -2.4842500000000000E-02  2.0493333333333336E-02
  -2.4564444444444448E-02  2.0378888888888891E-02
  -2.3674722222222222E-02  1.9634166666666668E-02
  -2.2951944444444438E-02  1.9175833333333333E-02
  -2.2396111111111110E-02  1.8717500000000001E-02
  -2.1951111111111109E-02  1.8201666666666668E-02
  -2.1506388888888884E-02  1.7858055555555558E-02
  -2.0728055555555555E-02  1.7399722222222223E-02
  -2.0505555555555555E-02  1.7113055555555555E-02
  -1.9727222222222219E-02  1.6311111111111110E-02
  -1.8948888888888890E-02  1.5852777777777778E-02
  -1.8226111111111110E-02  1.5337222222222224E-02
  -1.7670000000000005E-02  1.4764166666666668E-02
  -1.7503333333333333E-02  1.4477777777777777E-02
  -1.7058333333333332E-02  1.3847500000000002E-02
  -1.6613611111111110E-02  1.3389166666666667E-02
  -1.6446944444444445E-02  1.3217222222222220E-02
  -1.6001944444444444E-02  1.2816111111111111E-02
  -1.5612777777777778E-02  1.2128611111111111E-02
  -1.5390277777777777E-02  1.1727499999999998E-02
  -1.5001111111111111E-02  1.1326666666666665E-02
  -1.4389722222222220E-02  1.1097500000000003E-02
  -1.3889166666666668E-02  1.0982777777777779E-02
  -1.3333333333333332E-02  1.0524444444444444E-02
  -1.2832777777777780E-02  1.0238055555555556E-02
  -1.2054444444444444E-02  9.4933333333333328E-03
  -1.1609722222222223E-02  8.9774999999999994E-03
  -1.1276111111111108E-02  8.6338888888888889E-03
  -1.0886944444444442E-02  8.1180555555555554E-03
  -1.0608888888888890E-02  7.7172222222222225E-03
  -1.0553333333333335E-02  7.2588888888888885E-03
  -1.0497500000000000E-02  6.3422222222222222E-03
  -1.0497500000000000E-02  5.4252777777777780E-03
  -1.0608888888888890E-02  4.6233333333333335E-03
  -1.0608888888888890E-02  3.8786111111111113E-03
  -1.0497500000000000E-02  3.3055555555555555E-03
  -1.0664444444444445E-02  2.7899999999999999E-03
  -1.0942500000000001E-02  2.4461111111111111E-03
  -1.1276111111111108E-02  2.1025000000000002E-03
  -1.1498333333333333E-02  1.6441666666666666E-03
  -1.1720833333333333E-02  1.0711111111111112E-03
  -1.1887500000000002E-02  7.8472222222222224E-04
  -1.2109999999999999E-02  5.5555555555555556E-04
  -1.2221111111111110E-02 -1.7500000000000371E-05
  -1.2610277777777776E-02 -6.4749999999999986E-04
  -1.2888333333333332E-02 -1.1061111111111111E-03
  -1.2943888888888890E-02 -2.1372222222222222E-03
  -1.3277499999999998E-02 -3.1686111111111116E-03
  -1.3388888888888888E-02 -3.9133333333333338E-03
  -1.3166388888888891E-02 -4.4863888888888887E-03
  -1.2554722222222221E-02 -5.1738888888888893E-03
  -1.2554722222222221E-02 -6.0330555555555563E-03
  -1.2388055555555555E-02 -6.7780555555555554E-03
  -1.1943333333333334E-02 -7.5227777777777767E-03
  -1.1387222222222222E-02 -7.9811111111111124E-03
  -1.1053611111111108E-02 -8.3822222222222215E-03
  -1.0998055555555556E-02 -9.0697222222222221E-03
  -1.1164722222222225E-02 -9.9863888888888884E-03
  -1.1276111111111108E-02 -1.1075000000000002E-02
  -1.1331666666666664E-02 -1.1876944444444443E-02
  -1.1442777777777777E-02 -1.2335277777777775E-02
  -1.1665277777777778E-02 -1.3309444444444447E-02
  -1.2109999999999999E-02 -1.3710555555555559E-02
  -1.2332500000000000E-02 -1.4054166666666666E-02
  -1.2666111111111111E-02 -1.4741666666666667E-02
  -1.2888333333333332E-02 -1.5200000000000002E-02
  -1.3388888888888888E-02 -1.5887499999999999E-02
  -1.3778055555555554E-02 -1.6517777777777777E-02
  -1.4445277777777776E-02 -1.7205277777777778E-02
  -1.5112499999999997E-02 -1.7892777777777775E-02
  -1.5779722222222223E-02 -1.8695000000000000E-02
  -1.6669166666666665E-02 -1.9668888888888889E-02
  -1.7280833333333332E-02 -2.0069999999999998E-02
  -1.7948055555555554E-02 -2.0528333333333329E-02
  -1.8226111111111110E-02 -2.0757499999999998E-02
  -1.8948888888888890E-02 -2.1043888888888883E-02
  -1.9393611111111111E-02 -2.1273055555555555E-02
  -2.0227499999999999E-02 -2.1731388888888890E-02
  -2.1006111111111111E-02 -2.2189722222222222E-02
  -2.2006944444444444E-02 -2.2762777777777778E-02
  -2.2951944444444438E-02 -2.3335555555555554E-02
  -2.3897222222222222E-02 -2.3965833333333332E-02
  -2.4397499999999996E-02 -2.4309722222222222E-02
  -2.4953611111111110E-02 -2.4710555555555555E-02
  -2.5731944444444443E-02 -2.5168888888888890E-02
  -2.6454722222222223E-02 -2.5627499999999998E-02
  -2.7233333333333332E-02 -2.6028333333333334E-02
  -2.7844722222222226E-02 -2.6715833333333334E-02
  -2.8901111111111110E-02 -2.7403333333333335E-02
  -2.9623888888888884E-02 -2.7804444444444444E-02
  -3.0124444444444440E-02 -2.7976388888888887E-02
  -3.0569166666666668E-02 -2.8205555555555553E-02
  -3.0958333333333338E-02 -2.8434722222222222E-02
  -3.1570000000000001E-02 -2.8835833333333331E-02
  -3.1848055555555560E-02 -2.9064999999999997E-02
  -3.2570833333333334E-02 -2.9752500000000001E-02
  -3.3015555555555555E-02 -3.0210833333333340E-02
  -3.3793888888888887E-02 -3.0955555555555556E-02
  -3.4516944444444447E-02 -3.1700277777777779E-02
  -3.5128333333333331E-02 -3.2158888888888883E-02
  -3.5684444444444442E-02 -3.2502500000000004E-02
  -3.6407222222222223E-02 -3.2674444444444443E-02
  -3.7185555555555555E-02 -3.2846388888888883E-02
  -3.7908333333333336E-02 -3.3075555555555552E-02
  -3.8519999999999999E-02 -3.3304722222222222E-02
  -3.9409722222222221E-02 -3.3533888888888891E-02
  -3.9854444444444442E-02 -3.3705555555555558E-02
  -4.0299166666666664E-02 -3.3934722222222220E-02
  -4.1077500000000010E-02 -3.4049444444444438E-02
  -4.2022777777777770E-02 -3.4278611111111107E-02
  -4.2745555555555564E-02 -3.4450555555555554E-02
  -4.3357222222222221E-02 -3.4908888888888892E-02
  -4.3801944444444435E-02 -3.5424444444444446E-02
  -4.4302499999999995E-02 -3.5710833333333331E-02
  -4.5025277777777775E-02 -3.5882777777777777E-02
  -4.5525555555555555E-02 -3.6169166666666669E-02
  -4.6248333333333336E-02 -3.6570277777777778E-02
  -4.6693333333333337E-02 -3.6856666666666670E-02
  -4.7249166666666655E-02 -3.7257777777777779E-02
  -4.7916388888888890E-02 -3.7486944444444441E-02
  -4.8583611111111112E-02 -3.7486944444444441E-02
  -4.9695555555555555E-02 -3.7830833333333334E-02
  -5.0196111111111115E-02 -3.8060000000000004E-02
  -5.0474166666666667E-02 -3.8289166666666666E-02
  -5.1363611111111110E-02 -3.8747499999999997E-02
  -5.2197499999999987E-02 -3.9091111111111111E-02
  -5.2753611111111112E-02 -3.9606944444444445E-02
  -5.3531944444444444E-02 -4.0236944444444443E-02
  -5.4366111111111108E-02 -4.0752777777777777E-02
  -5.5088888888888889E-02 -4.1096388888888898E-02
  -5.5867222222222214E-02 -4.1440277777777784E-02
  -5.6590000000000001E-02 -4.1783888888888891E-02
  -5.7146111111111106E-02 -4.1955833333333331E-02
  -5.7701944444444445E-02 -4.2127777777777778E-02
  -5.8202499999999990E-02 -4.2471388888888885E-02
  -5.8869722222222226E-02 -4.2987222222222218E-02
  -5.9369999999999999E-02 -4.3388055555555555E-02
  -5.9926111111111111E-02 -4.3731944444444441E-02
  -6.0315277777777773E-02 -4.3961111111111111E-02
  -6.0815555555555553E-02 -4.3846388888888893E-02
  -6.1371666666666672E-02 -4.3846388888888893E-02
  -6.2149999999999997E-02 -4.3961111111111111E-02
  -6.2984166666666674E-02 -4.4362222222222220E-02
  -6.3762500000000000E-02 -4.4763333333333336E-02
  -6.4151666666666662E-02 -4.4934999999999996E-02
  -6.4818888888888884E-02 -4.5393333333333327E-02
  -6.5374722222222223E-02 -4.5966388888888890E-02
  -6.5875277777777769E-02 -4.6481944444444451E-02
  -6.6153333333333342E-02 -4.6940277777777782E-02
  -6.6486944444444446E-02 -4.7456111111111116E-02
  -6.6709166666666653E-02 -4.7971666666666662E-02
  -6.6931666666666667E-02 -4.8659166666666670E-02
  -6.6987222222222226E-02 -4.9174722222222217E-02
  -6.7154166666666668E-02 -4.9805000000000009E-02
  -6.7320833333333330E-02 -5.0435277777777766E-02
  -6.7431944444444447E-02 -5.1294722222222228E-02
  -6.7487777777777772E-02 -5.1924722222222219E-02
  -6.7431944444444447E-02 -5.2612222222222227E-02
  -6.7265277777777771E-02 -5.3528888888888883E-02
  -6.7098333333333329E-02 -5.4273888888888885E-02
  -6.6987222222222226E-02 -5.4675000000000001E-02
  -6.6542500000000004E-02 -5.5018611111111108E-02
  -6.6041944444444445E-02 -5.5190555555555555E-02
  -6.5374722222222223E-02 -5.5304999999999993E-02
  -6.2650555555555557E-02 -5.4789444444444446E-02
  -6.2594722222222232E-02 -5.4273888888888885E-02
  -6.1260555555555561E-02 -5.4388333333333337E-02
  -6.0593333333333346E-02 -5.4445833333333332E-02
  -5.9926111111111111E-02 -5.4388333333333337E-02
  -5.9314444444444440E-02 -5.4331111111111115E-02
  -5.8647222222222219E-02 -5.4675000000000001E-02
  -5.6423333333333325E-02 -5.5534166666666669E-02
  -5.5422500000000006E-02 -5.5304999999999993E-02
  -5.5088888888888889E-02 -5.5075833333333345E-02
  -5.4588333333333343E-02 -5.4273888888888885E-02
  -5.4366111111111108E-02 -5.3586388888888892E-02
  -5.4310555555555556E-02 -5.2898888888888884E-02
  -5.4032500000000004E-02 -5.3128055555555560E-02
  -5.3365277777777782E-02 -5.3643611111111107E-02
  -5.2864722222222223E-02 -5.3815555555555554E-02
  -5.2141944444444449E-02 -5.3872777777777776E-02
  -5.1474722222222220E-02 -5.3758333333333332E-02
  -5.0751944444444447E-02 -5.3414444444444445E-02
  -5.0140555555555556E-02 -5.2898888888888884E-02
  -4.9862499999999997E-02 -5.2325833333333328E-02
  -4.9695555555555555E-02 -5.1695555555555557E-02
  -4.9584444444444445E-02 -5.0950833333333327E-02
  -4.9584444444444445E-02 -5.0263333333333333E-02
  -4.9695555555555555E-02 -4.9976944444444442E-02
  -4.9918055555555563E-02 -4.9403888888888886E-02
  -4.9695555555555555E-02 -4.8716388888888879E-02
  -4.9139722222222217E-02 -4.8659166666666670E-02
  -4.8361111111111105E-02 -4.8430000000000001E-02
  -4.7138055555555558E-02 -4.8143611111111109E-02
  -4.6637499999999998E-02 -4.7971666666666662E-02
  -4.5303333333333334E-02 -4.7685277777777778E-02
  -4.4191111111111098E-02 -4.7570555555555553E-02
  -4.3134722222222227E-02 -4.7456111111111116E-02
  -4.2133888888888887E-02 -4.7456111111111116E-02
  -4.1133333333333327E-02 -4.7570555555555553E-02
  -4.0132499999999995E-02 -4.7856944444444445E-02
  -3.9242777777777765E-02 -4.7799722222222223E-02
  -3.8353333333333330E-02 -4.7799722222222223E-02
  -3.7463611111111107E-02 -4.7685277777777778E-02
  -3.7074444444444445E-02 -4.7456111111111116E-02
  -3.6573888888888885E-02 -4.7054999999999993E-02
  -3.6240555555555554E-02 -4.6424722222222221E-02
  -3.5962499999999994E-02 -4.6080833333333335E-02
  -3.5239722222222221E-02 -4.5966388888888890E-02
  -3.4628055555555558E-02 -4.5794444444444443E-02
  -3.3349166666666666E-02 -4.5679999999999998E-02
  -3.2848888888888893E-02 -4.5278888888888889E-02
  -3.2515277777777775E-02 -4.4992500000000005E-02
  -3.2070555555555554E-02 -4.4419444444444449E-02
  -3.1903611111111112E-02 -4.4018333333333340E-02
  -3.1736944444444443E-02 -4.3674722222222219E-02
  -3.1347500000000000E-02 -4.3789166666666678E-02
  -3.0791666666666669E-02 -4.3961111111111111E-02
  -2.9679722222222218E-02 -4.3961111111111111E-02
  -2.8567499999999999E-02 -4.3789166666666678E-02
  -2.8178333333333326E-02 -4.3388055555555555E-02
  -2.7900555555555553E-02 -4.2929722222222216E-02
  -2.7844722222222226E-02 -4.2700555555555547E-02
  -2.6955277777777772E-02 -4.3101666666666670E-02
  -2.6510555555555551E-02 -4.3216388888888881E-02
  -2.6121111111111109E-02 -4.3445555555555543E-02
  -2.5565277777777777E-02 -4.3560000000000001E-02
  -2.5009166666666666E-02 -4.3617222222222224E-02
  -2.4063888888888888E-02 -4.3044444444444448E-02
  -2.3674722222222222E-02 -4.2528888888888887E-02
  -2.3452500000000001E-02 -4.1783888888888891E-02
  -2.3341111111111111E-02 -4.0809999999999999E-02
  -2.3230000000000001E-02 -4.0179722222222221E-02
  -2.2618333333333338E-02 -3.9950555555555559E-02
  -2.1784444444444443E-02 -3.9893333333333329E-02
  -2.1061666666666666E-02 -3.9893333333333329E-02
  -2.0449999999999999E-02 -3.9721388888888896E-02
  -1.9838333333333333E-02 -3.9377777777777775E-02
  -1.9171111111111111E-02 -3.8747499999999997E-02
  -1.8448333333333330E-02 -3.7315000000000001E-02
  -1.8503888888888889E-02 -3.6971388888888887E-02
  -1.8781944444444441E-02 -3.6684999999999995E-02
  -1.8337222222222217E-02 -3.6627500000000000E-02
  -1.7614444444444446E-02 -3.6341111111111109E-02
  -1.7280833333333332E-02 -3.6169166666666669E-02
  -1.6780555555555556E-02 -3.5825555555555555E-02
  -1.6502500000000000E-02 -3.5539166666666663E-02
  -1.6279999999999999E-02 -3.5310000000000001E-02
  -1.5501666666666667E-02 -3.5367222222222224E-02
  -1.4556388888888890E-02 -3.5481666666666661E-02
  -1.3833611111111109E-02 -3.5424444444444446E-02
  -1.3166388888888891E-02 -3.5195277777777784E-02
  -1.2388055555555555E-02 -3.4794166666666668E-02
  -1.1943333333333334E-02 -3.4450555555555554E-02
  -1.1609722222222223E-02 -3.4163888888888889E-02
  -1.1164722222222225E-02 -3.3648333333333329E-02
  -1.0608888888888890E-02 -3.3247222222222220E-02
  -9.9416666666666646E-03 -3.3132777777777775E-02
  -9.6080555555555572E-03 -3.3018055555555557E-02
  -8.8852777777777767E-03 -3.2617222222222221E-02
  -8.6072222222222210E-03 -3.2445277777777774E-02
  -7.6063888888888891E-03 -3.2273333333333334E-02
  -7.1061111111111125E-03 -3.2388055555555552E-02
  -6.4944444444444442E-03 -3.2617222222222221E-02
  -5.9383333333333337E-03 -3.2903611111111113E-02
  -5.2711111111111110E-03 -3.3247222222222220E-02
  -4.6038888888888891E-03 -3.3648333333333329E-02
  -4.1036111111111108E-03 -3.3763055555555560E-02
  -3.1027777777777781E-03 -3.3934722222222220E-02
  -2.3244444444444441E-03 -3.3992222222222222E-02
  -1.5461111111111114E-03 -3.4163888888888889E-02
  -6.5638888888888886E-04 -3.4450555555555554E-02
  -1.0027777777777769E-04 -3.4507777777777776E-02
   7.3361111111111110E-04 -3.4564999999999999E-02
   1.2338888888888890E-03 -3.4393055555555559E-02
   1.9566666666666665E-03 -3.3934722222222220E-02
   2.6797222222222222E-03 -3.3476388888888889E-02
   3.1799999999999997E-03 -3.3132777777777775E-02
   3.5136111111111110E-03 -3.2846388888888883E-02
   4.4030555555555559E-03 -3.2273333333333334E-02
   4.7924999999999999E-03 -3.1929722222222220E-02
   5.2372222222222221E-03 -3.1757777777777774E-02
   5.4038888888888886E-03 -3.1700277777777779E-02
   6.2936111111111109E-03 -3.1356666666666665E-02
   6.7938888888888884E-03 -3.1012777777777778E-02
   7.2944444444444445E-03 -3.0669166666666664E-02
   7.7947222222222220E-03 -3.0268055555555555E-02
   8.1838888888888899E-03 -2.9866944444444446E-02
   8.5175000000000008E-03 -2.9466111111111113E-02
   8.6844444444444443E-03 -2.9236944444444447E-02
   9.0180555555555569E-03 -2.9007777777777775E-02
   9.5183333333333335E-03 -2.8835833333333331E-02
   1.0352500000000001E-02 -2.8663888888888888E-02
   1.0852777777777777E-02 -2.8606666666666666E-02
   1.1297499999999999E-02 -2.8606666666666666E-02
   1.1631111111111113E-02 -2.9122222222222223E-02
   1.2020277777777779E-02 -2.9351388888888885E-02
   1.2520833333333335E-02 -2.9580555555555551E-02
   1.3910833333333334E-02 -2.9637777777777777E-02
   1.4800277777777780E-02 -2.9637777777777777E-02
   1.5578888888888889E-02 -2.9294166666666663E-02
   1.6190277777777776E-02 -2.9007777777777775E-02
   1.6579722222222225E-02 -2.8663888888888888E-02
   1.6913055555555556E-02 -2.8434722222222222E-02
   1.7469166666666668E-02 -2.8205555555555553E-02
   1.8358888888888890E-02 -2.7976388888888887E-02
   1.8803611111111111E-02 -2.7861666666666663E-02
   1.9137222222222222E-02 -2.7632499999999997E-02
