   9.1977777777777769E-03  1.0900277777777780E-02
   8.9200000000000008E-03  1.1014444444444445E-02
   8.8088888888888887E-03  1.1300000000000001E-02
   8.5311111111111108E-03  1.1814166666666667E-02
   8.3644444444444452E-03  1.2042777777777781E-02
   8.0869444444444452E-03  1.2328333333333334E-02
   7.9202777777777778E-03  1.2442499999999999E-02
   7.5313888888888887E-03  1.2556666666666667E-02
   7.1983333333333335E-03  1.2499722222222225E-02
   7.0316666666666670E-03  1.2328333333333334E-02
   6.7538888888888874E-03  1.2042777777777781E-02
   6.6983333333333330E-03  1.2213888888888889E-02
   6.4761111111111113E-03  1.2328333333333334E-02
   6.0875000000000000E-03  1.2442499999999999E-02
   5.6986111111111109E-03  1.2442499999999999E-02
   5.3097222222222226E-03  1.2213888888888889E-02
   5.0877777777777779E-03  1.1928333333333332E-02
   4.9211111111111113E-03  1.1471388888888889E-02
   4.8100000000000000E-03  1.1128611111111110E-02
   4.6433333333333335E-03  1.0728888888888889E-02
   4.3099999999999996E-03  1.0386111111111110E-02
   4.0324999999999996E-03  9.9861111111111123E-03
   3.8102777777777779E-03  9.5291666666666650E-03
   3.6436111111111118E-03  9.4149999999999998E-03
   3.4213888888888892E-03  9.4149999999999998E-03
   3.0883333333333331E-03  9.4722222222222222E-03
   2.5327777777777779E-03  9.3008333333333346E-03
   1.9775000000000001E-03  8.9580555555555559E-03
   1.7552777777777779E-03  8.6724999999999997E-03
   1.3663888888888890E-03  8.2724999999999986E-03
   1.1441666666666666E-03  7.9869444444444441E-03
   9.2222222222222228E-04  7.7013888888888887E-03
   5.8888888888888880E-04  7.0730555555555555E-03
   4.2222222222222227E-04  6.5016666666666669E-03
   2.5555555555555553E-04  6.0447222222222222E-03
   2.5555555555555553E-04  5.5305555555555551E-03
   8.8888888888888785E-05  5.1308333333333336E-03
  -1.3305555555555553E-04  4.7880555555555558E-03
  -2.9972222222222227E-04  4.4452777777777780E-03
  -4.6638888888888880E-04  3.8169444444444444E-03
  -5.7749999999999989E-04  3.0744444444444443E-03
  -6.3305555555555554E-04  2.3888888888888892E-03
  -5.7749999999999989E-04  1.5319444444444447E-03
  -3.5527777777777749E-04  9.6083333333333350E-04
  -7.7499999999999878E-05  2.1833333333333329E-04
   1.4444444444444444E-04 -2.9583333333333328E-04
   4.2222222222222227E-04 -8.0999999999999996E-04
   5.3333333333333336E-04 -1.3241666666666671E-03
   5.8888888888888880E-04 -1.9524999999999998E-03
   5.8888888888888880E-04 -2.4094444444444445E-03
   4.7777777777777781E-04 -3.1519444444444442E-03
   3.6666666666666662E-04 -3.4947222222222228E-03
   3.1111111111111118E-04 -3.8947222222222230E-03
   3.1111111111111118E-04 -4.4658333333333329E-03
   4.2222222222222227E-04 -4.9227777777777777E-03
   5.3333333333333336E-04 -5.6655555555555556E-03
   5.3333333333333336E-04 -6.0652777777777779E-03
   5.3333333333333336E-04 -6.6363888888888887E-03
   5.3333333333333336E-04 -7.1505555555555567E-03
   7.5555555555555554E-04 -7.6647222222222212E-03
   9.2222222222222228E-04 -7.8933333333333321E-03
   1.1997222222222222E-03 -8.4072222222222222E-03
   1.2552777777777779E-03 -8.7500000000000008E-03
   1.3663888888888890E-03 -9.1499999999999984E-03
   1.5330555555555555E-03 -9.5497222222222233E-03
   1.8663888888888888E-03 -1.0235277777777781E-02
   2.0330555555555553E-03 -1.0463611111111111E-02
   2.5327777777777779E-03 -1.0920833333333331E-02
   3.1991666666666670E-03 -1.1263333333333334E-02
   3.6436111111111118E-03 -1.1434722222222221E-02
   3.9769444444444444E-03 -1.1549166666666669E-02
   4.1988888888888892E-03 -1.1663333333333335E-02
   4.4766666666666670E-03 -1.2177500000000001E-02
   4.5877777777777774E-03 -1.2405833333333331E-02
   4.9211111111111113E-03 -1.2805833333333332E-02
   5.2541666666666665E-03 -1.3091388888888889E-02
   5.5319444444444444E-03 -1.3662499999999998E-02
   5.6430555555555557E-03 -1.4348055555555551E-02
   5.5874999999999996E-03 -1.4633611111111108E-02
   5.4763888888888883E-03 -1.4919444444444444E-02
   5.3652777777777778E-03 -1.5147777777777774E-02
   5.3097222222222226E-03 -1.5547777777777775E-02
   5.4763888888888883E-03 -1.6233055555555556E-02
   5.4763888888888883E-03 -1.6689999999999997E-02
   5.5319444444444444E-03 -1.7718333333333329E-02
   5.5319444444444444E-03 -1.8003888888888889E-02
   5.8652777777777774E-03 -1.8460833333333329E-02
   6.3094444444444448E-03 -1.8974999999999999E-02
   6.9761111111111109E-03 -1.9489166666666665E-02
   7.6980555555555561E-03 -1.9660555555555556E-02
   8.1425000000000004E-03 -1.9717500000000002E-02
   9.0311111111111113E-03 -2.0174722222222222E-02
   9.5863888888888873E-03 -2.0346111111111106E-02
   1.0086388888888888E-02 -2.0403055555555553E-02
   1.0475000000000002E-02 -2.0403055555555553E-02
   1.1419444444444447E-02 -2.0460277777777772E-02
   1.1808055555555554E-02 -2.0631666666666666E-02
   1.2363611111111110E-02 -2.0860000000000000E-02
   1.3363333333333331E-02 -2.1202777777777779E-02
   1.3918611111111111E-02 -2.1202777777777779E-02
   1.4529444444444446E-02 -2.1088611111111110E-02
   1.4418611111111111E-02 -2.1316944444444444E-02
   1.4418611111111111E-02 -2.1545555555555554E-02
   1.5640277777777781E-02 -2.1488333333333332E-02
   1.5806944444444446E-02 -2.1545555555555554E-02
   1.6362500000000002E-02 -2.2059722222222220E-02
   1.7028888888888889E-02 -2.2345277777777776E-02
   1.7362222222222223E-02 -2.2688055555555552E-02
   1.7750833333333334E-02 -2.2916388888888885E-02
   1.8195277777777779E-02 -2.2973611111111111E-02
   1.8473055555555555E-02 -2.2916388888888885E-02
   1.9250555555555559E-02 -2.2859444444444443E-02
   1.9528333333333332E-02 -2.2859444444444443E-02
   1.9805833333333335E-02 -2.2859444444444443E-02
