   2.3444444444444445E-02  1.5643333333333332E-02
   2.2777777777777782E-02  1.5471111111111109E-02
   2.2333333333333334E-02  1.5471111111111109E-02
   2.1500000000000005E-02  1.5528611111111111E-02
   2.0888888888888891E-02  1.5528611111111111E-02
   2.0055555555555559E-02  1.5528611111111111E-02
   1.9500000000000003E-02  1.5585833333333333E-02
   1.8888888888888889E-02  1.5643333333333332E-02
   1.8055555555555557E-02  1.5585833333333333E-02
   1.7555555555555557E-02  1.5413888888888887E-02
   1.7055555555555556E-02  1.5241666666666667E-02
   1.6666666666666666E-02  1.4839999999999999E-02
   1.6333333333333335E-02  1.4553055555555555E-02
   1.6000000000000000E-02  1.4036666666666666E-02
   1.5722222222222224E-02  1.3692500000000000E-02
   1.5277777777777779E-02  1.3348055555555554E-02
   1.4777777777777779E-02  1.3176111111111111E-02
   1.4444444444444447E-02  1.3118611111111112E-02
   1.3666666666666667E-02  1.3176111111111111E-02
   1.3166666666666667E-02  1.3233333333333333E-02
   1.2500000000000001E-02  1.3290833333333332E-02
   1.1722222222222224E-02  1.3176111111111111E-02
   1.1333333333333331E-02  1.3061388888888890E-02
   1.0888888888888889E-02  1.2831666666666668E-02
   1.0388888888888888E-02  1.2430000000000000E-02
   9.8888888888888880E-03  1.2258055555555557E-02
   9.3333333333333324E-03  1.2085833333333334E-02
   8.8888888888888871E-03  1.2258055555555557E-02
   8.7222222222222232E-03  1.2430000000000000E-02
   8.2777777777777780E-03  1.2716944444444447E-02
   8.1111111111111106E-03  1.2889166666666667E-02
   7.7222222222222223E-03  1.3061388888888890E-02
   7.2222222222222228E-03  1.3176111111111111E-02
   6.5555555555555558E-03  1.3061388888888890E-02
   6.0555555555555553E-03  1.2946388888888889E-02
   5.5000000000000005E-03  1.2774444444444442E-02
   5.0555555555555553E-03  1.2659722222222222E-02
   4.8333333333333336E-03  1.2372777777777778E-02
   4.4444444444444453E-03  1.1971111111111109E-02
   4.0555555555555553E-03  1.1397222222222222E-02
   3.7777777777777779E-03  1.0823611111111110E-02
   3.3888888888888888E-03  1.0249722222222223E-02
   2.8888888888888888E-03  9.6758333333333349E-03
   2.3333333333333331E-03  8.9874999999999990E-03
   1.9444444444444444E-03  8.1841666666666677E-03
   2.0555555555555557E-03  7.6102777777777774E-03
   2.6666666666666666E-03  6.9216666666666671E-03
   2.2777777777777779E-03  6.6350000000000003E-03
   2.0000000000000000E-03  6.0611111111111109E-03
   1.7777777777777779E-03  5.7169444444444438E-03
   1.3888888888888889E-03  5.4872222222222223E-03
   8.3333333333333339E-04  4.9136111111111108E-03
   3.8888888888888892E-04  4.2824999999999998E-03
   5.5555555555555545E-05  3.6511111111111106E-03
  -2.2222222222222240E-04  2.8477777777777776E-03
  -4.4444444444444436E-04  2.1019444444444445E-03
  -5.0000000000000001E-04  1.5283333333333334E-03
  -2.2222222222222240E-04  1.1838888888888888E-03
   0.0000000000000000E+00  7.8222222222222224E-04
   1.1111111111111109E-04 -2.1111111111111070E-05
   2.2222222222222218E-04 -4.2277777777777778E-04
   5.5555555555555556E-04 -1.0538888888888889E-03
   8.3333333333333339E-04 -1.5127777777777778E-03
   1.0000000000000000E-03 -2.0866666666666664E-03
   1.0555555555555557E-03 -2.7752777777777780E-03
   8.8888888888888893E-04 -3.1194444444444438E-03
   7.7777777777777784E-04 -3.5211111111111111E-03
   7.2222222222222219E-04 -4.2097222222222223E-03
   8.8888888888888893E-04 -4.8980555555555557E-03
   1.1111111111111111E-03 -5.4719444444444442E-03
   1.4444444444444444E-03 -5.8736111111111116E-03
   1.7222222222222222E-03 -6.2752777777777772E-03
   1.9444444444444444E-03 -6.7341666666666669E-03
   1.9444444444444444E-03 -7.3655555555555549E-03
   1.8888888888888890E-03 -7.7672222222222231E-03
   1.8888888888888890E-03 -8.2261111111111111E-03
   2.0000000000000000E-03 -8.7999999999999988E-03
   2.2777777777777779E-03 -9.1441666666666685E-03
   2.5000000000000001E-03 -9.7752777777777786E-03
   2.9444444444444448E-03 -1.0750833333333334E-02
   3.2777777777777779E-03 -1.1324444444444446E-02
   3.3888888888888888E-03 -1.1898333333333330E-02
   3.5000000000000001E-03 -1.2586944444444446E-02
   3.5000000000000001E-03 -1.3045833333333336E-02
   3.3888888888888888E-03 -1.3619722222222221E-02
   3.4444444444444449E-03 -1.4308333333333333E-02
   3.6111111111111109E-03 -1.4996666666666665E-02
   3.8888888888888888E-03 -1.5857500000000000E-02
   4.0000000000000001E-03 -1.6259166666666668E-02
   4.3888888888888884E-03 -1.7119722222222220E-02
   4.6111111111111118E-03 -1.7521388888888888E-02
   5.1111111111111105E-03 -1.8209999999999997E-02
   5.8333333333333327E-03 -1.8783611111111112E-02
   6.1666666666666667E-03 -1.9013333333333330E-02
   6.3333333333333332E-03 -1.9586944444444442E-02
   6.7777777777777775E-03 -2.0390277777777778E-02
   7.5000000000000006E-03 -2.0964166666666669E-02
   8.2222222222222245E-03 -2.1308333333333332E-02
   8.7222222222222232E-03 -2.1365833333333334E-02
   9.3333333333333324E-03 -2.1308333333333332E-02
   9.7777777777777776E-03 -2.1078888888888887E-02
   1.0333333333333333E-02 -2.1078888888888887E-02
   1.0833333333333334E-02 -2.1078888888888887E-02
   1.1277777777777779E-02 -2.0849444444444441E-02
   1.1611111111111110E-02 -2.0562499999999997E-02
   1.1833333333333335E-02 -2.0447777777777777E-02
   1.2333333333333332E-02 -2.0333055555555552E-02
   1.2555555555555556E-02 -2.0447777777777777E-02
   1.3222222222222222E-02 -2.0849444444444441E-02
   1.3833333333333333E-02 -2.1136388888888885E-02
   1.4833333333333334E-02 -2.1365833333333334E-02
   1.5444444444444448E-02 -2.1537777777777777E-02
   1.6000000000000000E-02 -2.1709999999999997E-02
   1.6777777777777777E-02 -2.1824722222222221E-02
   1.7277777777777777E-02 -2.1939444444444442E-02
   1.7611111111111112E-02 -2.2341111111111110E-02
   1.7666666666666667E-02 -2.2915000000000001E-02
   1.7833333333333333E-02 -2.3718333333333331E-02
   1.7833333333333333E-02 -2.4521666666666667E-02
   1.7944444444444443E-02 -2.5095277777777775E-02
   1.8333333333333333E-02 -2.5496944444444440E-02
   1.8888888888888889E-02 -2.5669166666666667E-02
   1.9833333333333335E-02 -2.5783888888888887E-02
   2.0444444444444446E-02 -2.5726388888888885E-02
   2.1111111111111112E-02 -2.5554444444444446E-02
   2.2000000000000002E-02 -2.5325000000000000E-02
   2.2611111111111117E-02 -2.5152777777777781E-02
   2.3000000000000003E-02 -2.5095277777777775E-02
