   2.0693888888888887E-02  1.4583333333333334E-02
   1.9637500000000002E-02  1.4697777777777778E-02
   1.9081666666666667E-02  1.4812222222222220E-02
   1.8303055555555555E-02  1.4983888888888890E-02
   1.7524722222222223E-02  1.5155833333333334E-02
   1.7024444444444443E-02  1.5213055555555556E-02
   1.5856666666666665E-02  1.5441944444444446E-02
   1.5300833333333333E-02  1.5441944444444446E-02
   1.4355555555555555E-02  1.5556388888888890E-02
   1.3855277777777779E-02  1.5670833333333335E-02
   1.3132499999999998E-02  1.5785555555555553E-02
   1.1909166666666669E-02  1.6128888888888891E-02
   1.1408888888888889E-02  1.6243333333333332E-02
   1.0963888888888891E-02  1.6415277777777782E-02
   1.0463611111111111E-02  1.6644166666666668E-02
   1.0018888888888890E-02  1.6873333333333334E-02
   9.6852777777777788E-03  1.6987777777777779E-02
   9.2402777777777778E-03  1.7159444444444446E-02
   8.7400000000000012E-03  1.7273888888888891E-02
   8.4063888888888886E-03  1.7159444444444446E-02
   8.0172222222222225E-03  1.6930555555555556E-02
   7.6836111111111107E-03  1.6586944444444442E-02
   7.4611111111111111E-03  1.6358055555555556E-02
   7.1830555555555562E-03  1.6128888888888891E-02
   7.1275000000000002E-03  1.5441944444444446E-02
   7.2388888888888885E-03  1.4812222222222220E-02
   7.5166666666666672E-03  1.4296944444444445E-02
   7.9616666666666672E-03  1.3667222222222219E-02
   8.0727777777777794E-03  1.3495555555555559E-02
   8.5175000000000008E-03  1.3037500000000000E-02
   8.8511111111111117E-03  1.2579444444444445E-02
   9.2402777777777778E-03  1.2006944444444445E-02
   9.4627777777777783E-03  1.1720555555555557E-02
   9.2961111111111092E-03  1.1262777777777778E-02
   9.0180555555555569E-03  1.0804722222222223E-02
   8.7400000000000012E-03  1.0575555555555557E-02
   8.3508333333333316E-03  1.0346666666666667E-02
   8.0172222222222225E-03  1.0346666666666667E-02
   7.5725000000000002E-03  1.0346666666666667E-02
   6.7383333333333340E-03  1.0518333333333334E-02
   6.2380555555555548E-03  1.0633055555555555E-02
   5.4597222222222226E-03  1.0804722222222223E-02
   5.0702777777777777E-03  1.0919166666666667E-02
   4.3475000000000007E-03  1.1033611111111112E-02
   3.4024999999999997E-03  1.1148055555555557E-02
   2.7352777777777774E-03  1.1205555555555555E-02
   1.9566666666666665E-03  1.1434444444444445E-02
   1.0672222222222222E-03  1.1606111111111112E-02
   2.3305555555555558E-04  1.1778055555555556E-02
  -6.0083333333333343E-04  1.1949722222222223E-02
  -1.3791666666666666E-03  1.2006944444444445E-02
  -2.1574999999999997E-03  1.2121388888888890E-02
  -3.1583333333333333E-03  1.2293055555555557E-02
  -3.6033333333333334E-03  1.2350555555555556E-02
  -4.1591666666666669E-03  1.2407777777777778E-02
  -4.6597222222222222E-03  1.2464999999999997E-02
  -5.5491666666666667E-03  1.2464999999999997E-02
  -5.9383333333333337E-03  1.2178611111111112E-02
  -6.4944444444444442E-03  1.2121388888888890E-02
  -7.2727777777777764E-03  1.1720555555555557E-02
  -7.6619444444444443E-03  1.1548888888888890E-02
  -8.1624999999999996E-03  1.1148055555555557E-02
  -8.6072222222222210E-03  1.0575555555555557E-02
  -8.8297222222222214E-03  9.7741666666666671E-03
  -8.7183333333333349E-03  8.9727777777777774E-03
  -8.3291666666666653E-03  8.3430555555555549E-03
  -7.7733333333333344E-03  7.6558333333333331E-03
  -7.4397222222222217E-03  7.3125000000000004E-03
  -6.9947222222222225E-03  6.6827777777777779E-03
  -6.7724999999999999E-03  6.2247222222222226E-03
  -6.8280555555555551E-03  5.7666666666666665E-03
  -7.2727777777777764E-03  5.4802777777777775E-03
  -8.2736111111111101E-03  5.2513888888888888E-03
  -8.6072222222222210E-03  5.2513888888888888E-03
  -9.9416666666666646E-03  5.5377777777777778E-03
  -1.0608888888888890E-02  5.6522222222222217E-03
  -1.1220555555555557E-02  5.8238888888888889E-03
  -1.2109999999999999E-02  5.8238888888888889E-03
  -1.2777222222222225E-02  5.8238888888888889E-03
  -1.3333333333333332E-02  5.6522222222222217E-03
  -1.3889166666666668E-02  5.4802777777777775E-03
  -1.4556388888888890E-02  5.1369444444444448E-03
  -1.4945555555555556E-02  4.6216666666666663E-03
  -1.5056944444444442E-02  3.9347222222222223E-03
  -1.4890000000000000E-02  3.4194444444444446E-03
  -1.4278333333333330E-02  2.6752777777777782E-03
  -1.3889166666666668E-02  2.4461111111111111E-03
  -1.3444444444444446E-02  2.2744444444444444E-03
  -1.3055277777777780E-02  2.1025000000000002E-03
  -1.2777222222222225E-02  2.0452777777777778E-03
  -1.2388055555555555E-02  1.4727777777777777E-03
  -1.2109999999999999E-02  9.5750000000000002E-04
  -1.1609722222222223E-02  9.8888888888889136E-05
  -1.1331666666666664E-02 -2.4472222222222235E-04
  -1.0886944444444442E-02 -8.1722222222222244E-04
  -1.0497500000000000E-02 -1.2750000000000001E-03
  -1.0052777777777779E-02 -1.7330555555555554E-03
  -9.4969444444444433E-03 -2.0766666666666668E-03
  -9.1633333333333324E-03 -2.3627777777777779E-03
  -9.8861111111111129E-03 -2.5347222222222225E-03
  -1.0052777777777779E-02 -2.8780555555555560E-03
  -1.0497500000000000E-02 -3.5077777777777781E-03
  -1.0775555555555556E-02 -4.0802777777777773E-03
  -1.1220555555555557E-02 -4.8247222222222216E-03
  -1.1387222222222222E-02 -5.1680555555555551E-03
  -1.1831944444444444E-02 -5.9697222222222226E-03
  -1.2109999999999999E-02 -6.5422222222222218E-03
  -1.2388055555555555E-02 -7.1719444444444452E-03
  -1.2443611111111110E-02 -7.7444444444444453E-03
  -1.2443611111111110E-02 -8.0305555555555547E-03
  -1.2443611111111110E-02 -8.7749999999999981E-03
  -1.2054444444444444E-02 -8.9466666666666653E-03
  -1.1665277777777778E-02 -9.1183333333333325E-03
  -1.1109166666666666E-02 -9.3475000000000016E-03
  -1.0275277777777779E-02 -9.5191666666666688E-03
  -9.7747222222222228E-03 -9.5763888888888878E-03
  -8.5516666666666658E-03 -9.6336111111111136E-03
  -8.2180555555555548E-03 -9.6336111111111136E-03
  -7.5508333333333339E-03 -9.7480555555555549E-03
  -7.2727777777777764E-03 -1.0606944444444443E-02
  -6.9947222222222225E-03 -1.1523055555555557E-02
  -6.7724999999999999E-03 -1.2152777777777776E-02
  -6.7724999999999999E-03 -1.2954166666666666E-02
  -6.7724999999999999E-03 -1.3412222222222221E-02
  -6.7724999999999999E-03 -1.4213611111111111E-02
  -6.6611111111111107E-03 -1.4728888888888889E-02
  -6.2163888888888902E-03 -1.5129722222222221E-02
  -5.8827777777777776E-03 -1.5702222222222222E-02
  -5.7161111111111110E-03 -1.6217499999999999E-02
  -5.4380555555555554E-03 -1.6675555555555555E-02
  -4.9375000000000000E-03 -1.7076111111111111E-02
  -4.4372222222222217E-03 -1.7591388888888889E-02
  -3.9369444444444443E-03 -1.8049444444444441E-02
  -3.6033333333333334E-03 -1.8221111111111112E-02
  -3.0472222222222220E-03 -1.8507499999999996E-02
  -1.8797222222222219E-03 -1.8621944444444441E-02
  -1.0455555555555556E-03 -1.8450277777777777E-02
  -5.4527777777777777E-04 -1.8221111111111112E-02
   1.0833333333333181E-05 -1.8106666666666667E-02
   7.3361111111111110E-04 -1.7992222222222222E-02
   1.3452777777777777E-03 -1.7935000000000000E-02
   1.5674999999999999E-03 -1.7935000000000000E-02
   1.7344444444444445E-03 -1.8335833333333332E-02
   1.8455555555555556E-03 -1.9080000000000000E-02
   2.0680555555555556E-03 -2.0053333333333333E-02
   2.2902777777777778E-03 -2.1083611111111109E-02
   2.5127777777777778E-03 -2.1541666666666667E-02
   3.1244444444444444E-03 -2.2629444444444445E-02
   3.3466666666666666E-03 -2.3030277777777778E-02
   3.8472222222222219E-03 -2.3431111111111111E-02
   4.5144444444444442E-03 -2.3602777777777778E-02
   5.8488888888888887E-03 -2.4003611111111111E-02
   6.6272222222222227E-03 -2.4060833333333337E-02
   7.4611111111111111E-03 -2.4060833333333337E-02
   8.0172222222222225E-03 -2.4060833333333337E-02
   8.4063888888888886E-03 -2.4232500000000001E-02
   8.6288888888888908E-03 -2.4805000000000001E-02
   9.1291666666666674E-03 -2.4976666666666664E-02
   9.6297222222222235E-03 -2.4805000000000001E-02
   1.0074444444444445E-02 -2.4633333333333330E-02
   1.0630277777777777E-02 -2.4576111111111111E-02
   1.1353055555555554E-02 -2.4461388888888890E-02
   1.2131666666666666E-02 -2.4118055555555556E-02
   1.2520833333333335E-02 -2.3888888888888890E-02
   1.3410277777777778E-02 -2.3373888888888888E-02
   1.4355555555555555E-02 -2.3201944444444442E-02
   1.4578055555555556E-02 -2.3431111111111111E-02
   1.4967222222222226E-02 -2.3545555555555556E-02
   1.5523055555555557E-02 -2.3431111111111111E-02
   1.6079166666666669E-02 -2.3316388888888886E-02
   1.6412777777777776E-02 -2.3201944444444442E-02
   1.7024444444444443E-02 -2.2686666666666667E-02
   1.7747222222222223E-02 -2.2915833333333330E-02
   1.8803611111111111E-02 -2.3144722222222223E-02
   1.9248333333333333E-02 -2.3144722222222223E-02
