   3.3548888888888885E-02  1.9330833333333335E-02
   3.3160277777777775E-02  1.9330833333333335E-02
   3.2605000000000002E-02  1.9159444444444448E-02
   3.1994166666666671E-02  1.8873888888888891E-02
   3.1494444444444443E-02  1.8759722222222226E-02
   3.1216944444444440E-02  1.8759722222222226E-02
   3.0772777777777777E-02  1.8873888888888891E-02
   3.0439444444444446E-02  1.8931111111111114E-02
   2.9939722222222229E-02  1.8931111111111114E-02
   2.9662222222222225E-02  1.8873888888888891E-02
   2.8940277777777777E-02  1.8645277777777781E-02
   2.8440555555555559E-02  1.8302777777777779E-02
   2.8107500000000001E-02  1.8074166666666669E-02
   2.7829722222222224E-02  1.7960000000000000E-02
   2.7385555555555555E-02  1.7845555555555559E-02
   2.6941388888888890E-02  1.7845555555555559E-02
   2.6330555555555558E-02  1.7731388888888890E-02
   2.5886388888888886E-02  1.7560000000000003E-02
   2.5164722222222224E-02  1.7274444444444446E-02
   2.4665000000000003E-02  1.6988888888888890E-02
   2.3998611111111109E-02  1.6817499999999999E-02
   2.3276666666666671E-02  1.6703333333333334E-02
   2.2610277777777781E-02  1.6588888888888889E-02
   2.2110555555555557E-02  1.6417499999999998E-02
   2.1666388888888891E-02  1.6246111111111110E-02
   2.1277777777777777E-02  1.6131944444444449E-02
   2.0778055555555557E-02  1.6074722222222223E-02
   2.0389444444444446E-02  1.6017777777777777E-02
   1.9889722222222225E-02  1.5846388888888889E-02
   1.9334444444444446E-02  1.5617777777777779E-02
   1.8723611111111111E-02  1.5389444444444445E-02
   1.7557500000000000E-02  1.5103888888888889E-02
   1.7280000000000004E-02  1.4989444444444448E-02
   1.6669166666666665E-02  1.4761111111111110E-02
   1.6225000000000000E-02  1.4532499999999997E-02
   1.5669722222222220E-02  1.4246944444444444E-02
   1.5169999999999999E-02  1.4132777777777779E-02
   1.4836666666666665E-02  1.3961388888888891E-02
   1.4226111111111113E-02  1.3675833333333335E-02
   1.3448611111111113E-02  1.3389999999999999E-02
   1.3171111111111113E-02  1.3333055555555553E-02
   1.2782222222222223E-02  1.3275833333333334E-02
   1.2449166666666667E-02  1.3275833333333334E-02
   1.2004999999999998E-02  1.3275833333333334E-02
   1.1338611111111112E-02  1.3275833333333334E-02
   1.0783333333333332E-02  1.3161666666666665E-02
   1.0061666666666667E-02  1.3047222222222220E-02
   9.4508333333333354E-03  1.2761666666666664E-02
   9.1730555555555558E-03  1.2361944444444446E-02
   8.7288888888888885E-03  1.1961944444444445E-02
   8.2847222222222211E-03  1.1619166666666667E-02
   7.8405555555555555E-03  1.1333611111111110E-02
   7.6183333333333337E-03  1.0990833333333332E-02
   7.1741666666666664E-03  1.0648055555555556E-02
   6.9522222222222225E-03  1.0533888888888891E-02
   6.7855555555555551E-03  1.0533888888888891E-02
   6.3413888888888886E-03  1.0476944444444445E-02
   6.0080555555555555E-03  1.0362500000000000E-02
   5.6750000000000004E-03  1.0305555555555557E-02
   5.3419444444444443E-03  1.0134166666666666E-02
   4.7311111111111113E-03  9.7341666666666653E-03
   4.3977777777777782E-03  9.3344444444444438E-03
   3.7316666666666666E-03  8.9344444444444462E-03
   3.4538888888888892E-03  8.6488888888888900E-03
   3.0652777777777779E-03  8.4202777777777765E-03
   2.7322222222222218E-03  8.2491666666666651E-03
   2.1769444444444445E-03  8.0205555555555551E-03
   1.6772222222222223E-03  7.7350000000000006E-03
   1.1774999999999999E-03  7.4494444444444443E-03
   6.7777777777777780E-04  7.2208333333333334E-03
   2.3333333333333333E-04  6.8780555555555548E-03
   1.1388888888888907E-05  6.4783333333333333E-03
  -2.1083333333333327E-04  6.0211111111111116E-03
  -3.2166666666666650E-04  5.5072222222222215E-03
  -5.9944444444444433E-04  4.8216666666666668E-03
  -7.1055555555555564E-04  4.3074999999999997E-03
  -8.2166666666666673E-04  3.9647222222222219E-03
  -9.3250000000000017E-04  3.5077777777777776E-03
  -1.1547222222222223E-03  2.5938888888888886E-03
  -1.2658333333333332E-03  1.9083333333333335E-03
  -1.4322222222222223E-03  1.2230555555555556E-03
  -1.4322222222222223E-03  5.9444444444444432E-04
  -1.4877777777777780E-03  1.3750000000000025E-04
  -1.4877777777777780E-03 -3.7638888888888900E-04
  -1.3213888888888889E-03 -7.1916666666666678E-04
  -1.1547222222222223E-03 -1.0619444444444444E-03
  -9.8805555555555539E-04 -1.6333333333333334E-03
  -9.8805555555555539E-04 -1.9758333333333333E-03
  -9.3250000000000017E-04 -2.5472222222222224E-03
  -7.1055555555555564E-04 -2.8899999999999998E-03
  -2.6638888888888871E-04 -3.4038888888888886E-03
  -4.4166666666666746E-05 -3.7466666666666664E-03
   1.2250000000000000E-04 -4.3180555555555559E-03
   1.2250000000000000E-04 -4.9463888888888891E-03
   2.3333333333333333E-04 -5.6888888888888883E-03
   2.3333333333333333E-04 -6.0888888888888885E-03
   3.4444444444444453E-04 -6.4316666666666663E-03
   3.9999999999999996E-04 -6.8886111111111118E-03
   6.2222222222222225E-04 -7.2313888888888888E-03
   8.4416666666666668E-04 -7.5738888888888878E-03
   1.1774999999999999E-03 -7.9738888888888880E-03
   1.4550000000000001E-03 -8.0880555555555567E-03
   1.9547222222222223E-03 -8.5450000000000005E-03
   2.3433333333333336E-03 -8.9450000000000016E-03
   2.6766666666666666E-03 -9.5733333333333330E-03
   3.1208333333333335E-03 -1.0087499999999999E-02
   3.4538888888888892E-03 -1.0544444444444447E-02
   3.7316666666666666E-03 -1.0887222222222222E-02
   4.2869444444444448E-03 -1.1458333333333334E-02
   4.3425000000000009E-03 -1.1572499999999999E-02
   4.9530555555555552E-03 -1.2029444444444443E-02
   5.3419444444444443E-03 -1.2429444444444448E-02
   5.6750000000000004E-03 -1.2829166666666666E-02
   5.9525000000000003E-03 -1.3171944444444441E-02
   6.2858333333333334E-03 -1.3514722222222220E-02
   6.6744444444444438E-03 -1.3800277777777779E-02
   7.0630555555555551E-03 -1.4086111111111108E-02
   7.3408333333333338E-03 -1.4371666666666665E-02
   7.6183333333333337E-03 -1.4714444444444443E-02
   7.9516666666666659E-03 -1.5056944444444442E-02
   8.2291666666666659E-03 -1.5514166666666666E-02
   8.5069444444444454E-03 -1.5913888888888887E-02
   8.7288888888888885E-03 -1.6085277777777778E-02
   9.0066666666666663E-03 -1.6485277777777776E-02
   9.3397222222222215E-03 -1.6713611111111110E-02
   9.7838888888888906E-03 -1.6999166666666662E-02
   1.0228055555555556E-02 -1.7227777777777776E-02
   1.0783333333333332E-02 -1.7570555555555551E-02
   1.1394166666666670E-02 -1.7970277777777776E-02
   1.1727222222222222E-02 -1.8198888888888889E-02
   1.2060555555555554E-02 -1.8427222222222220E-02
   1.2338055555555553E-02 -1.8713055555555552E-02
   1.2615833333333333E-02 -1.9112777777777774E-02
   1.2782222222222223E-02 -1.9398333333333337E-02
   1.3059999999999999E-02 -1.9741111111111112E-02
   1.3393055555555554E-02 -1.9912499999999996E-02
   1.3781666666666668E-02 -2.0083888888888887E-02
   1.4336944444444444E-02 -2.0369444444444443E-02
   1.4892222222222220E-02 -2.0654999999999996E-02
   1.5391944444444441E-02 -2.0883611111111110E-02
   1.6336111111111114E-02 -2.1397777777777779E-02
   1.7002222222222224E-02 -2.1740555555555555E-02
   1.7446388888888890E-02 -2.1968888888888885E-02
   1.7835277777777780E-02 -2.2254444444444438E-02
   1.8335000000000001E-02 -2.2597222222222220E-02
   1.8779166666666666E-02 -2.2940000000000002E-02
   1.9334444444444446E-02 -2.3282777777777777E-02
   1.9723055555555556E-02 -2.3625555555555552E-02
   1.9945277777777781E-02 -2.3796944444444440E-02
   2.0333888888888887E-02 -2.4139722222222222E-02
   2.0722499999999998E-02 -2.4482222222222218E-02
   2.1166666666666667E-02 -2.4653611111111105E-02
   2.1721944444444446E-02 -2.4825000000000000E-02
   2.2277222222222223E-02 -2.4882222222222222E-02
   2.2610277777777781E-02 -2.4939444444444445E-02
   2.3221111111111116E-02 -2.5053611111111110E-02
   2.3665277777777778E-02 -2.5281944444444444E-02
   2.4165000000000006E-02 -2.5624722222222219E-02
   2.4720277777777779E-02 -2.5853333333333332E-02
   2.5220000000000003E-02 -2.6024722222222220E-02
   2.5941944444444441E-02 -2.6253055555555557E-02
   2.6330555555555558E-02 -2.6367500000000002E-02
   2.6608333333333335E-02 -2.6481666666666667E-02
   2.7052500000000000E-02 -2.6709999999999998E-02
   2.7552222222222221E-02 -2.6938611111111111E-02
   2.8218611111111111E-02 -2.7224166666666667E-02
   2.8496111111111114E-02 -2.7338611111111112E-02
   2.9273611111111111E-02 -2.7624166666666661E-02
   2.9440000000000004E-02 -2.7795555555555556E-02
   2.9717777777777780E-02 -2.8081111111111112E-02
   3.0328611111111115E-02 -2.8538055555555553E-02
   3.1050277777777774E-02 -2.8823611111111109E-02
   3.1383611111111112E-02 -2.8938055555555557E-02
   3.2160833333333333E-02 -2.8995000000000003E-02
   3.2993888888888892E-02 -2.8880833333333328E-02
   3.3548888888888885E-02 -2.8766666666666670E-02
   3.3882222222222223E-02 -2.8652222222222221E-02
