   3.2438611111111113E-02  1.7743611111111113E-02
   3.1994166666666671E-02  1.8028055555555558E-02
   3.1661111111111119E-02  1.8198611111111110E-02
   3.1383611111111112E-02  1.8369166666666669E-02
   3.0828333333333333E-02  1.8653611111111114E-02
   3.0495000000000001E-02  1.8881111111111112E-02
   2.9995277777777784E-02  1.8710555555555557E-02
   2.9495555555555560E-02  1.8312222222222223E-02
   2.7940833333333335E-02  1.7800555555555556E-02
   2.7330000000000000E-02  1.7686666666666670E-02
   2.6608333333333335E-02  1.7459166666666668E-02
   2.5664444444444448E-02  1.7175000000000003E-02
   2.5053611111111110E-02  1.6947500000000001E-02
   2.4665000000000003E-02  1.6776944444444445E-02
   2.4109722222222227E-02  1.6606388888888893E-02
   2.3554444444444447E-02  1.6321944444444444E-02
   2.3110277777777778E-02  1.6094444444444446E-02
   2.2721388888888892E-02  1.6037500000000003E-02
   2.2332777777777778E-02  1.6037500000000003E-02
   2.1833055555555557E-02  1.6037500000000003E-02
   2.1388888888888888E-02  1.6037500000000003E-02
   2.0889166666666667E-02  1.6037500000000003E-02
   2.0333888888888887E-02  1.5980833333333333E-02
   1.9611944444444446E-02  1.5866944444444444E-02
   1.9278888888888887E-02  1.5809999999999998E-02
   1.8779166666666666E-02  1.5696388888888892E-02
   1.8556944444444445E-02  1.5525833333333332E-02
   1.8223888888888887E-02  1.5298333333333334E-02
   1.8057222222222225E-02  1.5184444444444445E-02
   1.7668611111111111E-02  1.5070833333333332E-02
   1.7391111111111114E-02  1.4956944444444443E-02
   1.6835833333333335E-02  1.4786388888888887E-02
   1.6558055555555555E-02  1.4729444444444444E-02
   1.6113888888888889E-02  1.4615833333333335E-02
   1.5780833333333331E-02  1.4445277777777779E-02
   1.5391944444444441E-02  1.4217777777777777E-02
   1.4947777777777775E-02  1.3876388888888889E-02
   1.4614722222222223E-02  1.3649166666666667E-02
   1.4336944444444444E-02  1.3307777777777776E-02
   1.3781666666666668E-02  1.2966666666666668E-02
   1.3337500000000002E-02  1.2909722222222222E-02
   1.2893333333333333E-02  1.2852777777777779E-02
   1.2504722222222223E-02  1.2852777777777779E-02
   1.2116111111111112E-02  1.2909722222222222E-02
   1.1505277777777777E-02  1.2909722222222222E-02
   1.0950000000000001E-02  1.2966666666666668E-02
   1.0505833333333332E-02  1.2966666666666668E-02
   1.0061666666666667E-02  1.2966666666666668E-02
   9.7838888888888906E-03  1.2909722222222222E-02
   9.2841666666666663E-03  1.2625277777777777E-02
   8.8400000000000006E-03  1.2341111111111112E-02
   8.4513888888888885E-03  1.1829166666666665E-02
   8.0625000000000002E-03  1.1431111111111111E-02
   7.6738888888888889E-03  1.0919444444444443E-02
   7.3408333333333338E-03  1.0521111111111113E-02
   7.0630555555555551E-03  1.0350555555555554E-02
   6.5077777777777781E-03  1.0236944444444444E-02
   6.2302777777777782E-03  1.0236944444444444E-02
   5.6750000000000004E-03  1.0066388888888889E-02
   5.1752777777777778E-03  9.8955555555555567E-03
   4.7866666666666665E-03  9.7250000000000010E-03
   4.5644444444444439E-03  9.4974999999999990E-03
   4.2869444444444448E-03  9.2700000000000005E-03
   4.0091666666666661E-03  9.0994444444444447E-03
   3.7316666666666666E-03  8.9858333333333353E-03
   3.3427777777777778E-03  8.7583333333333332E-03
   3.0097222222222222E-03  8.4738888888888884E-03
   2.7322222222222218E-03  8.2463888888888899E-03
   2.4544444444444444E-03  7.8483333333333339E-03
   2.2880555555555553E-03  7.6208333333333336E-03
   1.8991666666666666E-03  7.2227777777777776E-03
   1.5105555555555556E-03  6.8247222222222216E-03
   1.0663888888888889E-03  6.4266666666666665E-03
   7.3333333333333345E-04  6.0286111111111113E-03
   5.1111111111111105E-04  5.7441666666666665E-03
   1.7805555555555554E-04  5.6872222222222220E-03
  -3.7722222222222215E-04  5.5166666666666654E-03
  -6.5499999999999998E-04  5.4030555555555559E-03
  -1.0991666666666667E-03  5.0616666666666666E-03
  -1.2658333333333332E-03  4.7775000000000005E-03
  -1.4877777777777780E-03  4.3225000000000000E-03
  -1.7655555555555554E-03  3.6969444444444445E-03
  -1.9874999999999997E-03  3.1849999999999999E-03
  -2.0986111111111110E-03  2.6733333333333331E-03
  -1.9319444444444445E-03  2.2752777777777780E-03
  -1.8211111111111110E-03  1.6497222222222221E-03
  -1.8211111111111110E-03  8.5333333333333333E-04
  -1.7100000000000001E-03  3.9833333333333344E-04
  -1.7655555555555554E-03 -4.5472222222222225E-04
  -1.7655555555555554E-03 -7.9583333333333329E-04
  -1.7655555555555554E-03 -1.4783333333333337E-03
  -1.5988888888888888E-03 -2.1038888888888891E-03
  -1.4322222222222223E-03 -2.5019444444444442E-03
  -1.3213888888888889E-03 -3.0136111111111101E-03
  -1.1547222222222223E-03 -3.5824999999999997E-03
  -1.0436111111111110E-03 -4.2080555555555552E-03
  -9.8805555555555539E-04 -4.8336111111111114E-03
  -9.8805555555555539E-04 -5.3452777777777778E-03
  -1.0991666666666667E-03 -5.6866666666666663E-03
  -1.0436111111111110E-03 -6.2552777777777771E-03
  -9.3250000000000017E-04 -6.6533333333333331E-03
  -8.7694444444444452E-04 -7.1083333333333337E-03
  -7.1055555555555564E-04 -7.7338888888888882E-03
  -5.4388888888888889E-04 -8.0183333333333322E-03
  -2.1083333333333327E-04 -8.3594444444444437E-03
   2.3333333333333333E-04 -8.6438888888888885E-03
   6.2222222222222225E-04 -8.8713888888888905E-03
   1.0108333333333334E-03 -9.3830555555555542E-03
   1.3994444444444445E-03 -9.7244444444444418E-03
   1.6772222222222223E-03 -1.0122500000000000E-02
   2.0102777777777775E-03 -1.0577222222222220E-02
   2.3433333333333336E-03 -1.1032222222222221E-02
   2.6766666666666666E-03 -1.1430277777777779E-02
   2.9541666666666666E-03 -1.1714722222222224E-02
   3.2319444444444444E-03 -1.2055833333333332E-02
   3.5094444444444444E-03 -1.2454166666666665E-02
   3.8980555555555556E-03 -1.2908888888888890E-02
   4.4533333333333334E-03 -1.3534444444444446E-02
   4.6755555555555561E-03 -1.3705277777777778E-02
   4.8422222222222217E-03 -1.3818888888888888E-02
   5.1197222222222226E-03 -1.4103333333333332E-02
   5.5638888888888891E-03 -1.4444444444444447E-02
   6.3969444444444438E-03 -1.4956388888888887E-02
   6.6744444444444438E-03 -1.5183888888888889E-02
   6.9522222222222225E-03 -1.5468055555555554E-02
   7.2852777777777777E-03 -1.5866111111111112E-02
   7.5627777777777776E-03 -1.6264166666666666E-02
   8.0625000000000002E-03 -1.6833055555555552E-02
   8.5069444444444454E-03 -1.7344722222222223E-02
   8.9511111111111111E-03 -1.7799722222222217E-02
   9.2286111111111110E-03 -1.8027222222222222E-02
   9.7838888888888906E-03 -1.8482222222222219E-02
   1.0172500000000001E-02 -1.8652777777777782E-02
   1.0616944444444446E-02 -1.8709722222222221E-02
   1.0950000000000001E-02 -1.8823333333333334E-02
   1.1227500000000001E-02 -1.9107777777777776E-02
   1.1671666666666667E-02 -1.9505833333333333E-02
   1.2060555555555554E-02 -1.9847222222222221E-02
   1.2782222222222223E-02 -2.0301944444444445E-02
   1.3171111111111113E-02 -2.0472777777777774E-02
   1.3726388888888889E-02 -2.0756944444444442E-02
   1.4614722222222223E-02 -2.1268888888888882E-02
   1.4836666666666665E-02 -2.1496388888888888E-02
   1.5225555555555555E-02 -2.1780555555555553E-02
   1.5669722222222220E-02 -2.2121944444444444E-02
   1.6225000000000000E-02 -2.2406111111111113E-02
   1.6502500000000000E-02 -2.2576944444444448E-02
   1.6724722222222224E-02 -2.2747499999999997E-02
   1.7224444444444445E-02 -2.3031666666666662E-02
   1.7446388888888890E-02 -2.3145555555555558E-02
   1.7779722222222225E-02 -2.3429722222222220E-02
   1.8057222222222225E-02 -2.3714166666666661E-02
   1.8445833333333335E-02 -2.4169166666666665E-02
   1.8890277777777780E-02 -2.4453611111111110E-02
   1.9611944444444446E-02 -2.4624166666666666E-02
   2.0278333333333332E-02 -2.4794722222222218E-02
   2.1000277777777781E-02 -2.4908333333333331E-02
   2.1500000000000005E-02 -2.4965277777777777E-02
   2.1944166666666667E-02 -2.5135833333333336E-02
   2.2388333333333333E-02 -2.5363333333333338E-02
   2.2665833333333336E-02 -2.5534166666666667E-02
   2.2999166666666668E-02 -2.5704722222222219E-02
   2.3332222222222219E-02 -2.5818333333333335E-02
   2.3498888888888889E-02 -2.5932222222222225E-02
   2.3776388888888889E-02 -2.6102777777777777E-02
   2.4054166666666668E-02 -2.6330277777777779E-02
   2.4387222222222223E-02 -2.6500833333333335E-02
   2.4831388888888889E-02 -2.6614444444444444E-02
   2.5220000000000003E-02 -2.6785277777777776E-02
   2.5497777777777779E-02 -2.7069444444444445E-02
   2.5830833333333331E-02 -2.7353888888888886E-02
   2.6330555555555558E-02 -2.7638333333333334E-02
   2.6663888888888890E-02 -2.7865555555555557E-02
   2.7496666666666666E-02 -2.8320555555555554E-02
   2.7996388888888890E-02 -2.8548055555555556E-02
   2.8662777777777780E-02 -2.8832499999999997E-02
   2.9551111111111115E-02 -2.8889444444444443E-02
   3.0550555555555556E-02 -2.8946111111111113E-02
   3.1161388888888884E-02 -2.9003055555555553E-02
   3.1494444444444443E-02 -2.9003055555555553E-02
   3.2105277777777781E-02 -2.9116944444444442E-02
   3.2383055555555561E-02 -2.9401111111111114E-02
   3.3104722222222223E-02 -2.9685555555555562E-02
   3.3659999999999995E-02 -2.9913055555555554E-02
   3.4326388888888892E-02 -3.0197222222222223E-02
   3.4826111111111113E-02 -3.0368055555555558E-02
   3.5159166666666665E-02 -3.0595277777777777E-02
   3.5769999999999996E-02 -3.0936666666666668E-02
