   1.2511388888888888E-02  1.1654444444444446E-02
   1.2622777777777781E-02  1.1999722222222224E-02
   1.2622777777777781E-02  1.2402500000000000E-02
   1.2511388888888888E-02  1.2632777777777777E-02
   1.2288888888888887E-02  1.2920555555555557E-02
   1.2010555555555556E-02  1.3150833333333334E-02
   1.1676666666666665E-02  1.3438611111111113E-02
   1.1342499999999998E-02  1.3726111111111113E-02
   1.1120000000000001E-02  1.4186666666666667E-02
   1.0841666666666666E-02  1.4762222222222222E-02
   1.0451944444444444E-02  1.5107500000000003E-02
   1.0006666666666667E-02  1.5510277777777779E-02
   9.5613888888888901E-03  1.5970833333333333E-02
   9.2274999999999996E-03  1.6488611111111114E-02
   9.0049999999999991E-03  1.6833888888888888E-02
   8.7266666666666673E-03  1.7236666666666667E-02
   8.5038888888888890E-03  1.7524444444444443E-02
   8.1144444444444450E-03  1.8042500000000003E-02
   7.7802777777777775E-03  1.8445277777777779E-02
   7.6691666666666670E-03  1.8790555555555557E-02
   7.2794444444444452E-03  1.9193611111111113E-02
   7.0011111111111116E-03  1.9423611111111114E-02
   6.6672222222222228E-03  1.9596388888888889E-02
   6.3333333333333332E-03  1.9768888888888888E-02
   5.7208333333333330E-03  1.9941666666666667E-02
   5.3313888888888890E-03  1.9884166666666668E-02
   4.9416666666666663E-03  1.9768888888888888E-02
   4.6077777777777783E-03  1.9711388888888889E-02
   3.9955555555555560E-03  1.9711388888888889E-02
   3.0494444444444440E-03  1.9711388888888889E-02
   2.4369444444444447E-03  1.9711388888888889E-02
   2.1030555555555559E-03  1.9999166666666665E-02
   1.7691666666666667E-03  2.0286944444444444E-02
   1.4352777777777779E-03  2.0632222222222225E-02
   1.1569444444444444E-03  2.0862499999999999E-02
   8.2305555555555561E-04  2.1150277777777778E-02
   4.3333333333333331E-04  2.1380277777777776E-02
  -1.1944444444444199E-05  2.1610555555555556E-02
  -5.1277777777777780E-04  2.1955833333333334E-02
  -7.9111111111111092E-04  2.2358888888888886E-02
  -1.0138888888888888E-03  2.2646388888888890E-02
  -1.3477777777777776E-03  2.3106944444444440E-02
  -1.6816666666666668E-03  2.3509722222222224E-02
  -2.0713888888888891E-03  2.4488055555555558E-02
  -2.1827777777777778E-03  2.4660833333333337E-02
  -2.4608333333333335E-03  2.5121111111111108E-02
  -2.7949999999999997E-03  2.5466388888888889E-02
  -3.1288888888888885E-03  2.5926944444444447E-02
  -3.4627777777777773E-03  2.6214722222222223E-02
  -4.1863888888888888E-03  2.6502222222222222E-02
  -4.6872222222222220E-03  2.6732500000000003E-02
  -5.2997222222222222E-03  2.7020277777777778E-02
  -5.8561111111111114E-03  2.7308055555555558E-02
  -6.3013888888888885E-03  2.7595833333333330E-02
  -6.8580555555555556E-03  2.8056111111111112E-02
  -7.0808333333333339E-03  2.8343888888888887E-02
  -7.3588888888888896E-03  2.8689166666666668E-02
  -7.7486111111111115E-03  2.8516666666666669E-02
  -7.9155555555555576E-03  2.8228888888888890E-02
  -8.1938888888888894E-03  2.7826111111111110E-02
  -8.5836111111111113E-03  2.7250555555555556E-02
  -8.8616666666666670E-03  2.6905277777777778E-02
  -8.8616666666666670E-03  2.6560000000000000E-02
  -8.8061111111111118E-03  2.6099444444444449E-02
  -8.9175000000000018E-03  2.5408888888888884E-02
  -8.9730555555555570E-03  2.4890833333333334E-02
  -9.0844444444444436E-03  2.4200277777777779E-02
  -9.1958333333333336E-03  2.3567222222222229E-02
  -9.1958333333333336E-03  2.3164444444444446E-02
  -9.1399999999999988E-03  2.2876666666666670E-02
  -8.7505555555555566E-03  2.2301111111111115E-02
  -8.7505555555555566E-03  2.1898333333333336E-02
  -8.9175000000000018E-03  2.1380277777777776E-02
  -8.9730555555555570E-03  2.0862499999999999E-02
  -8.9730555555555570E-03  2.0229444444444446E-02
  -8.8061111111111118E-03  1.9768888888888888E-02
  -8.5277777777777800E-03  1.9135833333333335E-02
  -8.0824999999999994E-03  1.8733055555555558E-02
  -7.6372222222222197E-03  1.8157500000000003E-02
  -7.2477777777777775E-03  1.7869722222222224E-02
  -6.8580555555555556E-03  1.7639722222222223E-02
  -6.6911111111111104E-03  1.7582222222222225E-02
  -6.6911111111111104E-03  1.7006666666666666E-02
  -6.6355555555555560E-03  1.6431111111111112E-02
  -6.5241666666666668E-03  1.5798055555555555E-02
  -6.3013888888888885E-03  1.5107500000000003E-02
  -5.8561111111111114E-03  1.4474444444444446E-02
  -5.4108333333333335E-03  1.4244166666666665E-02
  -4.9100000000000003E-03  1.4013888888888888E-02
  -4.4091666666666663E-03  1.3841388888888886E-02
  -4.5761111111111115E-03  1.3380833333333335E-02
  -4.7986111111111103E-03  1.2747777777777778E-02
  -4.9100000000000003E-03  1.2287500000000000E-02
  -5.0213888888888886E-03  1.1596944444444444E-02
  -5.1883333333333347E-03  1.0848611111111111E-02
  -5.3552777777777774E-03  1.0503333333333333E-02
  -5.4108333333333335E-03  1.0158055555555556E-02
  -5.3552777777777774E-03  9.5827777777777769E-03
  -5.4108333333333335E-03  9.2372222222222231E-03
  -5.5777777777777779E-03  8.8919444444444454E-03
  -5.8005555555555562E-03  8.4891666666666674E-03
  -5.8005555555555562E-03  8.2013888888888883E-03
  -5.6891666666666662E-03  7.4533333333333335E-03
  -5.5777777777777779E-03  6.8202777777777775E-03
  -5.2438888888888891E-03  6.3022222222222221E-03
  -4.8544444444444442E-03  5.9569444444444435E-03
  -4.4091666666666663E-03  5.4966666666666662E-03
  -3.8525000000000000E-03  4.9211111111111113E-03
  -3.4627777777777773E-03  4.4030555555555559E-03
  -3.2402777777777777E-03  4.0577777777777782E-03
  -2.9063888888888889E-03  3.3672222222222224E-03
  -2.5722222222222218E-03  2.7916666666666667E-03
  -2.2938888888888891E-03  2.3888888888888892E-03
  -2.2938888888888891E-03  1.6983333333333334E-03
  -2.1827777777777778E-03  9.5000000000000000E-04
  -1.9599999999999999E-03  4.8972222222222223E-04
  -1.6261111111111112E-03 -2.8333333333333335E-05
  -1.2922222222222219E-03 -4.8861111111111110E-04
  -1.1252777777777780E-03 -1.0066666666666670E-03
  -1.2363888888888889E-03 -1.7547222222222222E-03
  -1.6816666666666668E-03 -2.5027777777777774E-03
  -1.7374999999999999E-03 -2.7905555555555557E-03
  -1.9599999999999999E-03 -3.5963888888888894E-03
  -2.0155555555555556E-03 -3.9991666666666665E-03
  -2.1827777777777778E-03 -4.2869444444444448E-03
  -2.5166666666666662E-03 -4.8050000000000002E-03
  -2.7391666666666667E-03 -5.3802777777777781E-03
  -2.9619444444444450E-03 -6.0133333333333332E-03
  -3.0175000000000002E-03 -6.8191666666666670E-03
  -3.0175000000000002E-03 -7.3369444444444454E-03
  -3.1288888888888885E-03 -7.6825000000000010E-03
  -3.4627777777777773E-03 -8.2577777777777771E-03
  -3.7966666666666669E-03 -8.8333333333333319E-03
  -4.0194444444444444E-03 -9.4088888888888902E-03
  -4.1863888888888888E-03 -1.0675000000000000E-02
  -4.2419444444444440E-03 -1.0962777777777776E-02
  -4.3533333333333332E-03 -1.1595833333333336E-02
  -4.4647222222222215E-03 -1.2056111111111111E-02
  -4.6872222222222220E-03 -1.2401388888888889E-02
  -4.9100000000000003E-03 -1.2919444444444445E-02
  -5.1324999999999999E-03 -1.3667499999999999E-02
  -5.1883333333333347E-03 -1.4415833333333329E-02
  -5.2438888888888891E-03 -1.5048888888888889E-02
  -5.1324999999999999E-03 -1.5336666666666665E-02
  -4.6872222222222220E-03 -1.6775277777777778E-02
  -4.0194444444444444E-03 -1.7811111111111111E-02
  -3.7411111111111109E-03 -1.8214166666666667E-02
  -3.5186111111111112E-03 -1.8616944444444443E-02
  -3.1288888888888885E-03 -1.8846944444444444E-02
  -2.6836111111111114E-03 -1.9077222222222221E-02
  -2.2938888888888891E-03 -1.9307499999999998E-02
  -1.1808333333333332E-03 -1.9480000000000001E-02
  -7.9111111111111092E-04 -2.0285833333333333E-02
  -2.3472222222222232E-04 -2.0803888888888886E-02
   4.3333333333333331E-04 -2.1379166666666664E-02
   9.3416666666666670E-04 -2.1782222222222217E-02
   1.5463888888888888E-03 -2.2415277777777777E-02
   2.1588888888888890E-03 -2.2703055555555560E-02
   3.1050000000000001E-03 -2.2990555555555559E-02
   4.1069444444444443E-03 -2.3105833333333332E-02
   4.8861111111111110E-03 -2.3163333333333331E-02
   5.3869444444444442E-03 -2.3105833333333332E-02
   6.1661111111111109E-03 -2.2818055555555557E-02
   6.8341666666666663E-03 -2.2415277777777777E-02
   7.8361111111111114E-03 -2.2645277777777778E-02
   8.1144444444444450E-03 -2.3048333333333327E-02
   7.9472222222222218E-03 -2.3451111111111110E-02
   7.6133333333333339E-03 -2.4084166666666667E-02
   7.5019444444444448E-03 -2.4774722222222222E-02
   7.5577777777777778E-03 -2.5234999999999997E-02
   7.7247222222222222E-03 -2.5753055555555560E-02
   7.8361111111111114E-03 -2.5983333333333331E-02
   7.9472222222222218E-03 -2.6443611111111109E-02
   7.9472222222222218E-03 -2.6788888888888890E-02
   7.7802777777777775E-03 -2.7306944444444439E-02
   7.5019444444444448E-03 -2.7882500000000001E-02
   7.0566666666666668E-03 -2.8515555555555558E-02
   6.7227777777777780E-03 -2.8803333333333334E-02
   6.2775000000000001E-03 -2.9091111111111109E-02
   5.9991666666666665E-03 -2.9378611111111112E-02
   5.7766666666666669E-03 -2.9608888888888889E-02
   5.2755555555555559E-03 -2.9608888888888889E-02
   4.9975000000000002E-03 -2.9608888888888889E-02
   4.6633333333333336E-03 -2.9666388888888888E-02
   4.2180555555555556E-03 -2.9781666666666665E-02
   3.4947222222222224E-03 -2.9781666666666665E-02
   2.8266666666666666E-03 -3.0011666666666669E-02
   2.3813888888888891E-03 -3.0241944444444443E-02
   2.0474999999999998E-03 -3.0817499999999998E-02
   1.8247222222222222E-03 -3.1335555555555554E-02
   1.4908333333333334E-03 -3.2026111111111116E-02
   1.1569444444444444E-03 -3.2543888888888893E-02
   8.2305555555555561E-04 -3.2889166666666664E-02
   9.9444444444444537E-05 -3.3407222222222227E-02
  -1.7888888888888880E-04 -3.3579999999999999E-02
  -7.3555555555555549E-04 -3.3982777777777778E-02
  -1.0694444444444445E-03 -3.4270555555555554E-02
  -1.3477777777777776E-03 -3.4615833333333332E-02
  -1.6816666666666668E-03 -3.5248888888888885E-02
  -1.6816666666666668E-03 -3.5766666666666662E-02
  -1.5705555555555555E-03 -3.6342222222222220E-02
  -1.4033333333333333E-03 -3.7148055555555552E-02
  -1.1252777777777780E-03 -3.7723611111111111E-02
  -6.2416666666666675E-04 -3.8183888888888885E-02
   1.5500000000000008E-04 -3.8298888888888889E-02
   6.5583333333333335E-04 -3.8298888888888889E-02
   1.0455555555555556E-03 -3.8183888888888885E-02
   1.6577777777777778E-03 -3.7896111111111110E-02
   2.1588888888888890E-03 -3.7665833333333329E-02
   2.6597222222222222E-03 -3.7435833333333335E-02
   2.9936111111111110E-03 -3.7090555555555550E-02
   3.2719444444444445E-03 -3.6745277777777779E-02
   3.6616666666666672E-03 -3.6342222222222220E-02
   4.3294444444444448E-03 -3.6112222222222226E-02
   5.4427777777777782E-03 -3.5881944444444445E-02
   5.6097222222222217E-03 -3.5766666666666662E-02
   6.1661111111111109E-03 -3.5421388888888884E-02
   6.7227777777777780E-03 -3.5076111111111113E-02
   7.1680555555555551E-03 -3.4788333333333338E-02
   7.6133333333333339E-03 -3.4500833333333335E-02
   8.6708333333333325E-03 -3.3810000000000000E-02
   8.8936111111111091E-03 -3.3695000000000003E-02
   9.3944444444444448E-03 -3.3407222222222227E-02
   9.9511111111111120E-03 -3.3119444444444444E-02
   1.0451944444444444E-02 -3.2946944444444445E-02
   1.1175555555555557E-02 -3.2659166666666663E-02
   1.1565277777777778E-02 -3.2486388888888891E-02
   1.2177500000000001E-02 -3.2026111111111116E-02
   1.2511388888888888E-02 -3.1623333333333330E-02
   1.2901111111111110E-02 -3.1335555555555554E-02
   1.3290555555555555E-02 -3.1105277777777780E-02
   1.4793333333333332E-02 -3.0817499999999998E-02
   1.5238611111111112E-02 -3.0644722222222226E-02
   1.5962222222222221E-02 -3.0299444444444448E-02
   1.6296388888888892E-02 -3.0126944444444446E-02
   1.6797222222222224E-02 -2.9839166666666660E-02
   1.7186944444444446E-02 -2.9436388888888887E-02
   1.7520833333333333E-02 -2.8975833333333329E-02
   1.7799166666666668E-02 -2.8573055555555549E-02
   1.8466944444444446E-02 -2.7594722222222215E-02
   1.8633888888888891E-02 -2.7306944444444439E-02
   1.9023611111111113E-02 -2.6558888888888892E-02
   1.9134999999999999E-02 -2.6098333333333331E-02
   1.9357500000000000E-02 -2.5465277777777781E-02
   1.9691388888888890E-02 -2.5234999999999997E-02
   2.0248055555555554E-02 -2.4947499999999997E-02
   2.0581944444444444E-02 -2.4774722222222222E-02
   2.1138611111111108E-02 -2.4026666666666661E-02
   2.1917777777777779E-02 -2.4486944444444440E-02
   2.2474444444444446E-02 -2.5005000000000003E-02
   2.3198055555555555E-02 -2.5465277777777781E-02
   2.3698888888888891E-02 -2.5638055555555553E-02
   2.4700833333333335E-02 -2.5925833333333332E-02
   2.5368611111111116E-02 -2.6328611111111108E-02
   2.5702777777777776E-02 -2.6443611111111109E-02
   2.5758333333333338E-02 -2.6961666666666672E-02
   2.5758333333333338E-02 -2.7364444444444445E-02
   2.5646944444444444E-02 -2.7825000000000003E-02
   2.5313055555555561E-02 -2.8227777777777782E-02
   2.5201666666666667E-02 -2.8688055555555553E-02
   2.5368611111111116E-02 -2.8975833333333329E-02
   2.5869722222222228E-02 -2.8975833333333329E-02
   2.6315000000000005E-02 -2.9091111111111109E-02
   2.6704444444444440E-02 -2.9321111111111114E-02
   2.6648888888888885E-02 -2.9608888888888889E-02
   2.6370555555555560E-02 -3.0069444444444440E-02
   2.6148055555555553E-02 -3.0472222222222220E-02
   2.5813888888888893E-02 -3.0932500000000002E-02
   2.5424444444444444E-02 -3.1508055555555553E-02
   2.5201666666666667E-02 -3.2083611111111104E-02
   2.6092222222222225E-02 -3.2313888888888892E-02
   2.6593333333333337E-02 -3.1968611111111114E-02
   2.7205555555555559E-02 -3.1910833333333333E-02
   2.7929166666666668E-02 -3.1853333333333331E-02
   2.8541388888888890E-02 -3.1450555555555558E-02
   2.8930833333333333E-02 -3.1162777777777775E-02
   2.9431944444444445E-02 -3.0932500000000002E-02
   2.9877222222222222E-02 -3.0759999999999996E-02
   3.0322499999999999E-02 -3.0702499999999994E-02
   3.0878888888888886E-02 -3.0702499999999994E-02
   3.0990277777777783E-02 -3.0932500000000002E-02
   3.0878888888888886E-02 -3.1450555555555558E-02
   3.0489444444444444E-02 -3.1910833333333333E-02
   2.9932777777777777E-02 -3.2141111111111106E-02
   2.9598888888888890E-02 -3.2371388888888887E-02
   2.9487500000000000E-02 -3.2659166666666663E-02
   2.9932777777777777E-02 -3.3234722222222221E-02
   3.0099722222222219E-02 -3.3464722222222222E-02
   2.9877222222222222E-02 -3.3867777777777781E-02
   2.9932777777777777E-02 -3.3982777777777778E-02
   3.0934722222222225E-02 -3.4040277777777773E-02
   3.1602499999999999E-02 -3.3810000000000000E-02
   3.2159166666666669E-02 -3.3464722222222222E-02
   3.2659999999999995E-02 -3.3176944444444439E-02
   3.3328055555555555E-02 -3.2716666666666665E-02
   3.3606388888888887E-02 -3.2428888888888889E-02
   3.3940277777777778E-02 -3.2026111111111116E-02
   3.4329999999999999E-02 -3.1450555555555558E-02
   3.4552500000000000E-02 -3.1162777777777775E-02
   3.4886388888888890E-02 -3.0702499999999994E-02
