   3.2623333333333338E-02  1.7469444444444444E-02
   3.2066944444444440E-02  1.7983333333333337E-02
   3.1510833333333335E-02  1.7983333333333337E-02
   3.1010277777777779E-02  1.8154722222222221E-02
   3.0621111111111113E-02  1.8326111111111112E-02
   3.0287500000000002E-02  1.8668888888888888E-02
   3.0009444444444443E-02  1.9183055555555557E-02
   2.9786944444444442E-02  1.9468611111111110E-02
   2.9453055555555562E-02  1.9868333333333335E-02
   2.9230833333333334E-02  2.0039722222222223E-02
   2.8952777777777779E-02  2.0325555555555555E-02
   2.8674444444444447E-02  2.0496944444444446E-02
   2.8396388888888891E-02  2.0611111111111111E-02
   2.8118333333333339E-02  2.0668055555555554E-02
   2.7673611111111111E-02  2.0611111111111111E-02
   2.7339722222222224E-02  2.0439722222222220E-02
   2.7006111111111113E-02  2.0211111111111110E-02
   2.6672500000000002E-02  1.9868333333333335E-02
   2.6616944444444443E-02  1.9411388888888891E-02
   2.6227500000000004E-02  1.8269166666666666E-02
   2.6060555555555552E-02  1.7869166666666669E-02
   2.5949444444444442E-02  1.7354999999999999E-02
   2.5838333333333338E-02  1.6783888888888890E-02
   2.5782500000000000E-02  1.6441111111111111E-02
   2.5615833333333334E-02  1.6212499999999998E-02
   2.4948333333333336E-02  1.5870000000000002E-02
   2.3891666666666665E-02  1.5641388888888889E-02
   2.3113055555555557E-02  1.5355833333333332E-02
   2.2445833333333335E-02  1.5070277777777780E-02
   2.1722777777777778E-02  1.4955833333333335E-02
   2.1555833333333333E-02  1.5070277777777780E-02
   2.1222222222222222E-02  1.5298611111111114E-02
   2.0610277777777783E-02  1.5584166666666666E-02
   2.0221111111111113E-02  1.5641388888888889E-02
   1.9720555555555557E-02  1.5812777777777776E-02
   1.9220000000000001E-02  1.5984166666666664E-02
   1.8886388888888890E-02  1.6098333333333333E-02
   1.8496944444444444E-02  1.6098333333333333E-02
   1.7940833333333336E-02  1.6098333333333333E-02
   1.7384722222222222E-02  1.5984166666666664E-02
   1.6995555555555555E-02  1.5641388888888889E-02
   1.6606111111111113E-02  1.5298611111111114E-02
   1.6216944444444444E-02  1.5070277777777780E-02
   1.6049999999999998E-02  1.4727499999999998E-02
   1.5883055555555557E-02  1.4384722222222222E-02
   1.5605000000000001E-02  1.3927777777777779E-02
   1.5326944444444442E-02  1.3927777777777779E-02
   1.4770833333333334E-02  1.3870555555555553E-02
   1.4159166666666667E-02  1.3641944444444446E-02
   1.3380555555555555E-02  1.3299444444444444E-02
   1.2268055555555553E-02  1.2899444444444443E-02
   1.1711944444444445E-02  1.2728055555555555E-02
   1.1378333333333334E-02  1.2556666666666667E-02
   1.0822222222222223E-02  1.2442499999999999E-02
   1.0154722222222221E-02  1.2442499999999999E-02
   9.4319444444444442E-03  1.2442499999999999E-02
   9.0425000000000019E-03  1.2385277777777780E-02
   8.6533333333333323E-03  1.2271111111111111E-02
   8.2083333333333348E-03  1.2271111111111111E-02
   7.6522222222222226E-03  1.2156944444444446E-02
   7.0961111111111112E-03  1.2099722222222224E-02
   6.5397222222222219E-03  1.1642777777777776E-02
   6.3174999999999993E-03  1.1300000000000001E-02
   6.0394444444444445E-03  1.0671666666666666E-02
   5.8725000000000001E-03  1.0157500000000000E-02
   5.7055555555555557E-03  9.7005555555555560E-03
   5.4275000000000000E-03  9.3577777777777774E-03
   5.1494444444444452E-03  9.2436111111111122E-03
   4.8713888888888886E-03  8.9008333333333335E-03
   4.5933333333333329E-03  8.4438888888888897E-03
   4.3152777777777773E-03  8.1011111111111110E-03
   4.0372222222222224E-03  8.2724999999999986E-03
   3.3141666666666666E-03  8.5011111111111121E-03
   3.0916666666666666E-03  8.6724999999999997E-03
   2.5355555555555557E-03  8.9580555555555559E-03
   2.3686111111111113E-03  9.0722222222222246E-03
   1.9794444444444443E-03  9.1863888888888898E-03
   1.4788888888888887E-03  9.2436111111111122E-03
   1.0897222222222222E-03  9.3577777777777774E-03
   6.4472222222222231E-04  9.6436111111111097E-03
   3.6666666666666662E-04  9.7577777777777784E-03
  -7.8333333333333250E-05  9.8719444444444436E-03
  -5.7888888888888899E-04  9.9291666666666660E-03
  -1.1349999999999997E-03  9.9291666666666660E-03
  -1.5241666666666667E-03  9.9291666666666660E-03
  -1.8024999999999998E-03  9.8147222222222212E-03
  -2.2472222222222225E-03  9.7005555555555560E-03
  -2.6922222222222226E-03  9.5291666666666650E-03
  -3.0813888888888879E-03  9.2436111111111122E-03
  -3.2483333333333331E-03  8.9008333333333335E-03
  -3.3038888888888883E-03  8.4438888888888897E-03
  -2.9147222222222222E-03  7.7583333333333332E-03
  -2.6366666666666669E-03  7.2444444444444448E-03
  -2.4141666666666669E-03  6.7872222222222223E-03
  -2.1916666666666668E-03  6.5016666666666669E-03
  -1.8024999999999998E-03  6.0447222222222222E-03
  -1.5800000000000002E-03  5.8163888888888883E-03
  -1.0238888888888889E-03  5.1308333333333336E-03
  -6.3444444444444442E-04  4.6738888888888889E-03
  -3.5638888888888873E-04  4.1025000000000002E-03
  -5.7888888888888899E-04  3.5313888888888890E-03
  -8.0138888888888881E-04  3.0744444444444443E-03
  -9.6805555555555534E-04  2.6744444444444446E-03
  -1.2461111111111110E-03  2.1033333333333334E-03
  -1.5241666666666667E-03  1.7033333333333332E-03
  -1.7466666666666663E-03  1.2463888888888889E-03
  -1.6911111111111111E-03  7.8944444444444450E-04
  -1.5241666666666667E-03  1.6111111111111111E-04
  -1.1905555555555554E-03 -4.6722222222222217E-04
  -9.1250000000000012E-04 -1.0386111111111108E-03
  -5.7888888888888899E-04 -1.4955555555555555E-03
  -7.4555555555555529E-04 -2.1808333333333332E-03
  -6.8999999999999986E-04 -3.1519444444444442E-03
  -6.8999999999999986E-04 -3.6661111111111104E-03
  -9.1250000000000012E-04 -4.3516666666666669E-03
  -1.1349999999999997E-03 -4.9227777777777777E-03
  -1.2461111111111110E-03 -5.4369444444444448E-03
  -1.3019444444444445E-03 -6.1794444444444449E-03
  -8.5694444444444468E-04 -7.5505555555555543E-03
  -6.3444444444444442E-04 -7.9502777777777783E-03
  -5.2333333333333333E-04 -8.3502777777777794E-03
  -1.8944444444444434E-04 -8.9213888888888884E-03
   3.6666666666666662E-04 -9.2069444444444447E-03
   7.0027777777777775E-04 -9.5497222222222233E-03
   8.1166666666666670E-04 -1.0178055555555555E-02
   7.5583333333333340E-04 -1.0406666666666668E-02
   3.6666666666666662E-04 -1.0634999999999999E-02
  -1.3388888888888890E-04 -1.0863611111111112E-02
  -6.3444444444444442E-04 -1.1149166666666665E-02
  -1.0794444444444445E-03 -1.1434722222222221E-02
  -1.3575000000000002E-03 -1.1777500000000003E-02
  -1.7466666666666663E-03 -1.2291666666666666E-02
  -2.0247222222222220E-03 -1.2634444444444445E-02
  -2.3586111111111112E-03 -1.2919999999999997E-02
  -2.5252777777777778E-03 -1.3376944444444445E-02
  -2.4141666666666669E-03 -1.4119722222222221E-02
  -2.1361111111111112E-03 -1.4633611111111111E-02
  -1.6355555555555559E-03 -1.5033611111111109E-02
  -1.2461111111111110E-03 -1.5261944444444443E-02
  -6.8999999999999986E-04 -1.5490555555555553E-02
  -1.3388888888888890E-04 -1.5719166666666666E-02
   4.7777777777777781E-04 -1.5890277777777777E-02
   1.1452777777777778E-03 -1.5890277777777777E-02
   1.5344444444444446E-03 -1.5890277777777777E-02
   1.6458333333333333E-03 -1.5890277777777777E-02
   1.9794444444444443E-03 -1.5719166666666666E-02
   2.3686111111111113E-03 -1.5433333333333334E-02
   2.8691666666666666E-03 -1.5090555555555555E-02
   3.7591666666666667E-03 -1.4748055555555556E-02
   4.0927777777777776E-03 -1.4690833333333334E-02
   4.6488888888888890E-03 -1.4519444444444442E-02
   5.0938888888888891E-03 -1.4348055555555551E-02
   5.5388888888888875E-03 -1.4233888888888890E-02
   6.2061111111111110E-03 -1.4005277777777776E-02
   6.3730555555555554E-03 -1.4348055555555551E-02
   6.6511111111111111E-03 -1.4804999999999999E-02
   7.0961111111111112E-03 -1.5147777777777774E-02
   7.4852777777777782E-03 -1.5376388888888884E-02
   7.7633333333333330E-03 -1.5604722222222221E-02
   8.0413888888888896E-03 -1.6061666666666665E-02
   8.3194444444444453E-03 -1.6461666666666666E-02
   8.5974999999999992E-03 -1.6689999999999997E-02
   8.9869444444444432E-03 -1.7147222222222220E-02
   9.1538888888888885E-03 -1.7318611111111111E-02
   9.1538888888888885E-03 -1.7546944444444445E-02
   9.2094444444444437E-03 -1.8346666666666664E-02
   9.3205555555555542E-03 -1.9032222222222218E-02
   9.4874999999999994E-03 -1.9489166666666665E-02
   9.8766666666666655E-03 -1.9946111111111109E-02
   1.0432777777777777E-02 -2.0288888888888884E-02
   1.0822222222222223E-02 -2.0460277777777772E-02
   1.1322777777777779E-02 -2.0631666666666666E-02
   1.1990000000000001E-02 -2.0745833333333335E-02
   1.2546388888888892E-02 -2.0803055555555554E-02
   1.3158055555555555E-02 -2.0803055555555554E-02
   1.3436111111111110E-02 -2.0745833333333335E-02
   1.3769722222222221E-02 -2.0917222222222222E-02
   1.4270277777777778E-02 -2.1488333333333332E-02
   1.4492777777777775E-02 -2.1659722222222219E-02
   1.4548333333333333E-02 -2.1888333333333333E-02
   1.4437222222222223E-02 -2.2345277777777776E-02
   1.4381666666666668E-02 -2.2859444444444446E-02
   1.4437222222222223E-02 -2.3487777777777778E-02
   1.4603888888888888E-02 -2.4058888888888894E-02
   1.4826388888888889E-02 -2.4573055555555553E-02
   1.5160277777777776E-02 -2.4973055555555557E-02
   1.5382500000000000E-02 -2.5258611111111110E-02
   1.5883055555555557E-02 -2.5886944444444442E-02
   1.6161111111111109E-02 -2.6115277777777775E-02
   1.6606111111111113E-02 -2.6115277777777775E-02
   1.7996388888888892E-02 -2.5715555555555554E-02
   1.8496944444444444E-02 -2.5601388888888889E-02
   1.9164444444444442E-02 -2.5315555555555553E-02
   1.9609444444444443E-02 -2.4973055555555557E-02
   2.0165555555555558E-02 -2.4630277777777779E-02
   2.0666111111111114E-02 -2.4401666666666669E-02
   2.0999722222222225E-02 -2.4058888888888894E-02
   2.7228611111111113E-02 -2.7086388888888882E-02
   2.7284166666666668E-02 -2.7886111111111115E-02
   2.7395555555555555E-02 -2.8286111111111109E-02
   2.7506666666666665E-02 -2.8857222222222218E-02
   2.7617777777777783E-02 -2.9428611111111107E-02
   2.7617777777777783E-02 -3.0113888888888895E-02
   2.8118333333333339E-02 -3.0342500000000001E-02
   2.8730277777777778E-02 -3.0342500000000001E-02
   2.8896944444444444E-02 -3.0342500000000001E-02
   2.9175000000000000E-02 -3.0056944444444442E-02
   2.9453055555555562E-02 -2.9600000000000001E-02
   2.9786944444444442E-02 -2.9542777777777775E-02
   3.0176111111111115E-02 -2.9771388888888882E-02
   3.0732222222222223E-02 -3.0285277777777772E-02
   3.1288333333333328E-02 -3.0571111111111111E-02
   3.2122777777777778E-02 -3.0799444444444442E-02
   3.2678888888888889E-02 -3.0799444444444442E-02
   3.3179444444444449E-02 -3.0685277777777777E-02
   3.3680000000000002E-02 -3.0399722222222224E-02
   3.4124722222222223E-02 -3.0113888888888895E-02
   3.9352499999999999E-02 -3.1999166666666662E-02
   3.9130277777777778E-02 -3.2227499999999999E-02
   3.8907777777777777E-02 -3.2398888888888894E-02
   3.8407222222222225E-02 -3.2684444444444440E-02
   3.7795277777777775E-02 -3.3312777777777774E-02
   3.7573055555555554E-02 -3.3941111111111116E-02
   3.7739722222222223E-02 -3.4626666666666667E-02
   3.7962222222222224E-02 -3.4912222222222219E-02
   3.8852222222222225E-02 -3.5426388888888889E-02
   3.9574999999999999E-02 -3.5483611111111112E-02
   4.0075555555555559E-02 -3.5483611111111112E-02
   4.0743055555555553E-02 -3.5312222222222217E-02
   4.1076666666666671E-02 -3.5198055555555552E-02
   4.1910833333333335E-02 -3.4855277777777777E-02
   4.2411388888888887E-02 -3.4798055555555554E-02
   4.2633888888888888E-02 -3.4969444444444442E-02
   4.3078888888888882E-02 -3.5426388888888889E-02
   4.3356944444444448E-02 -3.5540555555555554E-02
   4.3968611111111111E-02 -3.5083611111111107E-02
   4.4358055555555560E-02 -3.4626666666666667E-02
   4.4580277777777781E-02 -3.3998333333333332E-02
