   3.1283055555555557E-02  1.6907222222222223E-02
   3.0504999999999994E-02  1.7422500000000000E-02
   3.0115833333333338E-02  1.7765833333333335E-02
   2.9559999999999999E-02  1.8109444444444445E-02
   2.9059722222222226E-02  1.8395555555555557E-02
   2.8170277777777780E-02  1.8853611111111113E-02
   2.7503333333333334E-02  1.8968055555555557E-02
   2.7003055555555558E-02  1.9197222222222223E-02
   2.6224722222222222E-02  1.9426111111111113E-02
   2.5613333333333332E-02  1.9597777777777780E-02
   2.5168611111111114E-02  1.9654999999999999E-02
   2.4724166666666669E-02  1.9826944444444446E-02
   2.4390555555555561E-02  1.9941388888888890E-02
   2.3723611111111112E-02  2.0113055555555551E-02
   2.3278888888888891E-02  2.0113055555555551E-02
   2.2611944444444445E-02  2.0113055555555551E-02
   2.2000277777777778E-02  2.0055833333333335E-02
   2.1611388888888888E-02  1.9826944444444446E-02
   2.1166666666666667E-02  1.9540555555555558E-02
   2.0833055555555556E-02  1.9311666666666668E-02
   2.0388333333333335E-02  1.9082500000000002E-02
   2.0055000000000003E-02  1.8910833333333335E-02
   1.9499166666666665E-02  1.8681944444444445E-02
   1.8943333333333333E-02  1.8452777777777776E-02
   1.8443055555555556E-02  1.8223888888888887E-02
   1.7942777777777780E-02  1.8052222222222223E-02
   1.7331111111111113E-02  1.7422500000000000E-02
   1.7775833333333334E-02  1.7193333333333335E-02
   1.8498611111111112E-02  1.6620833333333331E-02
   1.8998888888888888E-02  1.6162777777777779E-02
   1.9499166666666665E-02  1.5933888888888890E-02
   2.0055000000000003E-02  1.5762222222222223E-02
   2.0666388888888890E-02  1.5590277777777779E-02
   2.1166666666666667E-02  1.5361388888888890E-02
   2.1555833333333333E-02  1.5132222222222221E-02
   2.1889166666666668E-02  1.4846111111111109E-02
   2.2167222222222224E-02  1.4617222222222222E-02
   2.1944722222222223E-02  1.4502500000000002E-02
   2.1611388888888888E-02  1.4502500000000002E-02
   2.1222222222222222E-02  1.4617222222222222E-02
   2.0777500000000001E-02  1.4788888888888890E-02
   2.0332777777777783E-02  1.4960555555555557E-02
   1.9610277777777779E-02  1.5132222222222221E-02
   1.9165555555555557E-02  1.5246944444444445E-02
   1.8665277777777781E-02  1.5304166666666667E-02
   1.8276111111111114E-02  1.5418611111111112E-02
   1.7442500000000000E-02  1.5647500000000002E-02
   1.7053333333333334E-02  1.5704722222222224E-02
   1.6553055555555553E-02  1.5876666666666667E-02
   1.6108333333333336E-02  1.6105555555555554E-02
   1.5663611111111111E-02  1.6277222222222221E-02
   1.5274722222222224E-02  1.6334722222222223E-02
   1.4718611111111109E-02  1.6449166666666671E-02
   1.4329722222222223E-02  1.6162777777777779E-02
   1.3885000000000002E-02  1.5647500000000002E-02
   1.3273611111111111E-02  1.5017777777777779E-02
   1.2828888888888890E-02  1.4559722222222220E-02
   1.2328611111111110E-02  1.4159166666666667E-02
   1.1828333333333333E-02  1.3872777777777779E-02
   1.1383611111111112E-02  1.3586666666666667E-02
   1.0716666666666666E-02  1.3071388888888889E-02
   1.1494722222222222E-02  1.3014166666666667E-02
   1.2161944444444444E-02  1.3014166666666667E-02
   1.3495833333333335E-02  1.3014166666666667E-02
   1.3885000000000002E-02  1.2727777777777775E-02
   1.4162777777777778E-02  1.2384444444444444E-02
   1.3718333333333332E-02  1.2269722222222224E-02
   1.2773333333333334E-02  1.2327222222222222E-02
   1.2106111111111113E-02  1.2212500000000001E-02
   1.1661666666666667E-02  1.1983611111111112E-02
   1.1105833333333336E-02  1.1640000000000001E-02
   1.0716666666666666E-02  1.1411111111111111E-02
   1.0271944444444445E-02  1.1353888888888889E-02
   9.6605555555555542E-03  1.1296666666666667E-02
   9.1602777777777776E-03  1.1296666666666667E-02
   8.7711111111111115E-03  1.1067500000000001E-02
   8.1041666666666658E-03  1.0609444444444446E-02
   7.4927777777777779E-03  1.0094444444444444E-02
   7.1036111111111118E-03  9.8080555555555560E-03
   6.3808333333333330E-03  9.2927777777777783E-03
   5.8249999999999994E-03  8.9494444444444439E-03
   5.3247222222222220E-03  8.5486111111111110E-03
   4.8802777777777785E-03  8.1477777777777781E-03
   4.9358333333333337E-03  7.6897222222222219E-03
   5.0469444444444442E-03  6.8883333333333331E-03
   4.9913888888888890E-03  6.5447222222222226E-03
   4.8802777777777785E-03  6.1441666666666667E-03
   4.7133333333333333E-03  6.1441666666666667E-03
   4.1574999999999997E-03  6.4875000000000002E-03
   3.7683333333333332E-03  6.7166666666666668E-03
   3.2680555555555557E-03  6.8883333333333331E-03
   2.6011111111111113E-03  7.0599999999999994E-03
   2.2119444444444443E-03  7.2891666666666669E-03
   1.9341666666666667E-03  7.5180555555555556E-03
   1.4338888888888888E-03  7.9188888888888885E-03
   1.2116666666666667E-03  8.0905555555555557E-03
   8.7805555555555553E-04  8.6058333333333334E-03
   5.4444444444444440E-04  9.1783333333333335E-03
   2.6666666666666668E-04  9.5219444444444440E-03
  -2.8916666666666674E-04  9.6363888888888888E-03
  -9.0083333333333335E-04  9.8080555555555560E-03
  -1.6788888888888886E-03  9.9797222222222232E-03
  -2.4013888888888891E-03  1.0208888888888889E-02
  -2.8461111111111109E-03  1.0380555555555556E-02
  -3.5133333333333336E-03  1.0666944444444444E-02
  -4.0136111111111102E-03  1.0895833333333334E-02
  -4.3469444444444441E-03  1.1010277777777779E-02
  -4.8472222222222224E-03  1.1353888888888889E-02
  -5.4586111111111111E-03  1.1582777777777779E-02
  -5.9033333333333333E-03  1.1754722222222225E-02
  -6.5147222222222221E-03  1.1926388888888886E-02
  -7.0150000000000013E-03  1.1983611111111112E-02
  -8.0155555555555570E-03  1.1869166666666667E-02
  -8.5158333333333336E-03  1.1640000000000001E-02
  -8.9049999999999997E-03  1.1582777777777779E-02
  -9.1827777777777793E-03  1.1697222222222223E-02
  -9.5719444444444454E-03  1.1926388888888886E-02
  -9.9055555555555563E-03  1.2098055555555556E-02
  -1.0739166666666668E-02  1.2441666666666667E-02
  -1.1295277777777779E-02  1.2613333333333334E-02
  -1.1851111111111111E-02  1.3071388888888889E-02
  -1.2240000000000001E-02  1.3357499999999998E-02
  -1.2629166666666667E-02  1.3643888888888889E-02
  -1.3073888888888888E-02  1.3872777777777779E-02
  -1.3518611111111110E-02  1.3987222222222224E-02
  -1.4296666666666666E-02  1.4216388888888890E-02
  -1.4963888888888888E-02  1.4388055555555557E-02
  -1.5575277777777775E-02  1.4559722222222220E-02
  -1.6131111111111110E-02  1.4617222222222222E-02
  -1.6909166666666666E-02  1.4731666666666667E-02
  -1.7520555555555553E-02  1.4788888888888890E-02
  -1.8465555555555555E-02  1.4903333333333331E-02
  -1.8910277777777776E-02  1.4960555555555557E-02
  -1.9577222222222218E-02  1.5132222222222221E-02
  -2.0021944444444443E-02  1.5361388888888890E-02
  -2.0466666666666668E-02  1.5533055555555557E-02
  -2.0911388888888893E-02  1.5647500000000002E-02
  -2.1411666666666666E-02  1.5762222222222223E-02
  -2.1967499999999997E-02  1.5418611111111112E-02
  -2.2301111111111115E-02  1.5017777777777779E-02
  -2.2690000000000002E-02  1.4674444444444445E-02
  -2.3412777777777775E-02  1.4159166666666667E-02
  -2.3801666666666662E-02  1.3872777777777779E-02
  -2.4024166666666669E-02  1.3701111111111108E-02
  -2.3857500000000004E-02  1.3300277777777779E-02
  -2.3468333333333331E-02  1.3128611111111112E-02
  -2.3190277777777778E-02  1.3014166666666667E-02
  -2.3079166666666664E-02  1.2956944444444445E-02
  -2.2578888888888884E-02  1.2498888888888886E-02
  -2.2412222222222219E-02  1.2098055555555556E-02
  -2.2134166666666663E-02  1.1640000000000001E-02
  -2.1745277777777777E-02  1.1181944444444446E-02
  -2.1356111111111110E-02  1.0781388888888889E-02
  -2.1133611111111113E-02  1.0380555555555556E-02
  -2.0855833333333337E-02  9.9797222222222232E-03
  -2.0522222222222223E-02  9.6363888888888888E-03
  -2.0244444444444443E-02  9.4644444444444455E-03
  -1.9966388888888888E-02  9.2355555555555559E-03
  -1.9410555555555556E-02  8.6630555555555558E-03
  -1.9188333333333332E-02  8.3194444444444453E-03
  -1.8799166666666665E-02  8.0333333333333333E-03
  -1.8465555555555555E-02  7.8616666666666661E-03
  -1.7965277777777774E-02  7.5180555555555556E-03
  -1.7520555555555553E-02  7.2319444444444445E-03
  -1.7187222222222222E-02  7.0599999999999994E-03
  -1.6742500000000000E-02  6.7738888888888883E-03
  -1.6575833333333331E-02  6.5447222222222226E-03
  -1.6075555555555555E-02  5.9722222222222216E-03
  -1.5630833333333330E-02  5.6288888888888899E-03
  -1.5130555555555553E-02  5.2852777777777776E-03
  -1.4796944444444446E-02  5.1708333333333337E-03
  -1.4519166666666666E-02  4.9991666666666665E-03
  -1.4241111111111111E-02  4.6555555555555551E-03
  -1.3963333333333335E-02  4.4838888888888897E-03
  -1.3407499999999996E-02  4.1974999999999998E-03
  -1.2907222222222223E-02  3.9113888888888887E-03
  -1.2629166666666667E-02  3.7394444444444445E-03
  -1.1962222222222221E-02  3.2816666666666667E-03
  -1.1406388888888890E-02  3.0525000000000001E-03
  -1.1017222222222223E-02  2.8236111111111109E-03
  -1.0572499999999999E-02  2.5372222222222224E-03
  -1.0350277777777778E-02  2.4227777777777780E-03
  -9.5719444444444454E-03  2.0219444444444443E-03
  -9.0161111111111102E-03  1.7358333333333334E-03
  -8.4602777777777784E-03  1.3350000000000000E-03
  -7.7933333333333335E-03  1.0488888888888889E-03
  -7.1819444444444431E-03  7.0527777777777776E-04
  -6.7927777777777769E-03  4.1888888888888889E-04
  -6.5147222222222221E-03  2.4722222222222224E-04
  -6.3480555555555556E-03  7.5555555555555706E-05
  -6.2369444444444443E-03 -3.2527777777777806E-04
  -6.1813888888888882E-03 -8.4055555555555554E-04
  -6.1813888888888882E-03 -1.1838888888888888E-03
  -6.1813888888888882E-03 -1.7563888888888889E-03
  -6.1813888888888882E-03 -2.3861111111111110E-03
  -6.1813888888888882E-03 -2.7869444444444448E-03
  -5.9588888888888894E-03 -3.2450000000000005E-03
  -5.7922222222222220E-03 -3.4738888888888892E-03
  -5.7366666666666660E-03 -4.1038888888888887E-03
  -5.9588888888888894E-03 -4.7908333333333327E-03
  -6.0144444444444447E-03 -5.2488888888888889E-03
  -6.0700000000000007E-03 -5.9930555555555544E-03
  -6.0700000000000007E-03 -6.5083333333333330E-03
  -5.9588888888888894E-03 -7.1380555555555563E-03
  -5.7366666666666660E-03 -7.6533333333333340E-03
  -6.0144444444444447E-03 -8.0538888888888882E-03
  -6.4036111111111108E-03 -8.2830555555555539E-03
  -6.6261111111111113E-03 -8.4547222222222211E-03
  -7.1261111111111117E-03 -8.9127777777777764E-03
  -7.6263888888888883E-03 -9.1416666666666660E-03
  -8.1266666666666675E-03 -9.3708333333333352E-03
  -8.7383333333333341E-03 -9.6569444444444437E-03
  -9.5719444444444454E-03 -1.0057777777777777E-02
  -9.9611111111111116E-03 -1.0114999999999999E-02
  -1.0850555555555554E-02 -1.0344166666666665E-02
  -1.1239444444444444E-02 -1.0344166666666665E-02
  -1.2184444444444446E-02 -1.0286666666666666E-02
  -1.2684722222222222E-02 -1.0286666666666666E-02
  -1.3296111111111113E-02 -1.0515833333333335E-02
  -1.3740833333333331E-02 -1.0973888888888887E-02
  -1.4241111111111111E-02 -1.1431666666666666E-02
  -1.4685833333333332E-02 -1.1718055555555554E-02
  -1.5241666666666667E-02 -1.2004166666666666E-02
  -1.5575277777777775E-02 -1.2347777777777777E-02
  -1.6131111111111110E-02 -1.2920277777777777E-02
  -1.6631388888888890E-02 -1.3378333333333332E-02
  -1.7353888888888887E-02 -1.3550000000000000E-02
  -1.7743055555555554E-02 -1.3779166666666669E-02
  -1.8409999999999996E-02 -1.4122500000000000E-02
  -1.8910277777777776E-02 -1.4408888888888891E-02
  -1.9410555555555556E-02 -1.4695000000000000E-02
  -1.9966388888888888E-02 -1.5267500000000000E-02
  -2.0355555555555557E-02 -1.5725555555555555E-02
  -2.0800277777777779E-02 -1.6355277777777774E-02
  -2.1133611111111113E-02 -1.6870555555555555E-02
  -2.1689444444444442E-02 -1.7042222222222222E-02
  -2.2523333333333329E-02 -1.7443055555555555E-02
  -2.3079166666666664E-02 -1.7614722222222223E-02
  -2.3801666666666662E-02 -1.8015555555555552E-02
  -2.4468888888888887E-02 -1.8530833333333333E-02
  -2.4802222222222222E-02 -1.8931666666666666E-02
  -2.5024722222222226E-02 -1.9618611111111114E-02
  -2.5413888888888889E-02 -2.0191111111111111E-02
  -2.5691666666666665E-02 -2.1164444444444444E-02
  -2.5024722222222226E-02 -2.0935277777777775E-02
  -2.4524444444444446E-02 -2.0534722222222222E-02
  -2.4190833333333332E-02 -2.0248333333333330E-02
  -2.3968611111111107E-02 -2.0133888888888892E-02
  -2.3468333333333331E-02 -2.0477222222222216E-02
  -2.3134722222222223E-02 -2.0649166666666666E-02
  -2.2578888888888884E-02 -2.0820833333333330E-02
  -2.2189722222222222E-02 -2.1049722222222220E-02
  -2.1745277777777777E-02 -2.1221666666666666E-02
  -2.1245000000000000E-02 -2.1278888888888889E-02
  -2.0689166666666665E-02 -2.1393333333333334E-02
  -2.0188888888888888E-02 -2.1393333333333334E-02
  -1.9855277777777777E-02 -2.1450555555555556E-02
  -1.9188333333333332E-02 -2.1622222222222223E-02
  -1.8799166666666665E-02 -2.1679722222222222E-02
  -1.7965277777777774E-02 -2.1564999999999997E-02
  -1.7353888888888887E-02 -2.1278888888888889E-02
  -1.6964722222222221E-02 -2.0992500000000001E-02
  -1.6631388888888890E-02 -2.0820833333333330E-02
  -1.6242222222222224E-02 -2.0591944444444440E-02
  -1.5853055555555554E-02 -2.0362777777777775E-02
  -1.5297222222222222E-02 -2.0248333333333330E-02
  -1.4463611111111111E-02 -2.0248333333333330E-02
  -1.3851944444444441E-02 -2.0191111111111111E-02
  -1.3184999999999999E-02 -2.0133888888888892E-02
  -1.2629166666666667E-02 -2.0133888888888892E-02
  -1.2128888888888890E-02 -2.0019444444444444E-02
  -1.1628611111111110E-02 -1.9904722222222219E-02
  -1.0961666666666665E-02 -1.9733055555555556E-02
  -1.0350277777777778E-02 -1.9618611111111114E-02
  -9.7386111111111076E-03 -1.9504166666666666E-02
  -9.2386111111111106E-03 -1.9389722222222221E-02
  -8.1266666666666675E-03 -1.9046111111111111E-02
  -7.9044444444444431E-03 -1.8931666666666666E-02
  -7.3486111111111104E-03 -1.8645277777777781E-02
  -6.7927777777777769E-03 -1.8416388888888888E-02
  -6.3480555555555556E-03 -1.8416388888888888E-02
  -5.6255555555555555E-03 -1.8301944444444444E-02
  -5.0697222222222229E-03 -1.8187222222222223E-02
  -4.4580555555555554E-03 -1.8129999999999997E-02
  -3.8466666666666666E-03 -1.8072777777777778E-02
  -3.1241666666666666E-03 -1.7843888888888888E-02
  -2.4013888888888891E-03 -1.7729444444444444E-02
  -1.9569444444444443E-03 -1.7557500000000000E-02
  -1.3452777777777777E-03 -1.7328611111111111E-02
  -7.3388888888888896E-04 -1.7099444444444445E-02
   4.3333333333333331E-04 -1.6641666666666666E-02
   1.1002777777777777E-03 -1.6412500000000000E-02
   1.6005555555555556E-03 -1.6240833333333333E-02
   2.3788888888888887E-03 -1.6011944444444443E-02
   3.2125000000000001E-03 -1.5782777777777778E-02
   3.9908333333333332E-03 -1.5496666666666666E-02
   4.7133333333333333E-03 -1.5267500000000000E-02
   5.0469444444444442E-03 -1.5153055555555555E-02
   5.7694444444444442E-03 -1.4809444444444445E-02
   6.2141666666666664E-03 -1.4580555555555551E-02
   6.8255555555555552E-03 -1.4351666666666669E-02
   7.2702777777777774E-03 -1.4752222222222222E-02
   7.6038888888888892E-03 -1.5038611111111110E-02
   7.9372222222222222E-03 -1.5267500000000000E-02
   7.8816666666666653E-03 -1.5725555555555555E-02
   7.6594444444444444E-03 -1.6011944444444443E-02
   7.4369444444444448E-03 -1.6412500000000000E-02
   7.3813888888888887E-03 -1.6756111111111111E-02
   7.3258333333333326E-03 -1.7042222222222222E-02
   7.4369444444444448E-03 -1.7385833333333333E-02
   7.8816666666666653E-03 -1.7843888888888888E-02
   8.3263888888888884E-03 -1.8244444444444442E-02
   8.7155555555555562E-03 -1.8473611111111107E-02
   9.1602777777777776E-03 -1.8702499999999997E-02
   9.4380555555555537E-03 -1.8988888888888885E-02
   9.6049999999999990E-03 -1.9618611111111114E-02
   9.8827777777777785E-03 -2.0019444444444444E-02
   1.0160833333333334E-02 -2.0420000000000004E-02
   1.0327500000000000E-02 -2.0935277777777775E-02
   1.0438611111111110E-02 -2.1450555555555556E-02
   1.0661111111111111E-02 -2.2080277777777779E-02
   1.0716666666666666E-02 -2.2652777777777779E-02
   1.0494166666666666E-02 -2.2881944444444441E-02
   1.0049444444444444E-02 -2.3053611111111108E-02
   9.4380555555555537E-03 -2.3339722222222220E-02
   8.9377777777777771E-03 -2.3568888888888889E-02
   8.5488888888888889E-03 -2.3740555555555556E-02
   8.1041666666666658E-03 -2.3912500000000000E-02
   7.7150000000000005E-03 -2.4141388888888886E-02
   7.2147222222222222E-03 -2.4542222222222222E-02
   6.8811111111111113E-03 -2.4942777777777776E-02
   6.3252777777777778E-03 -2.5286388888888886E-02
   5.7694444444444442E-03 -2.5515277777777779E-02
   5.0469444444444442E-03 -2.5858888888888890E-02
   4.7133333333333333E-03 -2.6145000000000002E-02
   4.4355555555555554E-03 -2.6374166666666664E-02
   4.1019444444444445E-03 -2.6832222222222223E-02
   3.6016666666666666E-03 -2.7519166666666667E-02
   3.4905555555555558E-03 -2.7977222222222223E-02
   3.1569444444444444E-03 -2.8549722222222226E-02
   2.7122222222222222E-03 -2.9122222222222223E-02
   2.3788888888888887E-03 -2.9522777777777773E-02
   1.7675000000000000E-03 -2.9980833333333332E-02
   1.2672222222222223E-03 -3.0610555555555558E-02
   7.1138888888888890E-04 -3.1125833333333332E-02
   5.4444444444444440E-04 -3.1354999999999994E-02
  -1.1388888888888907E-05 -3.2041944444444442E-02
  -3.4472222222222217E-04 -3.2614444444444446E-02
  -6.2277777777777765E-04 -3.3244166666666665E-02
  -8.4500000000000026E-04 -3.3931111111111106E-02
  -1.1786111111111112E-03 -3.4331944444444443E-02
  -1.4008333333333334E-03 -3.4904444444444439E-02
  -1.5122222222222225E-03 -3.5362499999999998E-02
  -1.4566666666666669E-03 -3.6106666666666669E-02
  -6.2277777777777765E-04 -3.6049444444444440E-02
   2.1111111111111113E-04 -3.5877777777777772E-02
   8.7805555555555553E-04 -3.5763055555555555E-02
   1.6561111111111112E-03 -3.5591388888888888E-02
   2.3233333333333335E-03 -3.5362499999999998E-02
   2.7677777777777779E-03 -3.5190555555555551E-02
   3.2680555555555557E-03 -3.4847222222222224E-02
   3.6572222222222223E-03 -3.4503611111111110E-02
   3.9908333333333332E-03 -3.4160277777777776E-02
   4.6577777777777780E-03 -3.3873888888888891E-02
   5.4361111111111112E-03 -3.3702222222222217E-02
   5.9919444444444447E-03 -3.3530277777777777E-02
   6.6588888888888895E-03 -3.3301388888888887E-02
   7.2147222222222222E-03 -3.3129722222222220E-02
   7.5483333333333331E-03 -3.2900555555555558E-02
   8.1041666666666658E-03 -3.2385277777777777E-02
   8.3263888888888884E-03 -3.2041944444444442E-02
   8.8266666666666667E-03 -3.1526666666666668E-02
   9.0491666666666672E-03 -3.1297777777777779E-02
   9.5494444444444437E-03 -3.0782499999999997E-02
   9.8272222222222233E-03 -3.0496111111111113E-02
   1.0494166666666666E-02 -3.0038055555555557E-02
   1.1161388888888891E-02 -2.9637500000000001E-02
   1.1661666666666667E-02 -2.9408333333333328E-02
   1.2161944444444444E-02 -2.9351111111111109E-02
   1.2717777777777779E-02 -2.9293888888888890E-02
   1.3773888888888888E-02 -2.9007777777777775E-02
   1.4385277777777782E-02 -2.8835833333333331E-02
   1.4941111111111110E-02 -2.8606944444444445E-02
   1.5552500000000000E-02 -2.8206111111111109E-02
   1.5997222222222225E-02 -2.7920000000000004E-02
   1.6553055555555553E-02 -2.7576388888888893E-02
   1.7053333333333334E-02 -2.7118333333333335E-02
   1.7609166666666665E-02 -2.6660277777777779E-02
   1.8053888888888890E-02 -2.6145000000000002E-02
   1.8443055555555556E-02 -2.5744444444444445E-02
   1.8720833333333336E-02 -2.5400833333333331E-02
   1.9165555555555557E-02 -2.4942777777777776E-02
   1.9499166666666665E-02 -2.4485000000000000E-02
   2.0610833333333335E-02 -2.4713888888888882E-02
   2.1333333333333333E-02 -2.5229166666666667E-02
   2.1944722222222223E-02 -2.5858888888888890E-02
   2.2445000000000003E-02 -2.6202500000000000E-02
   2.3278888888888891E-02 -2.6717499999999998E-02
   2.4335000000000006E-02 -2.7404722222222219E-02
   2.5224444444444445E-02 -2.7748055555555554E-02
