   3.0611111111111112E-03  6.1749999999999999E-03
   2.5055555555555556E-03  6.2861111111111112E-03
   1.9472222222222221E-03  6.5083333333333339E-03
   1.5583333333333332E-03  6.6194444444444452E-03
   1.2250000000000000E-03  6.7305555555555556E-03
   1.2250000000000000E-03  7.1749999999999991E-03
   1.0583333333333334E-03  7.8388888888888883E-03
   9.4722222222222213E-04  8.1722222222222231E-03
   7.2500000000000006E-04  8.5055555555555561E-03
   4.4444444444444447E-04  8.7805555555555553E-03
   0.0000000000000000E+00  9.1694444444444453E-03
  -5.5555555555555556E-04  9.4472222222222232E-03
  -1.4472222222222221E-03  9.7805555555555562E-03
  -2.0583333333333335E-03  9.9444444444444433E-03
  -2.1722222222222225E-03  1.0333333333333333E-02
  -2.5611111111111112E-03  1.0833333333333334E-02
  -2.7833333333333334E-03  1.1386111111111111E-02
  -3.0611111111111112E-03  1.1775000000000001E-02
  -3.3944444444444447E-03  1.2163888888888889E-02
  -3.7305555555555555E-03  1.2494444444444443E-02
  -4.4527777777777777E-03  1.2661111111111111E-02
  -5.1222222222222225E-03  1.2827777777777778E-02
  -5.9555555555555559E-03  1.3049999999999999E-02
  -6.7916666666666663E-03  1.3216666666666666E-02
  -7.5138888888888894E-03  1.3327777777777779E-02
  -8.2388888888888876E-03  1.3383333333333334E-02
  -8.6277777777777776E-03  1.3491666666666667E-02
  -8.7944444444444450E-03  1.3769444444444444E-02
  -8.8500000000000002E-03  1.4436111111111113E-02
  -8.8500000000000002E-03  1.4988888888888888E-02
  -9.0166666666666659E-03  1.5433333333333334E-02
  -9.5194444444444450E-03  1.6319444444444445E-02
  -9.9638888888888902E-03  1.6652777777777780E-02
  -1.0633333333333333E-02  1.6930555555555556E-02
  -1.0966666666666666E-02  1.7149999999999999E-02
  -1.1577777777777777E-02  1.7594444444444444E-02
  -1.2358333333333334E-02  1.8261111111111110E-02
  -1.2969444444444443E-02  1.8758333333333335E-02
  -1.3527777777777777E-02  1.9258333333333336E-02
  -1.3861111111111111E-02  1.9588888888888892E-02
  -1.4416666666666668E-02  2.0255555555555554E-02
  -1.4863888888888890E-02  2.0644444444444444E-02
  -1.5530555555555556E-02  2.0919444444444445E-02
  -1.5919444444444444E-02  2.1141666666666666E-02
  -1.6366666666666665E-02  2.1475000000000001E-02
  -1.6477777777777775E-02  2.1808333333333332E-02
  -1.6811111111111110E-02  2.2305555555555558E-02
  -1.7311111111111110E-02  2.3027777777777775E-02
  -1.7591666666666665E-02  2.3413888888888887E-02
  -1.7925000000000000E-02  2.3858333333333332E-02
  -1.8425000000000000E-02  2.4247222222222222E-02
  -1.8927777777777779E-02  2.4633333333333333E-02
  -1.9205555555555556E-02  2.4800000000000003E-02
  -1.9205555555555556E-02  2.5300000000000003E-02
  -1.9316666666666666E-02  2.5852777777777777E-02
  -1.9483333333333335E-02  2.6463888888888887E-02
  -1.9872222222222222E-02  2.7016666666666668E-02
  -2.0597222222222225E-02  2.7572222222222224E-02
  -2.1374999999999998E-02  2.7850000000000000E-02
  -2.1933333333333332E-02  2.8016666666666665E-02
  -2.2488888888888888E-02  2.8236111111111111E-02
  -2.2936111111111112E-02  2.8402777777777777E-02
  -2.3380555555555557E-02  2.8513888888888887E-02
  -2.4047222222222223E-02  2.8624999999999998E-02
  -2.4716666666666668E-02  2.8847222222222222E-02
  -2.5161111111111113E-02  2.9124999999999998E-02
  -2.5719444444444444E-02  2.9733333333333334E-02
  -2.6386111111111110E-02  3.0730555555555556E-02
  -2.6663888888888890E-02  3.1508333333333333E-02
  -2.7166666666666665E-02  3.2172222222222220E-02
  -2.7555555555555555E-02  3.2727777777777772E-02
  -2.8277777777777777E-02  3.3502777777777777E-02
  -2.8613888888888890E-02  3.4058333333333329E-02
  -2.9169444444444446E-02  3.4388888888888886E-02
  -2.9836111111111112E-02  3.4611111111111113E-02
  -3.0616666666666667E-02  3.4888888888888886E-02
  -3.1227777777777781E-02  3.5055555555555555E-02
  -3.1563888888888891E-02  3.5277777777777776E-02
  -3.1841666666666671E-02  3.5719444444444443E-02
  -3.2397222222222223E-02  3.6052777777777781E-02
  -3.2955555555555550E-02  3.6275000000000002E-02
  -3.3455555555555551E-02  3.6497222222222223E-02
  -3.3677777777777779E-02  3.6772222222222220E-02
  -3.3788888888888889E-02  3.7327777777777772E-02
  -3.4069444444444444E-02  3.8102777777777777E-02
  -3.4180555555555554E-02  3.8491666666666667E-02
  -3.4680555555555555E-02  3.9266666666666665E-02
  -3.5124999999999997E-02  3.9655555555555555E-02
  -3.5516666666666669E-02  3.9933333333333335E-02
  -3.5961111111111110E-02  4.0155555555555555E-02
  -3.6516666666666669E-02  4.0208333333333332E-02
  -3.7019444444444445E-02  4.0708333333333332E-02
  -3.7519444444444446E-02  4.0819444444444443E-02
  -3.8688888888888891E-02  4.1152777777777781E-02
  -3.9522222222222222E-02  4.1208333333333333E-02
  -4.0191666666666667E-02  4.1097222222222222E-02
  -4.0636111111111109E-02  4.1097222222222222E-02
  -4.1638888888888892E-02  4.1650000000000000E-02
  -4.2249999999999996E-02  4.2094444444444448E-02
  -4.2919444444444448E-02  4.2261111111111110E-02
  -4.3641666666666662E-02  4.2261111111111110E-02
  -4.4199999999999996E-02  4.2372222222222221E-02
  -4.4811111111111107E-02  4.2980555555555550E-02
  -4.5033333333333335E-02  4.3480555555555557E-02
  -4.5202777777777779E-02  4.3977777777777782E-02
  -4.5536111111111111E-02  4.4755555555555555E-02
  -4.6147222222222221E-02  4.5197222222222222E-02
  -4.6594444444444445E-02  4.5919444444444443E-02
  -4.6816666666666666E-02  4.6527777777777779E-02
  -4.7094444444444446E-02  4.7027777777777779E-02
  -4.7261111111111115E-02  4.7250000000000000E-02
  -4.7705555555555557E-02  4.7525000000000005E-02
  -4.8208333333333332E-02  4.7802777777777777E-02
  -4.8763888888888891E-02  4.8024999999999998E-02
  -4.9433333333333329E-02  4.8136111111111109E-02
  -4.9766666666666660E-02  4.8024999999999998E-02
  -5.0155555555555557E-02  4.7747222222222226E-02
  -5.0936111111111106E-02  4.8136111111111109E-02
  -5.1213888888888892E-02  4.8358333333333330E-02
  -5.1658333333333334E-02  4.8855555555555555E-02
  -5.2161111111111116E-02  4.9411111111111107E-02
  -5.2883333333333331E-02  4.9855555555555556E-02
  -5.3438888888888890E-02  5.0297222222222222E-02
  -5.3886111111111107E-02  5.0852777777777775E-02
  -5.4330555555555556E-02  5.1183333333333331E-02
  -5.4888888888888890E-02  5.1627777777777779E-02
  -5.5222222222222221E-02  5.2016666666666669E-02
  -5.5722222222222215E-02  5.2458333333333336E-02
  -5.6280555555555556E-02  5.2958333333333329E-02
  -5.7002777777777770E-02  5.3291666666666661E-02
  -5.7613888888888888E-02  5.3677777777777776E-02
  -5.7949999999999995E-02  5.3458333333333337E-02
  -5.8227777777777781E-02  5.2902777777777778E-02
  -5.8616666666666664E-02  5.2238888888888890E-02
  -5.8672222222222223E-02  5.1461111111111110E-02
  -5.8561111111111112E-02  5.0686111111111112E-02
  -5.8283333333333326E-02  5.0297222222222222E-02
  -5.8116666666666671E-02  4.9577777777777783E-02
  -5.8227777777777781E-02  4.9188888888888886E-02
  -5.8450000000000002E-02  4.8525000000000006E-02
  -5.8727777777777775E-02  4.7580555555555550E-02
  -5.8838888888888885E-02  4.6638888888888889E-02
  -5.8783333333333333E-02  4.5308333333333332E-02
  -5.8672222222222223E-02  4.4366666666666665E-02
  -5.8227777777777781E-02  4.3424999999999998E-02
  -5.7783333333333332E-02  4.2758333333333329E-02
  -5.6947222222222225E-02  4.2094444444444448E-02
  -5.6502777777777777E-02  4.1427777777777779E-02
  -5.5833333333333325E-02  4.0597222222222222E-02
  -5.5777777777777780E-02  3.9544444444444445E-02
  -5.5944444444444436E-02  3.8602777777777778E-02
  -5.6111111111111112E-02  3.7936111111111108E-02
  -5.6280555555555556E-02  3.7383333333333338E-02
  -5.6336111111111108E-02  3.6661111111111110E-02
  -5.6000000000000001E-02  3.5997222222222222E-02
  -5.5666666666666670E-02  3.5386111111111111E-02
  -5.5611111111111104E-02  3.4444444444444444E-02
  -5.5277777777777780E-02  3.3558333333333329E-02
  -5.5055555555555552E-02  3.3169444444444446E-02
  -5.5055555555555552E-02  3.2616666666666662E-02
  -5.4888888888888890E-02  3.2061111111111110E-02
  -5.4608333333333335E-02  3.1508333333333333E-02
  -5.4608333333333335E-02  3.0952777777777780E-02
  -5.4608333333333335E-02  3.0344444444444445E-02
  -5.4274999999999997E-02  2.9899999999999999E-02
  -5.3886111111111107E-02  2.9399999999999999E-02
  -5.3383333333333331E-02  2.8958333333333332E-02
  -5.2938888888888896E-02  2.8458333333333332E-02
  -5.2716666666666669E-02  2.7961111111111110E-02
  -5.2161111111111116E-02  2.7238888888888889E-02
  -5.1769444444444451E-02  2.6797222222222222E-02
  -5.1325000000000003E-02  2.6463888888888887E-02
  -5.0377777777777778E-02  2.6463888888888887E-02
  -4.9600000000000005E-02  2.7016666666666668E-02
  -4.9041666666666664E-02  2.7572222222222224E-02
  -4.8708333333333326E-02  2.8016666666666665E-02
  -4.8097222222222222E-02  2.7627777777777779E-02
  -4.7427777777777777E-02  2.7461111111111113E-02
  -4.6927777777777777E-02  2.7238888888888889E-02
  -4.7094444444444446E-02  2.6352777777777777E-02
  -4.6872222222222225E-02  2.5852777777777777E-02
  -4.6480555555555553E-02  2.5411111111111110E-02
  -4.6536111111111111E-02  2.4800000000000003E-02
  -4.6927777777777777E-02  2.4247222222222222E-02
  -4.6816666666666666E-02  2.3469444444444446E-02
  -4.6480555555555553E-02  2.3027777777777775E-02
  -4.6036111111111111E-02  2.2305555555555558E-02
  -4.6036111111111111E-02  2.1641666666666667E-02
  -4.6036111111111111E-02  2.0752777777777776E-02
  -4.5758333333333331E-02  2.0033333333333334E-02
  -4.5258333333333331E-02  1.9147222222222222E-02
  -4.4977777777777776E-02  1.8369444444444445E-02
  -4.4366666666666665E-02  1.7872222222222220E-02
  -4.3866666666666672E-02  1.7427777777777778E-02
  -4.3475000000000007E-02  1.6930555555555556E-02
  -4.3030555555555558E-02  1.6375000000000001E-02
  -4.2641666666666661E-02  1.5711111111111110E-02
  -4.2641666666666661E-02  1.5266666666666666E-02
  -4.2641666666666661E-02  1.4158333333333335E-02
  -4.2361111111111106E-02  1.3105555555555556E-02
  -4.1361111111111105E-02  1.2438888888888888E-02
  -4.0302777777777778E-02  1.2052777777777779E-02
  -3.9411111111111112E-02  1.1941666666666666E-02
  -3.8577777777777780E-02  1.2383333333333333E-02
  -3.7630555555555556E-02  1.3713888888888890E-02
  -3.7186111111111114E-02  1.2772222222222221E-02
  -3.7130555555555556E-02  1.1941666666666666E-02
  -3.6908333333333335E-02  1.1219444444444443E-02
  -3.6683333333333332E-02  1.0722222222222223E-02
  -3.6294444444444442E-02  1.0055555555555555E-02
  -3.5961111111111110E-02  9.5583333333333336E-03
  -3.5516666666666669E-02  9.1138888888888884E-03
  -3.4902777777777776E-02  8.8361111111111106E-03
  -3.3955555555555551E-02  8.8916666666666658E-03
  -3.3344444444444440E-02  9.0583333333333332E-03
  -3.3011111111111116E-02  9.0027777777777779E-03
  -3.2508333333333334E-02  8.7805555555555553E-03
  -3.2175000000000002E-02  8.2833333333333335E-03
  -3.1897222222222216E-02  7.7277777777777779E-03
  -3.1341666666666670E-02  7.1194444444444439E-03
  -3.0672222222222226E-02  6.4527777777777778E-03
  -3.0450000000000001E-02  6.2305555555555552E-03
  -3.0450000000000001E-02  5.7333333333333333E-03
  -3.0227777777777780E-02  4.9555555555555559E-03
  -3.0005555555555556E-02  4.1805555555555554E-03
  -2.9613888888888891E-02  3.5166666666666662E-03
  -2.9113888888888891E-02  3.0166666666666666E-03
  -2.8444444444444446E-02  2.5166666666666666E-03
  -2.7500000000000000E-02  2.1861111111111113E-03
  -2.6663888888888890E-02  1.9083333333333333E-03
  -2.5661111111111110E-02  1.7972222222222220E-03
  -2.4550000000000002E-02  1.6861111111111111E-03
  -2.3213888888888888E-02  1.5194444444444444E-03
  -2.2766666666666668E-02  1.4083333333333335E-03
  -2.2655555555555554E-02  1.1888888888888889E-03
  -2.2377777777777778E-02  1.1888888888888889E-03
  -2.1711111111111112E-02  9.1111111111111124E-04
  -2.1208333333333333E-02  6.3333333333333340E-04
  -2.1486111111111109E-02 -4.7500000000000000E-04
  -2.1766666666666667E-02 -1.3055555555555555E-03
  -2.1988888888888888E-02 -2.1944444444444446E-03
  -2.2099999999999998E-02 -2.7472222222222221E-03
  -2.2266666666666667E-02 -3.1916666666666669E-03
  -2.2433333333333333E-02 -3.5777777777777778E-03
  -2.2599999999999999E-02 -4.0777777777777783E-03
  -2.2655555555555554E-02 -4.6333333333333331E-03
  -2.2544444444444443E-02 -5.0194444444444444E-03
  -2.2322222222222222E-02 -5.2416666666666670E-03
  -2.1766666666666667E-02 -5.6861111111111105E-03
  -2.1208333333333333E-02 -6.6833333333333337E-03
  -2.1041666666666667E-02 -7.3472222222222229E-03
  -2.0763888888888891E-02 -8.2916666666666659E-03
  -2.0038888888888891E-02 -8.6777777777777773E-03
  -1.9372222222222221E-02 -8.8444444444444447E-03
  -1.8983333333333335E-02 -9.0666666666666673E-03
  -1.8425000000000000E-02 -9.6749999999999996E-03
  -1.7366666666666666E-02 -1.0397222222222223E-02
  -1.6644444444444444E-02 -1.0950000000000000E-02
  -1.6200000000000003E-02 -1.1227777777777777E-02
  -1.5252777777777778E-02 -1.1838888888888890E-02
  -1.5141666666666668E-02 -1.2336111111111110E-02
  -1.4697222222222223E-02 -1.3169444444444445E-02
  -1.4138888888888888E-02 -1.4111111111111111E-02
  -1.3472222222222222E-02 -1.4552777777777779E-02
  -1.2413888888888889E-02 -1.4830555555555557E-02
  -1.1858333333333334E-02 -1.5552777777777776E-02
  -1.0019444444444445E-02 -1.6661111111111113E-02
  -9.3527777777777776E-03 -1.7047222222222224E-02
  -8.9611111111111107E-03 -1.7269444444444445E-02
  -8.7388888888888881E-03 -1.7713888888888890E-02
  -8.7388888888888881E-03 -1.8266666666666667E-02
  -8.4055555555555550E-03 -1.9211111111111109E-02
  -7.9055555555555563E-03 -1.8877777777777778E-02
  -7.3472222222222229E-03 -1.8211111111111108E-02
  -6.1777777777777777E-03 -1.8933333333333333E-02
  -5.6777777777777781E-03 -1.9211111111111109E-02
  -5.9555555555555559E-03 -1.9708333333333335E-02
  -6.2916666666666668E-03 -2.0649999999999998E-02
  -6.6249999999999998E-03 -2.1705555555555554E-02
  -6.9027777777777776E-03 -2.2702777777777780E-02
  -7.2916666666666668E-03 -2.3144444444444447E-02
  -7.7944444444444450E-03 -2.3755555555555554E-02
  -8.1277777777777789E-03 -2.4586111111111111E-02
  -8.4055555555555550E-03 -2.4808333333333335E-02
  -9.1861111111111102E-03 -2.5086111111111111E-02
  -9.9083333333333332E-03 -2.5419444444444446E-02
  -1.1022222222222221E-02 -2.5972222222222223E-02
  -1.2080555555555556E-02 -2.6583333333333334E-02
  -1.3694444444444445E-02 -2.7025000000000000E-02
  -1.4697222222222223E-02 -2.7302777777777777E-02
  -1.5197222222222223E-02 -2.7358333333333332E-02
  -1.5530555555555556E-02 -2.7302777777777777E-02
  -1.6088888888888889E-02 -2.6969444444444445E-02
  -1.6533333333333330E-02 -2.7469444444444446E-02
  -1.7033333333333331E-02 -2.8188888888888888E-02
  -1.7925000000000000E-02 -2.8744444444444444E-02
  -1.8872222222222221E-02 -2.8911111111111110E-02
  -1.9816666666666666E-02 -2.9408333333333331E-02
  -2.0819444444444446E-02 -2.9963888888888887E-02
  -2.1430555555555553E-02 -3.0405555555555557E-02
  -2.1988888888888888E-02 -3.1016666666666668E-02
  -2.2377777777777778E-02 -3.1736111111111111E-02
  -2.2599999999999999E-02 -3.2402777777777780E-02
  -2.2822222222222223E-02 -3.3399999999999999E-02
  -2.3047222222222222E-02 -3.3788888888888889E-02
  -2.3491666666666668E-02 -3.3622222222222220E-02
  -2.4550000000000002E-02 -3.3844444444444441E-02
  -2.4550000000000002E-02 -3.4563888888888887E-02
  -2.4327777777777778E-02 -3.5616666666666665E-02
  -2.3824999999999999E-02 -3.6391666666666669E-02
  -2.3491666666666668E-02 -3.7280555555555560E-02
  -2.3102777777777778E-02 -3.8222222222222220E-02
  -2.2822222222222223E-02 -3.8722222222222227E-02
  -2.2211111111111112E-02 -3.9441666666666667E-02
  -2.1822222222222222E-02 -3.9774999999999998E-02
  -2.1430555555555553E-02 -4.0272222222222223E-02
  -2.0874999999999998E-02 -4.0883333333333334E-02
  -2.0708333333333336E-02 -4.1602777777777780E-02
  -2.0486111111111111E-02 -4.2158333333333332E-02
  -2.0319444444444446E-02 -4.3099999999999999E-02
  -1.9872222222222222E-02 -4.3655555555555559E-02
  -1.9316666666666666E-02 -4.3930555555555556E-02
  -1.8872222222222221E-02 -4.4263888888888894E-02
  -1.8702777777777777E-02 -4.4652777777777777E-02
  -1.8702777777777777E-02 -4.5149999999999996E-02
  -1.8816666666666666E-02 -4.5872222222222224E-02
  -1.8536111111111111E-02 -4.6591666666666670E-02
  -1.8313888888888890E-02 -4.6702777777777781E-02
  -1.7869444444444445E-02 -4.7036111111111112E-02
  -1.7536111111111110E-02 -4.7533333333333337E-02
  -1.7033333333333331E-02 -4.8366666666666669E-02
  -1.6477777777777775E-02 -4.8697222222222218E-02
  -1.5919444444444444E-02 -4.8975000000000005E-02
  -1.5252777777777778E-02 -4.9419444444444446E-02
  -1.5086111111111113E-02 -5.0638888888888886E-02
  -1.4808333333333333E-02 -5.1525000000000001E-02
  -1.4416666666666668E-02 -5.2355555555555558E-02
  -1.3972222222222223E-02 -5.3355555555555552E-02
  -1.3472222222222222E-02 -5.3908333333333336E-02
  -1.2636111111111112E-02 -5.5016666666666665E-02
  -1.1913888888888889E-02 -5.5127777777777776E-02
  -1.0466666666666668E-02 -5.4738888888888892E-02
  -9.9083333333333332E-03 -5.4519444444444440E-02
  -9.4083333333333328E-03 -5.4352777777777778E-02
  -8.5722222222222224E-03 -5.4905555555555555E-02
  -7.8500000000000011E-03 -5.6069444444444443E-02
  -7.5694444444444446E-03 -5.6347222222222229E-02
  -6.7916666666666663E-03 -5.6902777777777781E-02
  -5.8444444444444446E-03 -5.6902777777777781E-02
  -4.7305555555555556E-03 -5.6569444444444450E-02
  -4.5638888888888890E-03 -5.7013888888888892E-02
  -4.5083333333333329E-03 -5.7233333333333331E-02
  -3.7861111111111112E-03 -5.7455555555555558E-02
  -3.0055555555555556E-03 -5.6847222222222223E-02
  -2.3944444444444443E-03 -5.5294444444444452E-02
  -2.2277777777777777E-03 -5.4463888888888895E-02
  -1.9472222222222221E-03 -5.3963888888888888E-02
  -1.6138888888888889E-03 -5.4019444444444446E-02
  -7.2500000000000006E-04 -5.4074999999999998E-02
  -2.2222222222222223E-04 -5.4074999999999998E-02
   3.3333333333333332E-04 -5.4575000000000005E-02
   8.3611111111111104E-04 -5.4627777777777782E-02
   2.1722222222222225E-03 -5.3963888888888888E-02
   3.1166666666666665E-03 -5.2800000000000000E-02
   3.6749999999999999E-03 -5.1580555555555553E-02
   4.0638888888888895E-03 -5.0916666666666666E-02
   4.6750000000000003E-03 -4.9805555555555561E-02
   5.1777777777777777E-03 -4.8975000000000005E-02
   6.2916666666666668E-03 -4.7311111111111109E-02
   6.6249999999999998E-03 -4.6425000000000001E-02
   6.5694444444444437E-03 -4.5816666666666665E-02
   7.0138888888888890E-03 -4.5372222222222224E-02
   7.9611111111111115E-03 -4.4708333333333336E-02
   8.6277777777777776E-03 -4.4097222222222218E-02
   9.7972222222222228E-03 -4.2822222222222220E-02
   1.0075000000000001E-02 -4.2047222222222222E-02
   1.0577777777777778E-02 -4.1825000000000001E-02
   1.1800000000000000E-02 -4.1491666666666670E-02
   1.2691666666666665E-02 -4.1269444444444442E-02
   1.3416666666666667E-02 -4.0994444444444444E-02
   1.4305555555555556E-02 -4.0716666666666665E-02
   1.4586111111111112E-02 -4.0994444444444444E-02
   1.5030555555555556E-02 -4.2047222222222222E-02
   1.5363888888888890E-02 -4.2988888888888889E-02
   1.5697222222222224E-02 -4.3655555555555559E-02
   1.6033333333333333E-02 -4.4375000000000005E-02
   1.6088888888888889E-02 -4.5149999999999996E-02
   1.5863888888888889E-02 -4.6591666666666670E-02
   1.5363888888888890E-02 -4.7755555555555551E-02
   1.4752777777777778E-02 -4.8697222222222218E-02
   1.4027777777777778E-02 -4.9916666666666672E-02
   1.3750000000000000E-02 -5.1191666666666663E-02
   1.3750000000000000E-02 -5.2080555555555554E-02
   1.3805555555555555E-02 -5.3188888888888890E-02
   1.4027777777777778E-02 -5.4408333333333329E-02
   1.4416666666666668E-02 -5.5847222222222222E-02
   1.4472222222222223E-02 -5.6680555555555560E-02
   1.4919444444444445E-02 -5.7900000000000000E-02
   1.5363888888888890E-02 -5.8452777777777770E-02
   1.6977777777777776E-02 -5.9452777777777771E-02
   1.7869444444444445E-02 -5.9727777777777775E-02
   1.8761111111111110E-02 -6.0061111111111107E-02
   1.9372222222222221E-02 -6.0061111111111107E-02
   2.0430555555555556E-02 -6.0505555555555555E-02
   2.0986111111111108E-02 -6.0836111111111119E-02
   2.1933333333333332E-02 -6.1280555555555560E-02
   2.2599999999999999E-02 -6.1669444444444443E-02
   2.3158333333333333E-02 -6.2333333333333324E-02
   2.3991666666666668E-02 -6.3000000000000000E-02
   2.4494444444444444E-02 -6.2555555555555545E-02
   2.4994444444444444E-02 -6.2166666666666669E-02
   2.5719444444444444E-02 -6.2166666666666669E-02
   2.6163888888888889E-02 -6.2055555555555558E-02
   2.6441666666666665E-02 -6.1002777777777774E-02
   2.6052777777777775E-02 -6.0283333333333328E-02
   2.5830555555555555E-02 -5.9783333333333334E-02
   2.6330555555555555E-02 -5.9063888888888888E-02
   2.6386111111111110E-02 -5.8341666666666660E-02
   2.6608333333333331E-02 -5.7677777777777779E-02
   2.6886111111111111E-02 -5.7013888888888892E-02
   2.7666666666666666E-02 -5.6236111111111119E-02
   2.8222222222222221E-02 -5.5349999999999996E-02
   2.9225000000000001E-02 -5.4019444444444446E-02
   2.9894444444444446E-02 -5.2800000000000000E-02
   3.0227777777777780E-02 -5.2025000000000002E-02
   3.0616666666666667E-02 -5.1302777777777780E-02
   3.0505555555555557E-02 -5.0361111111111106E-02
   3.0505555555555557E-02 -4.9530555555555557E-02
   3.0894444444444447E-02 -4.8586111111111108E-02
   3.1286111111111112E-02 -4.7977777777777772E-02
   3.2175000000000002E-02 -4.6980555555555553E-02
   3.2341666666666664E-02 -4.6369444444444442E-02
   3.2844444444444440E-02 -4.5538888888888886E-02
   3.3122222222222220E-02 -4.4541666666666667E-02
   3.3177777777777778E-02 -4.3930555555555556E-02
   3.3066666666666661E-02 -4.2766666666666668E-02
   3.2900000000000006E-02 -4.1825000000000001E-02
   3.2508333333333334E-02 -4.0994444444444444E-02
   3.2230555555555554E-02 -4.0605555555555554E-02
   3.1952777777777781E-02 -3.9719444444444446E-02
   3.1675000000000002E-02 -3.8941666666666666E-02
   3.1675000000000002E-02 -3.7722222222222226E-02
   3.1786111111111112E-02 -3.7002777777777780E-02
   3.2008333333333333E-02 -3.6502777777777780E-02
   3.2341666666666664E-02 -3.5616666666666665E-02
   3.2844444444444440E-02 -3.4341666666666666E-02
   3.3288888888888889E-02 -3.3122222222222220E-02
   3.3788888888888889E-02 -3.2013888888888890E-02
   3.4124999999999996E-02 -3.1405555555555555E-02
   3.8244444444444442E-02 -2.9519444444444445E-02
   3.8577777777777780E-02 -2.9852777777777777E-02
   3.9411111111111112E-02 -3.0961111111111113E-02
   4.0025000000000005E-02 -3.1680555555555559E-02
   4.0802777777777778E-02 -3.2458333333333339E-02
   4.1694444444444444E-02 -3.3177777777777778E-02
   4.2419444444444440E-02 -3.3677777777777779E-02
   4.3030555555555558E-02 -3.3844444444444441E-02
   4.4866666666666666E-02 -3.4341666666666666E-02
   4.5536111111111111E-02 -3.4286111111111107E-02
   4.6538888888888887E-02 -3.4008333333333335E-02
   4.7205555555555556E-02 -3.3788888888888889E-02
   4.7761111111111115E-02 -3.3455555555555551E-02
   4.8875000000000002E-02 -3.2625000000000001E-02
   4.9433333333333329E-02 -3.2236111111111111E-02
   5.0322222222222220E-02 -3.1350000000000003E-02
   5.0824999999999995E-02 -3.0461111111111112E-02
   5.0824999999999995E-02 -2.9852777777777777E-02
   5.1547222222222223E-02 -3.0350000000000002E-02
   5.2661111111111110E-02 -3.0738888888888889E-02
   5.3719444444444445E-02 -3.1183333333333334E-02
   5.5000000000000000E-02 -3.1569444444444449E-02
   5.6947222222222225E-02 -3.1569444444444449E-02
   5.8227777777777781E-02 -3.1350000000000003E-02
   5.9730555555555558E-02 -3.0905555555555558E-02
   6.0063888888888889E-02 -3.1016666666666668E-02
   6.0397222222222227E-02 -3.1516666666666665E-02
   6.1177777777777775E-02 -3.2069444444444449E-02
   6.1958333333333337E-02 -3.2291666666666670E-02
   6.2625000000000000E-02 -3.2402777777777780E-02
   6.3238888888888900E-02 -3.2900000000000006E-02
   6.4016666666666666E-02 -3.3177777777777778E-02
   6.5019444444444449E-02 -3.3344444444444440E-02
   6.6022222222222232E-02 -3.3122222222222220E-02
   6.6688888888888881E-02 -3.2680555555555553E-02
   6.7299999999999999E-02 -3.1958333333333339E-02
   6.7691666666666664E-02 -3.2402777777777780E-02
   6.8413888888888885E-02 -3.3011111111111116E-02
   6.8972222222222226E-02 -3.3455555555555551E-02
   7.0027777777777772E-02 -3.4063888888888887E-02
   7.0697222222222231E-02 -3.4063888888888887E-02
   7.1644444444444455E-02 -3.4063888888888887E-02
   7.2700000000000001E-02 -3.5008333333333336E-02
   7.3647222222222225E-02 -3.5505555555555554E-02
   7.4538888888888877E-02 -3.5672222222222223E-02
   7.5316666666666671E-02 -3.5394444444444444E-02
   7.6263888888888881E-02 -3.5172222222222223E-02
   7.7488888888888885E-02 -3.5063888888888887E-02
   7.8155555555555561E-02 -3.4786111111111108E-02
   7.9213888888888889E-02 -3.5172222222222223E-02
   7.9713888888888890E-02 -3.5338888888888892E-02
   8.0827777777777776E-02 -3.5727777777777775E-02
   8.1719444444444442E-02 -3.5783333333333334E-02
   8.2944444444444432E-02 -3.5783333333333334E-02
   8.3833333333333329E-02 -3.5727777777777775E-02
   8.3777777777777784E-02 -3.5227777777777775E-02
   8.3277777777777784E-02 -3.4786111111111108E-02
   8.2888888888888887E-02 -3.4286111111111107E-02
   8.2608333333333339E-02 -3.3622222222222220E-02
   8.3000000000000004E-02 -3.3066666666666661E-02
   8.4224999999999994E-02 -3.2347222222222222E-02
   8.5449999999999998E-02 -3.1016666666666668E-02
   8.6394444444444440E-02 -2.9852777777777777E-02
   8.7397222222222223E-02 -2.8522222222222220E-02
   8.7841666666666665E-02 -2.7747222222222222E-02
