   2.8972222222222225E-03  7.4361111111111112E-03
   2.4499999999999999E-03  7.4916666666666664E-03
   2.0055555555555556E-03  7.6583333333333330E-03
   1.5583333333333332E-03  7.8777777777777787E-03
   9.4722222222222213E-04  8.1000000000000013E-03
   5.0000000000000001E-04  8.1555555555555565E-03
  -2.2222222222222223E-04  8.2111111111111100E-03
  -1.0027777777777778E-03  8.2666666666666652E-03
  -1.5027777777777778E-03  8.1555555555555565E-03
  -2.0611111111111112E-03  7.9888888888888891E-03
  -2.7277777777777778E-03  7.9333333333333339E-03
  -3.2861111111111112E-03  8.2111111111111100E-03
  -3.7861111111111112E-03  8.4861111111111109E-03
  -4.2333333333333337E-03  8.7638888888888888E-03
  -4.8999999999999998E-03  9.1500000000000001E-03
  -5.4027777777777780E-03  9.4277777777777780E-03
  -6.1277777777777771E-03  9.6499999999999989E-03
  -6.7388888888888889E-03  9.8694444444444446E-03
  -7.2416666666666662E-03  1.0258333333333335E-02
  -7.7416666666666667E-03  1.0699999999999999E-02
  -8.2416666666666680E-03  1.1086111111111111E-02
  -8.7444444444444453E-03  1.1475000000000001E-02
  -9.1333333333333336E-03  1.1252777777777778E-02
  -9.9138888888888888E-03  1.0699999999999999E-02
  -1.0080555555555556E-02  1.0369444444444445E-02
  -1.0358333333333334E-02  9.7055555555555558E-03
  -1.0694444444444444E-02  9.0416666666666666E-03
  -1.0916666666666667E-02  8.2666666666666652E-03
  -1.0972222222222223E-02  7.7138888888888891E-03
  -1.1083333333333334E-02  6.8833333333333333E-03
  -1.1250000000000001E-02  6.1083333333333337E-03
  -1.1250000000000001E-02  5.4444444444444445E-03
  -1.1083333333333334E-02  4.9472222222222226E-03
  -1.0861111111111111E-02  4.3944444444444447E-03
  -1.0805555555555556E-02  3.8416666666666668E-03
  -1.0694444444444444E-02  3.5638888888888890E-03
  -1.0413888888888889E-02  2.9555555555555555E-03
  -1.0302777777777779E-02  2.5694444444444445E-03
  -1.0191666666666667E-02  2.0694444444444445E-03
  -1.0080555555555556E-02  1.5166666666666668E-03
  -9.8583333333333335E-03  1.0194444444444446E-03
  -9.6361111111111109E-03  5.2222222222222221E-04
  -9.4111111111111114E-03 -3.0833333333333337E-04
  -9.2444444444444440E-03 -1.1388888888888889E-03
  -8.9111111111111110E-03 -1.8027777777777777E-03
  -8.6333333333333331E-03 -2.3000000000000000E-03
  -8.4666666666666675E-03 -2.6305555555555557E-03
  -8.2416666666666680E-03 -2.9638888888888892E-03
  -7.7416666666666667E-03 -3.5722222222222219E-03
  -7.2416666666666662E-03 -4.0694444444444441E-03
  -6.8500000000000002E-03 -4.5111111111111107E-03
  -6.2944444444444445E-03 -5.0666666666666672E-03
  -5.7916666666666663E-03 -5.6750000000000004E-03
  -5.2361111111111115E-03 -6.2277777777777783E-03
  -5.1250000000000002E-03 -6.7250000000000001E-03
  -5.2916666666666667E-03 -7.2222222222222228E-03
  -5.5138888888888894E-03 -7.7222222222222232E-03
  -5.4027777777777780E-03 -8.3305555555555563E-03
  -5.0694444444444441E-03 -8.8833333333333334E-03
  -4.5666666666666668E-03 -9.4916666666666673E-03
  -4.2888888888888890E-03 -1.0044444444444444E-02
  -3.9555555555555559E-03 -1.0486111111111111E-02
  -3.6749999999999999E-03 -1.0763888888888889E-02
  -3.2861111111111112E-03 -1.1150000000000000E-02
  -2.9527777777777781E-03 -1.1427777777777778E-02
  -2.4499999999999999E-03 -1.1869444444444445E-02
  -1.7833333333333332E-03 -1.2366666666666666E-02
  -1.1138888888888889E-03 -1.2811111111111112E-02
  -7.2500000000000006E-04 -1.2975000000000000E-02
  -2.7777777777777778E-04 -1.3197222222222223E-02
   1.1111111111111112E-04 -1.3419444444444444E-02
   2.7777777777777778E-04 -1.4247222222222224E-02
   2.2222222222222223E-04 -1.4966666666666665E-02
   2.2222222222222223E-04 -1.5852777777777778E-02
   3.3333333333333332E-04 -1.6350000000000000E-02
   6.1388888888888897E-04 -1.6847222222222222E-02
   1.1138888888888889E-03 -1.7402777777777777E-02
   1.4472222222222221E-03 -1.7511111111111109E-02
   2.0055555555555556E-03 -1.7733333333333334E-02
   2.7861111111111112E-03 -1.7844444444444444E-02
   3.5083333333333334E-03 -1.7955555555555554E-02
   4.2333333333333337E-03 -1.8066666666666665E-02
   4.7333333333333333E-03 -1.8119444444444445E-02
   5.1805555555555554E-03 -1.8286111111111111E-02
   5.5138888888888894E-03 -1.8341666666666666E-02
   5.9027777777777776E-03 -1.8563888888888890E-02
   6.3499999999999997E-03 -1.8730555555555556E-02
   6.6833333333333337E-03 -1.8950000000000002E-02
   7.0166666666666667E-03 -1.9061111111111112E-02
   7.4083333333333327E-03 -1.9502777777777775E-02
   7.7416666666666667E-03 -2.0166666666666666E-02
   7.9638888888888884E-03 -2.0611111111111111E-02
   8.6333333333333331E-03 -2.0830555555555557E-02
   9.2444444444444440E-03 -2.1108333333333333E-02
   9.6916666666666661E-03 -2.1494444444444444E-02
   9.7472222222222214E-03 -2.2047222222222222E-02
   9.6361111111111109E-03 -2.2711111111111112E-02
   9.6361111111111109E-03 -2.3319444444444445E-02
   9.6361111111111109E-03 -2.3930555555555556E-02
   9.8027777777777783E-03 -2.4205555555555553E-02
   1.0136111111111111E-02 -2.4483333333333333E-02
   1.0638888888888889E-02 -2.4702777777777778E-02
   1.1194444444444444E-02 -2.4758333333333334E-02
   1.1808333333333332E-02 -2.4702777777777778E-02
   1.2308333333333333E-02 -2.4538888888888888E-02
   1.2866666666666667E-02 -2.4261111111111108E-02
   1.3200000000000000E-02 -2.3983333333333332E-02
   1.3588888888888890E-02 -2.3597222222222224E-02
   1.3866666666666666E-02 -2.3875000000000000E-02
   1.4369444444444443E-02 -2.4149999999999998E-02
   1.5316666666666666E-02 -2.4427777777777777E-02
   1.5927777777777777E-02 -2.4647222222222223E-02
   1.6763888888888891E-02 -2.4980555555555554E-02
   1.6875000000000001E-02 -2.4591666666666664E-02
   1.6763888888888891E-02 -2.3983333333333332E-02
   1.6597222222222222E-02 -2.3708333333333335E-02
   1.6152777777777780E-02 -2.4038888888888887E-02
   1.5872222222222222E-02 -2.4094444444444443E-02
   1.5872222222222222E-02 -2.3375000000000000E-02
   1.5983333333333336E-02 -2.2933333333333333E-02
   1.6541666666666666E-02 -2.3155555555555554E-02
   1.7097222222222222E-02 -2.3266666666666668E-02
   1.7877777777777777E-02 -2.3375000000000000E-02
   1.8658333333333332E-02 -2.3266666666666668E-02
   1.9158333333333333E-02 -2.3155555555555554E-02
   2.0327777777777778E-02 -2.3044444444444444E-02
   2.1163888888888888E-02 -2.2988888888888889E-02
   2.2277777777777778E-02 -2.2988888888888889E-02
   2.2836111111111113E-02 -2.3044444444444444E-02
   2.3336111111111110E-02 -2.3375000000000000E-02
   2.3836111111111110E-02 -2.3597222222222224E-02
   2.4116666666666665E-02 -2.3708333333333335E-02
   2.4172222222222220E-02 -2.4149999999999998E-02
   2.4394444444444444E-02 -2.4702777777777778E-02
   2.4727777777777779E-02 -2.5091666666666665E-02
   2.5119444444444444E-02 -2.5477777777777780E-02
   2.5508333333333334E-02 -2.5700000000000001E-02
   2.6063888888888890E-02 -2.5975000000000002E-02
   2.6622222222222224E-02 -2.6197222222222222E-02
   2.7236111111111114E-02 -2.6419444444444443E-02
   2.8013888888888887E-02 -2.6419444444444443E-02
   2.8961111111111111E-02 -2.6086111111111112E-02
   2.9741666666666666E-02 -2.5755555555555556E-02
   3.0519444444444446E-02 -2.5588888888888890E-02
   3.1300000000000001E-02 -2.5366666666666666E-02
   3.1522222222222222E-02 -2.5202777777777779E-02
   3.1747222222222225E-02 -2.4427777777777777E-02
   3.2080555555555557E-02 -2.3541666666666669E-02
   3.3027777777777781E-02 -2.4038888888888887E-02
   3.3861111111111113E-02 -2.4261111111111108E-02
   3.4752777777777778E-02 -2.4483333333333333E-02
   3.5811111111111113E-02 -2.4647222222222223E-02
   3.6869444444444441E-02 -2.4702777777777778E-02
   3.7816666666666665E-02 -2.4813888888888889E-02
   3.8763888888888889E-02 -2.5091666666666665E-02
   3.9208333333333331E-02 -2.5311111111111111E-02
   3.9933333333333335E-02 -2.5588888888888890E-02
   3.9933333333333335E-02 -2.6086111111111112E-02
   3.9933333333333335E-02 -2.6638888888888889E-02
   4.0044444444444445E-02 -2.7302777777777777E-02
   4.0266666666666666E-02 -2.8133333333333330E-02
   4.0769444444444441E-02 -2.8686111111111110E-02
   4.1547222222222221E-02 -2.9019444444444445E-02
   4.2105555555555556E-02 -2.9238888888888887E-02
   4.3163888888888891E-02 -2.9405555555555556E-02
   4.4277777777777777E-02 -2.9294444444444442E-02
   4.5169444444444450E-02 -2.9075000000000000E-02
   4.5836111111111112E-02 -2.8908333333333331E-02
   4.6394444444444440E-02 -2.8686111111111110E-02
   4.6838888888888888E-02 -2.8411111111111109E-02
   4.7397222222222229E-02 -2.7911111111111109E-02
   4.7897222222222223E-02 -2.7966666666666664E-02
   4.8955555555555558E-02 -2.7966666666666664E-02
   4.9791666666666665E-02 -2.7911111111111109E-02
   5.0347222222222224E-02 -2.7966666666666664E-02
   5.0905555555555558E-02 -2.7027777777777776E-02
   5.0905555555555558E-02 -2.6197222222222222E-02
   5.0849999999999999E-02 -2.5700000000000001E-02
   5.1350000000000000E-02 -2.5700000000000001E-02
   5.2241666666666665E-02 -2.5533333333333335E-02
   5.2630555555555555E-02 -2.5533333333333335E-02
   5.3077777777777779E-02 -2.5644444444444445E-02
   5.3633333333333338E-02 -2.5866666666666666E-02
   5.4524999999999997E-02 -2.6030555555555557E-02
   5.5472222222222221E-02 -2.6141666666666667E-02
   5.6197222222222218E-02 -2.6252777777777778E-02
   5.7086111111111108E-02 -2.6419444444444443E-02
   5.7755555555555560E-02 -2.6694444444444444E-02
   5.8647222222222219E-02 -2.6972222222222220E-02
   5.9594444444444443E-02 -2.7191666666666666E-02
   6.0427777777777775E-02 -2.7191666666666666E-02
   6.1263888888888882E-02 -2.6916666666666665E-02
   6.2044444444444444E-02 -2.6583333333333334E-02
   6.2766666666666665E-02 -2.6363888888888892E-02
   6.2991666666666668E-02 -2.6363888888888892E-02
   6.3436111111111110E-02 -2.6638888888888889E-02
   6.4049999999999996E-02 -2.6694444444444444E-02
   6.4216666666666658E-02 -2.6972222222222220E-02
   6.4716666666666672E-02 -2.7580555555555556E-02
   6.5330555555555558E-02 -2.7966666666666664E-02
   6.6333333333333327E-02 -2.8077777777777774E-02
   6.7166666666666666E-02 -2.8022222222222219E-02
   6.7724999999999994E-02 -2.8077777777777774E-02
   6.9730555555555560E-02 -2.8244444444444444E-02
   7.1233333333333329E-02 -2.8244444444444444E-02
   7.2347222222222216E-02 -2.8188888888888888E-02
   7.3461111111111116E-02 -2.8188888888888888E-02
   7.4797222222222223E-02 -2.8133333333333330E-02
   7.5855555555555551E-02 -2.8077777777777774E-02
   7.6247222222222216E-02 -2.8077777777777774E-02
   7.6747222222222231E-02 -2.8299999999999999E-02
   7.7472222222222220E-02 -2.8575000000000000E-02
   7.8083333333333338E-02 -2.8797222222222221E-02
   7.8752777777777769E-02 -2.9075000000000000E-02
   7.9252777777777783E-02 -2.9461111111111112E-02
   7.9866666666666669E-02 -2.9902777777777778E-02
   8.0366666666666670E-02 -2.9958333333333333E-02
   8.0869444444444438E-02 -2.9791666666666668E-02
   8.1369444444444439E-02 -2.9075000000000000E-02
   8.1705555555555545E-02 -2.8519444444444444E-02
   8.2427777777777780E-02 -2.8575000000000000E-02
   8.3541666666666667E-02 -2.8797222222222221E-02
   8.4544444444444450E-02 -2.9075000000000000E-02
   8.5547222222222219E-02 -2.9183333333333332E-02
   8.6605555555555547E-02 -2.9405555555555556E-02
   8.7719444444444447E-02 -2.9627777777777777E-02
   8.8108333333333330E-02 -2.9350000000000001E-02
   8.8330555555555551E-02 -2.8741666666666665E-02
   8.8722222222222216E-02 -2.7802777777777773E-02
   8.9947222222222234E-02 -2.7802777777777773E-02
   9.0561111111111120E-02 -2.8299999999999999E-02
   9.1172222222222224E-02 -2.8575000000000000E-02
   9.1952777777777772E-02 -2.8908333333333331E-02
   9.2788888888888879E-02 -2.9075000000000000E-02
   9.3177777777777776E-02 -2.9127777777777777E-02
   9.3844444444444453E-02 -2.9183333333333332E-02
   9.4402777777777780E-02 -2.9461111111111112E-02
   9.5183333333333342E-02 -2.9516666666666667E-02
   9.5905555555555549E-02 -2.9294444444444442E-02
   9.6186111111111111E-02 -2.9405555555555556E-02
   9.6908333333333332E-02 -2.9572222222222222E-02
   9.7855555555555557E-02 -2.9958333333333333E-02
   9.8858333333333326E-02 -3.0455555555555555E-02
   9.9527777777777784E-02 -3.0733333333333335E-02
   0.1004166666666667     -3.1066666666666670E-02
   0.1012527777777778     -3.1286111111111112E-02
   0.1021444444444444     -3.1341666666666670E-02
   0.1024777777777778     -3.1230555555555557E-02
   0.1028138888888889     -3.0955555555555556E-02
   0.1032583333333333     -3.0788888888888890E-02
   0.1037583333333333     -3.0733333333333335E-02
   0.1045388888888889     -3.0622222222222224E-02
   0.1052638888888889     -3.0733333333333335E-02
   0.1062666666666667     -3.1011111111111114E-02
   0.1069333333333333     -3.1286111111111112E-02
   0.1074361111111111     -3.1452777777777781E-02
   0.1087166666666667     -3.1838888888888889E-02
   0.1097194444444444     -3.1894444444444447E-02
   0.1102194444444445     -3.1675000000000002E-02
   0.1109444444444444     -3.0844444444444445E-02
   0.1115000000000000     -3.0236111111111113E-02
   0.1118916666666667     -2.9572222222222222E-02
   0.1130055555555556     -2.9738888888888888E-02
   0.1137277777777778     -3.0180555555555558E-02
   0.1145083333333333     -3.0291666666666668E-02
   0.1152333333333333     -3.0236111111111113E-02
   0.1159555555555556     -3.0180555555555558E-02
   0.1166805555555556     -3.0124999999999999E-02
   0.1175166666666667     -3.0455555555555555E-02
   0.1182388888888889     -3.0677777777777780E-02
   0.1186305555555555     -3.0788888888888890E-02
   0.1199111111111111     -3.0788888888888890E-02
   0.1208583333333333     -3.0677777777777780E-02
   0.1216944444444445     -3.0511111111111114E-02
   0.1225277777777778     -3.0236111111111113E-02
   0.1235305555555555     -3.0013888888888889E-02
   0.1238638888888889     -3.0402777777777779E-02
   0.1243111111111111     -3.0677777777777780E-02
   0.1248111111111111     -3.0900000000000000E-02
   0.1258138888888889     -3.0900000000000000E-02
   0.1267611111111111     -3.0900000000000000E-02
   0.1272638888888889     -3.0955555555555556E-02
   0.1279861111111111     -3.1175000000000001E-02
   0.1289888888888889     -3.1508333333333333E-02
   0.1301027777777778     -3.1783333333333337E-02
   0.1312166666666666     -3.2061111111111110E-02
   0.1322750000000000     -3.2116666666666668E-02
   0.1331111111111111     -3.2283333333333331E-02
   0.1337777777777778     -3.2558333333333328E-02
   0.1345027777777778     -3.2669444444444445E-02
   0.1353944444444445     -3.2613888888888887E-02
   0.1360611111111111     -3.2447222222222218E-02
   0.1367861111111111     -3.2061111111111110E-02
   0.1371194444444445     -3.2502777777777776E-02
   0.1375666666666667     -3.2780555555555556E-02
   0.1382333333333333     -3.3222222222222222E-02
   0.1391805555555556     -3.3611111111111112E-02
   0.1400722222222222     -3.3555555555555554E-02
   0.1407972222222222     -3.3055555555555553E-02
   0.1415194444444444     -3.2613888888888887E-02
   0.1424666666666667     -3.2502777777777776E-02
   0.1433027777777778     -3.2447222222222218E-02
   0.1446388888888889     -3.2391666666666666E-02
   0.1449722222222222     -3.2391666666666666E-02
   0.1456416666666667     -3.2613888888888887E-02
   0.1471444444444444     -3.2669444444444445E-02
   0.1479805555555556     -3.2558333333333328E-02
   0.1487055555555555     -3.2338888888888889E-02
   0.1494861111111111     -3.2005555555555558E-02
   0.1499305555555556     -3.1894444444444447E-02
   0.1509333333333333     -3.1949999999999999E-02
   0.1516000000000000     -3.1949999999999999E-02
   0.1522694444444445     -3.1949999999999999E-02
   0.1530500000000000     -3.2227777777777779E-02
   0.1538833333333333     -3.2338888888888889E-02
   0.1547194444444444     -3.2338888888888889E-02
   0.1562805555555556     -3.2447222222222218E-02
   0.1577277777777778     -3.2613888888888887E-02
   0.1593416666666667     -3.2669444444444445E-02
   0.1612361111111111     -3.2891666666666666E-02
   0.1619611111111111     -3.2891666666666666E-02
   0.1631861111111111     -3.2947222222222218E-02
   0.1641888888888889     -3.3002777777777777E-02
   0.1659138888888889     -3.3055555555555553E-02
   0.1671944444444445     -3.3055555555555553E-02
   0.1685888888888889     -3.3055555555555553E-02
   0.1699805555555556     -3.3002777777777777E-02
   0.1714277777777778     -3.3055555555555553E-02
   0.1726527777777778     -3.3111111111111112E-02
   0.1738777777777778     -3.3111111111111112E-02
   0.1758277777777778     -3.2947222222222218E-02
   0.1764972222222222     -3.3111111111111112E-02
   0.1771638888888889     -3.3388888888888885E-02
   0.1777222222222222     -3.3719444444444441E-02
   0.1787250000000000     -3.3941666666666669E-02
   0.1793361111111111     -3.3886111111111110E-02
   0.1801722222222222     -3.3500000000000002E-02
   0.1807305555555555     -3.3277777777777774E-02
   0.1816194444444444     -3.3166666666666664E-02
   0.1829027777777778     -3.3055555555555553E-02
   0.1840722222222222     -3.3055555555555553E-02
   0.1846833333333333     -3.3277777777777774E-02
   0.1855194444444445     -3.3444444444444443E-02
   0.1865777777777778     -3.3500000000000002E-02
   0.1872472222222222     -3.3333333333333333E-02
   0.1878583333333333     -3.3611111111111112E-02
   0.1889166666666667     -3.4108333333333331E-02
   0.1898083333333333     -3.3997222222222220E-02
   0.1907000000000000     -3.3611111111111112E-02
   0.1913666666666667     -3.3663888888888889E-02
   0.1920361111111111     -3.3444444444444443E-02
   0.1932055555555555     -3.3166666666666664E-02
   0.1940416666666667     -3.3002777777777777E-02
   0.1953777777777778     -3.3333333333333333E-02
   0.1964916666666666     -3.3388888888888885E-02
   0.1971583333333333     -3.3166666666666664E-02
   0.1977722222222222     -3.2780555555555556E-02
