  -6.1388888888888897E-04 -2.0555555555555556E-04
  -1.1138888888888889E-03 -4.8333333333333328E-04
  -1.7277777777777777E-03 -7.6111111111111117E-04
  -2.5611111111111112E-03 -1.3138888888888890E-03
  -3.2861111111111112E-03 -2.1444444444444445E-03
  -4.1222222222222224E-03 -2.9750000000000002E-03
  -4.7333333333333333E-03 -3.5861111111111111E-03
  -5.6805555555555550E-03 -4.5277777777777781E-03
  -6.6277777777777776E-03 -5.6333333333333339E-03
  -7.0166666666666667E-03 -6.2444444444444448E-03
  -7.5750000000000001E-03 -6.5777777777777779E-03
  -8.4666666666666675E-03 -7.1305555555555549E-03
  -9.4111111111111114E-03 -7.5750000000000001E-03
  -1.0080555555555556E-02 -8.0722222222222237E-03
  -1.0694444444444444E-02 -8.6250000000000007E-03
  -1.1027777777777779E-02 -9.0138888888888890E-03
  -1.1527777777777777E-02 -9.4027777777777790E-03
  -1.1472222222222222E-02 -9.6777777777777782E-03
  -1.1361111111111110E-02 -1.0122222222222222E-02
  -1.1361111111111110E-02 -1.0508333333333335E-02
  -1.1305555555555555E-02 -1.1008333333333334E-02
  -1.1083333333333334E-02 -1.1230555555555556E-02
  -1.0638888888888889E-02 -1.1505555555555555E-02
  -1.0024999999999999E-02 -1.1727777777777778E-02
  -9.3555555555555545E-03 -1.1838888888888890E-02
  -8.6888888888888901E-03 -1.1950000000000001E-02
  -8.0194444444444454E-03 -1.2061111111111111E-02
  -7.1277777777777780E-03 -1.2172222222222221E-02
  -6.5166666666666671E-03 -1.2283333333333334E-02
  -5.7916666666666663E-03 -1.2394444444444444E-02
  -5.2916666666666667E-03 -1.2502777777777778E-02
  -4.6777777777777772E-03 -1.2780555555555555E-02
  -4.2888888888888890E-03 -1.3113888888888890E-02
  -3.8972222222222225E-03 -1.3611111111111110E-02
  -3.3972222222222225E-03 -1.4333333333333333E-02
  -3.0638888888888886E-03 -1.4497222222222224E-02
  -2.6722222222222221E-03 -1.4663888888888890E-02
  -2.1722222222222225E-03 -1.4941666666666667E-02
  -1.3361111111111110E-03 -1.5383333333333332E-02
  -8.3611111111111104E-04 -1.5716666666666667E-02
  -2.2222222222222223E-04 -1.6161111111111112E-02
   5.5833333333333332E-04 -1.6602777777777779E-02
   1.2250000000000000E-03 -1.7047222222222224E-02
   2.1722222222222225E-03 -1.7488888888888891E-02
   3.1749999999999999E-03 -1.7988888888888888E-02
   3.7861111111111112E-03 -1.8211111111111108E-02
   4.1777777777777777E-03 -1.8374999999999999E-02
   5.0138888888888889E-03 -1.9041666666666665E-02
   5.6250000000000007E-03 -1.9483333333333335E-02
   6.6277777777777776E-03 -2.0094444444444446E-02
   7.2972222222222223E-03 -2.0424999999999999E-02
   7.9638888888888884E-03 -2.0758333333333333E-02
   8.6888888888888901E-03 -2.1091666666666665E-02
   9.5805555555555557E-03 -2.1477777777777776E-02
   1.0413888888888889E-02 -2.1811111111111111E-02
   1.1250000000000001E-02 -2.2144444444444446E-02
   1.2419444444444445E-02 -2.2308333333333333E-02
   1.3644444444444445E-02 -2.2308333333333333E-02
   1.4591666666666666E-02 -2.2197222222222222E-02
   1.5261111111111111E-02 -2.2088888888888891E-02
   1.6094444444444446E-02 -2.1866666666666666E-02
   1.6930555555555556E-02 -2.1588888888888890E-02
   1.7600000000000001E-02 -2.1477777777777776E-02
   1.8211111111111108E-02 -2.1477777777777776E-02
   1.9102777777777778E-02 -2.1588888888888890E-02
   1.9661111111111112E-02 -2.1977777777777777E-02
   2.0272222222222223E-02 -2.2363888888888891E-02
   2.1052777777777778E-02 -2.2863888888888892E-02
   2.1608333333333334E-02 -2.3086111111111109E-02
   2.2277777777777778E-02 -2.3361111111111110E-02
   2.3336111111111110E-02 -2.3527777777777776E-02
   2.4116666666666665E-02 -2.3527777777777776E-02
   2.4727777777777779E-02 -2.3472222222222221E-02
   2.5452777777777779E-02 -2.3527777777777776E-02
   2.6122222222222224E-02 -2.3694444444444445E-02
   2.6900000000000000E-02 -2.3583333333333331E-02
   2.7625000000000000E-02 -2.3361111111111110E-02
   2.8516666666666666E-02 -2.3138888888888889E-02
   2.9405555555555556E-02 -2.2808333333333333E-02
   3.0241666666666667E-02 -2.3305555555555555E-02
   3.0688888888888891E-02 -2.3694444444444445E-02
   3.1466666666666671E-02 -2.4027777777777776E-02
   3.2413888888888888E-02 -2.4358333333333333E-02
   3.3472222222222223E-02 -2.4636111111111112E-02
   3.4308333333333337E-02 -2.4802777777777778E-02
   3.4975000000000006E-02 -2.5188888888888889E-02
   3.5755555555555554E-02 -2.5522222222222220E-02
   3.6647222222222220E-02 -2.5744444444444445E-02
   3.7483333333333334E-02 -2.5744444444444445E-02
   3.7927777777777776E-02 -2.5633333333333331E-02
   3.8094444444444445E-02 -2.5466666666666665E-02
   3.8430555555555551E-02 -2.5077777777777779E-02
   3.8875000000000000E-02 -2.4525000000000002E-02
   3.9319444444444442E-02 -2.4136111111111112E-02
   3.9988888888888886E-02 -2.4358333333333333E-02
   4.0433333333333335E-02 -2.4580555555555557E-02
   4.1047222222222221E-02 -2.4969444444444447E-02
   4.1602777777777780E-02 -2.5355555555555555E-02
   4.2216666666666666E-02 -2.5688888888888886E-02
   4.2772222222222225E-02 -2.5966666666666666E-02
   4.3552777777777774E-02 -2.6075000000000001E-02
   4.4944444444444440E-02 -2.6186111111111111E-02
   4.6002777777777774E-02 -2.6075000000000001E-02
   4.7452777777777774E-02 -2.5966666666666666E-02
   4.7897222222222223E-02 -2.5744444444444445E-02
   4.8455555555555557E-02 -2.5522222222222220E-02
   4.9122222222222220E-02 -2.4969444444444447E-02
