   9.4722222222222213E-04  6.3638888888888885E-03
   6.1388888888888897E-04  6.4749999999999999E-03
   3.3333333333333332E-04  6.5861111111111112E-03
  -5.5555555555555558E-05  6.8611111111111112E-03
  -7.8055555555555560E-04  6.9722222222222225E-03
  -1.3916666666666667E-03  6.9722222222222225E-03
  -2.0055555555555556E-03  6.9166666666666664E-03
  -2.6194444444444442E-03  6.8611111111111112E-03
  -3.5111111111111116E-03  6.5861111111111112E-03
  -4.4027777777777780E-03  6.4194444444444446E-03
  -5.1833333333333332E-03  6.3083333333333333E-03
  -6.0166666666666667E-03  6.0861111111111107E-03
  -6.5194444444444440E-03  5.9194444444444451E-03
  -7.1333333333333327E-03  5.8666666666666667E-03
  -8.0249999999999991E-03  5.6444444444444441E-03
  -8.3583333333333339E-03  5.5333333333333328E-03
  -9.1388888888888891E-03  5.5333333333333328E-03
  -9.9194444444444443E-03  5.4777777777777776E-03
  -1.0755555555555555E-02  5.1472222222222223E-03
  -1.1200000000000000E-02  4.9250000000000006E-03
  -1.1758333333333334E-02  4.7583333333333332E-03
  -1.2313888888888890E-02  4.7583333333333332E-03
  -1.3261111111111111E-02  4.7027777777777779E-03
  -1.4097222222222221E-02  4.7027777777777779E-03
  -1.4933333333333333E-02  4.7583333333333332E-03
  -1.5658333333333333E-02  4.7583333333333332E-03
  -1.6327777777777778E-02  4.8138888888888893E-03
  -1.7105555555555554E-02  4.8138888888888893E-03
  -1.8052777777777779E-02  4.8138888888888893E-03
  -1.8555555555555558E-02  4.6472222222222227E-03
  -1.9225000000000003E-02  4.5916666666666666E-03
  -1.9447222222222220E-02  4.4277777777777770E-03
  -2.0061111111111109E-02  3.9277777777777774E-03
  -2.0672222222222220E-02  3.4305555555555556E-03
  -2.1063888888888889E-02  3.1000000000000003E-03
  -2.1955555555555555E-02  2.5444444444444447E-03
  -2.2736111111111110E-02  1.9916666666666668E-03
  -2.3180555555555555E-02  1.7166666666666667E-03
  -2.3627777777777779E-02  1.3833333333333332E-03
  -2.4294444444444445E-02  1.2166666666666667E-03
  -2.5130555555555555E-02  1.2166666666666667E-03
  -2.5800000000000000E-02  1.1611111111111110E-03
  -2.6244444444444445E-02  9.9722222222222226E-04
  -2.6858333333333331E-02  6.6388888888888888E-04
  -2.7750000000000000E-02  4.4166666666666670E-04
  -2.8138888888888887E-02  5.5555555555555558E-05
  -2.8919444444444442E-02 -4.9722222222222225E-04
  -2.9755555555555552E-02 -9.9722222222222226E-04
  -3.0369444444444442E-02 -1.2722222222222223E-03
  -3.0813888888888887E-02 -1.5500000000000002E-03
  -3.1649999999999998E-02 -2.1583333333333333E-03
  -3.1986111111111111E-02 -2.5444444444444447E-03
  -3.2430555555555553E-02 -2.9333333333333334E-03
  -3.2875000000000001E-02 -3.3194444444444443E-03
  -3.3433333333333336E-02 -3.7083333333333334E-03
  -3.3991666666666670E-02 -3.9833333333333335E-03
  -3.4547222222222222E-02 -4.2055555555555561E-03
  -3.4938888888888887E-02 -4.4833333333333331E-03
  -3.5605555555555557E-02 -4.9805555555555549E-03
  -3.6275000000000002E-02 -5.6444444444444441E-03
  -3.6611111111111115E-02 -6.0861111111111107E-03
  -3.6833333333333336E-02 -6.3638888888888885E-03
  -3.7055555555555557E-02 -7.1388888888888891E-03
  -3.7277777777777778E-02 -7.9138888888888887E-03
  -3.7277777777777778E-02 -8.5222222222222227E-03
  -3.7111111111111116E-02 -9.0194444444444445E-03
  -3.6722222222222226E-02 -9.4055555555555559E-03
  -3.6108333333333333E-02 -9.9055555555555546E-03
  -3.4938888888888887E-02 -1.0569444444444444E-02
  -3.4602777777777781E-02 -1.0736111111111111E-02
  -3.4213888888888891E-02 -1.1122222222222221E-02
  -3.3599999999999998E-02 -1.1563888888888889E-02
  -3.2988888888888887E-02 -1.1952777777777777E-02
  -3.2319444444444442E-02 -1.2338888888888889E-02
  -3.1761111111111108E-02 -1.2783333333333334E-02
  -3.1094444444444442E-02 -1.3169444444444445E-02
  -3.0647222222222222E-02 -1.3502777777777777E-02
  -3.0088888888888887E-02 -1.3833333333333333E-02
  -2.9588888888888887E-02 -1.4166666666666668E-02
  -2.9030555555555553E-02 -1.4552777777777779E-02
  -2.8194444444444442E-02 -1.5105555555555554E-02
  -2.7638888888888890E-02 -1.5658333333333333E-02
  -2.7247222222222221E-02 -1.6047222222222223E-02
  -2.6747222222222221E-02 -1.6377777777777779E-02
  -2.6244444444444445E-02 -1.6488888888888890E-02
  -2.5633333333333331E-02 -1.6544444444444445E-02
  -2.4908333333333334E-02 -1.6488888888888890E-02
  -2.4461111111111114E-02 -1.6933333333333335E-02
  -2.3738888888888889E-02 -1.7374999999999998E-02
  -2.3069444444444445E-02 -1.7816666666666665E-02
  -2.2233333333333334E-02 -1.8261111111111110E-02
  -2.1508333333333334E-02 -1.8702777777777777E-02
  -2.1063888888888889E-02 -1.9091666666666667E-02
  -2.0672222222222220E-02 -1.9533333333333333E-02
  -2.0394444444444444E-02 -2.0141666666666665E-02
  -2.0116666666666665E-02 -2.0694444444444446E-02
  -1.9836111111111110E-02 -2.1525000000000002E-02
  -1.9724999999999999E-02 -2.2355555555555556E-02
  -1.9558333333333330E-02 -2.2741666666666667E-02
  -1.9336111111111113E-02 -2.3794444444444444E-02
  -1.9113888888888889E-02 -2.4788888888888888E-02
  -1.8611111111111113E-02 -2.5508333333333334E-02
  -1.8111111111111113E-02 -2.6338888888888891E-02
  -1.7441666666666668E-02 -2.7336111111111110E-02
  -1.6716666666666668E-02 -2.8055555555555556E-02
  -1.5880555555555554E-02 -2.8827777777777779E-02
  -1.4263888888888888E-02 -2.8883333333333334E-02
  -1.3038888888888888E-02 -2.8330555555555557E-02
  -1.2313888888888890E-02 -2.7391666666666665E-02
  -1.1647222222222222E-02 -2.7113888888888889E-02
  -1.0755555555555555E-02 -2.6780555555555554E-02
  -1.0141666666666667E-02 -2.6505555555555557E-02
  -9.6944444444444430E-03 -2.6172222222222222E-02
  -9.1944444444444443E-03 -2.7611111111111111E-02
  -8.9722222222222217E-03 -2.8275000000000002E-02
  -8.0805555555555561E-03 -2.8883333333333334E-02
  -7.3555555555555553E-03 -2.9050000000000003E-02
  -6.6305555555555553E-03 -2.9494444444444448E-02
  -5.8500000000000002E-03 -3.0047222222222225E-02
  -5.1277777777777771E-03 -3.0544444444444444E-02
  -4.2361111111111106E-03 -3.0930555555555555E-02
  -3.3444444444444442E-03 -3.1208333333333331E-02
  -2.8416666666666668E-03 -3.1486111111111111E-02
  -2.6194444444444442E-03 -3.1597222222222221E-02
  -1.7833333333333332E-03 -3.1816666666666667E-02
  -1.1138888888888889E-03 -3.1983333333333336E-02
   2.7777777777777778E-04 -3.1983333333333336E-02
   1.2805555555555556E-03 -3.1927777777777777E-02
   2.3416666666666668E-03 -3.1649999999999998E-02
   2.5083333333333333E-03 -3.1927777777777777E-02
   3.2305555555555555E-03 -3.2980555555555555E-02
   4.0666666666666663E-03 -3.3752777777777777E-02
   4.9027777777777776E-03 -3.4694444444444444E-02
   5.4611111111111110E-03 -3.5358333333333332E-02
   6.4638888888888888E-03 -3.5966666666666668E-02
   7.4666666666666666E-03 -3.6463888888888886E-02
   9.5277777777777791E-03 -3.7019444444444445E-02
   1.0141666666666667E-02 -3.7130555555555556E-02
   9.6388888888888878E-03 -3.7627777777777781E-02
   8.5805555555555565E-03 -3.8622222222222224E-02
   8.0805555555555561E-03 -3.9508333333333333E-02
   7.4666666666666666E-03 -4.0172222222222220E-02
   6.9666666666666670E-03 -4.0836111111111108E-02
   7.7444444444444444E-03 -4.1555555555555554E-02
   8.1916666666666665E-03 -4.2108333333333331E-02
   9.0277777777777787E-03 -4.2938888888888888E-02
   9.9749999999999995E-03 -4.3327777777777778E-02
   1.1533333333333333E-02 -4.3327777777777778E-02
   1.2594444444444445E-02 -4.3161111111111108E-02
   1.3930555555555554E-02 -4.2386111111111111E-02
   1.4655555555555554E-02 -4.1888888888888892E-02
   1.5602777777777778E-02 -4.1388888888888892E-02
   1.6327777777777778E-02 -4.1113888888888887E-02
   1.7274999999999999E-02 -4.0724999999999997E-02
   1.7997222222222223E-02 -4.0616666666666662E-02
   1.9391666666666668E-02 -4.0394444444444441E-02
   2.0505555555555555E-02 -4.0116666666666662E-02
   2.1675000000000000E-02 -3.9563888888888891E-02
   2.2455555555555555E-02 -3.9177777777777784E-02
   2.3125000000000000E-02 -3.8899999999999997E-02
   2.3569444444444445E-02 -3.8677777777777783E-02
   2.4461111111111114E-02 -3.8458333333333337E-02
   2.5522222222222220E-02 -3.8180555555555558E-02
   2.6133333333333331E-02 -3.7958333333333337E-02
   2.7136111111111111E-02 -3.7738888888888891E-02
   2.8363888888888886E-02 -3.7294444444444443E-02
   2.9255555555555552E-02 -3.7019444444444445E-02
   3.0369444444444442E-02 -3.6686111111111114E-02
   3.1649999999999998E-02 -3.6133333333333330E-02
   3.2541666666666663E-02 -3.5580555555555553E-02
   3.3825000000000001E-02 -3.5080555555555559E-02
   3.5272222222222226E-02 -3.4308333333333337E-02
   3.6163888888888891E-02 -3.3752777777777777E-02
   3.6722222222222226E-02 -3.3200000000000000E-02
   3.7333333333333329E-02 -3.2702777777777775E-02
   3.7780555555555560E-02 -3.2369444444444444E-02
   3.8449999999999998E-02 -3.1816666666666667E-02
   3.9730555555555554E-02 -3.1541666666666662E-02
   4.1458333333333333E-02 -3.1319444444444441E-02
   4.2183333333333330E-02 -3.1041666666666665E-02
   4.2794444444444441E-02 -3.0711111111111109E-02
   4.3575000000000003E-02 -3.0711111111111109E-02
   4.4133333333333330E-02 -3.0711111111111109E-02
   4.4466666666666668E-02 -3.1041666666666665E-02
   4.4800000000000000E-02 -3.1486111111111111E-02
   4.5025000000000003E-02 -3.1872222222222218E-02
   4.6138888888888889E-02 -3.1872222222222218E-02
   4.7530555555555555E-02 -3.1541666666666662E-02
   4.8813888888888886E-02 -3.0930555555555555E-02
   4.9594444444444448E-02 -3.0322222222222219E-02
   5.0261111111111118E-02 -2.9602777777777780E-02
   5.1041666666666666E-02 -2.8497222222222222E-02
   5.1433333333333331E-02 -2.7391666666666665E-02
   5.1488888888888890E-02 -2.6727777777777781E-02
   5.1488888888888890E-02 -2.6338888888888891E-02
   5.2436111111111114E-02 -2.5897222222222224E-02
   5.3327777777777779E-02 -2.5508333333333334E-02
   5.4050000000000001E-02 -2.6008333333333335E-02
   5.5500000000000001E-02 -2.7058333333333334E-02
   5.5944444444444436E-02 -2.8163888888888891E-02
   5.6502777777777777E-02 -2.8883333333333334E-02
   5.7061111111111104E-02 -2.9327777777777779E-02
   5.8008333333333328E-02 -2.9769444444444446E-02
   5.9177777777777774E-02 -3.0158333333333336E-02
   6.0625000000000005E-02 -3.0377777777777774E-02
   6.1686111111111108E-02 -3.0377777777777774E-02
   6.2800000000000009E-02 -3.0102777777777773E-02
   6.4247222222222219E-02 -2.9602777777777780E-02
   6.5363888888888888E-02 -2.9327777777777779E-02
   6.5863888888888888E-02 -2.9825000000000004E-02
   6.6588888888888878E-02 -3.0488888888888885E-02
   6.7536111111111116E-02 -3.0986111111111110E-02
   6.9319444444444434E-02 -3.1319444444444441E-02
   6.9652777777777772E-02 -3.1319444444444441E-02
   7.0711111111111113E-02 -3.1319444444444441E-02
   7.2327777777777782E-02 -3.1263888888888890E-02
   7.3330555555555552E-02 -3.1152777777777776E-02
   7.4222222222222231E-02 -3.0877777777777775E-02
   7.5113888888888883E-02 -3.0377777777777774E-02
   7.6116666666666666E-02 -2.9825000000000004E-02
   7.6563888888888890E-02 -3.0930555555555555E-02
   7.6786111111111111E-02 -3.1761111111111108E-02
   7.7230555555555552E-02 -3.2536111111111113E-02
   7.7566666666666659E-02 -3.3200000000000000E-02
   7.8011111111111101E-02 -3.3697222222222226E-02
   7.8736111111111118E-02 -3.4527777777777775E-02
   7.9294444444444445E-02 -3.4972222222222217E-02
   7.9627777777777783E-02 -3.5136111111111111E-02
   8.0963888888888891E-02 -3.5027777777777783E-02
   8.2413888888888884E-02 -3.4472222222222224E-02
   8.3808333333333332E-02 -3.3863888888888888E-02
   8.4866666666666674E-02 -3.3422222222222221E-02
   8.6425000000000002E-02 -3.3033333333333331E-02
   8.7819444444444450E-02 -3.2647222222222223E-02
   8.9211111111111102E-02 -3.2261111111111108E-02
   8.9713888888888885E-02 -3.3144444444444449E-02
   9.0269444444444444E-02 -3.3697222222222226E-02
   9.0994444444444433E-02 -3.4086111111111116E-02
   9.1886111111111113E-02 -3.4472222222222224E-02
   9.3169444444444444E-02 -3.4638888888888886E-02
   9.4172222222222227E-02 -3.4472222222222224E-02
   9.5619444444444437E-02 -3.4030555555555557E-02
   9.6902777777777782E-02 -3.3311111111111111E-02
   9.7961111111111110E-02 -3.2925000000000003E-02
   9.9297222222222217E-02 -3.2369444444444444E-02
   0.1004111111111111     -3.1983333333333336E-02
   0.1006361111111111     -3.2094444444444446E-02
   0.1030861111111111     -3.2205555555555557E-02
   0.1035333333333333     -3.2369444444444444E-02
   0.1040888888888889     -3.3752777777777777E-02
   0.1050916666666667     -3.4861111111111107E-02
   0.1062638888888889     -3.5636111111111111E-02
   0.1079916666666667     -3.5966666666666668E-02
   0.1093833333333333     -3.5799999999999998E-02
   0.1102750000000000     -3.5080555555555559E-02
