   5.7388888888888889E-03  1.0091666666666667E-02
   5.2388888888888884E-03  9.6499999999999989E-03
   4.6250000000000006E-03  9.2055555555555554E-03
   3.9555555555555559E-03  8.8194444444444440E-03
   3.6222222222222220E-03  8.4333333333333326E-03
   3.1749999999999999E-03  8.5972222222222214E-03
   2.9527777777777781E-03  8.8194444444444440E-03
   2.6749999999999999E-03  8.9861111111111114E-03
   2.0055555555555556E-03  9.2611111111111106E-03
   1.5611111111111112E-03  9.3722222222222210E-03
   1.2250000000000000E-03  9.3166666666666658E-03
   4.4444444444444447E-04  9.3166666666666658E-03
  -6.1388888888888897E-04  9.3166666666666658E-03
  -8.9166666666666658E-04  9.4277777777777780E-03
  -1.2805555555555556E-03  9.7055555555555558E-03
  -1.7277777777777777E-03  9.9805555555555550E-03
  -2.0611111111111112E-03  1.0258333333333335E-02
  -2.7305555555555555E-03  1.0313888888888890E-02
  -3.2888888888888889E-03  1.0091666666666667E-02
  -3.6777777777777776E-03  9.8694444444444446E-03
  -3.9555555555555559E-03  9.5944444444444436E-03
  -4.3472222222222219E-03  1.0147222222222222E-02
  -4.6805555555555559E-03  1.0202777777777778E-02
  -5.0138888888888889E-03  9.9805555555555550E-03
  -5.5166666666666662E-03  9.4833333333333332E-03
  -5.8500000000000002E-03  8.9861111111111114E-03
  -6.0166666666666667E-03  8.6527777777777783E-03
  -6.0750000000000005E-03  7.9333333333333339E-03
  -5.9611111111111115E-03  7.3805555555555551E-03
  -5.6833333333333336E-03  6.7166666666666659E-03
  -5.5166666666666662E-03  6.1083333333333337E-03
  -5.4611111111111110E-03  5.5000000000000005E-03
  -5.4055555555555558E-03  5.2777777777777779E-03
  -5.1833333333333332E-03  5.0027777777777779E-03
  -4.9583333333333328E-03  4.7250000000000000E-03
  -4.6805555555555559E-03  4.2833333333333334E-03
  -4.5694444444444446E-03  3.8416666666666668E-03
  -4.2916666666666667E-03  2.9555555555555555E-03
  -4.1222222222222224E-03  2.4583333333333332E-03
  -4.1222222222222224E-03  2.0138888888888888E-03
  -4.1222222222222224E-03  1.4055555555555555E-03
  -4.1805555555555554E-03  6.8888888888888884E-04
  -4.2916666666666667E-03  1.3333333333333331E-04
  -4.3472222222222219E-03 -2.5277777777777777E-04
  -4.4583333333333332E-03 -9.7222222222222230E-04
  -4.5138888888888893E-03 -1.6916666666666668E-03
  -4.4583333333333332E-03 -2.1888888888888887E-03
  -4.1805555555555554E-03 -2.9083333333333335E-03
  -3.8999999999999998E-03 -3.6833333333333332E-03
  -3.6777777777777776E-03 -4.0694444444444441E-03
  -3.5111111111111116E-03 -4.2361111111111106E-03
  -3.2888888888888889E-03 -4.5666666666666668E-03
  -3.1194444444444442E-03 -4.7888888888888885E-03
  -3.4555555555555555E-03 -5.3972222222222225E-03
  -3.6222222222222220E-03 -5.8388888888888891E-03
  -3.7888888888888885E-03 -6.1722222222222222E-03
  -3.9555555555555559E-03 -6.6694444444444449E-03
  -4.1222222222222224E-03 -7.3333333333333341E-03
  -4.2361111111111106E-03 -7.9972222222222215E-03
  -4.2916666666666667E-03 -8.9388888888888886E-03
  -4.1805555555555554E-03 -9.4361111111111104E-03
  -3.9555555555555559E-03 -1.0044444444444444E-02
  -3.5111111111111116E-03 -1.0819444444444444E-02
  -3.7333333333333333E-03 -1.1372222222222221E-02
  -3.8999999999999998E-03 -1.1702777777777777E-02
  -4.0111111111111111E-03 -1.2258333333333335E-02
  -3.7333333333333333E-03 -1.3086111111111111E-02
  -3.5111111111111116E-03 -1.3638888888888888E-02
  -3.3444444444444442E-03 -1.4247222222222224E-02
  -3.3999999999999998E-03 -1.5188888888888887E-02
  -3.3999999999999998E-03 -1.5852777777777778E-02
  -3.2888888888888889E-03 -1.6683333333333335E-02
  -3.2888888888888889E-03 -1.7622222222222220E-02
  -3.2888888888888889E-03 -1.7955555555555554E-02
  -3.4555555555555555E-03 -1.8452777777777776E-02
  -3.6222222222222220E-03 -1.9005555555555557E-02
  -3.6222222222222220E-03 -1.9447222222222220E-02
  -3.3444444444444442E-03 -2.0111111111111111E-02
  -2.9527777777777781E-03 -2.0555555555555556E-02
  -2.5083333333333333E-03 -2.1108333333333333E-02
  -2.0611111111111112E-03 -2.1716666666666669E-02
  -1.5055555555555556E-03 -2.2047222222222222E-02
  -7.2500000000000006E-04 -2.1938888888888886E-02
  -2.2222222222222223E-04 -2.1605555555555558E-02
   1.6666666666666666E-04 -2.0886111111111112E-02
   3.3333333333333332E-04 -2.0500000000000001E-02
   6.1388888888888897E-04 -2.0277777777777777E-02
   1.0583333333333334E-03 -1.9836111111111110E-02
   1.8944444444444443E-03 -1.9447222222222220E-02
   2.2833333333333334E-03 -1.9394444444444447E-02
   3.0638888888888886E-03 -1.9338888888888892E-02
   3.6777777777777776E-03 -1.9338888888888892E-02
   4.2916666666666667E-03 -1.9116666666666667E-02
   4.9027777777777776E-03 -1.8675000000000001E-02
   5.4055555555555558E-03 -1.8286111111111111E-02
   6.1861111111111110E-03 -1.7677777777777778E-02
   6.4083333333333327E-03 -1.7347222222222222E-02
   7.2444444444444440E-03 -1.7402777777777777E-02
   8.2472222222222218E-03 -1.7511111111111109E-02
   8.4138888888888892E-03 -1.8341666666666666E-02
   8.7472222222222222E-03 -1.9005555555555557E-02
   8.9166666666666665E-03 -1.9283333333333333E-02
   9.4722222222222222E-03 -1.9724999999999999E-02
   9.9194444444444443E-03 -1.9780555555555555E-02
   1.0699999999999999E-02 -1.9558333333333330E-02
   1.1144444444444445E-02 -1.9116666666666667E-02
   1.1477777777777778E-02 -1.8619444444444445E-02
   1.1758333333333334E-02 -1.8119444444444445E-02
