   4.6111111111111110E-03  8.0555555555555554E-03
   4.2500000000000003E-03  8.1666666666666658E-03
   3.9166666666666664E-03  8.3055555555555556E-03
   3.5277777777777777E-03  9.1944444444444443E-03
   2.9444444444444444E-03  9.3055555555555565E-03
   2.6111111111111109E-03  9.4166666666666669E-03
   2.3333333333333335E-03  9.4722222222222222E-03
   1.9722222222222220E-03  9.6111111111111102E-03
   1.5000000000000000E-03  9.7222222222222224E-03
   8.6111111111111110E-04  9.7222222222222224E-03
   3.8888888888888892E-04  9.7222222222222224E-03
  -1.1111111111111112E-04  9.6666666666666654E-03
  -6.3888888888888893E-04  9.5833333333333326E-03
  -1.1388888888888889E-03  9.5555555555555550E-03
  -1.3888888888888889E-03  9.5000000000000015E-03
  -1.8333333333333335E-03  9.5277777777777791E-03
  -2.3888888888888887E-03  8.9166666666666665E-03
  -3.0000000000000001E-03  8.9444444444444441E-03
  -3.7500000000000003E-03  8.8611111111111113E-03
  -4.5555555555555557E-03  8.6944444444444439E-03
  -5.1666666666666666E-03  8.5277777777777782E-03
  -6.1944444444444443E-03  8.3611111111111108E-03
  -6.6944444444444438E-03  8.3333333333333332E-03
  -7.2222222222222228E-03  8.2777777777777780E-03
  -7.7222222222222232E-03  8.1666666666666658E-03
  -7.7777777777777784E-03  8.3611111111111108E-03
  -7.9166666666666656E-03  8.6388888888888887E-03
  -8.0555555555555554E-03  9.0000000000000011E-03
  -8.1944444444444434E-03  9.3055555555555565E-03
  -8.3611111111111108E-03  9.5277777777777791E-03
  -8.7777777777777784E-03  9.7500000000000000E-03
  -9.5000000000000015E-03  9.8333333333333328E-03
  -1.0055555555555555E-02  9.8888888888888880E-03
  -1.0527777777777778E-02  9.8611111111111104E-03
  -1.1194444444444444E-02  9.8611111111111104E-03
  -1.1916666666666666E-02  9.9722222222222226E-03
  -1.2277777777777778E-02  9.9722222222222226E-03
  -1.2805555555555556E-02  9.9166666666666656E-03
  -1.3166666666666667E-02  9.7222222222222224E-03
  -1.3388888888888888E-02  9.5833333333333326E-03
  -1.3750000000000000E-02  9.5833333333333326E-03
  -1.4444444444444446E-02  9.5833333333333326E-03
  -1.4972222222222224E-02  9.6111111111111102E-03
  -1.5472222222222224E-02  9.4444444444444445E-03
  -1.6305555555555556E-02  9.0833333333333339E-03
  -1.6888888888888887E-02  8.6944444444444439E-03
  -1.7250000000000001E-02  8.3333333333333332E-03
  -1.7250000000000001E-02  7.9444444444444432E-03
  -1.7138888888888888E-02  7.2222222222222228E-03
  -1.7055555555555556E-02  6.7222222222222223E-03
  -1.6722222222222222E-02  6.0555555555555553E-03
  -1.6194444444444442E-02  5.2500000000000003E-03
  -1.5833333333333331E-02  4.7777777777777775E-03
  -1.5138888888888889E-02  4.3333333333333331E-03
  -1.4527777777777778E-02  3.9444444444444440E-03
  -1.3861111111111111E-02  3.7222222222222223E-03
  -1.3138888888888887E-02  3.4166666666666668E-03
  -1.2388888888888889E-02  2.6111111111111109E-03
  -1.1777777777777778E-02  2.0833333333333333E-03
  -1.1138888888888889E-02  1.5555555555555557E-03
  -1.0222222222222223E-02  1.1111111111111111E-03
  -9.4166666666666669E-03  8.8888888888888893E-04
  -8.0277777777777778E-03  6.3888888888888893E-04
  -7.3333333333333341E-03  4.4444444444444447E-04
  -6.7499999999999999E-03  8.3333333333333331E-05
  -6.4166666666666669E-03 -6.1111111111111110E-04
  -6.4166666666666669E-03 -1.3611111111111111E-03
  -6.5833333333333334E-03 -2.1388888888888890E-03
  -6.3611111111111117E-03 -2.9722222222222220E-03
  -6.2222222222222227E-03 -3.5277777777777777E-03
  -5.8888888888888888E-03 -3.8888888888888892E-03
  -5.4166666666666669E-03 -4.1944444444444442E-03
  -5.1944444444444442E-03 -4.4166666666666668E-03
  -5.6111111111111119E-03 -4.9166666666666664E-03
  -5.8055555555555551E-03 -5.3055555555555555E-03
  -5.9166666666666664E-03 -5.8333333333333327E-03
  -5.9444444444444440E-03 -6.3333333333333332E-03
  -5.9444444444444440E-03 -7.3055555555555556E-03
  -6.0000000000000001E-03 -8.0833333333333330E-03
  -6.1944444444444443E-03 -8.6944444444444439E-03
  -6.5555555555555549E-03 -9.0000000000000011E-03
  -7.1944444444444443E-03 -9.2500000000000013E-03
  -7.9444444444444432E-03 -9.5555555555555550E-03
  -8.4722222222222213E-03 -9.9166666666666656E-03
  -9.0833333333333339E-03 -1.0166666666666666E-02
  -1.0000000000000000E-02 -1.0361111111111111E-02
  -1.0888888888888889E-02 -1.0666666666666666E-02
  -1.2138888888888888E-02 -1.1083333333333334E-02
  -1.2583333333333334E-02 -1.1500000000000000E-02
  -1.3000000000000001E-02 -1.1944444444444445E-02
  -1.3444444444444445E-02 -1.2638888888888889E-02
  -1.3972222222222223E-02 -1.3444444444444445E-02
  -1.4305555555555556E-02 -1.4527777777777778E-02
  -1.4388888888888889E-02 -1.5472222222222224E-02
  -1.4361111111111111E-02 -1.6166666666666666E-02
  -1.4083333333333333E-02 -1.6750000000000001E-02
  -1.3861111111111111E-02 -1.7138888888888888E-02
  -1.3638888888888888E-02 -1.7361111111111112E-02
  -1.3527777777777777E-02 -1.7972222222222223E-02
  -1.3250000000000000E-02 -1.8305555555555558E-02
  -1.2833333333333334E-02 -1.8833333333333334E-02
  -1.2055555555555555E-02 -1.9027777777777779E-02
  -1.1583333333333333E-02 -1.9111111111111110E-02
  -1.1111111111111112E-02 -1.9194444444444445E-02
  -1.0722222222222223E-02 -1.9416666666666665E-02
  -1.0416666666666666E-02 -1.9722222222222221E-02
  -1.0027777777777778E-02 -1.9972222222222221E-02
  -9.3611111111111117E-03 -2.0111111111111111E-02
  -8.6388888888888887E-03 -2.0138888888888887E-02
  -7.9166666666666656E-03 -2.0194444444444445E-02
  -6.5833333333333334E-03 -2.0138888888888887E-02
  -6.1944444444444443E-03 -2.0055555555555556E-02
  -5.9444444444444440E-03 -2.0027777777777776E-02
  -5.0555555555555553E-03 -2.0083333333333332E-02
  -4.5833333333333334E-03 -2.0111111111111111E-02
  -4.0000000000000001E-03 -2.0194444444444445E-02
  -2.9444444444444444E-03 -2.0666666666666667E-02
  -2.3888888888888887E-03 -2.0666666666666667E-02
  -1.6388888888888887E-03 -2.0638888888888887E-02
  -2.5000000000000001E-04 -2.0666666666666667E-02
   1.0277777777777776E-03 -2.0000000000000000E-02
   1.5277777777777779E-03 -1.9055555555555558E-02
   1.7222222222222222E-03 -1.8500000000000003E-02
   1.9444444444444446E-03 -1.8027777777777778E-02
   2.0000000000000000E-03 -1.7611111111111112E-02
   2.0555555555555553E-03 -1.7472222222222222E-02
   2.6666666666666666E-03 -1.7472222222222222E-02
   3.6666666666666670E-03 -1.7583333333333333E-02
   4.7222222222222223E-03 -1.7611111111111112E-02
   6.0277777777777777E-03 -1.7250000000000001E-02
   6.9166666666666664E-03 -1.6944444444444443E-02
   7.4444444444444445E-03 -1.6694444444444442E-02
   7.9166666666666656E-03 -1.6222222222222221E-02
