   4.5750000000000001E-03  9.5777777777777771E-03
   4.2388888888888893E-03  9.9666666666666671E-03
   3.7361111111111115E-03  1.0022222222222222E-02
   3.3472222222222219E-03  1.0022222222222222E-02
   3.0666666666666668E-03  9.9111111111111119E-03
   2.9555555555555555E-03  9.6333333333333340E-03
   2.6777777777777776E-03  9.3555555555555545E-03
   2.2305555555555555E-03  9.4666666666666666E-03
   1.5055555555555556E-03  9.5222222222222219E-03
   8.3611111111111104E-04  9.5777777777777771E-03
   3.3333333333333332E-04  9.6888888888888892E-03
  -2.7777777777777778E-04  9.9666666666666671E-03
  -8.3611111111111104E-04  1.0300000000000000E-02
  -1.5055555555555556E-03  1.0741666666666667E-02
  -2.1194444444444446E-03  1.1186111111111112E-02
  -2.7333333333333333E-03  1.1683333333333332E-02
  -3.2916666666666667E-03  1.2072222222222222E-02
  -3.8500000000000001E-03  1.2516666666666667E-02
  -4.2388888888888893E-03  1.2847222222222223E-02
  -4.6305555555555553E-03  1.3291666666666667E-02
  -4.9638888888888892E-03  1.3625000000000000E-02
  -5.3000000000000000E-03  1.3955555555555554E-02
  -5.5777777777777779E-03  1.4233333333333332E-02
  -6.0250000000000000E-03  1.4566666666666665E-02
  -6.7499999999999999E-03  1.4730555555555556E-02
  -7.1388888888888891E-03  1.4730555555555556E-02
  -7.4749999999999999E-03  1.4786111111111111E-02
  -7.7527777777777786E-03  1.5008333333333334E-02
  -8.4222222222222233E-03  1.5619444444444444E-02
  -8.9249999999999989E-03  1.5950000000000002E-02
  -9.3694444444444441E-03  1.6283333333333334E-02
  -9.7055555555555558E-03  1.6338888888888889E-02
  -1.0541666666666666E-02  1.6783333333333331E-02
  -1.1044444444444445E-02  1.7058333333333332E-02
  -1.1602777777777778E-02  1.7336111111111111E-02
  -1.2438888888888888E-02  1.7391666666666666E-02
  -1.2997222222222223E-02  1.6947222222222221E-02
  -1.3052777777777778E-02  1.6505555555555555E-02
  -1.3163888888888888E-02  1.6005555555555558E-02
  -1.3386111111111111E-02  1.5675000000000001E-02
  -1.3833333333333333E-02  1.5230555555555556E-02
  -1.3888888888888888E-02  1.4455555555555555E-02
  -1.3888888888888888E-02  1.3899999999999999E-02
  -1.3833333333333333E-02  1.3291666666666667E-02
  -1.3666666666666667E-02  1.2294444444444445E-02
  -1.3722222222222222E-02  1.1794444444444444E-02
  -1.3722222222222222E-02  1.0963888888888889E-02
  -1.3722222222222222E-02  1.0411111111111112E-02
  -1.3497222222222223E-02  9.8555555555555549E-03
  -1.3275000000000000E-02  9.6333333333333340E-03
  -1.2941666666666666E-02  9.1361111111111122E-03
  -1.2661111111111111E-02  8.8583333333333344E-03
  -1.2327777777777778E-02  8.4694444444444444E-03
  -1.2272222222222223E-02  8.3027777777777770E-03
  -1.2605555555555556E-02  7.6388888888888895E-03
  -1.2216666666666667E-02  7.0305555555555555E-03
  -1.1602777777777778E-02  6.5861111111111112E-03
  -1.1100000000000000E-02  6.0333333333333333E-03
  -1.0597222222222223E-02  5.4222222222222224E-03
  -1.0263888888888888E-02  4.8694444444444445E-03
  -9.9277777777777784E-03  4.3138888888888888E-03
  -9.5944444444444436E-03  3.8166666666666666E-03
  -9.0916666666666663E-03  3.2055555555555557E-03
  -8.5888888888888890E-03  2.8722222222222222E-03
  -8.1444444444444455E-03  2.7083333333333334E-03
  -7.9750000000000012E-03  2.3750000000000004E-03
  -7.4749999999999999E-03  1.7638888888888888E-03
  -7.1944444444444443E-03  1.3222222222222222E-03
  -7.2500000000000004E-03  9.8888888888888898E-04
  -7.3083333333333333E-03  1.0277777777777778E-04
  -7.3638888888888886E-03 -5.0555555555555553E-04
  -7.4749999999999999E-03 -1.6138888888888889E-03
  -7.3083333333333333E-03 -2.2805555555555556E-03
  -6.9166666666666664E-03 -3.1111111111111114E-03
  -6.6388888888888886E-03 -3.5000000000000001E-03
  -6.2472222222222217E-03 -4.1638888888888888E-03
  -5.9694444444444448E-03 -4.4416666666666667E-03
  -5.9138888888888887E-03 -5.1055555555555550E-03
  -6.2472222222222217E-03 -5.5500000000000002E-03
  -6.5805555555555556E-03 -5.9916666666666668E-03
  -6.8055555555555551E-03 -6.3805555555555551E-03
  -6.9166666666666664E-03 -6.7138888888888890E-03
  -6.8611111111111112E-03 -7.4888888888888887E-03
  -6.7499999999999999E-03 -8.0416666666666657E-03
  -7.1388888888888891E-03 -9.4833333333333332E-03
  -7.0833333333333338E-03 -1.0094444444444444E-02
  -7.4194444444444447E-03 -1.0813888888888889E-02
  -7.6972222222222225E-03 -1.1588888888888890E-02
  -7.9194444444444442E-03 -1.2363888888888890E-02
  -7.8083333333333338E-03 -1.3030555555555556E-02
  -7.8083333333333338E-03 -1.3583333333333333E-02
  -8.0333333333333333E-03 -1.3916666666666667E-02
  -8.7583333333333332E-03 -1.5191666666666668E-02
  -8.9249999999999989E-03 -1.5413888888888887E-02
  -9.3694444444444441E-03 -1.5966666666666667E-02
  -9.7611111111111110E-03 -1.6741666666666669E-02
  -9.9833333333333336E-03 -1.7519444444444445E-02
  -1.0319444444444444E-02 -1.8183333333333333E-02
  -1.0541666666666666E-02 -1.8683333333333333E-02
  -1.0763888888888889E-02 -1.9069444444444444E-02
  -1.1044444444444445E-02 -1.9900000000000001E-02
  -1.1100000000000000E-02 -2.0344444444444446E-02
  -1.1100000000000000E-02 -2.0788888888888888E-02
  -1.1100000000000000E-02 -2.1952777777777779E-02
  -1.0988888888888888E-02 -2.2561111111111112E-02
  -1.0708333333333334E-02 -2.3005555555555557E-02
  -1.0319444444444444E-02 -2.3391666666666665E-02
  -1.0038888888888889E-02 -2.3613888888888889E-02
  -9.7055555555555558E-03 -2.4058333333333334E-02
  -9.3138888888888889E-03 -2.4666666666666667E-02
  -9.0916666666666663E-03 -2.5275000000000002E-02
  -8.8694444444444437E-03 -2.5941666666666665E-02
  -8.5333333333333320E-03 -2.6494444444444445E-02
  -8.3111111111111111E-03 -2.6772222222222222E-02
  -7.8083333333333338E-03 -2.7050000000000001E-02
  -7.3638888888888886E-03 -2.7383333333333332E-02
  -6.4138888888888891E-03 -2.7936111111111113E-02
  -5.6888888888888892E-03 -2.7713888888888889E-02
  -5.0749999999999997E-03 -2.7272222222222222E-02
  -4.5194444444444449E-03 -2.6994444444444446E-02
  -4.1277777777777780E-03 -2.6827777777777777E-02
  -3.2916666666666667E-03 -2.6383333333333332E-02
  -2.6777777777777776E-03 -2.5997222222222220E-02
  -2.1749999999999999E-03 -2.5552777777777778E-02
  -1.6722222222222221E-03 -2.5111111111111112E-02
  -1.0611111111111110E-03 -2.4444444444444446E-02
  -7.2500000000000006E-04 -2.3836111111111110E-02
  -5.0277777777777777E-04 -2.3447222222222220E-02
   5.0277777777777777E-04 -2.3005555555555557E-02
   1.0027777777777778E-03 -2.2616666666666667E-02
   1.6166666666666666E-03 -2.2116666666666666E-02
   2.2861111111111112E-03 -2.1452777777777779E-02
   3.0111111111111111E-03 -2.0733333333333333E-02
   3.4583333333333332E-03 -2.0122222222222222E-02
   3.7916666666666671E-03 -1.9791666666666666E-02
   4.2944444444444445E-03 -1.9402777777777779E-02
   4.8527777777777779E-03 -1.9069444444444444E-02
   5.3555555555555552E-03 -1.8738888888888888E-02
   5.8555555555555548E-03 -1.8349999999999998E-02
   6.2472222222222217E-03 -1.7961111111111108E-02
   6.3027777777777778E-03 -1.7794444444444443E-02
   6.7499999999999999E-03 -1.7961111111111108E-02
   7.6972222222222225E-03 -1.8183333333333333E-02
   8.2000000000000007E-03 -1.8183333333333333E-02
   8.8694444444444437E-03 -1.8183333333333333E-02
   9.5944444444444436E-03 -1.8127777777777777E-02
