   7.5863888888888890E-03  8.7466666666666665E-03
   4.6833333333333336E-03  8.7138888888888891E-03
   4.2361111111111106E-03  8.7138888888888891E-03
   3.6805555555555558E-03  8.8805555555555547E-03
   2.9555555555555555E-03  9.1000000000000004E-03
   2.0638888888888890E-03  9.5444444444444457E-03
   1.4500000000000001E-03  9.7111111111111113E-03
   8.9166666666666658E-04  9.9305555555555553E-03
   1.1111111111111112E-04  1.0208333333333333E-02
  -8.3611111111111104E-04  1.0375000000000001E-02
  -1.3944444444444445E-03  1.0375000000000001E-02
  -2.3416666666666668E-03  1.0597222222222223E-02
  -2.8444444444444446E-03  1.0652777777777778E-02
  -3.4555555555555555E-03  1.0486111111111111E-02
  -3.6805555555555558E-03  9.8222222222222235E-03
  -3.6805555555555558E-03  9.1555555555555557E-03
  -3.3444444444444442E-03  8.7138888888888891E-03
  -3.1222222222222224E-03  8.3805555555555560E-03
  -2.9000000000000002E-03  7.7166666666666668E-03
  -2.9555555555555555E-03  7.2166666666666664E-03
  -2.8444444444444446E-03  6.4416666666666667E-03
  -2.5638888888888886E-03  5.5000000000000005E-03
  -2.3416666666666668E-03  5.0583333333333340E-03
  -2.5638888888888886E-03  4.4472222222222222E-03
  -2.6749999999999999E-03  3.8944444444444443E-03
  -3.0111111111111111E-03  3.4499999999999999E-03
  -3.2888888888888889E-03  2.9527777777777781E-03
  -3.3999999999999998E-03  2.1749999999999999E-03
  -3.5111111111111116E-03  1.0138888888888888E-03
  -3.3999999999999998E-03  2.3611111111111112E-04
  -3.3444444444444442E-03 -7.6111111111111117E-04
  -3.2888888888888889E-03 -1.5916666666666666E-03
  -3.0666666666666668E-03 -2.3111111111111110E-03
  -2.8444444444444446E-03 -2.7527777777777776E-03
  -2.5638888888888886E-03 -3.1416666666666667E-03
  -2.1194444444444446E-03 -3.5861111111111111E-03
  -2.1749999999999999E-03 -4.5277777777777781E-03
  -2.5083333333333333E-03 -4.9138888888888886E-03
  -2.6749999999999999E-03 -5.3583333333333330E-03
  -3.0666666666666668E-03 -6.1888888888888887E-03
  -3.2888888888888889E-03 -6.9083333333333332E-03
  -3.5111111111111116E-03 -7.9055555555555563E-03
  -3.5666666666666663E-03 -8.6805555555555559E-03
  -3.5111111111111116E-03 -9.5666666666666660E-03
  -3.3444444444444442E-03 -1.0841666666666666E-02
  -3.0111111111111111E-03 -1.1894444444444445E-02
  -2.7305555555555555E-03 -1.2447222222222222E-02
  -2.2305555555555555E-03 -1.3225000000000001E-02
  -2.0083333333333333E-03 -1.4000000000000000E-02
  -1.7277777777777777E-03 -1.5108333333333335E-02
  -8.9166666666666658E-04 -1.6436111111111110E-02
  -4.4722222222222223E-04 -1.7047222222222224E-02
   2.7777777777777778E-04 -1.7488888888888891E-02
   1.5055555555555556E-03 -1.7933333333333332E-02
   2.4527777777777777E-03 -1.8319444444444444E-02
   3.2333333333333333E-03 -1.8486111111111109E-02
   3.8472222222222224E-03 -1.8266666666666667E-02
   4.5166666666666662E-03 -1.7600000000000001E-02
   5.0166666666666667E-03 -1.7822222222222222E-02
   5.6305555555555553E-03 -1.8044444444444443E-02
   6.3555555555555553E-03 -1.8099999999999998E-02
   6.5222222222222227E-03 -1.7544444444444446E-02
   6.5222222222222227E-03 -1.7213888888888890E-02
   6.8583333333333335E-03 -1.6936111111111110E-02
   7.2472222222222226E-03 -1.6713888888888889E-02
   8.5130555555555567E-03 -1.5868888888888891E-02
