   1.8416666666666666E-03  6.3750000000000005E-03
   1.5083333333333333E-03  6.2638888888888892E-03
   8.9444444444444445E-04  6.0444444444444443E-03
   3.3611111111111108E-04  5.8222222222222226E-03
   0.0000000000000000E+00  5.5999999999999999E-03
  -5.0277777777777777E-04  5.3777777777777773E-03
  -1.1722222222222223E-03  5.2111111111111108E-03
  -1.8416666666666666E-03  5.1000000000000004E-03
  -2.8472222222222219E-03  4.9333333333333338E-03
  -3.3500000000000001E-03  4.7694444444444442E-03
  -4.0194444444444444E-03  4.5472222222222225E-03
  -4.7472222222222221E-03  4.4916666666666672E-03
  -5.2472222222222226E-03  4.3805555555555559E-03
  -5.9750000000000003E-03  4.1027777777777781E-03
  -6.7000000000000002E-03  3.9361111111111107E-03
  -7.5388888888888884E-03  3.6027777777777781E-03
  -8.0972222222222209E-03  3.2722222222222224E-03
  -8.9333333333333331E-03  2.9944444444444445E-03
  -9.9388888888888895E-03  2.7166666666666667E-03
  -1.0944444444444444E-02  2.3833333333333332E-03
  -1.1669444444444444E-02  2.1611111111111110E-03
  -1.2394444444444444E-02  1.9972222222222223E-03
  -1.3066666666666666E-02  1.8861111111111112E-03
  -1.3736111111111110E-02  1.8861111111111112E-03
  -1.4908333333333332E-02  1.7194444444444444E-03
  -1.5411111111111110E-02  1.6083333333333334E-03
  -1.6247222222222222E-02  1.4972222222222223E-03
  -1.7419444444444446E-02  1.3305555555555555E-03
  -1.8147222222222221E-02  1.2194444444444444E-03
  -1.9038888888888890E-02  9.4166666666666661E-04
  -1.9652777777777779E-02  6.6666666666666664E-04
  -2.0713888888888889E-02  1.6666666666666666E-04
  -2.1272222222222224E-02 -1.1111111111111112E-04
  -2.2055555555555557E-02 -5.5555555555555556E-04
  -2.2836111111111113E-02 -8.8611111111111106E-04
  -2.3619444444444443E-02 -1.3305555555555555E-03
  -2.4791666666666667E-02 -1.7749999999999999E-03
  -2.5405555555555556E-02 -2.0527777777777775E-03
  -2.6352777777777777E-02 -2.4944444444444445E-03
  -2.6800000000000001E-02 -2.4944444444444445E-03
  -2.7527777777777776E-02 -2.3277777777777776E-03
  -2.8086111111111114E-02 -2.2722222222222224E-03
  -2.9202777777777775E-02 -2.3833333333333332E-03
  -2.9927777777777775E-02 -2.4944444444444445E-03
  -3.0988888888888885E-02 -2.7722222222222224E-03
  -3.2327777777777775E-02 -3.2166666666666667E-03
  -3.2774999999999999E-02 -3.4388888888888889E-03
  -3.3388888888888885E-02 -3.6583333333333337E-03
  -3.4058333333333329E-02 -3.8805555555555555E-03
  -3.4786111111111108E-02 -4.1583333333333333E-03
  -3.5788888888888891E-02 -4.4916666666666672E-03
  -3.6905555555555553E-02 -4.8249999999999994E-03
  -3.7522222222222221E-02 -5.1000000000000004E-03
  -3.8080555555555555E-02 -5.4333333333333334E-03
  -3.8638888888888889E-02 -5.4888888888888886E-03
  -3.9363888888888893E-02 -5.5999999999999999E-03
  -3.9977777777777779E-02 -5.7111111111111112E-03
  -4.0313888888888892E-02 -5.8777777777777778E-03
  -4.0983333333333337E-02 -6.1555555555555556E-03
  -4.1316666666666668E-02 -6.3750000000000005E-03
  -4.2211111111111116E-02 -7.0972222222222226E-03
  -4.2825000000000002E-02 -7.6499999999999997E-03
  -4.3605555555555550E-02 -8.1499999999999993E-03
  -4.4052777777777781E-02 -8.5944444444444445E-03
  -4.4444444444444446E-02 -9.0361111111111111E-03
  -4.4891666666666663E-02 -9.5916666666666667E-03
  -4.5224999999999994E-02 -1.0147222222222222E-02
  -4.5672222222222225E-02 -1.0477777777777777E-02
  -4.6119444444444442E-02 -1.0866666666666667E-02
  -4.6455555555555555E-02 -1.1311111111111112E-02
  -4.6622222222222218E-02 -1.1808333333333332E-02
  -4.6622222222222218E-02 -1.2252777777777777E-02
  -4.6286111111111111E-02 -1.2641666666666667E-02
  -4.5841666666666669E-02 -1.3250000000000000E-02
  -4.5561111111111115E-02 -1.3805555555555555E-02
  -4.5058333333333339E-02 -1.4691666666666667E-02
  -4.4780555555555553E-02 -1.5191666666666668E-02
  -4.4333333333333336E-02 -1.5913888888888887E-02
  -4.3663888888888884E-02 -1.6688888888888889E-02
  -4.3216666666666667E-02 -1.7133333333333334E-02
  -4.2658333333333326E-02 -1.7630555555555556E-02
  -4.2155555555555550E-02 -1.7963888888888890E-02
  -4.1430555555555554E-02 -1.8463888888888887E-02
  -4.1038888888888889E-02 -1.8741666666666667E-02
  -4.0536111111111113E-02 -1.9072222222222223E-02
  -4.0033333333333337E-02 -1.9405555555555554E-02
  -3.9308333333333334E-02 -2.0016666666666669E-02
  -3.8916666666666669E-02 -2.0127777777777779E-02
  -3.8302777777777776E-02 -2.0569444444444446E-02
  -3.7911111111111111E-02 -2.0791666666666667E-02
  -3.7633333333333331E-02 -2.1677777777777778E-02
  -3.7522222222222221E-02 -2.1955555555555555E-02
  -3.7463888888888887E-02 -2.2400000000000000E-02
  -3.7911111111111111E-02 -2.2900000000000000E-02
  -3.8247222222222224E-02 -2.3341666666666667E-02
  -3.8413888888888886E-02 -2.3674999999999998E-02
  -3.8694444444444448E-02 -2.4450000000000000E-02
  -3.8805555555555558E-02 -2.5227777777777780E-02
  -3.8805555555555558E-02 -2.6113888888888891E-02
  -3.8805555555555558E-02 -2.6947222222222220E-02
  -3.8080555555555555E-02 -2.6947222222222220E-02
  -3.7744444444444442E-02 -2.6780555555555554E-02
  -3.7130555555555556E-02 -2.6280555555555557E-02
  -3.6405555555555552E-02 -2.6447222222222219E-02
  -3.5902777777777777E-02 -2.6502777777777778E-02
  -3.4952777777777777E-02 -2.6558333333333333E-02
  -3.4450000000000001E-02 -2.6558333333333333E-02
  -3.3780555555555557E-02 -2.6669444444444444E-02
  -3.3333333333333333E-02 -2.6780555555555554E-02
  -3.2886111111111109E-02 -2.7002777777777778E-02
  -3.2161111111111113E-02 -2.7277777777777776E-02
  -3.1824999999999999E-02 -2.7500000000000000E-02
  -3.1044444444444444E-02 -2.7888888888888890E-02
  -3.0205555555555555E-02 -2.8222222222222221E-02
  -2.8866666666666665E-02 -2.8719444444444447E-02
  -2.8027777777777776E-02 -2.8997222222222223E-02
  -2.7136111111111111E-02 -2.9275000000000002E-02
  -2.6411111111111111E-02 -2.9608333333333334E-02
  -2.5627777777777777E-02 -2.9994444444444449E-02
  -2.4455555555555553E-02 -3.0438888888888890E-02
  -2.3061111111111112E-02 -3.0716666666666663E-02
  -2.1941666666666668E-02 -3.0883333333333332E-02
  -2.0266666666666669E-02 -3.1161111111111108E-02
  -1.9486111111111110E-02 -3.1380555555555550E-02
  -1.8536111111111111E-02 -3.1602777777777778E-02
  -1.7811111111111111E-02 -3.1824999999999999E-02
  -1.7086111111111111E-02 -3.2047222222222220E-02
  -1.6302777777777777E-02 -3.2102777777777779E-02
  -1.5744444444444443E-02 -3.2491666666666669E-02
  -1.5186111111111110E-02 -3.2933333333333335E-02
  -1.4461111111111110E-02 -3.3322222222222225E-02
  -1.3566666666666666E-02 -3.3544444444444446E-02
  -1.3288888888888888E-02 -3.3766666666666667E-02
  -1.2619444444444444E-02 -3.4263888888888892E-02
  -1.1950000000000001E-02 -3.4541666666666665E-02
  -1.1111111111111112E-02 -3.4541666666666665E-02
  -1.0386111111111112E-02 -3.4597222222222224E-02
  -9.7138888888888900E-03 -3.4930555555555555E-02
  -8.7111111111111104E-03 -3.5594444444444449E-02
  -7.9277777777777766E-03 -3.6261111111111112E-02
  -7.2027777777777767E-03 -3.6649999999999995E-02
  -6.4777777777777776E-03 -3.7036111111111110E-02
  -5.6388888888888895E-03 -3.7425000000000000E-02
  -4.5222222222222226E-03 -3.7702777777777779E-02
  -3.8527777777777775E-03 -3.7813888888888890E-02
  -2.9027777777777776E-03 -3.7925000000000000E-02
  -2.1777777777777776E-03 -3.8199999999999998E-02
  -1.5083333333333333E-03 -3.8644444444444447E-02
  -9.5000000000000000E-04 -3.8866666666666667E-02
   4.4722222222222223E-04 -3.9311111111111109E-02
   1.4527777777777777E-03 -3.9477777777777778E-02
   2.4555555555555559E-03 -3.9586111111111114E-02
   3.6305555555555557E-03 -3.9311111111111109E-02
   4.6888888888888891E-03 -3.8922222222222219E-02
   5.4166666666666669E-03 -3.8588888888888888E-02
   6.9222222222222220E-03 -3.8036111111111111E-02
   7.8166666666666662E-03 -3.8811111111111109E-02
   8.4305555555555557E-03 -3.8977777777777778E-02
   9.1000000000000004E-03 -3.9255555555555557E-02
   1.0050000000000000E-02 -3.9366666666666668E-02
   1.1502777777777778E-02 -3.9533333333333337E-02
   1.2786111111111111E-02 -3.9533333333333337E-02
   1.4238888888888888E-02 -3.9477777777777778E-02
   1.5241666666666666E-02 -3.9255555555555557E-02
   1.6136111111111111E-02 -3.9144444444444447E-02
   1.7308333333333332E-02 -3.9033333333333337E-02
   1.8369444444444445E-02 -3.8866666666666667E-02
   1.9038888888888890E-02 -3.8755555555555557E-02
   1.9933333333333334E-02 -3.8699999999999998E-02
   2.1049999999999999E-02 -3.8422222222222219E-02
   2.1719444444444444E-02 -3.9144444444444447E-02
   2.2055555555555557E-02 -3.9641666666666665E-02
   2.2444444444444447E-02 -4.0197222222222224E-02
   2.2947222222222220E-02 -4.0586111111111114E-02
   2.3897222222222222E-02 -4.0972222222222222E-02
   2.4399999999999998E-02 -4.1138888888888885E-02
   2.4736111111111111E-02 -4.1583333333333333E-02
   2.5461111111111111E-02 -4.2249999999999996E-02
   2.6352777777777777E-02 -4.2858333333333332E-02
   2.6969444444444445E-02 -4.3358333333333332E-02
   2.7413888888888890E-02 -4.3691666666666663E-02
   2.8086111111111114E-02 -4.4244444444444447E-02
   2.8474999999999997E-02 -4.4466666666666668E-02
   2.9369444444444441E-02 -4.5077777777777779E-02
   2.9927777777777775E-02 -4.5297222222222225E-02
   3.0933333333333330E-02 -4.5630555555555556E-02
   3.1824999999999999E-02 -4.5741666666666667E-02
   3.2941666666666668E-02 -4.5797222222222225E-02
   3.3613888888888888E-02 -4.5741666666666667E-02
   3.4505555555555553E-02 -4.5575000000000004E-02
   3.5230555555555557E-02 -4.5297222222222225E-02
   3.5847222222222225E-02 -4.5022222222222220E-02
   3.6572222222222221E-02 -4.4577777777777779E-02
   3.7577777777777779E-02 -4.4133333333333330E-02
   3.8358333333333335E-02 -4.3911111111111109E-02
   3.9530555555555555E-02 -4.3580555555555553E-02
   4.0255555555555558E-02 -4.3413888888888891E-02
   4.0983333333333337E-02 -4.3136111111111111E-02
   4.2099999999999999E-02 -4.2747222222222221E-02
   4.2825000000000002E-02 -4.2580555555555559E-02
   4.3550000000000005E-02 -4.2361111111111106E-02
   4.4222222222222225E-02 -4.2083333333333334E-02
   4.5113888888888884E-02 -4.2083333333333334E-02
   4.6341666666666663E-02 -4.1805555555555554E-02
   4.7069444444444448E-02 -4.1527777777777782E-02
   4.8075000000000007E-02 -4.1138888888888885E-02
   4.9358333333333330E-02 -4.0641666666666666E-02
   5.0194444444444444E-02 -4.0308333333333335E-02
   5.0922222222222230E-02 -3.9975000000000004E-02
   5.1647222222222219E-02 -3.9641666666666665E-02
   5.2205555555555554E-02 -3.9255555555555557E-02
   5.2652777777777778E-02 -3.8977777777777778E-02
   5.3100000000000001E-02 -3.8699999999999998E-02
   5.4102777777777777E-02 -3.8091666666666663E-02
   5.4941666666666666E-02 -3.7702777777777779E-02
   5.5836111111111114E-02 -3.7147222222222220E-02
   5.6450000000000000E-02 -3.6705555555555561E-02
   5.7119444444444438E-02 -3.6316666666666664E-02
   5.7844444444444441E-02 -3.5983333333333332E-02
   5.8124999999999996E-02 -3.5761111111111105E-02
   5.8402777777777776E-02 -3.6094444444444443E-02
   5.8849999999999993E-02 -3.6649999999999995E-02
   5.9297222222222223E-02 -3.7147222222222220E-02
   5.9799999999999999E-02 -3.7813888888888890E-02
   6.0244444444444448E-02 -3.8644444444444447E-02
   6.0244444444444448E-02 -3.9477777777777778E-02
   5.9855555555555551E-02 -4.0419444444444445E-02
   6.0022222222222227E-02 -4.1027777777777774E-02
   6.1194444444444440E-02 -4.1416666666666671E-02
   6.2199999999999998E-02 -4.1694444444444444E-02
   6.3316666666666660E-02 -4.1861111111111113E-02
   6.4041666666666663E-02 -4.2027777777777775E-02
   6.5213888888888891E-02 -4.2027777777777775E-02
   6.6666666666666666E-02 -4.1750000000000002E-02
   6.7672222222222217E-02 -4.1416666666666671E-02
   6.9402777777777772E-02 -4.0863888888888894E-02
   7.0352777777777778E-02 -4.0475000000000004E-02
   7.1525000000000005E-02 -4.0086111111111114E-02
   7.1972222222222229E-02 -3.9919444444444445E-02
   7.2194444444444450E-02 -4.0697222222222225E-02
   7.2530555555555556E-02 -4.1805555555555554E-02
   7.2919444444444440E-02 -4.2580555555555559E-02
   7.3477777777777781E-02 -4.3302777777777773E-02
   7.3980555555555549E-02 -4.3855555555555557E-02
   7.4930555555555556E-02 -4.4466666666666668E-02
   7.5433333333333338E-02 -4.4855555555555558E-02
   7.6213888888888887E-02 -4.5352777777777777E-02
   7.6827777777777773E-02 -4.5741666666666667E-02
   7.7275000000000010E-02 -4.5963888888888887E-02
   7.7722222222222220E-02 -4.6297222222222226E-02
   7.8280555555555562E-02 -4.6683333333333334E-02
   7.8727777777777785E-02 -4.7072222222222217E-02
   7.9397222222222216E-02 -4.7461111111111114E-02
   7.9844444444444440E-02 -4.7683333333333335E-02
   8.0569444444444444E-02 -4.7849999999999997E-02
   8.1797222222222229E-02 -4.8069444444444449E-02
   8.2299999999999998E-02 -4.8402777777777781E-02
   8.3083333333333342E-02 -4.8569444444444443E-02
   8.3974999999999994E-02 -4.8513888888888891E-02
   8.4758333333333324E-02 -4.8125000000000001E-02
   8.5538888888888887E-02 -4.7683333333333335E-02
   8.6263888888888890E-02 -4.7350000000000003E-02
   8.6822222222222217E-02 -4.7072222222222217E-02
   8.7938888888888886E-02 -4.6627777777777775E-02
   8.8944444444444437E-02 -4.6297222222222226E-02
   9.0005555555555561E-02 -4.5852777777777777E-02
   9.1122222222222229E-02 -4.5519444444444446E-02
   9.2183333333333339E-02 -4.5077777777777779E-02
   9.3019444444444446E-02 -4.4633333333333330E-02
   9.3858333333333321E-02 -4.4022222222222220E-02
   9.4583333333333339E-02 -4.3636111111111112E-02
   9.5086111111111107E-02 -4.3525000000000001E-02
   9.5869444444444438E-02 -4.3191666666666663E-02
   9.7097222222222224E-02 -4.2691666666666669E-02
   9.7655555555555551E-02 -4.2413888888888890E-02
   9.8602777777777775E-02 -4.1750000000000002E-02
   9.9663888888888885E-02 -4.0972222222222222E-02
   0.1003361111111111     -4.0530555555555556E-02
   0.1013972222222222     -3.9919444444444445E-02
   0.1020111111111111     -3.9533333333333337E-02
   0.1025694444444444     -3.9199999999999999E-02
   0.1031833333333333     -3.8811111111111109E-02
   0.1037416666666667     -3.8477777777777777E-02
   0.1047472222222222     -3.8422222222222219E-02
   0.1055277777777778     -3.8422222222222219E-02
   0.1061972222222222     -3.8588888888888888E-02
   0.1069805555555556     -3.8811111111111109E-02
   0.1084305555555556     -3.8588888888888888E-02
   0.1098833333333333     -3.8199999999999998E-02
   0.1108888888888889     -3.7758333333333331E-02
   0.1119500000000000     -3.7147222222222220E-02
   0.1128416666666667     -3.6705555555555561E-02
   0.1135111111111111     -3.6372222222222222E-02
   0.1144055555555556     -3.6038888888888891E-02
   0.1148527777777778     -3.5872222222222222E-02
   0.1149638888888889     -3.5705555555555560E-02
   0.1156333333333333     -3.5483333333333339E-02
   0.1173083333333333     -3.4763888888888893E-02
   0.1178666666666667     -3.4541666666666665E-02
   0.1191500000000000     -3.3877777777777777E-02
   0.1202666666666667     -3.3433333333333336E-02
   0.1214972222222222     -3.3099999999999997E-02
   0.1227805555555555     -3.2822222222222225E-02
   0.1225583333333333     -3.3377777777777777E-02
   0.1216638888888889     -3.3877777777777777E-02
   0.1207138888888889     -3.4652777777777782E-02
   0.1209944444444445     -3.4763888888888893E-02
   0.1227250000000000     -3.5263888888888893E-02
   0.1238972222222222     -3.5761111111111105E-02
   0.1251250000000000     -3.6205555555555553E-02
   0.1261861111111111     -3.6261111111111112E-02
   0.1276944444444444     -3.6038888888888891E-02
   0.1288666666666667     -3.5594444444444449E-02
   0.1297027777777778     -3.5375000000000004E-02
   0.1298166666666667     -3.6372222222222222E-02
   0.1303194444444444     -3.6813888888888889E-02
   0.1312111111111111     -3.7591666666666662E-02
   0.1321611111111111     -3.8255555555555557E-02
   0.1329416666666667     -3.8699999999999998E-02
   0.1336138888888889     -3.9088888888888888E-02
   0.1343944444444444     -3.9477777777777778E-02
   0.1355666666666667     -3.9422222222222220E-02
   0.1365722222222222     -3.9311111111111109E-02
   0.1382472222222222     -3.9255555555555557E-02
   0.1398666666666667     -3.8977777777777778E-02
   0.1412055555555556     -3.8366666666666667E-02
   0.1424888888888889     -3.7702777777777779E-02
   0.1438305555555556     -3.7202777777777779E-02
   0.1450027777777778     -3.6649999999999995E-02
   0.1458972222222222     -3.6150000000000002E-02
   0.1466777777777778     -3.5761111111111105E-02
   0.1472361111111111     -3.5427777777777773E-02
   0.1479611111111111     -3.4875000000000003E-02
   0.1489666666666667     -3.5208333333333335E-02
   0.1501388888888889     -3.5705555555555560E-02
   0.1510333333333333     -3.5983333333333332E-02
   0.1524277777777778     -3.6094444444444443E-02
   0.1529861111111111     -3.6150000000000002E-02
