   4.4583333333333332E-03  9.0333333333333325E-03
   4.0666666666666663E-03  8.7555555555555546E-03
   3.5666666666666663E-03  8.4777777777777785E-03
   3.0083333333333333E-03  8.3138888888888898E-03
   1.9499999999999999E-03  8.3138888888888898E-03
   1.3944444444444445E-03  8.2027777777777776E-03
   4.4444444444444447E-04  8.0916666666666671E-03
  -2.7777777777777778E-04  7.8138888888888893E-03
  -7.8055555555555560E-04  7.3722222222222227E-03
  -1.7277777777777777E-03  6.7638888888888887E-03
  -2.1166666666666669E-03  6.3750000000000005E-03
  -2.6194444444444442E-03  6.0972222222222226E-03
  -3.1749999999999999E-03  6.0416666666666665E-03
  -3.7333333333333333E-03  5.9861111111111113E-03
  -4.4027777777777780E-03  5.7666666666666665E-03
  -4.9027777777777776E-03  5.4888888888888886E-03
  -5.5166666666666662E-03  5.1555555555555556E-03
  -5.9611111111111115E-03  4.8249999999999994E-03
  -6.7416666666666666E-03  4.6583333333333329E-03
  -7.4666666666666666E-03  4.4361111111111112E-03
  -8.0805555555555561E-03  4.0500000000000006E-03
  -8.8027777777777774E-03  3.7166666666666667E-03
  -9.3055555555555565E-03  3.3861111111111110E-03
  -9.6944444444444430E-03  3.1638888888888888E-03
  -1.0197222222222222E-02  2.7750000000000001E-03
  -1.0811111111111112E-02  2.2777777777777779E-03
  -1.1255555555555555E-02  1.9444444444444446E-03
  -1.1980555555555557E-02  1.3916666666666667E-03
  -1.2424999999999999E-02  1.0055555555555555E-03
  -1.2872222222222222E-02  4.4999999999999999E-04
  -1.3261111111111111E-02 -1.0277777777777778E-04
  -1.3541666666666667E-02 -6.0000000000000006E-04
  -1.3819444444444445E-02 -9.8888888888888898E-04
  -1.4097222222222221E-02 -1.4861111111111110E-03
  -1.4041666666666666E-02 -1.7638888888888888E-03
  -1.3652777777777778E-02 -1.9861111111111108E-03
  -1.3261111111111111E-02 -2.2611111111111113E-03
  -1.3094444444444443E-02 -2.8166666666666670E-03
  -1.3094444444444443E-02 -3.3138888888888888E-03
  -1.3205555555555555E-02 -3.7583333333333336E-03
  -1.3486111111111110E-02 -4.1999999999999997E-03
  -1.3875000000000000E-02 -4.6416666666666663E-03
  -1.4208333333333331E-02 -5.3083333333333333E-03
  -1.4377777777777776E-02 -6.1388888888888890E-03
  -1.3986111111111109E-02 -7.0222222222222231E-03
  -1.3597222222222222E-02 -7.9083333333333332E-03
  -1.3094444444444443E-02 -8.6833333333333328E-03
  -1.2538888888888889E-02 -9.5694444444444429E-03
  -1.1980555555555557E-02 -1.0400000000000000E-02
  -1.1758333333333334E-02 -1.0622222222222222E-02
  -1.1477777777777778E-02 -1.0900000000000000E-02
  -1.1366666666666667E-02 -1.1286111111111111E-02
  -1.1088888888888889E-02 -1.1950000000000001E-02
  -1.0977777777777777E-02 -1.2338888888888889E-02
  -1.0586111111111110E-02 -1.2947222222222223E-02
  -1.0086111111111110E-02 -1.3611111111111110E-02
  -9.7527777777777786E-03 -1.4330555555555556E-02
  -9.5833333333333326E-03 -1.4608333333333334E-02
  -8.9166666666666665E-03 -1.5327777777777777E-02
  -8.4694444444444444E-03 -1.5716666666666667E-02
  -8.0805555555555561E-03 -1.6047222222222223E-02
  -7.5777777777777770E-03 -1.6491666666666668E-02
  -7.2444444444444440E-03 -1.6933333333333335E-02
  -6.9083333333333332E-03 -1.7100000000000001E-02
  -6.3527777777777775E-03 -1.7211111111111111E-02
  -5.8500000000000002E-03 -1.7266666666666666E-02
  -5.1833333333333332E-03 -1.7488888888888891E-02
  -4.7361111111111111E-03 -1.7819444444444443E-02
  -4.5138888888888893E-03 -1.7930555555555554E-02
  -3.7888888888888885E-03 -1.8538888888888889E-02
  -3.1749999999999999E-03 -1.8983333333333335E-02
  -2.6749999999999999E-03 -1.9313888888888891E-02
  -1.7833333333333332E-03 -1.9702777777777777E-02
  -1.2805555555555556E-03 -1.9869444444444447E-02
  -2.2222222222222223E-04 -2.0255555555555554E-02
   6.1388888888888897E-04 -2.0588888888888889E-02
   1.7833333333333332E-03 -2.1252777777777777E-02
   2.7305555555555555E-03 -2.1530555555555556E-02
   3.4555555555555555E-03 -2.1750000000000002E-02
   4.1222222222222224E-03 -2.1972222222222223E-02
   4.8472222222222215E-03 -2.2194444444444447E-02
   5.7388888888888889E-03 -2.2525000000000000E-02
   6.4083333333333327E-03 -2.2636111111111110E-02
   7.1888888888888879E-03 -2.2802777777777776E-02
   8.5249999999999996E-03 -2.3025000000000000E-02
   9.5277777777777791E-03 -2.3191666666666666E-02
   1.0363888888888888E-02 -2.3411111111111112E-02
   1.1366666666666667E-02 -2.3688888888888888E-02
   1.2480555555555555E-02 -2.3966666666666667E-02
   1.2927777777777778E-02 -2.4074999999999999E-02
   1.3708333333333333E-02 -2.4130555555555558E-02
   1.4263888888888888E-02 -2.4241666666666668E-02
   1.5266666666666666E-02 -2.4408333333333334E-02
   1.5936111111111109E-02 -2.4519444444444444E-02
   1.7049999999999999E-02 -2.4575000000000000E-02
   1.7997222222222223E-02 -2.4741666666666669E-02
   1.9113888888888889E-02 -2.5016666666666666E-02
   2.0116666666666665E-02 -2.5183333333333332E-02
   2.1230555555555555E-02 -2.5349999999999998E-02
   2.2566666666666665E-02 -2.5461111111111111E-02
   2.3627777777777779E-02 -2.5572222222222222E-02
   2.4630555555555558E-02 -2.5627777777777777E-02
   2.5522222222222220E-02 -2.5791666666666668E-02
   2.6580555555555555E-02 -2.5958333333333333E-02
   2.7302777777777777E-02 -2.6124999999999999E-02
   2.8027777777777776E-02 -2.6236111111111113E-02
   2.8697222222222221E-02 -2.6180555555555554E-02
   2.9699999999999997E-02 -2.6124999999999999E-02
   3.0702777777777777E-02 -2.6180555555555554E-02
   3.1594444444444446E-02 -2.6347222222222223E-02
   3.2708333333333332E-02 -2.6402777777777778E-02
   3.3322222222222225E-02 -2.6402777777777778E-02
   3.4380555555555553E-02 -2.6566666666666669E-02
   3.5272222222222226E-02 -2.6677777777777779E-02
   3.5941666666666670E-02 -2.6844444444444445E-02
   3.7000000000000005E-02 -2.7177777777777780E-02
   3.7669444444444450E-02 -2.7177777777777780E-02
   3.8002777777777781E-02 -2.7011111111111111E-02
   3.8616666666666667E-02 -2.6788888888888890E-02
   3.9338888888888889E-02 -2.6844444444444445E-02
   3.9897222222222223E-02 -2.7066666666666669E-02
   4.0566666666666668E-02 -2.7233333333333335E-02
   4.1402777777777774E-02 -2.7508333333333333E-02
   4.2405555555555557E-02 -2.7786111111111109E-02
   4.3297222222222223E-02 -2.7897222222222223E-02
   4.4411111111111110E-02 -2.7897222222222223E-02
   4.4855555555555558E-02 -2.7786111111111109E-02
   4.5525000000000003E-02 -2.7730555555555553E-02
   4.6249999999999999E-02 -2.7786111111111109E-02
   4.7197222222222224E-02 -2.7786111111111109E-02
   4.7811111111111110E-02 -2.7786111111111109E-02
   4.8869444444444445E-02 -2.7952777777777778E-02
   4.9313888888888893E-02 -2.7897222222222223E-02
   5.0427777777777773E-02 -2.7786111111111109E-02
   5.1488888888888890E-02 -2.7786111111111109E-02
   5.2266666666666670E-02 -2.7952777777777778E-02
   5.2991666666666666E-02 -2.8283333333333334E-02
   5.3550000000000000E-02 -2.8450000000000000E-02
   5.4552777777777776E-02 -2.8727777777777779E-02
   5.5277777777777780E-02 -2.8783333333333334E-02
   5.6113888888888880E-02 -2.8838888888888890E-02
   5.7116666666666670E-02 -2.8783333333333334E-02
   5.7897222222222218E-02 -2.8561111111111110E-02
   5.8900000000000001E-02 -2.8063888888888888E-02
   5.9399999999999994E-02 -2.8283333333333334E-02
   6.0069444444444446E-02 -2.8616666666666665E-02
   6.1016666666666670E-02 -2.8947222222222221E-02
   6.1797222222222219E-02 -2.9225000000000001E-02
   6.2911111111111112E-02 -2.9391666666666667E-02
   6.3747222222222233E-02 -2.9391666666666667E-02
   6.4361111111111119E-02 -2.9113888888888891E-02
   6.5419444444444447E-02 -2.8891666666666666E-02
   6.5808333333333330E-02 -2.8727777777777779E-02
   6.6422222222222216E-02 -2.8450000000000000E-02
   6.7033333333333334E-02 -2.8450000000000000E-02
   6.7758333333333337E-02 -2.8616666666666665E-02
   6.8316666666666664E-02 -2.8838888888888890E-02
   6.8816666666666665E-02 -2.9113888888888891E-02
   6.9319444444444434E-02 -2.9280555555555556E-02
   7.0044444444444437E-02 -2.9280555555555556E-02
   7.0822222222222217E-02 -2.9280555555555556E-02
   7.1325000000000000E-02 -2.9280555555555556E-02
   7.2105555555555562E-02 -2.9336111111111111E-02
   7.2550000000000003E-02 -2.9391666666666667E-02
   7.3108333333333331E-02 -2.9447222222222222E-02
   7.3330555555555552E-02 -2.9447222222222222E-02
   7.4000000000000010E-02 -2.9558333333333336E-02
   7.4222222222222231E-02 -2.9502777777777781E-02
   7.4725000000000000E-02 -2.9391666666666667E-02
   7.4891666666666662E-02 -2.9391666666666667E-02
   7.6061111111111107E-02 -2.9833333333333337E-02
   7.6619444444444448E-02 -3.0111111111111113E-02
   7.7622222222222217E-02 -3.0388888888888892E-02
   7.8458333333333338E-02 -3.0552777777777779E-02
   7.9405555555555563E-02 -3.0663888888888893E-02
   8.0016666666666680E-02 -3.0719444444444449E-02
   8.0741666666666656E-02 -3.0719444444444449E-02
   8.1299999999999997E-02 -3.0663888888888893E-02
   8.1911111111111101E-02 -3.0444444444444448E-02
   8.2413888888888884E-02 -3.0222222222222223E-02
   8.3027777777777770E-02 -2.9833333333333337E-02
   8.3808333333333332E-02 -2.9613888888888891E-02
   8.4641666666666671E-02 -2.9669444444444446E-02
   8.5366666666666660E-02 -2.9777777777777778E-02
   8.6369444444444443E-02 -2.9833333333333337E-02
   8.7597222222222229E-02 -2.9944444444444447E-02
   8.8488888888888895E-02 -3.0111111111111113E-02
   8.8988888888888881E-02 -3.0166666666666668E-02
   8.9602777777777767E-02 -3.0444444444444448E-02
   9.0605555555555550E-02 -3.0719444444444449E-02
   9.1441666666666671E-02 -3.0774999999999997E-02
   9.2333333333333323E-02 -3.0774999999999997E-02
   9.3169444444444444E-02 -3.0552777777777779E-02
   9.3725000000000003E-02 -3.0333333333333337E-02
   9.4061111111111109E-02 -3.0444444444444448E-02
   9.4616666666666668E-02 -3.0719444444444449E-02
   9.5341666666666672E-02 -3.0941666666666669E-02
   9.6177777777777779E-02 -3.0997222222222218E-02
   9.7013888888888899E-02 -3.0997222222222218E-02
   9.8183333333333345E-02 -3.0886111111111107E-02
   9.9186111111111114E-02 -3.0830555555555559E-02
   0.1000777777777778     -3.0830555555555559E-02
   0.1008583333333333     -3.0774999999999997E-02
   0.1015277777777778     -3.0774999999999997E-02
   0.1025305555555556     -3.0830555555555559E-02
   0.1031416666666667     -3.0941666666666669E-02
   0.1039777777777778     -3.1108333333333332E-02
   0.1050361111111111     -3.1275000000000004E-02
   0.1059833333333333     -3.1438888888888884E-02
   0.1071555555555556     -3.1494444444444443E-02
   0.1079916666666667     -3.1494444444444443E-02
   0.1086027777777778     -3.1494444444444443E-02
   0.1101638888888889     -3.1383333333333333E-02
   0.1107222222222222     -3.1716666666666664E-02
   0.1114444444444444     -3.2049999999999995E-02
   0.1122250000000000     -3.2325000000000000E-02
   0.1132833333333333     -3.2602777777777779E-02
   0.1140083333333333     -3.2325000000000000E-02
   0.1179083333333333     -3.1938888888888885E-02
   0.1189666666666667     -3.1661111111111112E-02
   0.1198027777777778     -3.1494444444444443E-02
   0.1204722222222222     -3.1494444444444443E-02
   0.1218111111111111     -3.1605555555555553E-02
   0.1234250000000000     -3.1883333333333333E-02
   0.1238166666666667     -3.1938888888888885E-02
   0.1244833333333333     -3.2105555555555554E-02
   0.1252638888888889     -3.2380555555555551E-02
   0.1262111111111111     -3.2658333333333331E-02
   0.1273277777777778     -3.2880555555555552E-02
   0.1282166666666667     -3.2880555555555552E-02
   0.1289972222222222     -3.2602777777777779E-02
   0.1296666666666667     -3.2325000000000000E-02
   0.1302250000000000     -3.2105555555555554E-02
   0.1309472222222222     -3.2105555555555554E-02
   0.1315611111111111     -3.2380555555555551E-02
   0.1322305555555555     -3.2658333333333331E-02
   0.1329555555555556     -3.2769444444444441E-02
   0.1337333333333333     -3.2602777777777779E-02
   0.1341805555555556     -3.2436111111111110E-02
   0.1351833333333333     -3.1716666666666664E-02
   0.1358527777777778     -3.1716666666666664E-02
   0.1364638888888889     -3.1827777777777774E-02
   0.1371333333333333     -3.2049999999999995E-02
   0.1384138888888889     -3.2049999999999995E-02
   0.1392500000000000     -3.2049999999999995E-02
   0.1401416666666667     -3.2213888888888889E-02
   0.1414250000000000     -3.2380555555555551E-02
   0.1427055555555556     -3.2325000000000000E-02
   0.1435972222222222     -3.2269444444444441E-02
   0.1446000000000000     -3.2269444444444441E-02
   0.1454361111111111     -3.2325000000000000E-02
   0.1459944444444444     -3.2325000000000000E-02
   0.1464944444444444     -3.2547222222222220E-02
   0.1475527777777778     -3.2933333333333335E-02
   0.1487250000000000     -3.3099999999999997E-02
   0.1498388888888889     -3.3044444444444446E-02
   0.1507305555555556     -3.2825000000000000E-02
   0.1512861111111111     -3.2769444444444441E-02
   0.1518444444444444     -3.2769444444444441E-02
   0.1526805555555556     -3.2825000000000000E-02
   0.1539611111111111     -3.2988888888888887E-02
   0.1550194444444445     -3.3211111111111108E-02
   0.1561916666666666     -3.3377777777777777E-02
   0.1569138888888889     -3.3488888888888887E-02
   0.1574166666666666     -3.3599999999999998E-02
   0.1583638888888889     -3.3819444444444444E-02
   0.1590333333333333     -3.3986111111111113E-02
   0.1599250000000000     -3.3986111111111113E-02
   0.1606472222222222     -3.3819444444444444E-02
   0.1609833333333333     -3.3599999999999998E-02
   0.1615388888888889     -3.3322222222222225E-02
   0.1623194444444444     -3.3377777777777777E-02
   0.1629888888888889     -3.3211111111111108E-02
   0.1640472222222222     -3.2880555555555552E-02
   0.1648833333333334     -3.2933333333333335E-02
   0.1661083333333333     -3.3377777777777777E-02
   0.1671111111111111     -3.3488888888888887E-02
   0.1681722222222222     -3.3155555555555556E-02
   0.1692305555555556     -3.2713888888888890E-02
   0.1696750000000000     -3.2436111111111110E-02
   0.1702888888888889     -3.1938888888888885E-02
