   1.4821999999999998E-02  1.4671999999999999E-02
   1.4319000000000002E-02  1.4506000000000000E-02
   1.3875000000000000E-02  1.4231000000000001E-02
   1.3261000000000000E-02  1.4064000000000000E-02
   1.2539000000000002E-02  1.4064000000000000E-02
   1.2091999999999999E-02  1.4064000000000000E-02
   1.1478000000000000E-02  1.4008000000000000E-02
   1.0921999999999999E-02  1.4064000000000000E-02
   1.0253000000000000E-02  1.3897000000000000E-02
   9.4722000000000001E-03  1.3396999999999997E-02
   8.6361000000000025E-03  1.3007999999999999E-02
   7.9693999999999997E-03  1.2733000000000001E-02
   7.5222000000000006E-03  1.2456000000000000E-02
   6.9667000000000001E-03  1.2233000000000001E-02
   6.5193999999999998E-03  1.2122000000000001E-02
   3.7889000000000000E-03  1.1014000000000001E-02
   2.5639000000000000E-03  1.0903000000000001E-02
  -5.5555999999999995E-05  1.0847000000000001E-02
  -2.1167000000000000E-03  1.0958000000000001E-02
  -3.2889000000000000E-03  1.0458000000000000E-02
  -4.5138999999999995E-03  8.6832999999999997E-03
  -4.9583000000000006E-03  8.0721999999999999E-03
  -5.6277999999999996E-03  6.7971999999999998E-03
  -6.5193999999999998E-03  6.4638999999999999E-03
  -7.0222000000000001E-03  6.6306000000000004E-03
  -7.5778000000000000E-03  6.1889000000000007E-03
  -8.4139000000000002E-03  4.2472000000000005E-03
  -9.3056000000000007E-03  2.7499999999999998E-03
  -9.4167000000000001E-03  1.5277999999999999E-03
  -9.5277999999999995E-03  5.3056000000000002E-04
  -9.6943999999999989E-03 -9.1111000000000013E-04
  -9.6388999999999989E-03 -3.5166999999999998E-03
  -9.7527999999999990E-03 -4.7944000000000007E-03
  -9.8082999999999990E-03 -4.8500000000000001E-03
  -9.8639000000000001E-03 -5.7361000000000001E-03
  -9.8082999999999990E-03 -6.6778000000000002E-03
  -9.5832999999999995E-03 -8.1778000000000007E-03
  -9.4167000000000001E-03 -9.0638999999999997E-03
  -9.1389000000000001E-03 -1.0227999999999999E-02
  -8.5806000000000007E-03 -1.1394000000000000E-02
  -7.9138999999999998E-03 -1.2281000000000000E-02
  -7.4111000000000003E-03 -1.2947000000000000E-02
  -6.8528000000000000E-03 -1.3833000000000000E-02
  -6.2971999999999993E-03 -1.4719000000000001E-02
  -5.6277999999999996E-03 -1.5330999999999999E-02
  -5.0139000000000000E-03 -1.5886000000000001E-02
  -4.6250000000000006E-03 -1.6383000000000002E-02
  -3.7889000000000000E-03 -1.7217000000000000E-02
  -3.1749999999999999E-03 -1.7772000000000000E-02
  -2.5082999999999998E-03 -1.8325000000000001E-02
  -2.0056000000000002E-03 -1.8658000000000001E-02
  -1.5055999999999997E-03 -1.9102999999999998E-02
  -1.0583000000000001E-03 -1.9599999999999999E-02
  -5.5833000000000000E-04 -2.0211000000000000E-02
  -5.5555999999999995E-05 -2.0822000000000000E-02
   5.5833000000000000E-04 -2.1486000000000002E-02
   1.3361000000000000E-03 -2.1763999999999999E-02
   1.8944000000000001E-03 -2.1208000000000001E-02
   2.2832999999999994E-03 -2.0211000000000000E-02
   2.3971999999999995E-03 -1.9821999999999999E-02
   2.6194000000000000E-03 -1.9491999999999999E-02
   2.8971999999999999E-03 -1.9380999999999999E-02
   4.1222000000000003E-03 -1.9213999999999998E-02
   4.6806000000000000E-03 -1.9047000000000001E-02
   5.2944000000000003E-03 -1.8714000000000001E-02
   5.9056000000000004E-03 -1.8603000000000001E-02
   6.5193999999999998E-03 -1.8714000000000001E-02
   7.0777999999999995E-03 -1.8936000000000001E-02
   8.0806000000000003E-03 -1.9546999999999998E-02
   8.7472000000000001E-03 -1.9878000000000000E-02
   9.5277999999999995E-03 -2.0043999999999999E-02
   1.1256000000000000E-02 -2.0322000000000000E-02
   1.2313999999999999E-02 -2.0600000000000000E-02
   1.3653000000000000E-02 -2.0711000000000000E-02
   1.4655999999999999E-02 -2.0711000000000000E-02
   1.5266999999999999E-02 -2.0489000000000000E-02
   1.5602999999999999E-02 -2.0322000000000000E-02
   1.5991999999999999E-02 -2.0043999999999999E-02
   1.6827999999999999E-02 -2.0211000000000000E-02
   1.7996999999999999E-02 -2.0711000000000000E-02
   1.8943999999999999E-02 -2.1430999999999999E-02
   1.9503000000000000E-02 -2.1319000000000001E-02
   2.0841999999999999E-02 -2.1375000000000002E-02
   2.2121999999999999E-02 -2.1319000000000001E-02
   2.3236000000000000E-02 -2.1100000000000001E-02
