   1.1138888888888889E-03  4.6472222222222227E-03
   7.8055555555555560E-04  4.6472222222222227E-03
   2.7777777777777778E-04  4.6472222222222227E-03
  -4.4722222222222223E-04  4.5361111111111114E-03
  -1.1694444444444443E-03  4.4805555555555553E-03
  -2.1194444444444446E-03  4.2027777777777775E-03
  -2.8444444444444446E-03  4.0361111111111118E-03
  -3.2888888888888889E-03  3.9805555555555558E-03
  -4.1250000000000002E-03  3.9277777777777774E-03
  -4.6833333333333336E-03  3.8166666666666666E-03
  -5.4083333333333336E-03  3.8166666666666666E-03
  -6.4666666666666666E-03  3.6499999999999996E-03
  -7.3027777777777787E-03  3.4833333333333335E-03
  -8.1388888888888882E-03  3.3166666666666670E-03
  -8.9750000000000003E-03  3.0944444444444444E-03
  -9.8666666666666677E-03  2.9277777777777774E-03
  -1.0480555555555555E-02  2.7638888888888891E-03
  -1.1205555555555555E-02  2.5972222222222221E-03
  -1.1819444444444445E-02  2.2638888888888891E-03
  -1.2152777777777778E-02  1.9305555555555558E-03
  -1.2766666666666667E-02  1.8194444444444445E-03
  -1.3938888888888890E-02  1.7111111111111112E-03
  -1.4719444444444445E-02  1.4333333333333333E-03
  -1.5777777777777776E-02  9.3333333333333332E-04
  -1.6502777777777776E-02  6.0277777777777782E-04
  -1.7227777777777776E-02  3.2499999999999999E-04
  -1.7952777777777776E-02  4.7222222222222221E-05
  -1.8563888888888890E-02 -1.7500000000000000E-04
  -1.9288888888888890E-02 -3.4166666666666666E-04
  -2.0069444444444445E-02 -6.7222222222222217E-04
  -2.1016666666666670E-02 -9.5000000000000000E-04
  -2.1855555555555559E-02 -1.4500000000000001E-03
  -2.2577777777777776E-02 -2.0027777777777778E-03
  -2.3358333333333332E-02 -2.6111111111111109E-03
  -2.3916666666666666E-02 -3.3333333333333331E-03
  -2.4194444444444446E-02 -3.9416666666666662E-03
  -2.4530555555555555E-02 -4.4972222222222219E-03
  -2.4863888888888890E-02 -4.9944444444444437E-03
  -2.4863888888888890E-02 -5.8805555555555555E-03
  -2.4586111111111111E-02 -6.7138888888888890E-03
  -2.4363888888888890E-02 -7.4333333333333335E-03
  -2.3916666666666666E-02 -8.3194444444444435E-03
  -2.3638888888888890E-02 -8.9305555555555562E-03
  -2.3191666666666666E-02 -9.5944444444444436E-03
  -2.2802777777777776E-02 -1.0480555555555555E-02
  -2.2244444444444442E-02 -1.1200000000000000E-02
  -2.1741666666666666E-02 -1.2144444444444444E-02
  -2.1297222222222224E-02 -1.2919444444444445E-02
  -2.1075000000000000E-02 -1.3361111111111110E-02
  -2.0683333333333335E-02 -1.3972222222222223E-02
  -2.0405555555555555E-02 -1.4580555555555557E-02
  -2.0405555555555555E-02 -1.5413888888888887E-02
  -2.0461111111111110E-02 -1.6022222222222222E-02
  -2.0461111111111110E-02 -1.7075000000000000E-02
  -2.0516666666666669E-02 -1.7575000000000000E-02
  -2.0350000000000000E-02 -1.8349999999999998E-02
  -2.0069444444444445E-02 -1.9125000000000000E-02
  -1.9680555555555555E-02 -1.9844444444444446E-02
  -1.9400000000000001E-02 -2.0122222222222222E-02
  -1.8733333333333334E-02 -2.0788888888888888E-02
  -1.8008333333333335E-02 -2.1397222222222220E-02
  -1.7338888888888890E-02 -2.1730555555555555E-02
  -1.6222222222222221E-02 -2.2172222222222222E-02
  -1.4550000000000000E-02 -2.2727777777777777E-02
  -1.3602777777777778E-02 -2.2950000000000002E-02
  -1.2988888888888890E-02 -2.2950000000000002E-02
  -1.1986111111111111E-02 -2.3169444444444444E-02
  -1.1150000000000000E-02 -2.3502777777777775E-02
  -1.0313888888888890E-02 -2.3780555555555555E-02
  -9.3666666666666672E-03 -2.4058333333333334E-02
  -8.3055555555555556E-03 -2.4444444444444446E-02
  -7.5249999999999996E-03 -2.4611111111111111E-02
  -6.0222222222222222E-03 -2.4888888888888891E-02
  -5.1861111111111110E-03 -2.5055555555555557E-02
  -4.4611111111111110E-03 -2.5275000000000002E-02
  -3.6805555555555558E-03 -2.5552777777777778E-02
  -3.1777777777777776E-03 -2.5663888888888889E-02
  -2.6194444444444442E-03 -2.5774999999999999E-02
  -2.1194444444444446E-03 -2.5941666666666665E-02
  -1.3388888888888888E-03 -2.6108333333333331E-02
  -8.3611111111111104E-04 -2.6108333333333331E-02
  -4.4722222222222223E-04 -2.6219444444444445E-02
   3.8888888888888892E-04 -2.6383333333333332E-02
   1.0583333333333334E-03 -2.6438888888888887E-02
   1.2833333333333334E-03 -2.6438888888888887E-02
   2.2305555555555555E-03 -2.6716666666666666E-02
   3.0666666666666668E-03 -2.6938888888888887E-02
   4.1250000000000002E-03 -2.7216666666666667E-02
   5.3527777777777783E-03 -2.7383333333333332E-02
   6.6888888888888883E-03 -2.7769444444444444E-02
   7.9166666666666656E-03 -2.8047222222222223E-02
   8.9750000000000003E-03 -2.8544444444444445E-02
   9.9805555555555550E-03 -2.8933333333333335E-02
   1.1261111111111111E-02 -2.9433333333333336E-02
   1.2263888888888888E-02 -2.9708333333333337E-02
   1.2877777777777778E-02 -2.9874999999999999E-02
   1.4161111111111112E-02 -3.0208333333333330E-02
   1.5386111111111109E-02 -3.0486111111111110E-02
   1.6111111111111111E-02 -3.0541666666666665E-02
   1.7172222222222221E-02 -3.0816666666666666E-02
   1.8119444444444445E-02 -3.1094444444444442E-02
   1.9569444444444445E-02 -3.1261111111111108E-02
   2.1130555555555555E-02 -3.1483333333333335E-02
   2.2300000000000000E-02 -3.1483333333333335E-02
   2.3191666666666666E-02 -3.1538888888888887E-02
   2.3916666666666666E-02 -3.1705555555555556E-02
   2.4975000000000001E-02 -3.1538888888888887E-02
   2.5644444444444445E-02 -3.1316666666666666E-02
   2.6536111111111111E-02 -3.0983333333333331E-02
   2.7597222222222224E-02 -3.0649999999999997E-02
   2.8433333333333335E-02 -3.0486111111111110E-02
   2.9380555555555559E-02 -3.0872222222222221E-02
   2.9994444444444449E-02 -3.1205555555555556E-02
   3.0830555555555559E-02 -3.1594444444444446E-02
   3.1777777777777773E-02 -3.1813888888888892E-02
   3.3005555555555552E-02 -3.2091666666666664E-02
   3.3786111111111107E-02 -3.2258333333333333E-02
   3.4844444444444442E-02 -3.2369444444444444E-02
   3.6013888888888887E-02 -3.2369444444444444E-02
   3.6794444444444442E-02 -3.2369444444444444E-02
   3.7463888888888887E-02 -3.2702777777777775E-02
   3.8355555555555559E-02 -3.2977777777777779E-02
   3.9080555555555556E-02 -3.3033333333333331E-02
   4.0141666666666666E-02 -3.3088888888888890E-02
   4.0141666666666666E-02 -3.3255555555555559E-02
   4.0530555555555556E-02 -3.4086111111111116E-02
   4.0922222222222221E-02 -3.4530555555555557E-02
   4.1644444444444449E-02 -3.4972222222222217E-02
   4.2594444444444442E-02 -3.5305555555555555E-02
   4.3430555555555556E-02 -3.5527777777777776E-02
   4.4488888888888883E-02 -3.5694444444444445E-02
   4.5602777777777784E-02 -3.5805555555555556E-02
   4.6774999999999997E-02 -3.5805555555555556E-02
   4.7777777777777780E-02 -3.5472222222222224E-02
   4.8447222222222225E-02 -3.5138888888888893E-02
   4.9172222222222221E-02 -3.4586111111111116E-02
   4.9561111111111111E-02 -3.4197222222222226E-02
   5.0119444444444446E-02 -3.3700000000000001E-02
   5.0511111111111111E-02 -3.3477777777777780E-02
   5.0844444444444442E-02 -3.3033333333333331E-02
   5.1177777777777780E-02 -3.2811111111111110E-02
   5.1847222222222225E-02 -3.2480555555555554E-02
   5.2683333333333332E-02 -3.2258333333333333E-02
   5.3019444444444445E-02 -3.2036111111111112E-02
   5.3911111111111104E-02 -3.1594444444444446E-02
   5.4913888888888894E-02 -3.1649999999999998E-02
   5.6755555555555559E-02 -3.1869444444444443E-02
   5.7980555555555556E-02 -3.1869444444444443E-02
   5.8872222222222229E-02 -3.1925000000000002E-02
   5.8927777777777773E-02 -3.2091666666666664E-02
   5.8927777777777773E-02 -3.2480555555555554E-02
   5.9094444444444449E-02 -3.2922222222222221E-02
   5.9263888888888894E-02 -3.3144444444444449E-02
   5.8650000000000008E-02 -3.3533333333333332E-02
   5.7980555555555556E-02 -3.3811111111111111E-02
   5.7144444444444442E-02 -3.4252777777777778E-02
   5.6419444444444439E-02 -3.4697222222222220E-02
   5.5974999999999997E-02 -3.5138888888888893E-02
   5.6586111111111115E-02 -3.5083333333333327E-02
   5.7311111111111118E-02 -3.4919444444444440E-02
   5.7813888888888894E-02 -3.4752777777777778E-02
   5.8258333333333336E-02 -3.4808333333333330E-02
   5.8705555555555552E-02 -3.4972222222222217E-02
   5.9152777777777783E-02 -3.5250000000000004E-02
   5.9597222222222225E-02 -3.5638888888888887E-02
   5.9933333333333332E-02 -3.5916666666666666E-02
   6.0377777777777780E-02 -3.6469444444444443E-02
   6.1213888888888887E-02 -3.6747222222222223E-02
   6.1938888888888891E-02 -3.6747222222222223E-02
   6.2997222222222218E-02 -3.6747222222222223E-02
   6.3611111111111118E-02 -3.6525000000000002E-02
   6.4058333333333328E-02 -3.6302777777777774E-02
   6.4558333333333329E-02 -3.6580555555555554E-02
   6.5172222222222229E-02 -3.6802777777777775E-02
   6.6008333333333336E-02 -3.6913888888888885E-02
   6.7011111111111105E-02 -3.6913888888888885E-02
   6.8238888888888891E-02 -3.6802777777777775E-02
   6.9130555555555556E-02 -3.6636111111111112E-02
   6.9855555555555560E-02 -3.6413888888888885E-02
   7.0691666666666667E-02 -3.6027777777777777E-02
   7.1138888888888890E-02 -3.5805555555555556E-02
   7.1694444444444450E-02 -3.5527777777777776E-02
   7.2419444444444439E-02 -3.5194444444444445E-02
   7.3200000000000001E-02 -3.4919444444444440E-02
   7.4261111111111111E-02 -3.4808333333333330E-02
   7.6100000000000001E-02 -3.4697222222222220E-02
   7.7549999999999994E-02 -3.4641666666666668E-02
   7.8608333333333336E-02 -3.4419444444444447E-02
   7.9388888888888898E-02 -3.4252777777777778E-02
   8.0672222222222215E-02 -3.4030555555555557E-02
   8.1563888888888894E-02 -3.3811111111111111E-02
   8.2844444444444443E-02 -3.3366666666666669E-02
   8.3625000000000005E-02 -3.3088888888888890E-02
   8.4461111111111112E-02 -3.2702777777777775E-02
   8.4963888888888894E-02 -3.2425000000000002E-02
   8.6136111111111122E-02 -3.1813888888888892E-02
   8.6358333333333342E-02 -3.1705555555555556E-02
   8.6916666666666670E-02 -3.1372222222222218E-02
   8.7305555555555553E-02 -3.1038888888888887E-02
   8.7863888888888894E-02 -3.1094444444444442E-02
   8.8977777777777767E-02 -3.1149999999999997E-02
   9.0150000000000008E-02 -3.1372222222222218E-02
   9.1486111111111101E-02 -3.1649999999999998E-02
   9.2547222222222225E-02 -3.1980555555555554E-02
   9.3272222222222229E-02 -3.2147222222222223E-02
   9.4108333333333336E-02 -3.2313888888888892E-02
   9.5333333333333325E-02 -3.2591666666666665E-02
   9.6449999999999994E-02 -3.2811111111111110E-02
   9.7675000000000012E-02 -3.3033333333333331E-02
   9.8958333333333329E-02 -3.3311111111111111E-02
   9.9794444444444450E-02 -3.3533333333333332E-02
   0.1014111111111111     -3.3866666666666670E-02
   0.1022472222222222     -3.3755555555555559E-02
   0.1029166666666667     -3.3255555555555559E-02
   0.1033611111111111     -3.3033333333333331E-02
   0.1039194444444444     -3.3200000000000000E-02
   0.1052583333333333     -3.3588888888888890E-02
   0.1061500000000000     -3.3866666666666670E-02
   0.1072638888888889     -3.4308333333333337E-02
   0.1086583333333333     -3.4972222222222217E-02
   0.1096611111111111     -3.5472222222222224E-02
   0.1108888888888889     -3.5916666666666666E-02
   0.1122805555555556     -3.6247222222222222E-02
   0.1137305555555555     -3.6469444444444443E-02
   0.1145666666666666     -3.6525000000000002E-02
   0.1162388888888889     -3.6525000000000002E-02
   0.1171333333333333     -3.6413888888888885E-02
   0.1175777777777778     -3.6247222222222222E-02
   0.1183027777777778     -3.5972222222222218E-02
   0.1190833333333333     -3.5638888888888887E-02
   0.1199194444444444     -3.5305555555555555E-02
   0.1207000000000000     -3.5083333333333327E-02
   0.1218138888888889     -3.4808333333333330E-02
   0.1234333333333333     -3.4363888888888888E-02
   0.1241000000000000     -3.4141666666666667E-02
   0.1247694444444444     -3.3866666666666670E-02
   0.1251611111111111     -3.3755555555555559E-02
   0.1260527777777778     -3.3422222222222221E-02
   0.1269444444444444     -3.3255555555555559E-02
   0.1277805555555556     -3.2977777777777779E-02
   0.1285611111111111     -3.2702777777777775E-02
   0.1291750000000000     -3.2811111111111110E-02
   0.1302888888888889     -3.3144444444444449E-02
   0.1310138888888889     -3.3255555555555559E-02
   0.1318500000000000     -3.3366666666666669E-02
   0.1321277777777778     -3.3477777777777780E-02
   0.1334666666666667     -3.3755555555555559E-02
   0.1344138888888889     -3.4086111111111116E-02
   0.1354194444444444     -3.4530555555555557E-02
   0.1364777777777778     -3.4919444444444440E-02
   0.1378166666666667     -3.5583333333333335E-02
   0.1388750000000000     -3.5861111111111107E-02
   0.1401027777777778     -3.5916666666666666E-02
   0.1413277777777778     -3.5916666666666666E-02
   0.1418861111111111     -3.5805555555555556E-02
   0.1434472222222222     -3.5250000000000004E-02
   0.1452861111111111     -3.4586111111111116E-02
   0.1460666666666667     -3.4308333333333337E-02
   0.1472944444444445     -3.3755555555555559E-02
   0.1479055555555556     -3.3477777777777780E-02
   0.1489111111111111     -3.3311111111111111E-02
   0.1496916666666667     -3.2866666666666669E-02
   0.1506944444444444     -3.2369444444444444E-02
   0.1511944444444444     -3.2202777777777775E-02
   0.1524222222222222     -3.2313888888888892E-02
   0.1534250000000000     -3.2480555555555554E-02
   0.1548194444444445     -3.2536111111111113E-02
   0.1555444444444444     -3.2536111111111113E-02
   0.1562694444444445     -3.2536111111111113E-02
   0.1568833333333333     -3.2977777777777779E-02
   0.1576638888888889     -3.3533333333333332E-02
   0.1592250000000000     -3.4308333333333337E-02
   0.1600055555555556     -3.4752777777777778E-02
   0.1606722222222222     -3.4972222222222217E-02
   0.1620666666666667     -3.5250000000000004E-02
   0.1636833333333333     -3.5583333333333335E-02
   0.1652444444444444     -3.6080555555555553E-02
   0.1663055555555556     -3.6358333333333333E-02
   0.1671972222222222     -3.6636111111111112E-02
   0.1683111111111111     -3.6913888888888885E-02
   0.1688694444444444     -3.7244444444444441E-02
   0.1694833333333333     -3.7244444444444441E-02
   0.1701500000000000     -3.6858333333333333E-02
   0.1705972222222222     -3.6469444444444443E-02
   0.1712666666666667     -3.5916666666666666E-02
   0.1716555555555556     -3.5583333333333335E-02
   0.1723805555555556     -3.5027777777777783E-02
   0.1734972222222222     -3.4419444444444447E-02
   0.1746666666666667     -3.3919444444444447E-02
   0.1755583333333333     -3.3477777777777780E-02
   0.1760055555555556     -3.3144444444444449E-02
