   2.5555555555555557E-03  8.2777777777777780E-03
   2.4722222222222220E-03  8.2500000000000004E-03
   2.1111111111111109E-03  8.0833333333333330E-03
   1.8333333333333335E-03  7.9444444444444432E-03
   1.5555555555555557E-03  7.7777777777777784E-03
   1.3333333333333333E-03  7.6111111111111119E-03
   1.0000000000000000E-03  7.6388888888888895E-03
   5.2777777777777773E-04  7.5000000000000006E-03
   8.3333333333333331E-05  7.4166666666666669E-03
  -3.6111111111111109E-04  7.1111111111111115E-03
  -5.2777777777777773E-04  6.8055555555555551E-03
  -7.5000000000000002E-04  6.4166666666666669E-03
  -8.6111111111111110E-04  6.1388888888888890E-03
  -9.7222222222222230E-04  5.9722222222222225E-03
  -1.2500000000000000E-03  5.8055555555555551E-03
  -1.6944444444444444E-03  5.6666666666666662E-03
  -2.1111111111111109E-03  5.5833333333333334E-03
  -2.5555555555555557E-03  5.4444444444444445E-03
  -2.8333333333333331E-03  5.2777777777777779E-03
  -3.1666666666666666E-03  4.9444444444444440E-03
  -3.4444444444444444E-03  4.6388888888888894E-03
  -3.7777777777777779E-03  4.3333333333333331E-03
  -4.2777777777777779E-03  4.0277777777777777E-03
  -4.5833333333333334E-03  3.9444444444444440E-03
  -5.1944444444444442E-03  3.7222222222222223E-03
  -5.8055555555555551E-03  3.5555555555555557E-03
  -6.1944444444444443E-03  3.5000000000000001E-03
  -6.5277777777777773E-03  3.4166666666666668E-03
  -6.6388888888888886E-03  3.2777777777777775E-03
  -6.9722222222222225E-03  3.1388888888888890E-03
  -7.5000000000000006E-03  3.0555555555555557E-03
  -8.0833333333333330E-03  2.9166666666666664E-03
  -8.4166666666666660E-03  2.8055555555555559E-03
  -8.9444444444444441E-03  2.4722222222222220E-03
  -9.3333333333333341E-03  1.9166666666666668E-03
  -9.5555555555555550E-03  1.5277777777777779E-03
  -1.0083333333333333E-02  1.1388888888888889E-03
  -1.0611111111111111E-02  8.6111111111111110E-04
  -1.1250000000000001E-02  5.0000000000000001E-04
  -1.1583333333333333E-02 -2.7777777777777779E-05
  -1.1777777777777778E-02 -6.1111111111111110E-04
  -1.2055555555555555E-02 -1.1944444444444444E-03
  -1.2111111111111111E-02 -1.7777777777777779E-03
  -1.2111111111111111E-02 -2.4166666666666664E-03
  -1.2000000000000000E-02 -3.0555555555555557E-03
  -1.1833333333333333E-02 -3.7500000000000003E-03
  -1.1888888888888888E-02 -4.7222222222222223E-03
  -1.1861111111111110E-02 -5.5000000000000005E-03
  -1.1722222222222222E-02 -6.1388888888888890E-03
  -1.1416666666666665E-02 -6.8611111111111112E-03
  -1.1250000000000001E-02 -7.2222222222222228E-03
  -1.1055555555555556E-02 -8.0277777777777778E-03
  -1.0944444444444444E-02 -8.6666666666666663E-03
  -1.0833333333333334E-02 -9.3055555555555565E-03
  -1.0805555555555556E-02 -1.0250000000000000E-02
  -1.0805555555555556E-02 -1.0805555555555556E-02
  -1.0833333333333334E-02 -1.1583333333333333E-02
  -1.0694444444444444E-02 -1.2333333333333333E-02
  -1.0388888888888888E-02 -1.3361111111111110E-02
  -1.0111111111111111E-02 -1.4027777777777778E-02
  -9.7500000000000000E-03 -1.4861111111111111E-02
  -9.5277777777777791E-03 -1.5361111111111112E-02
  -9.2222222222222219E-03 -1.5972222222222221E-02
  -8.8888888888888889E-03 -1.6361111111111111E-02
  -8.4722222222222213E-03 -1.6694444444444442E-02
  -7.9444444444444432E-03 -1.7083333333333332E-02
  -7.2500000000000004E-03 -1.7277777777777777E-02
  -6.4722222222222230E-03 -1.7472222222222222E-02
  -5.7499999999999999E-03 -1.7750000000000002E-02
  -4.9722222222222216E-03 -1.8111111111111113E-02
  -4.4722222222222221E-03 -1.8361111111111113E-02
  -4.1388888888888890E-03 -1.8444444444444444E-02
  -3.6944444444444446E-03 -1.8444444444444444E-02
  -3.1666666666666666E-03 -1.8472222222222223E-02
  -2.6111111111111109E-03 -1.8472222222222223E-02
  -2.0277777777777777E-03 -1.8750000000000003E-02
  -1.6388888888888887E-03 -1.8916666666666668E-02
  -1.3611111111111111E-03 -1.9138888888888886E-02
  -4.1666666666666664E-04 -1.9555555555555555E-02
   4.4444444444444447E-04 -1.9916666666666666E-02
   1.0555555555555555E-03 -2.0138888888888887E-02
   1.6111111111111111E-03 -2.0277777777777777E-02
   2.3888888888888887E-03 -2.0555555555555556E-02
   3.3333333333333331E-03 -2.0805555555555556E-02
   4.5277777777777781E-03 -2.1027777777777777E-02
   5.1666666666666666E-03 -2.1166666666666667E-02
   5.6666666666666662E-03 -2.1250000000000002E-02
   6.0000000000000001E-03 -2.1361111111111112E-02
   6.8611111111111112E-03 -2.1750000000000002E-02
   8.0833333333333330E-03 -2.2305555555555558E-02
   8.8611111111111113E-03 -2.2500000000000003E-02
   9.4444444444444445E-03 -2.2666666666666665E-02
   1.0222222222222223E-02 -2.2916666666666665E-02
   1.0944444444444444E-02 -2.3083333333333331E-02
   1.1805555555555555E-02 -2.3222222222222220E-02
   1.2805555555555556E-02 -2.3416666666666665E-02
   1.3583333333333333E-02 -2.3527777777777776E-02
   1.4583333333333334E-02 -2.3638888888888890E-02
   1.5750000000000000E-02 -2.4638888888888891E-02
   1.6250000000000001E-02 -2.4777777777777777E-02
   1.6833333333333332E-02 -2.4944444444444446E-02
   1.7138888888888888E-02 -2.5166666666666667E-02
   1.7361111111111112E-02 -2.5388888888888891E-02
   1.7638888888888888E-02 -2.5666666666666667E-02
   1.8416666666666668E-02 -2.5805555555555557E-02
   1.9138888888888886E-02 -2.5916666666666668E-02
   1.9972222222222221E-02 -2.5916666666666668E-02
   2.0722222222222222E-02 -2.5861111111111112E-02
   2.1333333333333333E-02 -2.5250000000000002E-02
   2.1861111111111112E-02 -2.5305555555555557E-02
   2.2333333333333334E-02 -2.5444444444444447E-02
   2.3166666666666665E-02 -2.5611111111111112E-02
   2.4111111111111111E-02 -2.5833333333333333E-02
   2.4916666666666667E-02 -2.5888888888888892E-02
   2.5888888888888892E-02 -2.5916666666666668E-02
   2.6333333333333334E-02 -2.6722222222222220E-02
   2.7083333333333334E-02 -2.6722222222222220E-02
   2.7861111111111107E-02 -2.6694444444444444E-02
   2.8500000000000001E-02 -2.6666666666666665E-02
   2.8944444444444446E-02 -2.6694444444444444E-02
   2.9416666666666664E-02 -2.6916666666666665E-02
   3.0249999999999999E-02 -2.7055555555555555E-02
   3.0833333333333338E-02 -2.7194444444444445E-02
   3.2055555555555552E-02 -2.7138888888888889E-02
   3.2833333333333332E-02 -2.7111111111111110E-02
   3.3861111111111113E-02 -2.7138888888888889E-02
   3.4638888888888886E-02 -2.7166666666666665E-02
   3.5416666666666666E-02 -2.7194444444444445E-02
   3.6166666666666666E-02 -2.7277777777777776E-02
   3.6472222222222218E-02 -2.7277777777777776E-02
   3.7555555555555550E-02 -2.7305555555555555E-02
   3.8916666666666669E-02 -2.6972222222222220E-02
   4.0444444444444443E-02 -2.7000000000000000E-02
   4.1833333333333333E-02 -2.7083333333333334E-02
   4.3444444444444445E-02 -2.7750000000000000E-02
   4.3749999999999997E-02 -2.7888888888888890E-02
   4.4277777777777777E-02 -2.8055555555555556E-02
   4.4722222222222219E-02 -2.8222222222222221E-02
   4.5555555555555557E-02 -2.8249999999999997E-02
   4.6805555555555559E-02 -2.8249999999999997E-02
   4.8000000000000001E-02 -2.8194444444444442E-02
   4.8833333333333333E-02 -2.8222222222222221E-02
   4.9861111111111106E-02 -2.8249999999999997E-02
   5.0888888888888886E-02 -2.8305555555555553E-02
   5.1222222222222218E-02 -2.8444444444444446E-02
   5.2444444444444439E-02 -2.8500000000000001E-02
   5.3694444444444447E-02 -2.8583333333333332E-02
   5.4694444444444441E-02 -2.8638888888888887E-02
   5.5416666666666670E-02 -2.8694444444444443E-02
   5.6555555555555553E-02 -2.8694444444444443E-02
   5.7222222222222223E-02 -2.8666666666666667E-02
   5.7777777777777782E-02 -2.8749999999999998E-02
   5.8472222222222224E-02 -2.8972222222222219E-02
   5.8944444444444438E-02 -2.9194444444444443E-02
   5.9722222222222218E-02 -2.9361111111111109E-02
   6.0694444444444447E-02 -2.9472222222222219E-02
   6.1833333333333330E-02 -2.9583333333333333E-02
   6.2861111111111104E-02 -2.9611111111111112E-02
   6.3277777777777780E-02 -2.9555555555555557E-02
   6.3611111111111118E-02 -2.9444444444444447E-02
   6.3777777777777767E-02 -2.9361111111111109E-02
   6.3833333333333339E-02 -2.9527777777777778E-02
   6.4444444444444443E-02 -2.9972222222222220E-02
   6.4722222222222223E-02 -3.0111111111111113E-02
   6.5083333333333326E-02 -3.0194444444444444E-02
   6.5722222222222224E-02 -3.0222222222222223E-02
   6.6555555555555548E-02 -3.0222222222222223E-02
   6.7555555555555549E-02 -3.0249999999999999E-02
   6.8111111111111108E-02 -3.0249999999999999E-02
   6.9166666666666668E-02 -3.0333333333333337E-02
   6.9750000000000006E-02 -3.0249999999999999E-02
   7.0166666666666655E-02 -2.9972222222222220E-02
   7.0583333333333331E-02 -2.9972222222222220E-02
   7.1166666666666670E-02 -2.9972222222222220E-02
   7.2027777777777774E-02 -3.0111111111111113E-02
   7.3027777777777775E-02 -3.0194444444444444E-02
   7.4055555555555555E-02 -3.0222222222222223E-02
   7.4499999999999997E-02 -3.0305555555555554E-02
   7.5472222222222218E-02 -3.0416666666666665E-02
   7.6166666666666660E-02 -3.0555555555555558E-02
   7.7138888888888896E-02 -3.0583333333333334E-02
   7.7861111111111103E-02 -3.0555555555555558E-02
   7.8444444444444442E-02 -3.0388888888888892E-02
   7.9333333333333325E-02 -3.0444444444444448E-02
   8.0527777777777781E-02 -3.0611111111111113E-02
   8.1444444444444444E-02 -3.0694444444444444E-02
   8.2750000000000004E-02 -3.0694444444444444E-02
   8.3444444444444446E-02 -3.0722222222222224E-02
   8.4499999999999992E-02 -3.0750000000000000E-02
   8.5194444444444448E-02 -3.0833333333333338E-02
   8.5861111111111110E-02 -3.0972222222222220E-02
   8.6888888888888891E-02 -3.1111111111111114E-02
   8.7527777777777774E-02 -3.1222222222222224E-02
   8.8361111111111112E-02 -3.1361111111111110E-02
   8.9249999999999996E-02 -3.1416666666666669E-02
   9.0694444444444453E-02 -3.1500000000000000E-02
   9.1111111111111115E-02 -3.1527777777777780E-02
   9.1861111111111116E-02 -3.1555555555555559E-02
   9.3138888888888882E-02 -3.0750000000000000E-02
   9.4083333333333338E-02 -3.0694444444444444E-02
   9.4722222222222222E-02 -3.0638888888888889E-02
   9.5194444444444443E-02 -3.0472222222222220E-02
   9.5583333333333326E-02 -3.0166666666666668E-02
   9.5750000000000002E-02 -3.0166666666666668E-02
   9.6138888888888885E-02 -3.0444444444444448E-02
   9.6638888888888885E-02 -3.0638888888888889E-02
   9.7250000000000003E-02 -3.0722222222222224E-02
   9.8166666666666666E-02 -3.0666666666666668E-02
   9.8805555555555549E-02 -3.1111111111111114E-02
   9.9250000000000005E-02 -3.1138888888888890E-02
   0.1001388888888889     -3.1277777777777772E-02
   0.1010833333333333     -3.1333333333333338E-02
   0.1026111111111111     -3.1638888888888890E-02
   0.1037777777777778     -3.1694444444444442E-02
   0.1048333333333333     -3.1777777777777773E-02
   0.1057500000000000     -3.1805555555555559E-02
   0.1068333333333333     -3.1861111111111111E-02
   0.1079166666666667     -3.2055555555555552E-02
   0.1086111111111111     -3.2222222222222222E-02
   0.1094166666666667     -3.2333333333333332E-02
   0.1101944444444444     -3.1805555555555559E-02
   0.1109722222222222     -3.1777777777777773E-02
   0.1114444444444444     -3.1666666666666669E-02
   0.1119166666666667     -3.1500000000000000E-02
   0.1125000000000000     -3.1472222222222221E-02
   0.1148611111111111     -3.1833333333333332E-02
   0.1160555555555556     -3.2000000000000001E-02
   0.1171111111111111     -3.2027777777777780E-02
   0.1185555555555556     -3.2000000000000001E-02
   0.1201388888888889     -3.1972222222222221E-02
   0.1207222222222222     -3.2027777777777780E-02
   0.1211111111111111     -3.2861111111111112E-02
   0.1223611111111111     -3.2916666666666670E-02
   0.1231388888888889     -3.2944444444444443E-02
   0.1249166666666667     -3.3166666666666664E-02
   0.1263888888888889     -3.2527777777777780E-02
   0.1278055555555556     -3.2472222222222222E-02
   0.1294166666666667     -3.2527777777777780E-02
   0.1308333333333333     -3.2583333333333332E-02
   0.1319722222222222     -3.2638888888888891E-02
   0.1333055555555556     -3.2694444444444443E-02
   0.1345555555555556     -3.2750000000000001E-02
   0.1358888888888889     -3.2638888888888891E-02
   0.1363611111111111     -3.2611111111111112E-02
   0.1372500000000000     -3.2611111111111112E-02
   0.1383333333333333     -3.2583333333333332E-02
   0.1393611111111111     -3.2611111111111112E-02
   0.1401111111111111     -3.2666666666666663E-02
   0.1405277777777778     -3.2861111111111112E-02
   0.1409722222222222     -3.3083333333333333E-02
   0.1415277777777778     -3.3111111111111112E-02
   0.1421666666666667     -3.2972222222222222E-02
   0.1426944444444445     -3.2694444444444443E-02
   0.1435000000000000     -3.2555555555555553E-02
   0.1442222222222222     -3.2583333333333332E-02
   0.1450277777777778     -3.2583333333333332E-02
   0.1456666666666667     -3.2722222222222222E-02
   0.1464722222222222     -3.2750000000000001E-02
   0.1473333333333333     -3.2694444444444443E-02
   0.1480833333333333     -3.2555555555555553E-02
   0.1492222222222222     -3.2472222222222222E-02
   0.1506944444444444     -3.2527777777777780E-02
   0.1512777777777778     -3.2500000000000001E-02
   0.1519166666666667     -3.2416666666666670E-02
   0.1525000000000000     -3.2194444444444442E-02
   0.1526666666666667     -3.2166666666666663E-02
   0.1538055555555556     -3.1805555555555559E-02
   0.1549166666666667     -3.1694444444444442E-02
   0.1566666666666666     -3.1694444444444442E-02
   0.1587500000000000     -3.1694444444444442E-02
   0.1600277777777778     -3.2722222222222222E-02
   0.1618611111111111     -3.2805555555555560E-02
   0.1635277777777778     -3.3000000000000002E-02
   0.1650000000000000     -3.3055555555555553E-02
   0.1660555555555555     -3.2250000000000001E-02
   0.1661111111111111     -3.2111111111111111E-02
   0.1684166666666667     -3.2222222222222222E-02
   0.1703055555555556     -3.2361111111111111E-02
   0.1709166666666667     -3.2444444444444442E-02
   0.1714444444444444     -3.2500000000000001E-02
   0.1729444444444445     -3.2527777777777780E-02
   0.1745555555555555     -3.2666666666666663E-02
   0.1761666666666667     -3.2750000000000001E-02
