   4.2777777777777779E-03  7.8333333333333328E-03
   4.0277777777777777E-03  7.6944444444444447E-03
   3.8055555555555559E-03  7.4444444444444445E-03
   3.6111111111111114E-03  7.2500000000000004E-03
   3.4444444444444444E-03  7.1666666666666667E-03
   3.1666666666666666E-03  7.1388888888888891E-03
   2.8055555555555559E-03  7.0833333333333338E-03
   1.9444444444444446E-03  6.9722222222222225E-03
   1.2222222222222222E-03  6.9722222222222225E-03
   3.3333333333333332E-04  6.8888888888888888E-03
  -3.3333333333333332E-04  6.8333333333333336E-03
  -7.7777777777777784E-04  6.7777777777777775E-03
  -8.0555555555555556E-04  7.0277777777777778E-03
  -8.3333333333333328E-04  7.3333333333333341E-03
  -1.0555555555555555E-03  7.5555555555555558E-03
  -1.5555555555555557E-03  7.7777777777777784E-03
  -2.2500000000000003E-03  7.8611111111111104E-03
  -3.0277777777777777E-03  7.8888888888888880E-03
  -3.7500000000000003E-03  7.9166666666666656E-03
  -4.1666666666666666E-03  7.9722222222222208E-03
  -4.9166666666666664E-03  7.9722222222222208E-03
  -5.9444444444444440E-03  7.7500000000000008E-03
  -7.0277777777777778E-03  7.4166666666666669E-03
  -7.7500000000000008E-03  7.0555555555555554E-03
  -8.5277777777777782E-03  6.5833333333333334E-03
  -9.1944444444444443E-03  6.1666666666666667E-03
  -9.7777777777777776E-03  5.5833333333333334E-03
  -1.0138888888888888E-02  4.9166666666666664E-03
  -1.0638888888888889E-02  4.1666666666666666E-03
  -1.0472222222222223E-02  3.6666666666666670E-03
  -1.0527777777777778E-02  3.2222222222222222E-03
  -1.0861111111111111E-02  2.4444444444444444E-03
  -1.1000000000000001E-02  1.8333333333333335E-03
  -1.1027777777777779E-02  1.2777777777777779E-03
  -1.1111111111111112E-02  8.0555555555555556E-04
  -1.1305555555555555E-02  2.2222222222222223E-04
  -1.1361111111111110E-02 -7.5000000000000002E-04
  -1.1388888888888888E-02 -1.2222222222222222E-03
  -1.1305555555555555E-02 -1.6111111111111111E-03
  -1.0888888888888889E-02 -1.9444444444444446E-03
  -1.0416666666666666E-02 -2.1666666666666666E-03
  -1.0361111111111111E-02 -2.4166666666666664E-03
  -1.0527777777777778E-02 -3.1944444444444446E-03
  -1.0583333333333333E-02 -4.3888888888888892E-03
  -1.0638888888888889E-02 -5.4166666666666669E-03
  -1.0833333333333334E-02 -6.4166666666666669E-03
  -1.0888888888888889E-02 -7.1111111111111115E-03
  -1.1055555555555556E-02 -7.8888888888888880E-03
  -1.1138888888888889E-02 -9.0555555555555563E-03
  -1.1138888888888889E-02 -9.8055555555555552E-03
  -1.0888888888888889E-02 -1.0722222222222223E-02
  -1.0527777777777778E-02 -1.1916666666666666E-02
  -1.0277777777777778E-02 -1.3416666666666667E-02
  -9.7222222222222224E-03 -1.4583333333333334E-02
  -9.2500000000000013E-03 -1.5500000000000002E-02
  -8.3055555555555556E-03 -1.6305555555555556E-02
  -6.8055555555555551E-03 -1.7527777777777778E-02
  -5.0555555555555553E-03 -1.8527777777777778E-02
  -4.2500000000000003E-03 -1.9000000000000003E-02
  -3.2777777777777775E-03 -1.9444444444444445E-02
  -1.8888888888888890E-03 -2.0000000000000000E-02
  -9.4444444444444448E-04 -2.0361111111111111E-02
   8.8888888888888893E-04 -2.0972222222222222E-02
   2.3333333333333335E-03 -2.1333333333333333E-02
   4.1666666666666666E-03 -2.1638888888888888E-02
   5.3333333333333332E-03 -2.1888888888888888E-02
   6.4444444444444445E-03 -2.2111111111111113E-02
   7.7222222222222232E-03 -2.2333333333333334E-02
   8.5833333333333334E-03 -2.2500000000000003E-02
   9.8888888888888880E-03 -2.2916666666666665E-02
   1.0583333333333333E-02 -2.3611111111111110E-02
   1.1944444444444445E-02 -2.3861111111111111E-02
   1.3777777777777778E-02 -2.4027777777777776E-02
   1.5222222222222224E-02 -2.4277777777777777E-02
   1.6611111111111111E-02 -2.3916666666666666E-02
   1.8138888888888888E-02 -2.4138888888888890E-02
   2.0527777777777777E-02 -2.4555555555555556E-02
   2.2777777777777775E-02 -2.5805555555555557E-02
   2.4972222222222222E-02 -2.6472222222222220E-02
   2.6527777777777775E-02 -2.6499999999999999E-02
   2.8472222222222218E-02 -2.6805555555555555E-02
   2.9527777777777778E-02 -2.6888888888888889E-02
   3.0722222222222224E-02 -2.6888888888888889E-02
   3.2055555555555552E-02 -2.7194444444444445E-02
   3.3361111111111112E-02 -2.6583333333333334E-02
   3.4944444444444445E-02 -2.6583333333333334E-02
   3.8333333333333330E-02 -2.7555555555555555E-02
   3.9916666666666670E-02 -2.8166666666666666E-02
   4.2138888888888885E-02 -2.8472222222222218E-02
   4.3694444444444445E-02 -2.8555555555555556E-02
   4.5944444444444441E-02 -2.8888888888888891E-02
   4.7444444444444442E-02 -2.9194444444444443E-02
   4.8805555555555560E-02 -2.9249999999999998E-02
   5.0111111111111113E-02 -2.9305555555555553E-02
   5.0999999999999997E-02 -2.9222222222222222E-02
   5.1888888888888887E-02 -2.8944444444444446E-02
   5.2944444444444447E-02 -2.8944444444444446E-02
   5.4166666666666669E-02 -2.9249999999999998E-02
   5.4750000000000000E-02 -2.9472222222222219E-02
   5.5222222222222221E-02 -2.9972222222222220E-02
   5.6000000000000001E-02 -3.0305555555555554E-02
   5.6388888888888884E-02 -3.0333333333333337E-02
   5.7222222222222223E-02 -2.9944444444444447E-02
   5.7805555555555554E-02 -2.9500000000000002E-02
   5.8972222222222231E-02 -2.9611111111111112E-02
   5.9555555555555556E-02 -2.9861111111111109E-02
   6.0833333333333330E-02 -3.0083333333333333E-02
   6.2222222222222227E-02 -3.0027777777777778E-02
   6.3277777777777780E-02 -3.0000000000000002E-02
   6.3305555555555559E-02 -3.0027777777777778E-02
   6.5083333333333326E-02 -3.0361111111111110E-02
   6.6166666666666665E-02 -3.0583333333333334E-02
   6.8222222222222226E-02 -3.0666666666666668E-02
   6.9666666666666668E-02 -3.0694444444444444E-02
   7.1750000000000008E-02 -3.0611111111111113E-02
   7.3805555555555555E-02 -3.0722222222222224E-02
   7.5888888888888895E-02 -3.0861111111111110E-02
   7.7944444444444441E-02 -3.0916666666666665E-02
   7.9361111111111118E-02 -3.0944444444444448E-02
   8.0027777777777781E-02 -3.1055555555555552E-02
   8.1666666666666665E-02 -3.1111111111111114E-02
   8.2611111111111121E-02 -3.1166666666666662E-02
   8.4000000000000005E-02 -3.1277777777777772E-02
   8.5416666666666669E-02 -3.1416666666666669E-02
   8.8222222222222230E-02 -3.0916666666666665E-02
   9.0222222222222231E-02 -3.0888888888888893E-02
   9.1972222222222219E-02 -3.0944444444444448E-02
   9.2916666666666661E-02 -3.0944444444444448E-02
   9.5027777777777767E-02 -3.1944444444444442E-02
   9.6305555555555561E-02 -3.1972222222222221E-02
   9.7694444444444445E-02 -3.2027777777777780E-02
   9.8888888888888887E-02 -3.2111111111111111E-02
   0.1006111111111111     -3.2361111111111111E-02
   0.1023333333333333     -3.2472222222222222E-02
   0.1041666666666667     -3.2555555555555553E-02
   0.1064444444444444     -3.1777777777777773E-02
   0.1077777777777778     -3.1722222222222221E-02
   0.1083333333333333     -3.1694444444444442E-02
   0.1093611111111111     -3.1638888888888890E-02
   0.1100833333333333     -3.1611111111111111E-02
   0.1107500000000000     -3.1750000000000000E-02
   0.1117222222222222     -3.2194444444444442E-02
   0.1126666666666667     -3.2333333333333332E-02
   0.1133888888888889     -3.1972222222222221E-02
   0.1140833333333333     -3.1861111111111111E-02
   0.1148055555555555     -3.1916666666666670E-02
   0.1153611111111111     -3.1944444444444442E-02
   0.1159722222222222     -3.2222222222222222E-02
   0.1172222222222222     -3.3111111111111112E-02
   0.1183611111111111     -3.3277777777777774E-02
   0.1187777777777778     -3.3472222222222223E-02
   0.1195555555555556     -3.3666666666666664E-02
   0.1210555555555555     -3.3861111111111113E-02
   0.1217777777777778     -3.3055555555555553E-02
   0.1220000000000000     -3.2916666666666670E-02
   0.1232500000000000     -3.2833333333333332E-02
   0.1238888888888889     -3.2722222222222222E-02
   0.1250555555555556     -3.2916666666666670E-02
   0.1256666666666667     -3.3000000000000002E-02
   0.1272777777777778     -3.3166666666666664E-02
   0.1286944444444444     -3.3111111111111112E-02
   0.1293055555555556     -3.2888888888888884E-02
   0.1298611111111111     -3.2611111111111112E-02
   0.1303611111111111     -3.2555555555555553E-02
   0.1310555555555556     -3.2694444444444443E-02
   0.1316666666666667     -3.2833333333333332E-02
   0.1325277777777778     -3.3166666666666664E-02
   0.1331111111111111     -3.3166666666666664E-02
   0.1338055555555556     -3.3055555555555553E-02
   0.1342500000000000     -3.3027777777777781E-02
   0.1355555555555555     -3.2972222222222222E-02
   0.1365555555555556     -3.2861111111111112E-02
   0.1374722222222222     -3.2833333333333332E-02
   0.1384166666666667     -3.2861111111111112E-02
   0.1386111111111111     -3.2944444444444443E-02
   0.1395000000000000     -3.3111111111111112E-02
   0.1401944444444444     -3.3166666666666664E-02
   0.1407222222222222     -3.3083333333333333E-02
   0.1412500000000000     -3.2916666666666670E-02
   0.1415555555555555     -3.2916666666666670E-02
   0.1424722222222222     -3.3055555555555553E-02
   0.1433333333333333     -3.3250000000000002E-02
   0.1440833333333333     -3.3583333333333333E-02
   0.1450277777777778     -3.3500000000000002E-02
   0.1457500000000000     -3.3583333333333333E-02
   0.1463888888888889     -3.3916666666666671E-02
   0.1473333333333333     -3.4111111111111113E-02
   0.1482500000000000     -3.4111111111111113E-02
   0.1487222222222222     -3.3944444444444444E-02
   0.1500000000000000     -3.3527777777777781E-02
   0.1513611111111111     -3.3500000000000002E-02
   0.1524166666666667     -3.3638888888888892E-02
   0.1534166666666666     -3.3805555555555561E-02
   0.1543055555555556     -3.3861111111111113E-02
   0.1549444444444444     -3.4555555555555555E-02
   0.1555000000000000     -3.5500000000000004E-02
   0.1560833333333333     -3.6194444444444446E-02
   0.1567777777777778     -3.6555555555555556E-02
   0.1573888888888889     -3.6611111111111115E-02
   0.1583333333333333     -3.6555555555555556E-02
   0.1599444444444444     -3.6527777777777777E-02
   0.1608055555555555     -3.5555555555555556E-02
   0.1615833333333333     -3.5333333333333335E-02
   0.1623333333333333     -3.5000000000000003E-02
   0.1630277777777778     -3.4694444444444444E-02
   0.1641111111111111     -3.4138888888888892E-02
   0.1651388888888889     -3.4027777777777782E-02
   0.1661944444444444     -3.3888888888888885E-02
   0.1681944444444444     -3.3833333333333333E-02
   0.1690833333333333     -3.3861111111111113E-02
   0.1703055555555556     -3.4027777777777782E-02
   0.1712222222222222     -3.4194444444444444E-02
   0.1720000000000000     -3.5361111111111114E-02
   0.1727777777777778     -3.5583333333333335E-02
   0.1730555555555556     -3.5638888888888887E-02
   0.1739444444444445     -3.5694444444444445E-02
   0.1750833333333333     -3.5694444444444445E-02
   0.1760833333333333     -3.5666666666666666E-02
   0.1769722222222222     -3.5611111111111114E-02
   0.1788333333333333     -3.4694444444444444E-02
   0.1798611111111111     -3.4611111111111113E-02
   0.1810000000000000     -3.4472222222222224E-02
   0.1813333333333333     -3.4416666666666665E-02
   0.1822777777777778     -3.4361111111111113E-02
   0.1828611111111111     -3.4305555555555554E-02
   0.1836388888888889     -3.4222222222222223E-02
   0.1858333333333333     -3.4138888888888892E-02
   0.1874722222222222     -3.4333333333333334E-02
   0.1883333333333334     -3.5194444444444445E-02
   0.1890277777777778     -3.5194444444444445E-02
   0.1898611111111111     -3.5166666666666666E-02
   0.1908055555555556     -3.5555555555555556E-02
   0.1911944444444444     -3.5638888888888887E-02
   0.1919444444444444     -3.5722222222222225E-02
   0.1926666666666667     -3.5666666666666666E-02
   0.1931944444444444     -3.5444444444444445E-02
   0.1941944444444444     -3.5138888888888893E-02
   0.1948888888888889     -3.5166666666666666E-02
   0.1958055555555556     -3.5222222222222224E-02
   0.1967222222222222     -3.5222222222222224E-02
   0.1981388888888889     -3.5194444444444445E-02
   0.1990555555555556     -3.5027777777777783E-02
   0.1998333333333333     -3.4861111111111107E-02
   0.2007777777777778     -3.4694444444444444E-02
   0.2023055555555556     -3.4666666666666665E-02
   0.2040277777777778     -3.4722222222222224E-02
   0.2048888888888889     -3.5166666666666666E-02
   0.2058888888888889     -3.5638888888888887E-02
   0.2071666666666667     -3.5666666666666666E-02
   0.2083888888888889     -3.5638888888888887E-02
   0.2094166666666667     -3.5638888888888887E-02
   0.2100833333333333     -3.5611111111111114E-02
   0.2111388888888889     -3.5444444444444445E-02
   0.2119444444444444     -3.5444444444444445E-02
   0.2126944444444444     -3.5416666666666666E-02
   0.2136666666666667     -3.5444444444444445E-02
   0.2150833333333333     -3.5416666666666666E-02
   0.2163888888888889     -3.5472222222222224E-02
   0.2176111111111111     -3.5555555555555556E-02
   0.2186944444444444     -3.5749999999999997E-02
   0.2200833333333333     -3.5805555555555556E-02
   0.2219166666666667     -3.5277777777777776E-02
   0.2228888888888889     -3.5250000000000004E-02
   0.2235000000000000     -3.5222222222222224E-02
   0.2239722222222222     -3.5111111111111114E-02
   0.2253611111111111     -3.5388888888888886E-02
   0.2259444444444444     -3.5444444444444445E-02
   0.2265833333333333     -3.5611111111111114E-02
   0.2275833333333333     -3.6027777777777777E-02
   0.2286111111111111     -3.6138888888888887E-02
   0.2296666666666667     -3.6333333333333336E-02
   0.2303055555555556     -3.6444444444444446E-02
   0.2309166666666667     -3.6361111111111108E-02
   0.2313333333333333     -3.6111111111111115E-02
   0.2315000000000000     -3.6027777777777777E-02
   0.2319166666666667     -3.5944444444444446E-02
   0.2325833333333333     -3.5805555555555556E-02
   0.2339166666666667     -3.5749999999999997E-02
   0.2356666666666667     -3.5722222222222225E-02
   0.2368055555555556     -3.5777777777777776E-02
   0.2390833333333333     -3.5305555555555555E-02
   0.2395833333333333     -3.5305555555555555E-02
   0.2403055555555556     -3.5305555555555555E-02
   0.2415000000000000     -3.5416666666666666E-02
   0.2423611111111111     -3.5722222222222225E-02
   0.2432777777777778     -3.5888888888888887E-02
   0.2441388888888889     -3.6166666666666666E-02
   0.2443888888888889     -3.6222222222222225E-02
