   6.0277777777777777E-03  9.6666666666666654E-03
   5.7777777777777775E-03  9.6666666666666654E-03
   5.2777777777777779E-03  9.6388888888888878E-03
   5.2777777777777779E-03  9.6111111111111102E-03
   4.8055555555555551E-03  9.5833333333333326E-03
   4.5000000000000005E-03  9.5000000000000015E-03
   4.2222222222222218E-03  9.1111111111111115E-03
   4.0833333333333329E-03  8.8888888888888889E-03
   3.5833333333333333E-03  8.2222222222222210E-03
   2.8333333333333331E-03  7.9444444444444432E-03
   1.8333333333333335E-03  7.6944444444444447E-03
   8.3333333333333328E-04  7.5277777777777782E-03
   3.0555555555555555E-04  6.5277777777777773E-03
  -1.6666666666666666E-04  6.4444444444444445E-03
  -5.2777777777777773E-04  6.2500000000000003E-03
  -1.0000000000000000E-03  6.1111111111111114E-03
  -1.5555555555555557E-03  6.0277777777777777E-03
  -2.1944444444444446E-03  5.8888888888888888E-03
  -2.8055555555555559E-03  5.6944444444444438E-03
  -3.4166666666666668E-03  5.5000000000000005E-03
  -4.3611111111111107E-03  5.3888888888888892E-03
  -4.8888888888888888E-03  5.2222222222222218E-03
  -6.0000000000000001E-03  5.0000000000000001E-03
  -7.0277777777777778E-03  4.6388888888888894E-03
  -7.8333333333333328E-03  4.1388888888888890E-03
  -8.1666666666666658E-03  3.7500000000000003E-03
  -8.2500000000000004E-03  3.0000000000000001E-03
  -8.2500000000000004E-03  2.4722222222222220E-03
  -8.2500000000000004E-03  1.8611111111111111E-03
  -8.5000000000000006E-03  2.7777777777777778E-04
  -8.5000000000000006E-03 -6.3888888888888893E-04
  -8.5277777777777782E-03 -1.7777777777777779E-03
  -8.5277777777777782E-03 -2.9722222222222220E-03
  -8.6666666666666663E-03 -3.9722222222222216E-03
  -8.5555555555555558E-03 -5.0277777777777777E-03
  -8.5833333333333334E-03 -5.8611111111111112E-03
  -8.5833333333333334E-03 -6.6666666666666662E-03
  -8.5833333333333334E-03 -7.1111111111111115E-03
  -8.5833333333333334E-03 -8.0000000000000002E-03
  -8.5277777777777782E-03 -8.6944444444444439E-03
  -8.4444444444444437E-03 -9.4444444444444445E-03
  -8.3611111111111108E-03 -1.0250000000000000E-02
  -8.1388888888888882E-03 -1.0861111111111111E-02
  -7.8055555555555560E-03 -1.1555555555555555E-02
  -7.3333333333333341E-03 -1.2444444444444445E-02
  -6.7777777777777775E-03 -1.3111111111111110E-02
  -6.1111111111111114E-03 -1.3805555555555555E-02
  -5.2500000000000003E-03 -1.4500000000000001E-02
  -4.6388888888888894E-03 -1.5027777777777779E-02
  -4.1111111111111105E-03 -1.5666666666666666E-02
  -4.0000000000000001E-03 -1.5750000000000000E-02
  -3.3888888888888888E-03 -1.6416666666666666E-02
  -2.7500000000000003E-03 -1.6916666666666667E-02
  -2.3055555555555555E-03 -1.7277777777777777E-02
  -1.4722222222222222E-03 -1.7861111111111112E-02
  -7.2222222222222219E-04 -1.8194444444444444E-02
  -1.6666666666666666E-04 -1.8527777777777778E-02
   7.2222222222222219E-04 -1.9777777777777776E-02
   1.5277777777777779E-03 -2.0194444444444445E-02
   2.5277777777777777E-03 -2.0500000000000001E-02
   3.3055555555555555E-03 -2.0694444444444446E-02
   4.0277777777777777E-03 -2.0916666666666667E-02
   5.1944444444444442E-03 -2.1194444444444446E-02
   5.9722222222222225E-03 -2.1500000000000002E-02
   7.0833333333333338E-03 -2.1111111111111112E-02
   8.3055555555555556E-03 -2.1527777777777778E-02
   9.0277777777777787E-03 -2.1611111111111112E-02
   9.8888888888888880E-03 -2.1805555555555557E-02
   1.1250000000000001E-02 -2.2305555555555558E-02
   1.1916666666666666E-02 -2.3166666666666665E-02
   1.2944444444444446E-02 -2.3333333333333331E-02
   1.4027777777777778E-02 -2.3500000000000000E-02
   1.5472222222222224E-02 -2.3722222222222221E-02
   1.6472222222222221E-02 -2.3972222222222221E-02
   1.7722222222222223E-02 -2.4138888888888890E-02
   1.9027777777777779E-02 -2.4500000000000001E-02
   2.0194444444444445E-02 -2.4666666666666667E-02
   2.1277777777777777E-02 -2.4722222222222222E-02
   2.2027777777777778E-02 -2.4888888888888891E-02
   2.2916666666666665E-02 -2.5111111111111112E-02
   2.4277777777777777E-02 -2.4666666666666667E-02
   2.5166666666666667E-02 -2.4777777777777777E-02
   2.6333333333333334E-02 -2.4916666666666667E-02
   2.7250000000000000E-02 -2.5000000000000001E-02
   2.8305555555555553E-02 -2.5944444444444447E-02
   2.9083333333333333E-02 -2.6194444444444444E-02
   2.9500000000000002E-02 -2.6277777777777775E-02
   2.9916666666666664E-02 -2.6305555555555554E-02
   3.0805555555555555E-02 -2.6305555555555554E-02
   3.1694444444444442E-02 -2.6611111111111110E-02
   3.2416666666666670E-02 -2.6749999999999999E-02
   3.3361111111111112E-02 -2.6694444444444444E-02
   3.4222222222222223E-02 -2.6666666666666665E-02
   3.4638888888888886E-02 -2.6722222222222220E-02
   3.5611111111111114E-02 -2.6861111111111110E-02
   3.6749999999999998E-02 -2.6972222222222220E-02
   3.8305555555555558E-02 -2.7027777777777776E-02
   3.9444444444444442E-02 -2.7111111111111110E-02
   4.0777777777777774E-02 -2.7222222222222221E-02
   4.1916666666666665E-02 -2.7222222222222221E-02
   4.2777777777777776E-02 -2.7388888888888890E-02
   4.3166666666666666E-02 -2.7500000000000000E-02
   4.4111111111111115E-02 -2.7583333333333335E-02
   4.5861111111111109E-02 -2.7722222222222221E-02
   4.7277777777777780E-02 -2.7805555555555552E-02
   4.8722222222222222E-02 -2.7888888888888890E-02
   5.0694444444444445E-02 -2.7972222222222218E-02
   5.1944444444444446E-02 -2.7972222222222218E-02
   5.3361111111111109E-02 -2.8027777777777776E-02
   5.4638888888888890E-02 -2.8111111111111111E-02
   5.6027777777777774E-02 -2.8166666666666666E-02
   5.7361111111111113E-02 -2.8305555555555553E-02
   5.8555555555555555E-02 -2.8388888888888891E-02
   6.0194444444444439E-02 -2.8472222222222218E-02
   6.1277777777777778E-02 -2.8472222222222218E-02
   6.3277777777777780E-02 -2.8527777777777777E-02
   6.4777777777777767E-02 -2.8833333333333336E-02
   6.5972222222222224E-02 -2.8972222222222219E-02
   6.6944444444444445E-02 -2.9000000000000001E-02
   6.8527777777777785E-02 -2.9027777777777777E-02
   6.9694444444444448E-02 -2.9027777777777777E-02
   7.0527777777777786E-02 -2.9083333333333333E-02
   7.1499999999999994E-02 -2.9277777777777778E-02
   7.2472222222222216E-02 -2.9277777777777778E-02
   7.3833333333333334E-02 -2.9166666666666667E-02
   7.5111111111111101E-02 -2.9416666666666664E-02
   7.7027777777777778E-02 -2.9444444444444447E-02
   7.8250000000000000E-02 -2.9472222222222219E-02
   7.9694444444444443E-02 -2.9472222222222219E-02
   8.0861111111111106E-02 -2.9500000000000002E-02
   8.2055555555555548E-02 -2.9694444444444443E-02
   8.3388888888888887E-02 -2.9722222222222223E-02
   8.4666666666666668E-02 -2.9805555555555554E-02
   8.6000000000000007E-02 -2.9888888888888892E-02
   8.8388888888888892E-02 -2.9944444444444447E-02
   9.0388888888888894E-02 -3.0361111111111110E-02
   9.1749999999999998E-02 -3.0472222222222220E-02
   9.2694444444444454E-02 -3.0472222222222220E-02
   9.4055555555555559E-02 -3.0694444444444444E-02
   9.5194444444444443E-02 -3.0944444444444448E-02
   9.6361111111111106E-02 -3.1027777777777779E-02
   9.8305555555555563E-02 -3.1222222222222224E-02
   0.1004166666666667     -3.1277777777777772E-02
   0.1019722222222222     -3.1388888888888883E-02
   0.1033611111111111     -3.1388888888888883E-02
   0.1042222222222222     -3.1388888888888883E-02
   0.1048888888888889     -3.1416666666666669E-02
   0.1063611111111111     -3.1277777777777772E-02
   0.1083611111111111     -3.1277777777777772E-02
   0.1102222222222222     -3.1277777777777772E-02
   0.1118055555555556     -3.1833333333333332E-02
   0.1133333333333333     -3.1944444444444442E-02
   0.1146944444444444     -3.2250000000000001E-02
   0.1161944444444444     -3.2333333333333332E-02
   0.1175000000000000     -3.2222222222222222E-02
   0.1189722222222222     -3.2444444444444442E-02
   0.1207500000000000     -3.2611111111111112E-02
   0.1218611111111111     -3.2611111111111112E-02
   0.1229444444444445     -3.2638888888888891E-02
   0.1238333333333333     -3.2638888888888891E-02
   0.1247777777777778     -3.2638888888888891E-02
   0.1276944444444444     -3.2888888888888884E-02
   0.1285555555555556     -3.3027777777777781E-02
   0.1293611111111111     -3.2944444444444443E-02
   0.1303055555555556     -3.2805555555555560E-02
   0.1313888888888889     -3.2722222222222222E-02
   0.1316944444444444     -3.2861111111111112E-02
   0.1327222222222222     -3.3000000000000002E-02
   0.1337777777777778     -3.2972222222222222E-02
   0.1350277777777778     -3.2972222222222222E-02
   0.1358055555555556     -3.2972222222222222E-02
   0.1371111111111111     -3.2972222222222222E-02
   0.1381388888888889     -3.3111111111111112E-02
   0.1395277777777778     -3.3222222222222222E-02
   0.1410000000000000     -3.3305555555555560E-02
   0.1423888888888889     -3.3388888888888885E-02
   0.1434722222222222     -3.3388888888888885E-02
   0.1441944444444444     -3.2972222222222222E-02
   0.1448055555555555     -3.3138888888888891E-02
   0.1455833333333333     -3.3111111111111112E-02
   0.1465555555555556     -3.2694444444444443E-02
   0.1473888888888889     -3.2444444444444442E-02
   0.1481666666666667     -3.2305555555555560E-02
   0.1490555555555556     -3.2416666666666670E-02
   0.1494444444444444     -3.3277777777777774E-02
   0.1498888888888889     -3.3472222222222223E-02
   0.1512222222222222     -3.3583333333333333E-02
   0.1522777777777778     -3.3611111111111112E-02
   0.1529722222222222     -3.3500000000000002E-02
   0.1541111111111111     -3.3361111111111112E-02
   0.1547777777777778     -3.3361111111111112E-02
   0.1563888888888889     -3.3777777777777775E-02
   0.1575833333333333     -3.3888888888888885E-02
   0.1588333333333333     -3.4027777777777782E-02
   0.1603055555555556     -3.4166666666666665E-02
   0.1617500000000000     -3.3972222222222223E-02
   0.1623888888888889     -3.3805555555555561E-02
   0.1628888888888889     -3.3361111111111112E-02
   0.1643055555555556     -3.3305555555555560E-02
   0.1658611111111111     -3.3555555555555554E-02
   0.1672222222222222     -3.4111111111111113E-02
   0.1686388888888889     -3.4305555555555554E-02
   0.1694722222222222     -3.4361111111111113E-02
   0.1694444444444444     -3.4416666666666665E-02
   0.1696388888888889     -3.4500000000000003E-02
   0.1705277777777778     -3.4527777777777775E-02
   0.1712777777777778     -3.4583333333333334E-02
   0.1722500000000000     -3.4583333333333334E-02
   0.1732777777777778     -3.4583333333333334E-02
   0.1741944444444444     -3.4277777777777775E-02
   0.1750555555555555     -3.4027777777777782E-02
   0.1761388888888889     -3.3944444444444444E-02
   0.1770000000000000     -3.3722222222222223E-02
   0.1778888888888889     -3.3805555555555561E-02
   0.1787777777777778     -3.4111111111111113E-02
   0.1796944444444445     -3.4388888888888886E-02
   0.1808888888888889     -3.4527777777777775E-02
   0.1819166666666667     -3.4583333333333334E-02
   0.1830000000000000     -3.4777777777777776E-02
   0.1845833333333333     -3.4888888888888886E-02
   0.1855277777777778     -3.4944444444444445E-02
   0.1864444444444444     -3.4944444444444445E-02
   0.1873888888888889     -3.4888888888888886E-02
   0.1880000000000000     -3.4777777777777776E-02
   0.1888611111111111     -3.4611111111111113E-02
   0.1896666666666667     -3.4694444444444444E-02
   0.1909166666666667     -3.4777777777777776E-02
   0.1921388888888889     -3.4805555555555562E-02
   0.1935000000000000     -3.4861111111111107E-02
   0.1946388888888889     -3.4805555555555562E-02
   0.1961111111111111     -3.4805555555555562E-02
   0.1968611111111111     -3.4666666666666665E-02
   0.1973055555555555     -3.4583333333333334E-02
   0.1978611111111111     -3.4361111111111113E-02
   0.1983055555555556     -3.4250000000000003E-02
   0.1993888888888889     -3.4250000000000003E-02
   0.2003055555555556     -3.4416666666666665E-02
   0.2012500000000000     -3.4555555555555555E-02
   0.2023888888888889     -3.4583333333333334E-02
   0.2033333333333333     -3.4583333333333334E-02
   0.2045555555555555     -3.4583333333333334E-02
   0.2056111111111111     -3.4500000000000003E-02
   0.2068611111111111     -3.4333333333333334E-02
   0.2085833333333333     -3.4472222222222224E-02
   0.2100277777777778     -3.4583333333333334E-02
   0.2112500000000000     -3.4777777777777776E-02
   0.2122222222222222     -3.4777777777777776E-02
   0.2134166666666667     -3.4777777777777776E-02
   0.2145555555555556     -3.4777777777777776E-02
   0.2156388888888889     -3.4722222222222224E-02
   0.2173055555555556     -3.4611111111111113E-02
   0.2186666666666667     -3.4555555555555555E-02
   0.2195000000000000     -3.4500000000000003E-02
   0.2203888888888889     -3.4416666666666665E-02
   0.2210555555555556     -3.4444444444444444E-02
   0.2219444444444444     -3.4666666666666665E-02
   0.2225000000000000     -3.4833333333333334E-02
   0.2233888888888889     -3.4944444444444445E-02
   0.2243055555555555     -3.4944444444444445E-02
   0.2252222222222222     -3.4805555555555562E-02
   0.2257500000000000     -3.4722222222222224E-02
   0.2271388888888889     -3.4833333333333334E-02
   0.2281944444444444     -3.5000000000000003E-02
   0.2286388888888889     -3.5166666666666666E-02
   0.2290000000000000     -3.5222222222222224E-02
   0.2298611111111111     -3.5333333333333335E-02
   0.2306111111111111     -3.5361111111111114E-02
   0.2314166666666667     -3.5333333333333335E-02
   0.2320555555555555     -3.5027777777777783E-02
   0.2326666666666667     -3.4916666666666672E-02
   0.2337222222222222     -3.4888888888888886E-02
   0.2348611111111111     -3.4944444444444445E-02
   0.2358333333333333     -3.5027777777777783E-02
   0.2373333333333333     -3.5055555555555555E-02
   0.2381111111111111     -3.4888888888888886E-02
   0.2387222222222222     -3.4833333333333334E-02
   0.2397222222222223     -3.4805555555555562E-02
   0.2405555555555556     -3.4861111111111107E-02
   0.2416666666666666     -3.4861111111111107E-02
   0.2425833333333333     -3.4805555555555562E-02
