   5.1666666666666666E-03  9.0000000000000011E-03
   4.9166666666666664E-03  8.8611111111111113E-03
   4.7500000000000007E-03  8.7222222222222215E-03
   4.4444444444444444E-03  8.6666666666666663E-03
   4.0555555555555553E-03  8.4722222222222213E-03
   3.4166666666666668E-03  8.3055555555555556E-03
   2.8611111111111111E-03  8.2777777777777780E-03
   2.6388888888888890E-03  8.2500000000000004E-03
   2.2222222222222222E-03  8.1666666666666658E-03
   1.9722222222222220E-03  8.0000000000000002E-03
   1.8055555555555557E-03  7.7777777777777784E-03
   1.6666666666666666E-03  7.5833333333333343E-03
   1.5555555555555557E-03  7.4722222222222230E-03
   1.0000000000000000E-03  7.4166666666666669E-03
   1.1111111111111112E-04  7.3333333333333341E-03
  -3.3333333333333332E-04  7.2500000000000004E-03
  -1.3333333333333333E-03  7.3333333333333341E-03
  -2.0277777777777777E-03  7.1666666666666667E-03
  -2.5555555555555557E-03  7.0555555555555554E-03
  -3.1388888888888890E-03  7.0000000000000001E-03
  -3.7500000000000003E-03  6.9166666666666664E-03
  -4.5833333333333334E-03  6.7777777777777775E-03
  -5.2222222222222218E-03  6.6111111111111110E-03
  -5.8333333333333327E-03  6.4444444444444445E-03
  -6.4444444444444445E-03  6.2777777777777780E-03
  -7.1111111111111115E-03  6.1111111111111114E-03
  -7.8611111111111104E-03  5.9722222222222225E-03
  -8.2777777777777780E-03  5.7222222222222223E-03
  -8.9444444444444441E-03  5.3611111111111116E-03
  -9.1944444444444443E-03  5.1666666666666666E-03
  -9.8055555555555552E-03  4.6944444444444447E-03
  -1.0277777777777778E-02  4.3333333333333331E-03
  -1.0666666666666666E-02  3.8888888888888892E-03
  -1.0861111111111111E-02  3.5277777777777777E-03
  -1.1000000000000001E-02  2.6388888888888890E-03
  -1.1194444444444444E-02  2.0277777777777777E-03
  -1.1388888888888888E-02  1.3055555555555555E-03
  -1.1500000000000000E-02  7.7777777777777784E-04
  -1.1555555555555555E-02  2.2222222222222223E-04
  -1.1527777777777777E-02 -1.6666666666666666E-04
  -1.1416666666666665E-02 -4.1666666666666664E-04
  -1.1388888888888888E-02 -8.3333333333333328E-04
  -1.1388888888888888E-02 -1.0277777777777776E-03
  -1.1666666666666665E-02 -1.5833333333333333E-03
  -1.1805555555555555E-02 -2.0000000000000000E-03
  -1.1972222222222223E-02 -3.2222222222222222E-03
  -1.2333333333333333E-02 -3.9722222222222216E-03
  -1.2527777777777778E-02 -4.3888888888888892E-03
  -1.2694444444444446E-02 -4.7500000000000007E-03
  -1.2777777777777779E-02 -5.1111111111111114E-03
  -1.2888888888888889E-02 -5.7222222222222223E-03
  -1.3055555555555555E-02 -6.2222222222222227E-03
  -1.3055555555555555E-02 -6.9444444444444441E-03
  -1.3166666666666667E-02 -7.6111111111111119E-03
  -1.3250000000000000E-02 -9.0277777777777787E-03
  -1.3166666666666667E-02 -9.8055555555555552E-03
  -1.2972222222222224E-02 -1.0527777777777778E-02
  -1.2777777777777779E-02 -1.1138888888888889E-02
  -1.2472222222222223E-02 -1.1694444444444445E-02
  -1.2027777777777778E-02 -1.2277777777777778E-02
  -1.1694444444444445E-02 -1.2250000000000000E-02
  -1.1277777777777779E-02 -1.2722222222222223E-02
  -1.0527777777777778E-02 -1.3333333333333332E-02
  -1.0305555555555556E-02 -1.3472222222222222E-02
  -9.8055555555555552E-03 -1.4000000000000000E-02
  -9.1111111111111115E-03 -1.4472222222222223E-02
  -8.4166666666666660E-03 -1.5055555555555556E-02
  -7.8333333333333328E-03 -1.5555555555555557E-02
  -7.3888888888888893E-03 -1.5972222222222221E-02
  -6.8333333333333336E-03 -1.6444444444444442E-02
  -6.4166666666666669E-03 -1.6666666666666666E-02
  -6.0000000000000001E-03 -1.6805555555555556E-02
  -5.5000000000000005E-03 -1.6972222222222222E-02
  -5.1111111111111114E-03 -1.7111111111111112E-02
  -4.4166666666666668E-03 -1.7388888888888888E-02
  -3.6944444444444446E-03 -1.7694444444444443E-02
  -3.0555555555555557E-03 -1.8000000000000002E-02
  -2.4166666666666664E-03 -1.8333333333333333E-02
  -1.8611111111111111E-03 -1.8527777777777778E-02
  -1.1388888888888889E-03 -1.8805555555555558E-02
  -1.0277777777777776E-03 -1.9666666666666666E-02
  -3.8888888888888892E-04 -1.9972222222222221E-02
   1.9444444444444446E-04 -2.0250000000000001E-02
   4.7222222222222224E-04 -2.0416666666666666E-02
   1.0277777777777776E-03 -2.0638888888888887E-02
   1.6944444444444444E-03 -2.0805555555555556E-02
   2.2777777777777779E-03 -2.0944444444444446E-02
   2.9444444444444444E-03 -2.1111111111111112E-02
   3.4722222222222220E-03 -2.1388888888888888E-02
   4.0277777777777777E-03 -2.1472222222222222E-02
   4.8611111111111112E-03 -2.1555555555555557E-02
   5.7499999999999999E-03 -2.1777777777777778E-02
   6.5000000000000006E-03 -2.2055555555555557E-02
   7.2222222222222228E-03 -2.2250000000000002E-02
   7.9444444444444432E-03 -2.2444444444444447E-02
   8.6111111111111110E-03 -2.2583333333333330E-02
   8.8055555555555561E-03 -2.2666666666666665E-02
   9.6944444444444430E-03 -2.3027777777777775E-02
   1.0888888888888889E-02 -2.2416666666666668E-02
   1.2083333333333333E-02 -2.2444444444444447E-02
   1.3111111111111110E-02 -2.2694444444444444E-02
   1.3888888888888888E-02 -2.2833333333333330E-02
   1.4388888888888889E-02 -2.3055555555555555E-02
   1.4833333333333334E-02 -2.3250000000000000E-02
   1.5527777777777779E-02 -2.3944444444444445E-02
   1.6111111111111111E-02 -2.4555555555555556E-02
   1.6583333333333332E-02 -2.4611111111111111E-02
   1.7444444444444443E-02 -2.4638888888888891E-02
   1.8138888888888888E-02 -2.4666666666666667E-02
   1.9083333333333334E-02 -2.4861111111111112E-02
   2.0305555555555556E-02 -2.4944444444444446E-02
   2.0916666666666667E-02 -2.5027777777777777E-02
   2.1722222222222223E-02 -2.5166666666666667E-02
   2.3777777777777776E-02 -2.5250000000000002E-02
   2.4944444444444446E-02 -2.5416666666666667E-02
   2.5861111111111112E-02 -2.5638888888888892E-02
   2.6861111111111110E-02 -2.5805555555555557E-02
   2.7361111111111110E-02 -2.5916666666666668E-02
   2.8222222222222221E-02 -2.5916666666666668E-02
   2.8916666666666663E-02 -2.5944444444444447E-02
   2.9333333333333336E-02 -2.6027777777777778E-02
   2.9833333333333337E-02 -2.6166666666666664E-02
   3.0166666666666668E-02 -2.6416666666666665E-02
   3.0333333333333337E-02 -2.6499999999999999E-02
   3.1000000000000003E-02 -2.6638888888888889E-02
   3.1416666666666669E-02 -2.6722222222222220E-02
   3.2166666666666663E-02 -2.6749999999999999E-02
   3.3083333333333333E-02 -2.6777777777777775E-02
   3.3444444444444443E-02 -2.6861111111111110E-02
   3.4027777777777782E-02 -2.6944444444444444E-02
   3.4472222222222224E-02 -2.7083333333333334E-02
   3.4916666666666672E-02 -2.7194444444444445E-02
   3.5472222222222224E-02 -2.7277777777777776E-02
   3.6444444444444446E-02 -2.7361111111111110E-02
   3.7249999999999998E-02 -2.7416666666666666E-02
   3.8277777777777779E-02 -2.7416666666666666E-02
   3.8500000000000006E-02 -2.7361111111111110E-02
   3.9250000000000000E-02 -2.7111111111111110E-02
   3.9722222222222221E-02 -2.7055555555555555E-02
   4.0333333333333332E-02 -2.7055555555555555E-02
   4.1166666666666664E-02 -2.7138888888888889E-02
   4.2111111111111113E-02 -2.7361111111111110E-02
   4.2888888888888893E-02 -2.7500000000000000E-02
   4.3305555555555562E-02 -2.7638888888888890E-02
   4.3777777777777777E-02 -2.7861111111111107E-02
   4.4416666666666667E-02 -2.7916666666666663E-02
   4.5222222222222226E-02 -2.7694444444444445E-02
   4.5666666666666668E-02 -2.7611111111111111E-02
   4.6361111111111110E-02 -2.7611111111111111E-02
   4.7166666666666662E-02 -2.7611111111111111E-02
   4.7749999999999994E-02 -2.7638888888888890E-02
   4.8388888888888891E-02 -2.7888888888888890E-02
   4.9277777777777781E-02 -2.8194444444444442E-02
   5.0138888888888893E-02 -2.8027777777777776E-02
   5.0833333333333335E-02 -2.7888888888888890E-02
   5.1694444444444446E-02 -2.8000000000000001E-02
   5.2416666666666667E-02 -2.8083333333333332E-02
   5.3166666666666668E-02 -2.8166666666666666E-02
   5.4194444444444448E-02 -2.8333333333333335E-02
   5.4972222222222228E-02 -2.8416666666666663E-02
   5.5833333333333325E-02 -2.8444444444444446E-02
   5.6583333333333333E-02 -2.8444444444444446E-02
   5.6944444444444436E-02 -2.8444444444444446E-02
   5.8111111111111113E-02 -2.8555555555555556E-02
   5.8555555555555555E-02 -2.8611111111111111E-02
   5.9055555555555556E-02 -2.8583333333333332E-02
   5.9472222222222225E-02 -2.8472222222222218E-02
   5.9944444444444439E-02 -2.8305555555555553E-02
   6.0194444444444439E-02 -2.8305555555555553E-02
   6.0666666666666674E-02 -2.8305555555555553E-02
   6.1416666666666661E-02 -2.8527777777777777E-02
   6.3388888888888884E-02 -2.8777777777777777E-02
   6.3972222222222222E-02 -2.8749999999999998E-02
   6.4527777777777781E-02 -2.8972222222222219E-02
   6.5222222222222223E-02 -2.9000000000000001E-02
   6.5527777777777782E-02 -2.8916666666666663E-02
   6.5861111111111106E-02 -2.7777777777777776E-02
   6.6416666666666666E-02 -2.7694444444444445E-02
   6.7000000000000004E-02 -2.7694444444444445E-02
   6.7500000000000004E-02 -2.7750000000000000E-02
   6.8111111111111108E-02 -2.7888888888888890E-02
   6.8694444444444447E-02 -2.8138888888888887E-02
   6.9194444444444447E-02 -2.8361111111111108E-02
   6.9750000000000006E-02 -2.8527777777777777E-02
   7.0416666666666669E-02 -2.8611111111111111E-02
   7.1166666666666670E-02 -2.8611111111111111E-02
   7.1611111111111111E-02 -2.8944444444444446E-02
   7.2166666666666657E-02 -2.9138888888888888E-02
   7.3027777777777775E-02 -2.9138888888888888E-02
   7.3277777777777775E-02 -2.9138888888888888E-02
   7.3972222222222231E-02 -2.9194444444444443E-02
   7.4555555555555555E-02 -2.9444444444444447E-02
   7.5083333333333335E-02 -2.9583333333333333E-02
   7.5638888888888881E-02 -2.9638888888888888E-02
   7.6305555555555557E-02 -2.9638888888888888E-02
   7.6472222222222219E-02 -2.9694444444444443E-02
   7.6777777777777778E-02 -2.9805555555555554E-02
   7.7249999999999999E-02 -2.9916666666666664E-02
   7.7916666666666676E-02 -2.9861111111111109E-02
   7.8333333333333324E-02 -2.9833333333333337E-02
   7.8361111111111104E-02 -2.9805555555555554E-02
   7.9500000000000001E-02 -2.9944444444444447E-02
   8.0222222222222223E-02 -3.0027777777777778E-02
   8.1083333333333341E-02 -3.0027777777777778E-02
   8.2111111111111107E-02 -3.0083333333333333E-02
   8.3249999999999991E-02 -2.9472222222222219E-02
   8.3861111111111108E-02 -2.9472222222222219E-02
   8.4499999999999992E-02 -2.9472222222222219E-02
   8.5833333333333331E-02 -2.9527777777777778E-02
   8.6972222222222229E-02 -2.9583333333333333E-02
   8.8000000000000009E-02 -2.9583333333333333E-02
   8.9138888888888893E-02 -2.9722222222222223E-02
   9.0611111111111114E-02 -2.9722222222222223E-02
   9.1749999999999998E-02 -2.9749999999999999E-02
   9.2722222222222220E-02 -2.9805555555555554E-02
   9.3472222222222234E-02 -2.9916666666666664E-02
   9.3750000000000000E-02 -3.0055555555555558E-02
   9.4194444444444442E-02 -3.0888888888888893E-02
   9.5027777777777767E-02 -3.0944444444444448E-02
   9.6055555555555561E-02 -3.0888888888888893E-02
   9.7472222222222224E-02 -3.0611111111111113E-02
   9.8611111111111108E-02 -3.0638888888888889E-02
   9.9777777777777785E-02 -2.9916666666666664E-02
   0.1006944444444444     -2.9694444444444443E-02
   0.1017777777777778     -2.9472222222222219E-02
   0.1026111111111111     -2.9416666666666664E-02
   0.1036666666666667     -2.9444444444444447E-02
   0.1055277777777778     -2.9638888888888888E-02
   0.1069166666666667     -2.9722222222222223E-02
   0.1078611111111111     -2.9833333333333337E-02
   0.1087500000000000     -3.0083333333333333E-02
   0.1093611111111111     -3.0500000000000003E-02
   0.1100277777777778     -3.0750000000000000E-02
   0.1108055555555555     -3.0888888888888893E-02
   0.1116388888888889     -3.0888888888888893E-02
   0.1123888888888889     -3.0666666666666668E-02
   0.1128333333333333     -3.0416666666666665E-02
   0.1133055555555555     -3.0277777777777778E-02
   0.1141388888888889     -3.0249999999999999E-02
   0.1150277777777778     -3.0166666666666668E-02
   0.1161111111111111     -3.0277777777777778E-02
   0.1165833333333333     -3.0638888888888889E-02
   0.1171944444444444     -3.0861111111111110E-02
   0.1179166666666667     -3.0861111111111110E-02
   0.1188333333333333     -3.0750000000000000E-02
   0.1197222222222222     -3.0500000000000003E-02
   0.1203333333333333     -3.0361111111111110E-02
   0.1214166666666667     -3.0333333333333337E-02
   0.1223611111111111     -3.0444444444444448E-02
   0.1232222222222222     -3.0555555555555558E-02
   0.1246111111111111     -3.0611111111111113E-02
   0.1246666666666666     -3.0638888888888889E-02
   0.1259166666666667     -3.0750000000000000E-02
   0.1266388888888889     -3.0777777777777779E-02
   0.1276666666666667     -3.0805555555555555E-02
   0.1286666666666667     -3.0888888888888893E-02
   0.1295555555555555     -3.0916666666666665E-02
   0.1303333333333333     -3.0944444444444448E-02
   0.1310277777777778     -3.1027777777777779E-02
   0.1325277777777778     -3.1083333333333334E-02
   0.1335000000000000     -3.2000000000000001E-02
   0.1345833333333333     -3.2083333333333332E-02
   0.1357222222222222     -3.2138888888888890E-02
   0.1368333333333333     -3.2194444444444442E-02
   0.1381111111111111     -3.2194444444444442E-02
   0.1392500000000000     -3.1583333333333331E-02
   0.1398888888888889     -3.1666666666666669E-02
   0.1403055555555556     -3.1861111111111111E-02
   0.1405555555555555     -3.2166666666666663E-02
   0.1412500000000000     -3.2277777777777773E-02
   0.1418888888888889     -3.2277777777777773E-02
   0.1425833333333333     -3.2277777777777773E-02
   0.1432222222222222     -3.2250000000000001E-02
   0.1438055555555555     -3.2027777777777780E-02
   0.1439166666666667     -3.2027777777777780E-02
   0.1443333333333333     -3.2250000000000001E-02
   0.1448888888888889     -3.2500000000000001E-02
   0.1458888888888889     -3.2527777777777780E-02
   0.1462500000000000     -3.2555555555555553E-02
   0.1468611111111111     -3.2472222222222222E-02
   0.1475277777777778     -3.2305555555555560E-02
   0.1478888888888889     -3.2222222222222222E-02
   0.1488055555555556     -3.2361111111111111E-02
   0.1498888888888889     -3.3194444444444443E-02
   0.1513055555555556     -3.3166666666666664E-02
   0.1520555555555556     -3.3111111111111112E-02
   0.1525000000000000     -3.3111111111111112E-02
   0.1534444444444444     -3.3138888888888891E-02
   0.1548055555555556     -3.3194444444444443E-02
   0.1560277777777778     -3.2611111111111112E-02
   0.1574444444444444     -3.2750000000000001E-02
   0.1585555555555556     -3.2833333333333332E-02
   0.1600000000000000     -3.2944444444444443E-02
   0.1608055555555555     -3.2916666666666670E-02
   0.1619444444444444     -3.2888888888888884E-02
   0.1629166666666667     -3.2888888888888884E-02
   0.1644444444444444     -3.2861111111111112E-02
   0.1650833333333333     -3.2861111111111112E-02
   0.1665555555555556     -3.3722222222222223E-02
   0.1678333333333333     -3.3777777777777775E-02
   0.1687500000000000     -3.3888888888888885E-02
   0.1692777777777778     -3.4027777777777782E-02
   0.1705555555555555     -3.4305555555555554E-02
   0.1719444444444445     -3.4222222222222223E-02
   0.1734444444444444     -3.3472222222222223E-02
   0.1740833333333333     -3.3277777777777774E-02
   0.1750555555555555     -3.3277777777777774E-02
   0.1761111111111111     -3.3361111111111112E-02
   0.1770277777777778     -3.3416666666666671E-02
   0.1778611111111111     -3.3472222222222223E-02
   0.1791666666666667     -3.3500000000000002E-02
   0.1801388888888889     -3.3527777777777781E-02
   0.1809444444444445     -3.3333333333333333E-02
   0.1815277777777778     -3.3250000000000002E-02
   0.1818055555555556     -3.3250000000000002E-02
   0.1831944444444444     -3.4111111111111113E-02
   0.1845277777777778     -3.4250000000000003E-02
   0.1855277777777778     -3.4361111111111113E-02
   0.1860277777777778     -3.4416666666666665E-02
   0.1862777777777778     -3.4638888888888886E-02
   0.1874444444444444     -3.4833333333333334E-02
   0.1884166666666667     -3.4888888888888886E-02
   0.1894722222222222     -3.4805555555555562E-02
   0.1905000000000000     -3.4444444444444444E-02
   0.1913333333333333     -3.4222222222222223E-02
   0.1921388888888889     -3.4194444444444444E-02
   0.1932500000000000     -3.4194444444444444E-02
   0.1943333333333334     -3.4222222222222223E-02
   0.1953888888888889     -3.4250000000000003E-02
   0.1961388888888889     -3.4305555555555554E-02
   0.1980555555555555     -3.4416666666666665E-02
   0.1994166666666667     -3.4500000000000003E-02
   0.2002777777777778     -3.3777777777777775E-02
   0.2016666666666667     -3.4250000000000003E-02
   0.2026388888888889     -3.4166666666666665E-02
   0.2038611111111111     -3.4083333333333334E-02
   0.2050833333333333     -3.4083333333333334E-02
   0.2059722222222222     -3.4833333333333334E-02
   0.2074722222222222     -3.4833333333333334E-02
   0.2088333333333333     -3.4861111111111107E-02
   0.2103055555555556     -3.4777777777777776E-02
   0.2117500000000000     -3.4749999999999996E-02
   0.2136388888888889     -3.4416666666666665E-02
   0.2174166666666667     -3.3833333333333333E-02
   0.2194444444444444     -3.3944444444444444E-02
   0.2211388888888889     -3.4027777777777782E-02
   0.2228333333333333     -3.4888888888888886E-02
   0.2255000000000000     -3.5000000000000003E-02
   0.2274444444444444     -3.5027777777777783E-02
   0.2291944444444444     -3.5111111111111114E-02
   0.2315833333333333     -3.5055555555555555E-02
   0.2331388888888889     -3.5194444444444445E-02
   0.2351666666666666     -3.4444444444444444E-02
   0.2372222222222222     -3.4472222222222224E-02
   0.2394444444444444     -3.5305555555555555E-02
   0.2405000000000000     -3.5222222222222224E-02
