   7.7500000000000008E-03  9.5277777777777791E-03
   7.3888888888888893E-03  9.5277777777777791E-03
   6.6944444444444438E-03  9.5000000000000015E-03
   6.0277777777777777E-03  9.3333333333333341E-03
   5.6111111111111119E-03  9.2777777777777789E-03
   5.4166666666666669E-03  9.2777777777777789E-03
   5.2500000000000003E-03  9.2777777777777789E-03
   5.0277777777777777E-03  9.7500000000000000E-03
   4.8888888888888888E-03  1.0194444444444443E-02
   4.6944444444444447E-03  1.0638888888888889E-02
   4.4166666666666668E-03  1.1111111111111112E-02
   4.1666666666666666E-03  1.1361111111111110E-02
   3.5000000000000001E-03  1.1833333333333333E-02
   2.8611111111111111E-03  1.2305555555555556E-02
   2.2222222222222222E-03  1.2694444444444446E-02
   1.7777777777777779E-03  1.2944444444444446E-02
   1.3055555555555555E-03  1.3305555555555555E-02
   9.1666666666666676E-04  1.3722222222222222E-02
   7.5000000000000002E-04  1.4222222222222223E-02
   5.5555555555555556E-04  1.4888888888888889E-02
   2.5000000000000001E-04  1.5611111111111112E-02
  -1.1111111111111112E-04  1.6138888888888887E-02
  -4.4444444444444447E-04  1.6583333333333332E-02
  -8.8888888888888893E-04  1.7083333333333332E-02
  -1.3888888888888889E-03  1.7527777777777778E-02
  -2.1944444444444446E-03  1.7944444444444443E-02
  -2.6944444444444446E-03  1.8222222222222223E-02
  -3.9444444444444440E-03  1.8722222222222223E-02
  -4.9444444444444440E-03  1.9027777777777779E-02
  -5.4166666666666669E-03  1.9194444444444445E-02
  -6.5000000000000006E-03  1.9888888888888887E-02
  -7.0555555555555554E-03  2.0361111111111111E-02
  -7.3055555555555556E-03  2.1027777777777777E-02
  -8.0000000000000002E-03  2.2472222222222223E-02
  -8.2777777777777780E-03  2.3083333333333331E-02
  -8.4722222222222213E-03  2.3916666666666666E-02
  -8.6666666666666663E-03  2.4805555555555556E-02
  -9.1666666666666667E-03  2.6111111111111109E-02
  -9.6944444444444430E-03  2.6555555555555554E-02
  -1.0388888888888888E-02  2.7166666666666665E-02
  -1.1083333333333334E-02  2.7500000000000000E-02
  -1.1777777777777778E-02  2.7833333333333335E-02
  -1.1888888888888888E-02  2.8000000000000001E-02
  -1.2361111111111111E-02  2.8166666666666666E-02
  -1.2972222222222224E-02  2.8249999999999997E-02
  -1.3500000000000000E-02  2.8055555555555556E-02
  -1.4305555555555556E-02  2.7833333333333335E-02
  -1.5555555555555557E-02  2.7972222222222218E-02
  -1.6333333333333332E-02  2.8305555555555553E-02
  -1.6805555555555556E-02  2.8611111111111111E-02
  -1.7222222222222222E-02  2.8805555555555553E-02
  -1.7583333333333333E-02  2.8916666666666663E-02
  -1.7250000000000001E-02  2.9083333333333333E-02
  -1.7111111111111112E-02  2.9166666666666667E-02
  -1.7166666666666667E-02  2.9527777777777778E-02
  -1.7555555555555557E-02  2.9749999999999999E-02
  -1.8333333333333333E-02  3.0249999999999999E-02
  -1.9222222222222220E-02  3.0722222222222224E-02
  -1.9722222222222221E-02  3.0861111111111110E-02
  -2.0194444444444445E-02  3.0944444444444448E-02
  -2.1027777777777777E-02  3.0944444444444448E-02
  -2.1916666666666668E-02  3.0694444444444444E-02
  -2.2611111111111110E-02  3.0333333333333337E-02
  -2.3361111111111110E-02  2.9861111111111109E-02
  -2.4111111111111111E-02  2.9277777777777778E-02
  -2.4500000000000001E-02  2.8694444444444443E-02
  -2.4916666666666667E-02  2.7638888888888890E-02
  -2.5416666666666667E-02  2.6694444444444444E-02
  -2.5916666666666668E-02  2.5916666666666668E-02
  -2.6416666666666665E-02  2.5305555555555557E-02
  -2.6972222222222220E-02  2.4638888888888891E-02
  -2.7777777777777776E-02  2.3666666666666666E-02
  -2.8027777777777776E-02  2.3055555555555555E-02
  -2.8055555555555556E-02  2.2111111111111113E-02
  -2.8027777777777776E-02  2.0888888888888887E-02
  -2.8000000000000001E-02  1.9611111111111110E-02
  -2.7916666666666663E-02  1.8750000000000003E-02
  -2.8277777777777777E-02  1.8250000000000002E-02
  -2.8583333333333332E-02  1.7805555555555557E-02
  -2.8805555555555553E-02  1.6916666666666667E-02
  -2.9000000000000001E-02  1.6194444444444442E-02
  -2.9472222222222219E-02  1.5027777777777779E-02
  -2.9916666666666664E-02  1.3972222222222223E-02
  -3.0138888888888889E-02  1.3194444444444444E-02
  -3.0333333333333337E-02  1.2472222222222223E-02
  -3.0277777777777778E-02  1.1416666666666665E-02
  -2.9972222222222220E-02  1.0722222222222223E-02
  -2.9388888888888891E-02  9.8333333333333328E-03
  -2.8777777777777777E-02  9.2222222222222219E-03
  -2.8444444444444446E-02  8.9444444444444441E-03
  -2.7694444444444445E-02  8.8611111111111113E-03
  -2.7083333333333334E-02  8.7777777777777784E-03
  -2.7055555555555555E-02  8.7222222222222215E-03
  -2.7194444444444445E-02  8.3333333333333332E-03
  -2.7638888888888890E-02  7.9722222222222208E-03
  -2.7472222222222221E-02  7.8333333333333328E-03
  -2.6611111111111110E-02  7.6111111111111119E-03
  -2.5861111111111112E-02  7.3055555555555556E-03
  -2.5166666666666667E-02  7.0833333333333338E-03
  -2.4388888888888891E-02  6.8611111111111112E-03
  -2.3444444444444445E-02  6.3611111111111117E-03
  -2.2500000000000003E-02  5.7777777777777775E-03
  -2.2194444444444447E-02  5.4166666666666669E-03
  -2.2250000000000002E-02  4.9166666666666664E-03
  -2.2555555555555558E-02  4.1111111111111105E-03
  -2.2444444444444447E-02  3.1944444444444446E-03
  -2.2138888888888889E-02  2.3055555555555555E-03
  -2.1861111111111112E-02  1.6388888888888887E-03
  -2.1416666666666667E-02  1.0000000000000000E-03
  -2.0833333333333332E-02  2.7777777777777779E-05
  -2.0250000000000001E-02 -5.0000000000000001E-04
  -1.9861111111111111E-02 -1.6111111111111111E-03
  -1.9472222222222221E-02 -2.3611111111111111E-03
  -1.9083333333333334E-02 -3.0555555555555557E-03
  -1.8666666666666668E-02 -3.4722222222222220E-03
  -1.8583333333333334E-02 -3.4722222222222220E-03
  -1.8166666666666668E-02 -3.6388888888888890E-03
  -1.7694444444444443E-02 -3.9444444444444440E-03
  -1.7000000000000001E-02 -4.3611111111111107E-03
  -1.6194444444444442E-02 -4.7500000000000007E-03
  -1.5194444444444446E-02 -4.9166666666666664E-03
  -1.4111111111111111E-02 -5.1111111111111114E-03
  -1.3527777777777777E-02 -5.5555555555555558E-03
  -1.3027777777777777E-02 -6.0277777777777777E-03
  -1.2416666666666666E-02 -6.5555555555555549E-03
  -1.1833333333333333E-02 -6.8888888888888888E-03
  -1.1388888888888888E-02 -7.0555555555555554E-03
  -1.0500000000000001E-02 -7.2222222222222228E-03
  -9.8611111111111104E-03 -7.2777777777777780E-03
  -9.6666666666666654E-03 -7.3611111111111117E-03
  -9.1388888888888891E-03 -7.8055555555555560E-03
  -8.5833333333333334E-03 -8.1666666666666658E-03
  -8.1388888888888882E-03 -8.5000000000000006E-03
  -7.5833333333333343E-03 -8.7777777777777784E-03
  -7.2222222222222228E-03 -8.9444444444444441E-03
  -6.3611111111111117E-03 -9.6111111111111102E-03
  -6.2777777777777780E-03 -1.0194444444444443E-02
  -6.2222222222222227E-03 -1.0388888888888888E-02
  -6.7499999999999999E-03 -1.0500000000000001E-02
  -7.2500000000000004E-03 -1.1111111111111112E-02
  -7.6388888888888895E-03 -1.1805555555555555E-02
  -7.7500000000000008E-03 -1.2722222222222223E-02
  -7.5555555555555558E-03 -1.3166666666666667E-02
  -7.2222222222222228E-03 -1.3777777777777778E-02
  -6.9722222222222225E-03 -1.4388888888888889E-02
  -7.2777777777777780E-03 -1.5166666666666669E-02
  -7.6944444444444447E-03 -1.5972222222222221E-02
  -7.9166666666666656E-03 -1.6888888888888887E-02
  -8.3333333333333332E-03 -1.7888888888888888E-02
  -8.5000000000000006E-03 -1.8416666666666668E-02
  -8.4722222222222213E-03 -1.8916666666666668E-02
  -8.3888888888888884E-03 -1.9277777777777776E-02
  -8.3611111111111108E-03 -1.9750000000000000E-02
  -8.9722222222222217E-03 -2.0055555555555556E-02
  -9.4166666666666669E-03 -2.0583333333333332E-02
  -9.8055555555555552E-03 -2.1138888888888888E-02
  -1.0111111111111111E-02 -2.1861111111111112E-02
  -1.0500000000000001E-02 -2.2583333333333330E-02
  -1.0555555555555556E-02 -2.3055555555555555E-02
  -1.0388888888888888E-02 -2.3694444444444445E-02
  -1.0055555555555555E-02 -2.4388888888888891E-02
  -9.9444444444444433E-03 -2.4805555555555556E-02
  -1.0055555555555555E-02 -2.5277777777777777E-02
  -1.0444444444444444E-02 -2.5555555555555557E-02
  -1.0694444444444444E-02 -2.5861111111111112E-02
  -1.0666666666666666E-02 -2.6249999999999999E-02
  -1.0638888888888889E-02 -2.7000000000000000E-02
  -1.0638888888888889E-02 -2.7972222222222218E-02
  -1.0666666666666666E-02 -2.8805555555555553E-02
  -1.0500000000000001E-02 -2.9777777777777778E-02
  -1.0388888888888888E-02 -3.0527777777777779E-02
  -1.0250000000000000E-02 -3.1083333333333334E-02
  -1.0027777777777778E-02 -3.1694444444444442E-02
  -9.6666666666666654E-03 -3.2444444444444442E-02
  -9.2500000000000013E-03 -3.3305555555555560E-02
  -8.6944444444444439E-03 -3.4000000000000002E-02
  -8.6111111111111110E-03 -3.4500000000000003E-02
  -8.1388888888888882E-03 -3.5138888888888893E-02
  -7.9444444444444432E-03 -3.5555555555555556E-02
  -7.6388888888888895E-03 -3.6111111111111115E-02
  -6.8888888888888888E-03 -3.7027777777777778E-02
  -6.2777777777777780E-03 -3.7333333333333329E-02
  -4.9722222222222216E-03 -3.7888888888888889E-02
  -4.4722222222222221E-03 -3.8055555555555558E-02
  -3.1666666666666666E-03 -3.8166666666666668E-02
  -2.3055555555555555E-03 -3.8111111111111109E-02
  -1.4722222222222222E-03 -3.7888888888888889E-02
  -1.0000000000000000E-03 -3.7749999999999999E-02
  -5.2777777777777773E-04 -3.7749999999999999E-02
  -5.5555555555555558E-05 -3.7999999999999999E-02
   4.4444444444444447E-04 -3.8333333333333330E-02
   9.1666666666666676E-04 -3.8611111111111117E-02
   1.3333333333333333E-03 -3.8722222222222227E-02
   2.4166666666666664E-03 -3.8916666666666669E-02
   3.0555555555555557E-03 -3.8944444444444448E-02
   3.7777777777777779E-03 -3.8944444444444448E-02
   4.7500000000000007E-03 -3.8750000000000000E-02
   5.3055555555555555E-03 -3.8361111111111110E-02
   5.5833333333333334E-03 -3.8055555555555558E-02
   5.8333333333333327E-03 -3.7861111111111109E-02
   6.2777777777777780E-03 -3.7749999999999999E-02
   6.9166666666666664E-03 -3.7638888888888888E-02
   7.7500000000000008E-03 -3.7166666666666667E-02
   8.3333333333333332E-03 -3.6583333333333329E-02
   8.8055555555555561E-03 -3.6000000000000004E-02
   9.0555555555555563E-03 -3.5527777777777776E-02
   9.3611111111111117E-03 -3.5555555555555556E-02
   9.7777777777777776E-03 -3.5055555555555555E-02
   1.0250000000000000E-02 -3.4083333333333334E-02
   1.0666666666666666E-02 -3.3388888888888885E-02
   1.0916666666666667E-02 -3.2888888888888884E-02
   1.0861111111111111E-02 -3.2722222222222222E-02
   1.1111111111111112E-02 -3.2222222222222222E-02
   1.1472222222222222E-02 -3.1666666666666669E-02
   1.2222222222222223E-02 -3.2055555555555552E-02
   1.2611111111111111E-02 -3.2416666666666670E-02
   1.2916666666666667E-02 -3.2583333333333332E-02
   1.3972222222222223E-02 -3.2583333333333332E-02
   1.4555555555555556E-02 -3.2583333333333332E-02
   1.5222222222222224E-02 -3.2194444444444442E-02
   1.5916666666666666E-02 -3.2305555555555560E-02
   1.7138888888888888E-02 -3.2444444444444442E-02
   1.7861111111111112E-02 -3.2444444444444442E-02
   1.8944444444444444E-02 -3.2583333333333332E-02
   2.0222222222222221E-02 -3.3388888888888885E-02
   2.1333333333333333E-02 -3.3361111111111112E-02
   2.2166666666666668E-02 -3.3194444444444443E-02
   2.2694444444444444E-02 -3.2638888888888891E-02
   2.3055555555555555E-02 -3.2222222222222222E-02
   2.3083333333333331E-02 -3.2083333333333332E-02
   2.3444444444444445E-02 -3.1944444444444442E-02
   2.4361111111111111E-02 -3.1972222222222221E-02
   2.5611111111111112E-02 -3.1888888888888883E-02
   2.6527777777777775E-02 -3.1305555555555559E-02
   2.7444444444444445E-02 -3.0611111111111113E-02
   2.7888888888888890E-02 -2.9916666666666664E-02
   2.8388888888888891E-02 -2.9111111111111112E-02
   2.8888888888888891E-02 -2.8416666666666663E-02
   2.9305555555555553E-02 -2.7833333333333335E-02
   2.9611111111111112E-02 -2.7444444444444445E-02
   3.0583333333333334E-02 -2.7388888888888890E-02
   3.1083333333333334E-02 -2.7388888888888890E-02
   3.1694444444444442E-02 -2.6888888888888889E-02
   3.2527777777777780E-02 -2.6722222222222220E-02
   3.2861111111111112E-02 -2.6861111111111110E-02
   3.3638888888888892E-02 -2.7166666666666665E-02
   3.4250000000000003E-02 -2.7277777777777776E-02
   3.4694444444444444E-02 -2.7500000000000000E-02
   3.5111111111111114E-02 -2.7694444444444445E-02
   3.5694444444444445E-02 -2.8000000000000001E-02
   3.6388888888888887E-02 -2.8277777777777777E-02
   3.7222222222222226E-02 -2.9249999999999998E-02
   3.7722222222222226E-02 -2.9361111111111109E-02
   3.8194444444444448E-02 -2.9416666666666664E-02
   3.8472222222222220E-02 -2.9444444444444447E-02
   3.8833333333333338E-02 -2.9444444444444447E-02
   3.9305555555555559E-02 -2.9472222222222219E-02
   4.0138888888888891E-02 -2.9888888888888892E-02
   4.1055555555555553E-02 -3.0333333333333337E-02
   4.2083333333333334E-02 -3.0888888888888893E-02
   4.2916666666666665E-02 -3.1166666666666662E-02
   4.3722222222222218E-02 -3.1472222222222221E-02
   4.4499999999999998E-02 -3.1694444444444442E-02
   4.5472222222222219E-02 -3.1861111111111111E-02
   4.6249999999999999E-02 -3.2194444444444442E-02
   4.6750000000000000E-02 -3.2527777777777780E-02
   4.7416666666666663E-02 -3.2833333333333332E-02
   4.8166666666666663E-02 -3.3361111111111112E-02
   4.8916666666666671E-02 -3.3666666666666664E-02
   4.9805555555555561E-02 -3.4111111111111113E-02
   5.0722222222222224E-02 -3.4555555555555555E-02
   5.1805555555555556E-02 -3.4916666666666672E-02
   5.2555555555555550E-02 -3.5055555555555555E-02
   5.3694444444444447E-02 -3.5333333333333335E-02
   5.4750000000000000E-02 -3.5500000000000004E-02
   5.5916666666666663E-02 -3.5500000000000004E-02
   5.6555555555555553E-02 -3.5277777777777776E-02
   5.6916666666666664E-02 -3.4722222222222224E-02
   5.7333333333333333E-02 -3.4138888888888892E-02
   5.7638888888888892E-02 -3.3722222222222223E-02
   5.7888888888888893E-02 -3.3388888888888885E-02
   5.8111111111111113E-02 -3.3138888888888891E-02
   5.8388888888888886E-02 -3.3138888888888891E-02
   5.9000000000000004E-02 -3.3111111111111112E-02
   5.9472222222222225E-02 -3.3138888888888891E-02
   5.9722222222222218E-02 -3.3250000000000002E-02
   6.0388888888888888E-02 -3.3666666666666664E-02
   6.0944444444444440E-02 -3.4000000000000002E-02
   6.1833333333333330E-02 -3.4361111111111113E-02
   6.2611111111111117E-02 -3.4666666666666665E-02
   6.3222222222222221E-02 -3.4861111111111107E-02
   6.4000000000000001E-02 -3.4972222222222217E-02
   6.4722222222222223E-02 -3.5000000000000003E-02
   6.5277777777777782E-02 -3.4972222222222217E-02
   6.5777777777777768E-02 -3.4694444444444444E-02
   6.6138888888888900E-02 -3.4666666666666665E-02
   6.6305555555555562E-02 -3.4777777777777776E-02
   6.6833333333333342E-02 -3.5166666666666666E-02
   6.7111111111111107E-02 -3.5333333333333335E-02
   6.7972222222222226E-02 -3.5333333333333335E-02
   6.8944444444444447E-02 -3.5416666666666666E-02
   6.9888888888888889E-02 -3.5611111111111114E-02
   7.0583333333333331E-02 -3.5749999999999997E-02
   7.1555555555555553E-02 -3.5861111111111107E-02
   7.2388888888888892E-02 -3.5861111111111107E-02
   7.3000000000000009E-02 -3.6000000000000004E-02
   7.3861111111111100E-02 -3.6111111111111115E-02
   7.4527777777777776E-02 -3.6111111111111115E-02
   7.4861111111111101E-02 -3.6083333333333328E-02
   7.5222222222222232E-02 -3.5916666666666666E-02
   7.5472222222222218E-02 -3.5722222222222225E-02
   7.6055555555555557E-02 -3.5555555555555556E-02
   7.6805555555555557E-02 -3.5444444444444445E-02
   7.8416666666666662E-02 -3.5333333333333335E-02
   7.9388888888888898E-02 -3.5027777777777783E-02
   8.0333333333333326E-02 -3.4527777777777775E-02
   8.1500000000000003E-02 -3.3805555555555561E-02
   8.2055555555555548E-02 -3.3194444444444443E-02
   8.2388888888888900E-02 -3.2722222222222222E-02
   8.2472222222222225E-02 -3.2194444444444442E-02
   8.2611111111111121E-02 -3.1861111111111111E-02
   8.3027777777777770E-02 -3.1444444444444448E-02
   8.3555555555555550E-02 -3.1166666666666662E-02
   8.4527777777777785E-02 -3.0861111111111110E-02
   8.5222222222222227E-02 -3.0666666666666668E-02
   8.5694444444444448E-02 -3.0638888888888889E-02
   8.6472222222222228E-02 -3.0611111111111113E-02
   8.7249999999999994E-02 -2.9944444444444447E-02
   8.8166666666666671E-02 -3.0000000000000002E-02
   8.8749999999999996E-02 -3.0277777777777778E-02
   8.9444444444444451E-02 -3.0305555555555554E-02
   9.0277777777777776E-02 -3.0222222222222223E-02
   9.0861111111111115E-02 -2.9944444444444447E-02
   9.1527777777777777E-02 -2.9694444444444443E-02
   9.2027777777777778E-02 -2.9694444444444443E-02
   9.2805555555555558E-02 -3.0361111111111110E-02
   9.3361111111111103E-02 -3.0750000000000000E-02
   9.4083333333333338E-02 -3.0694444444444444E-02
   9.4444444444444442E-02 -3.0555555555555558E-02
   9.5194444444444443E-02 -3.0388888888888892E-02
   9.5916666666666664E-02 -3.0527777777777779E-02
   9.6305555555555561E-02 -3.0750000000000000E-02
   9.6638888888888885E-02 -3.1083333333333334E-02
   9.7555555555555562E-02 -3.1444444444444448E-02
   9.8166666666666666E-02 -3.1500000000000000E-02
   9.9138888888888888E-02 -3.1444444444444448E-02
   0.1000833333333333     -3.1166666666666662E-02
   0.1007222222222222     -3.0972222222222220E-02
   0.1011944444444444     -3.0750000000000000E-02
   0.1012777777777778     -3.0750000000000000E-02
   0.1021111111111111     -3.0805555555555555E-02
   0.1026111111111111     -3.0944444444444448E-02
   0.1032777777777778     -3.1250000000000000E-02
   0.1038611111111111     -3.0888888888888893E-02
   0.1045277777777778     -3.1277777777777772E-02
   0.1050277777777778     -3.1500000000000000E-02
   0.1059166666666667     -3.1972222222222221E-02
   0.1066666666666667     -3.2222222222222222E-02
   0.1074722222222222     -3.2277777777777773E-02
   0.1085555555555556     -3.2333333333333332E-02
   0.1088611111111111     -3.2361111111111111E-02
   0.1103333333333333     -3.2472222222222222E-02
   0.1118611111111111     -3.2694444444444443E-02
   0.1127777777777778     -3.2833333333333332E-02
   0.1135555555555556     -3.2916666666666670E-02
   0.1141388888888889     -3.2944444444444443E-02
   0.1150555555555556     -3.3000000000000002E-02
   0.1158055555555556     -3.3666666666666664E-02
   0.1166388888888889     -3.3638888888888892E-02
   0.1173611111111111     -3.3472222222222223E-02
   0.1181111111111111     -3.3305555555555560E-02
   0.1188333333333333     -3.3194444444444443E-02
   0.1194444444444444     -3.3166666666666664E-02
   0.1215000000000000     -3.2138888888888890E-02
   0.1220277777777778     -3.1750000000000000E-02
   0.1222222222222222     -3.1388888888888883E-02
   0.1223888888888889     -3.1111111111111114E-02
   0.1231388888888889     -3.1138888888888890E-02
   0.1241111111111111     -3.1111111111111114E-02
   0.1252222222222222     -3.1277777777777772E-02
   0.1256666666666667     -3.1416666666666669E-02
   0.1271111111111111     -3.1388888888888883E-02
   0.1273888888888889     -3.1166666666666662E-02
   0.1280555555555556     -3.0722222222222224E-02
   0.1285833333333333     -3.0611111111111113E-02
   0.1292500000000000     -3.0694444444444444E-02
   0.1301111111111111     -3.0888888888888893E-02
   0.1306388888888889     -3.1194444444444445E-02
   0.1313611111111111     -3.1416666666666669E-02
   0.1322222222222222     -3.1472222222222221E-02
   0.1329166666666667     -3.1583333333333331E-02
   0.1336111111111111     -3.1722222222222221E-02
   0.1346111111111111     -3.1694444444444442E-02
   0.1353611111111111     -3.1416666666666669E-02
   0.1360000000000000     -3.1111111111111114E-02
   0.1370833333333333     -3.0777777777777779E-02
   0.1377222222222222     -3.0666666666666668E-02
   0.1386944444444445     -3.0805555555555555E-02
   0.1395555555555555     -3.0972222222222220E-02
   0.1405277777777778     -3.1055555555555552E-02
   0.1423611111111111     -3.1194444444444445E-02
   0.1437500000000000     -3.1388888888888883E-02
   0.1445277777777778     -3.1555555555555559E-02
   0.1462777777777778     -3.1694444444444442E-02
   0.1470555555555556     -3.1666666666666669E-02
   0.1483888888888889     -3.1555555555555559E-02
   0.1491388888888889     -3.1611111111111111E-02
   0.1499166666666667     -3.1888888888888883E-02
   0.1506944444444444     -3.1972222222222221E-02
   0.1513055555555556     -3.1972222222222221E-02
   0.1516388888888889     -3.1972222222222221E-02
   0.1525277777777778     -3.2083333333333332E-02
   0.1535000000000000     -3.2444444444444442E-02
   0.1541944444444444     -3.2583333333333332E-02
   0.1548333333333333     -3.3444444444444443E-02
   0.1552500000000000     -3.3416666666666671E-02
   0.1558333333333334     -3.3388888888888885E-02
   0.1564722222222222     -3.3500000000000002E-02
   0.1570277777777778     -3.3722222222222223E-02
   0.1578611111111111     -3.3750000000000002E-02
   0.1583888888888889     -3.3611111111111112E-02
   0.1588888888888889     -3.3250000000000002E-02
   0.1592222222222222     -3.2861111111111112E-02
   0.1599722222222222     -3.2138888888888890E-02
   0.1611388888888889     -3.2111111111111111E-02
   0.1618888888888889     -3.2111111111111111E-02
   0.1628055555555555     -3.2305555555555560E-02
   0.1633055555555555     -3.2444444444444442E-02
   0.1645555555555556     -3.2555555555555553E-02
   0.1653333333333333     -3.2694444444444443E-02
   0.1659444444444444     -3.2750000000000001E-02
   0.1668888888888889     -3.2750000000000001E-02
   0.1675000000000000     -3.2833333333333332E-02
   0.1682222222222222     -3.3000000000000002E-02
   0.1689444444444445     -3.3222222222222222E-02
   0.1695833333333333     -3.3444444444444443E-02
   0.1704166666666667     -3.3555555555555554E-02
   0.1713611111111111     -3.4416666666666665E-02
   0.1713888888888889     -3.4388888888888886E-02
   0.1717777777777778     -3.4305555555555554E-02
   0.1730277777777778     -3.4111111111111113E-02
   0.1740555555555555     -3.4083333333333334E-02
   0.1749444444444445     -3.4027777777777782E-02
   0.1760000000000000     -3.4000000000000002E-02
   0.1773611111111111     -3.3277777777777774E-02
   0.1783611111111111     -3.3222222222222222E-02
   0.1795555555555556     -3.3027777777777781E-02
   0.1804166666666667     -3.2833333333333332E-02
   0.1806944444444444     -3.2777777777777774E-02
   0.1812777777777778     -3.2611111111111112E-02
   0.1819722222222222     -3.2611111111111112E-02
   0.1831111111111111     -3.2638888888888891E-02
   0.1838333333333333     -3.3027777777777781E-02
   0.1844166666666667     -3.3444444444444443E-02
   0.1851111111111111     -3.3750000000000002E-02
   0.1855555555555556     -3.4055555555555554E-02
   0.1863611111111111     -3.4388888888888886E-02
   0.1871111111111111     -3.4638888888888886E-02
   0.1876944444444444     -3.4972222222222217E-02
   0.1886111111111111     -3.5166666666666666E-02
   0.1892500000000000     -3.4944444444444445E-02
   0.1898055555555556     -3.4583333333333334E-02
   0.1904722222222222     -3.4555555555555555E-02
   0.1917500000000000     -3.4638888888888886E-02
   0.1930555555555556     -3.4749999999999996E-02
   0.1944722222222222     -3.4555555555555555E-02
   0.1963055555555556     -3.4861111111111107E-02
   0.1972777777777778     -3.5000000000000003E-02
   0.1985000000000000     -3.5000000000000003E-02
   0.1993055555555555     -3.4972222222222217E-02
   0.2000555555555555     -3.4916666666666672E-02
   0.2013333333333333     -3.4777777777777776E-02
   0.2020833333333333     -3.4666666666666665E-02
   0.2035277777777778     -3.4916666666666672E-02
   0.2048333333333333     -3.5333333333333335E-02
   0.2060277777777778     -3.5444444444444445E-02
   0.2073888888888889     -3.5472222222222224E-02
   0.2080833333333333     -3.5305555555555555E-02
   0.2090555555555556     -3.5083333333333327E-02
   0.2095833333333333     -3.4972222222222217E-02
   0.2112777777777778     -3.4444444444444444E-02
   0.2126666666666667     -3.4083333333333334E-02
   0.2135833333333333     -3.4000000000000002E-02
   0.2142500000000000     -3.3972222222222223E-02
   0.2149722222222222     -3.4111111111111113E-02
   0.2158888888888889     -3.4277777777777775E-02
   0.2167500000000000     -3.4277777777777775E-02
   0.2174444444444444     -3.4250000000000003E-02
   0.2181666666666667     -3.4222222222222223E-02
   0.2185277777777778     -3.4222222222222223E-02
   0.2190833333333334     -3.4138888888888892E-02
   0.2195555555555556     -3.4138888888888892E-02
   0.2204444444444444     -3.4500000000000003E-02
   0.2208333333333333     -3.4805555555555562E-02
   0.2214444444444444     -3.5111111111111114E-02
   0.2218333333333333     -3.5444444444444445E-02
   0.2231666666666667     -3.6111111111111115E-02
   0.2241944444444444     -3.6194444444444446E-02
   0.2245555555555555     -3.5972222222222218E-02
   0.2251666666666667     -3.5777777777777776E-02
   0.2259444444444444     -3.5472222222222224E-02
   0.2266944444444444     -3.5305555555555555E-02
   0.2276111111111111     -3.5250000000000004E-02
   0.2282777777777778     -3.5250000000000004E-02
   0.2288055555555556     -3.5194444444444445E-02
   0.2294166666666667     -3.4944444444444445E-02
   0.2297777777777778     -3.4777777777777776E-02
   0.2317500000000000     -3.4388888888888886E-02
   0.2328333333333333     -3.4472222222222224E-02
   0.2336388888888889     -3.4583333333333334E-02
   0.2351388888888889     -3.4694444444444444E-02
   0.2364722222222222     -3.4694444444444444E-02
   0.2382222222222222     -3.4583333333333334E-02
   0.2389444444444445     -3.4472222222222224E-02
   0.2397777777777778     -3.4444444444444444E-02
   0.2404166666666666     -3.4611111111111113E-02
   0.2417500000000000     -3.5166666666666666E-02
   0.2423333333333333     -3.5500000000000004E-02
   0.2432500000000000     -3.5833333333333335E-02
   0.2443611111111111     -3.5861111111111107E-02
   0.2453888888888889     -3.5972222222222218E-02
   0.2463333333333333     -3.5833333333333335E-02
   0.2469166666666666     -3.5361111111111114E-02
   0.2471666666666666     -3.5138888888888893E-02
   0.2474166666666667     -3.4749999999999996E-02
