   9.4166666666666669E-03  1.1444444444444445E-02
   9.4444444444444445E-03  1.1444444444444445E-02
   9.0555555555555563E-03  1.1472222222222222E-02
   8.7222222222222215E-03  1.1555555555555555E-02
   8.3611111111111108E-03  1.1722222222222222E-02
   7.8611111111111104E-03  1.2111111111111111E-02
   7.3333333333333341E-03  1.2444444444444445E-02
   6.5000000000000006E-03  1.2777777777777779E-02
   6.0277777777777777E-03  1.2972222222222224E-02
   5.6111111111111119E-03  1.3166666666666667E-02
   5.1944444444444442E-03  1.3638888888888888E-02
   4.7500000000000007E-03  1.4027777777777778E-02
   4.4166666666666668E-03  1.4555555555555556E-02
   3.9166666666666664E-03  1.5250000000000001E-02
   3.5833333333333333E-03  1.5611111111111112E-02
   3.2500000000000003E-03  1.5944444444444442E-02
   2.9444444444444444E-03  1.6333333333333332E-02
   2.6388888888888890E-03  1.6777777777777777E-02
   2.4166666666666664E-03  1.7222222222222222E-02
   2.0833333333333333E-03  1.7750000000000002E-02
   1.8333333333333335E-03  1.8027777777777778E-02
   1.5277777777777779E-03  1.8333333333333333E-02
   9.1666666666666676E-04  1.8750000000000003E-02
   5.5555555555555556E-04  1.8805555555555558E-02
  -2.7777777777777779E-05  1.8916666666666668E-02
  -3.3333333333333332E-04  1.9194444444444445E-02
  -5.8333333333333338E-04  1.9444444444444445E-02
  -9.1666666666666676E-04  1.9583333333333331E-02
  -1.3333333333333333E-03  1.8972222222222224E-02
  -1.9722222222222220E-03  1.8944444444444444E-02
  -2.4444444444444444E-03  1.8972222222222224E-02
  -2.6388888888888890E-03  1.9166666666666665E-02
  -3.0277777777777777E-03  2.0083333333333332E-02
  -3.1944444444444446E-03  2.0611111111111111E-02
  -3.4722222222222220E-03  2.1083333333333332E-02
  -4.1111111111111105E-03  2.2111111111111113E-02
  -4.6666666666666671E-03  2.2694444444444444E-02
  -5.0833333333333329E-03  2.3111111111111110E-02
  -5.7499999999999999E-03  2.3444444444444445E-02
  -6.1388888888888890E-03  2.3750000000000000E-02
  -6.2222222222222227E-03  2.4111111111111111E-02
  -6.5555555555555549E-03  2.4527777777777777E-02
  -6.9722222222222225E-03  2.5305555555555557E-02
  -7.0833333333333338E-03  2.5555555555555557E-02
  -7.4166666666666669E-03  2.6055555555555554E-02
  -7.8888888888888880E-03  2.6694444444444444E-02
  -8.3888888888888884E-03  2.7138888888888889E-02
  -9.3333333333333341E-03  2.7583333333333335E-02
  -1.0250000000000000E-02  2.7944444444444445E-02
  -1.0333333333333333E-02  2.8416666666666663E-02
  -1.0305555555555556E-02  2.8972222222222219E-02
  -1.0250000000000000E-02  2.9583333333333333E-02
  -1.0305555555555556E-02  2.9944444444444447E-02
  -1.0722222222222223E-02  3.0222222222222223E-02
  -1.1333333333333332E-02  3.0527777777777779E-02
  -1.1777777777777778E-02  3.0722222222222224E-02
  -1.2472222222222223E-02  3.1027777777777779E-02
  -1.2916666666666667E-02  3.0666666666666668E-02
  -1.3444444444444445E-02  3.1222222222222224E-02
  -1.3611111111111110E-02  3.1416666666666669E-02
  -1.4361111111111111E-02  3.2388888888888884E-02
  -1.5027777777777779E-02  3.2500000000000001E-02
  -1.6305555555555556E-02  3.2583333333333332E-02
  -1.7944444444444443E-02  3.2527777777777780E-02
  -1.9111111111111110E-02  3.2444444444444442E-02
  -2.0194444444444445E-02  3.2194444444444442E-02
  -2.0694444444444446E-02  3.1972222222222221E-02
  -2.1166666666666667E-02  3.1944444444444442E-02
  -2.1527777777777778E-02  3.2083333333333332E-02
  -2.2000000000000002E-02  3.2138888888888890E-02
  -2.2527777777777779E-02  3.1944444444444442E-02
  -2.3250000000000000E-02  3.1638888888888890E-02
  -2.3583333333333331E-02  3.1333333333333338E-02
  -2.3888888888888890E-02  3.0944444444444448E-02
  -2.4583333333333332E-02  3.0333333333333337E-02
  -2.5333333333333333E-02  2.9611111111111112E-02
  -2.5694444444444447E-02  2.9166666666666667E-02
  -2.6055555555555554E-02  2.8861111111111108E-02
  -2.6583333333333334E-02  2.8277777777777777E-02
  -2.7000000000000000E-02  2.7611111111111111E-02
  -2.7361111111111110E-02  2.6972222222222220E-02
  -2.7722222222222221E-02  2.6277777777777775E-02
  -2.8138888888888887E-02  2.5527777777777778E-02
  -2.8416666666666663E-02  2.4805555555555556E-02
  -2.8222222222222221E-02  2.3777777777777776E-02
  -2.7972222222222218E-02  2.2916666666666665E-02
  -2.7750000000000000E-02  2.2222222222222223E-02
  -2.7583333333333335E-02  2.1055555555555557E-02
  -2.7472222222222221E-02  2.0000000000000000E-02
  -2.7416666666666666E-02  1.8888888888888889E-02
  -2.7222222222222221E-02  1.8222222222222223E-02
  -2.6861111111111110E-02  1.7861111111111112E-02
  -2.6305555555555554E-02  1.7277777777777777E-02
  -2.5944444444444447E-02  1.6944444444444443E-02
  -2.5750000000000002E-02  1.6527777777777777E-02
  -2.5666666666666667E-02  1.5722222222222221E-02
  -2.5361111111111112E-02  1.5166666666666669E-02
  -2.5000000000000001E-02  1.4388888888888889E-02
  -2.4638888888888891E-02  1.3722222222222222E-02
  -2.4416666666666666E-02  1.2861111111111111E-02
  -2.4111111111111111E-02  1.1916666666666666E-02
  -2.3777777777777776E-02  1.1277777777777779E-02
  -2.3555555555555555E-02  1.0972222222222223E-02
  -2.3444444444444445E-02  1.0138888888888888E-02
  -2.3361111111111110E-02  9.4444444444444445E-03
  -2.3333333333333331E-02  8.7222222222222215E-03
  -2.3000000000000000E-02  8.4166666666666660E-03
  -2.2611111111111110E-02  8.1388888888888882E-03
  -2.2388888888888889E-02  7.3333333333333341E-03
  -2.2027777777777778E-02  6.6388888888888886E-03
  -2.1638888888888888E-02  6.2500000000000003E-03
  -2.0555555555555556E-02  6.0277777777777777E-03
  -1.9638888888888886E-02  6.0000000000000001E-03
  -1.8861111111111113E-02  5.8611111111111112E-03
  -1.8611111111111113E-02  5.5833333333333334E-03
  -1.8083333333333333E-02  4.7777777777777775E-03
  -1.7666666666666667E-02  3.6944444444444446E-03
  -1.7027777777777777E-02  2.6111111111111109E-03
  -1.6611111111111111E-02  1.6111111111111111E-03
  -1.6222222222222221E-02  1.0000000000000000E-03
  -1.5861111111111111E-02  6.1111111111111110E-04
  -1.5555555555555557E-02  3.6111111111111109E-04
  -1.5555555555555557E-02 -2.5000000000000001E-04
  -1.5611111111111112E-02 -8.6111111111111110E-04
  -1.5722222222222221E-02 -1.4166666666666666E-03
  -1.5722222222222221E-02 -2.0555555555555553E-03
  -1.5722222222222221E-02 -2.8055555555555559E-03
  -1.5694444444444441E-02 -3.3333333333333331E-03
  -1.5555555555555557E-02 -3.6666666666666670E-03
  -1.5222222222222224E-02 -3.9444444444444440E-03
  -1.4194444444444445E-02 -4.2222222222222218E-03
  -1.3416666666666667E-02 -4.3055555555555555E-03
  -1.2527777777777778E-02 -4.3888888888888892E-03
  -1.1694444444444445E-02 -4.9444444444444440E-03
  -1.1305555555555555E-02 -5.8333333333333327E-03
  -1.0777777777777778E-02 -6.3333333333333332E-03
  -9.8611111111111104E-03 -6.5277777777777773E-03
  -9.3888888888888893E-03 -7.1388888888888891E-03
  -8.9722222222222217E-03 -7.7777777777777784E-03
  -8.8055555555555561E-03 -8.3888888888888884E-03
  -8.1666666666666658E-03 -9.0555555555555563E-03
  -7.8333333333333328E-03 -9.3055555555555565E-03
  -7.3611111111111117E-03 -9.5555555555555550E-03
  -7.1111111111111115E-03 -9.7500000000000000E-03
  -6.9444444444444441E-03 -9.9166666666666656E-03
  -7.5000000000000006E-03 -1.0416666666666666E-02
  -7.8333333333333328E-03 -1.1055555555555556E-02
  -8.1388888888888882E-03 -1.1750000000000000E-02
  -8.5000000000000006E-03 -1.2361111111111111E-02
  -8.8333333333333337E-03 -1.3250000000000000E-02
  -8.9722222222222217E-03 -1.4611111111111111E-02
  -9.1111111111111115E-03 -1.5555555555555557E-02
  -9.3055555555555565E-03 -1.6222222222222221E-02
  -9.3333333333333341E-03 -1.6722222222222222E-02
  -9.2222222222222219E-03 -1.6805555555555556E-02
  -8.6111111111111110E-03 -1.7055555555555556E-02
  -8.1111111111111106E-03 -1.7416666666666667E-02
  -7.8333333333333328E-03 -1.7722222222222223E-02
  -7.6388888888888895E-03 -1.8222222222222223E-02
  -7.5833333333333343E-03 -1.8833333333333334E-02
  -7.6666666666666671E-03 -1.9361111111111110E-02
  -8.2222222222222210E-03 -1.9500000000000000E-02
  -8.7222222222222215E-03 -1.9888888888888887E-02
  -9.4444444444444445E-03 -2.1000000000000001E-02
  -1.0083333333333333E-02 -2.1861111111111112E-02
  -1.0555555555555556E-02 -2.2694444444444444E-02
  -1.0944444444444444E-02 -2.3222222222222220E-02
  -1.0583333333333333E-02 -2.3277777777777776E-02
  -1.0222222222222223E-02 -2.3666666666666666E-02
  -9.5555555555555550E-03 -2.4527777777777777E-02
  -9.5833333333333326E-03 -2.5722222222222223E-02
  -9.8333333333333328E-03 -2.6527777777777775E-02
  -9.8333333333333328E-03 -2.7305555555555555E-02
  -9.8333333333333328E-03 -2.8055555555555556E-02
  -9.4444444444444445E-03 -2.8666666666666667E-02
  -9.0833333333333339E-03 -2.9555555555555557E-02
  -8.7222222222222215E-03 -3.0527777777777779E-02
  -8.3888888888888884E-03 -3.1416666666666669E-02
  -7.6944444444444447E-03 -3.2388888888888884E-02
  -6.5833333333333334E-03 -3.3277777777777774E-02
  -4.8611111111111112E-03 -3.3500000000000002E-02
  -4.1666666666666666E-03 -3.3722222222222223E-02
  -3.5277777777777777E-03 -3.4083333333333334E-02
  -2.5000000000000001E-03 -3.4472222222222224E-02
  -2.3055555555555555E-03 -3.4611111111111113E-02
  -1.5555555555555557E-03 -3.4972222222222217E-02
  -8.6111111111111110E-04 -3.5972222222222218E-02
  -1.1111111111111112E-04 -3.6000000000000004E-02
   4.1666666666666664E-04 -3.5749999999999997E-02
   9.7222222222222230E-04 -3.4944444444444445E-02
   1.3333333333333333E-03 -3.3861111111111113E-02
   1.5277777777777779E-03 -3.3222222222222222E-02
   1.8611111111111111E-03 -3.2555555555555553E-02
   2.4722222222222220E-03 -3.1861111111111111E-02
   2.8611111111111111E-03 -3.1111111111111114E-02
   3.0555555555555557E-03 -3.0666666666666668E-02
   3.8055555555555559E-03 -3.0222222222222223E-02
   4.2222222222222218E-03 -2.9861111111111109E-02
   4.6388888888888894E-03 -2.9083333333333333E-02
   4.9722222222222216E-03 -2.8277777777777777E-02
   5.2500000000000003E-03 -2.7833333333333335E-02
   5.9444444444444440E-03 -2.7305555555555555E-02
   7.0000000000000001E-03 -2.6666666666666665E-02
   7.7500000000000008E-03 -2.6166666666666664E-02
   8.5000000000000006E-03 -2.5500000000000002E-02
   9.0000000000000011E-03 -2.5138888888888891E-02
   1.0083333333333333E-02 -2.5111111111111112E-02
   1.1416666666666665E-02 -2.4361111111111111E-02
   1.2555555555555556E-02 -2.4333333333333332E-02
   1.3388888888888888E-02 -2.4388888888888891E-02
   1.3750000000000000E-02 -2.4722222222222222E-02
   1.4694444444444446E-02 -2.5888888888888892E-02
   1.5722222222222221E-02 -2.6583333333333334E-02
   1.6583333333333332E-02 -2.7861111111111107E-02
   1.6972222222222222E-02 -2.7916666666666663E-02
   1.7861111111111112E-02 -2.8111111111111111E-02
   1.8861111111111113E-02 -2.8138888888888887E-02
   1.9888888888888887E-02 -2.8500000000000001E-02
   2.0500000000000001E-02 -2.8749999999999998E-02
   2.1638888888888888E-02 -2.8888888888888891E-02
   2.3083333333333331E-02 -2.8805555555555553E-02
   2.4000000000000000E-02 -2.8333333333333335E-02
   2.4805555555555556E-02 -2.7722222222222221E-02
   2.5722222222222223E-02 -2.6611111111111110E-02
   2.6138888888888889E-02 -2.5500000000000002E-02
   2.6416666666666665E-02 -2.4388888888888891E-02
   2.6388888888888889E-02 -2.3250000000000000E-02
   2.6499999999999999E-02 -2.2250000000000002E-02
   2.6527777777777775E-02 -2.1111111111111112E-02
   3.7694444444444447E-02 -2.3055555555555555E-02
   3.7666666666666661E-02 -2.3861111111111111E-02
   3.7833333333333337E-02 -2.4611111111111111E-02
   3.7916666666666668E-02 -2.5472222222222222E-02
   3.8138888888888889E-02 -2.6333333333333334E-02
   3.8500000000000006E-02 -2.7138888888888889E-02
   3.8972222222222221E-02 -2.8194444444444442E-02
   3.9583333333333331E-02 -2.9000000000000001E-02
   4.0138888888888891E-02 -2.9694444444444443E-02
   4.0944444444444443E-02 -3.0222222222222223E-02
   4.2000000000000003E-02 -3.0694444444444444E-02
   4.2805555555555555E-02 -3.1000000000000003E-02
   4.3805555555555556E-02 -3.1277777777777772E-02
   4.4833333333333329E-02 -3.1583333333333331E-02
   4.6194444444444448E-02 -3.1777777777777773E-02
   4.7500000000000001E-02 -3.1916666666666670E-02
   4.9583333333333340E-02 -3.2138888888888890E-02
   5.1027777777777776E-02 -3.2500000000000001E-02
   5.3527777777777778E-02 -3.2694444444444443E-02
   5.5750000000000001E-02 -3.2722222222222222E-02
   5.7694444444444444E-02 -3.2388888888888884E-02
   5.8527777777777783E-02 -3.1916666666666670E-02
   5.9333333333333335E-02 -3.1250000000000000E-02
   5.9833333333333329E-02 -3.0500000000000003E-02
   6.0333333333333336E-02 -2.9472222222222219E-02
   6.0749999999999998E-02 -2.9222222222222222E-02
   6.1305555555555551E-02 -2.9111111111111112E-02
   6.1944444444444441E-02 -2.9222222222222222E-02
   6.2000000000000006E-02 -2.9416666666666664E-02
   6.2666666666666676E-02 -3.0000000000000002E-02
   6.3416666666666663E-02 -3.0444444444444448E-02
   6.4333333333333326E-02 -3.0888888888888893E-02
   6.5138888888888885E-02 -3.1111111111111114E-02
   6.5833333333333341E-02 -3.1222222222222224E-02
   6.6833333333333342E-02 -3.0388888888888892E-02
   6.7500000000000004E-02 -3.0194444444444444E-02
   6.8388888888888888E-02 -2.9527777777777778E-02
   6.9194444444444447E-02 -2.9277777777777778E-02
   7.0166666666666655E-02 -2.9166666666666667E-02
   7.1111111111111111E-02 -2.9083333333333333E-02
   7.2111111111111112E-02 -2.9111111111111112E-02
   7.3388888888888892E-02 -2.9333333333333336E-02
   7.3611111111111113E-02 -2.9361111111111109E-02
   7.4888888888888880E-02 -2.9333333333333336E-02
   7.6305555555555557E-02 -2.9388888888888891E-02
   7.6972222222222220E-02 -2.9722222222222223E-02
   7.7611111111111117E-02 -2.9888888888888892E-02
   7.8666666666666663E-02 -3.0111111111111113E-02
   7.9972222222222222E-02 -3.0138888888888889E-02
   8.0888888888888885E-02 -3.0083333333333333E-02
   8.1944444444444445E-02 -3.0055555555555558E-02
   8.3805555555555550E-02 -2.9305555555555553E-02
   8.4972222222222227E-02 -2.9166666666666667E-02
   8.6472222222222228E-02 -2.9138888888888888E-02
   8.7777777777777788E-02 -2.9083333333333333E-02
   8.8722222222222216E-02 -2.8944444444444446E-02
   9.0361111111111114E-02 -2.8916666666666663E-02
   9.1694444444444453E-02 -2.8861111111111108E-02
   9.2777777777777778E-02 -2.9111111111111112E-02
   9.3416666666666662E-02 -2.9555555555555557E-02
   9.4361111111111118E-02 -2.9166666666666667E-02
   9.5861111111111119E-02 -3.0305555555555554E-02
   9.6666666666666665E-02 -3.0388888888888892E-02
   9.8166666666666666E-02 -3.0000000000000002E-02
   9.8805555555555549E-02 -2.9861111111111109E-02
   9.8833333333333329E-02 -2.9916666666666664E-02
   0.1002222222222222     -2.9249999999999998E-02
   0.1015833333333333     -2.9472222222222219E-02
   0.1025555555555556     -2.9527777777777778E-02
   0.1035277777777778     -2.9527777777777778E-02
   0.1045277777777778     -2.9527777777777778E-02
   0.1056666666666667     -2.9916666666666664E-02
   0.1065833333333333     -3.0444444444444448E-02
   0.1072500000000000     -3.0555555555555558E-02
   0.1083333333333333     -3.0666666666666668E-02
   0.1094444444444444     -3.0527777777777779E-02
   0.1098055555555555     -3.0388888888888892E-02
   0.1103333333333333     -3.0166666666666668E-02
   0.1108888888888889     -3.0361111111111110E-02
   0.1115833333333333     -3.0833333333333338E-02
   0.1123055555555556     -3.1444444444444448E-02
   0.1129722222222222     -3.1861111111111111E-02
   0.1133333333333333     -3.1944444444444442E-02
   0.1141111111111111     -3.2027777777777780E-02
   0.1150555555555556     -3.2055555555555552E-02
   0.1157500000000000     -3.2027777777777780E-02
   0.1166666666666667     -3.1916666666666670E-02
   0.1176388888888889     -3.1833333333333332E-02
   0.1183888888888889     -3.1777777777777773E-02
   0.1192222222222222     -3.1722222222222221E-02
   0.1195555555555556     -3.1583333333333331E-02
   0.1200277777777778     -3.1250000000000000E-02
   0.1210833333333333     -3.1472222222222221E-02
   0.1224166666666667     -3.1888888888888883E-02
   0.1235555555555556     -3.1972222222222221E-02
   0.1249444444444445     -3.2055555555555552E-02
   0.1258333333333334     -3.2055555555555552E-02
   0.1266666666666667     -3.1944444444444442E-02
   0.1272500000000000     -3.1888888888888883E-02
   0.1278333333333334     -3.1777777777777773E-02
   0.1281111111111111     -3.1750000000000000E-02
   0.1284722222222222     -3.2055555555555552E-02
   0.1289166666666667     -3.2833333333333332E-02
   0.1292222222222222     -3.3111111111111112E-02
   0.1296388888888889     -3.3250000000000002E-02
   0.1301944444444444     -3.3500000000000002E-02
   0.1306944444444444     -3.3638888888888892E-02
   0.1334722222222222     -3.3916666666666671E-02
   0.1342500000000000     -3.3972222222222223E-02
   0.1355833333333333     -3.3222222222222222E-02
   0.1369166666666667     -3.3055555555555553E-02
   0.1384166666666667     -3.2944444444444443E-02
   0.1404166666666667     -3.2055555555555552E-02
   0.1418333333333333     -3.2250000000000001E-02
   0.1428611111111111     -3.2277777777777773E-02
   0.1438055555555555     -3.2111111111111111E-02
   0.1453055555555555     -3.2027777777777780E-02
   0.1456388888888889     -3.2055555555555552E-02
   0.1461388888888889     -3.2305555555555560E-02
   0.1468888888888889     -3.2805555555555560E-02
   0.1483055555555556     -3.2888888888888884E-02
   0.1495277777777778     -3.2888888888888884E-02
   0.1504444444444445     -3.3638888888888892E-02
   0.1509166666666667     -3.3361111111111112E-02
   0.1517500000000000     -3.3083333333333333E-02
   0.1524166666666667     -3.3000000000000002E-02
   0.1531111111111111     -3.3083333333333333E-02
   0.1536944444444445     -3.3444444444444443E-02
   0.1542777777777778     -3.3722222222222223E-02
   0.1549722222222222     -3.4083333333333334E-02
   0.1555000000000000     -3.4166666666666665E-02
   0.1562222222222222     -3.3750000000000002E-02
   0.1572777777777778     -3.3722222222222223E-02
   0.1577777777777778     -3.3666666666666664E-02
   0.1583333333333333     -3.3361111111111112E-02
   0.1589166666666667     -3.3111111111111112E-02
   0.1598055555555556     -3.3000000000000002E-02
   0.1605000000000000     -3.3000000000000002E-02
   0.1611666666666667     -3.3194444444444443E-02
   0.1620833333333333     -3.3388888888888885E-02
   0.1628611111111111     -3.3416666666666671E-02
   0.1633611111111111     -3.3472222222222223E-02
   0.1638333333333333     -3.3916666666666671E-02
   0.1643888888888889     -3.4111111111111113E-02
   0.1653055555555555     -3.4444444444444444E-02
   0.1659722222222222     -3.4833333333333334E-02
   0.1664722222222222     -3.5000000000000003E-02
   0.1673055555555555     -3.5388888888888886E-02
   0.1675000000000000     -3.5305555555555555E-02
   0.1678333333333333     -3.5000000000000003E-02
   0.1679166666666667     -3.4722222222222224E-02
   0.1685277777777778     -3.4722222222222224E-02
   0.1694166666666667     -3.4777777777777776E-02
   0.1702500000000000     -3.4861111111111107E-02
   0.1712222222222222     -3.4888888888888886E-02
   0.1722222222222222     -3.4916666666666672E-02
   0.1738888888888889     -3.4611111111111113E-02
   0.1749722222222222     -3.4583333333333334E-02
   0.1763611111111111     -3.4694444444444444E-02
   0.1770555555555555     -3.4916666666666672E-02
   0.1778888888888889     -3.5055555555555555E-02
   0.1789722222222222     -3.4916666666666672E-02
   0.1791944444444444     -3.4638888888888886E-02
   0.1796111111111111     -3.4333333333333334E-02
   0.1799166666666667     -3.4111111111111113E-02
   0.1805277777777778     -3.4166666666666665E-02
   0.1812500000000000     -3.4555555555555555E-02
   0.1817777777777778     -3.4916666666666672E-02
   0.1826111111111111     -3.5583333333333335E-02
   0.1833888888888889     -3.5972222222222218E-02
   0.1841666666666667     -3.6000000000000004E-02
   0.1850000000000000     -3.5972222222222218E-02
   0.1853611111111111     -3.5805555555555556E-02
   0.1860277777777778     -3.5333333333333335E-02
   0.1865555555555556     -3.5388888888888886E-02
   0.1871944444444444     -3.5638888888888887E-02
   0.1880555555555555     -3.5722222222222225E-02
   0.1890277777777778     -3.5722222222222225E-02
   0.1901944444444444     -3.5444444444444445E-02
   0.1913333333333333     -3.5000000000000003E-02
   0.1918055555555556     -3.4694444444444444E-02
   0.1926944444444444     -3.4666666666666665E-02
   0.1937500000000000     -3.4749999999999996E-02
   0.1949166666666667     -3.4861111111111107E-02
   0.1961944444444444     -3.4916666666666672E-02
   0.1971388888888889     -3.5000000000000003E-02
   0.1979722222222222     -3.5055555555555555E-02
   0.1986388888888889     -3.5027777777777783E-02
   0.1992777777777778     -3.4944444444444445E-02
   0.2001388888888889     -3.4916666666666672E-02
   0.2005833333333333     -3.4777777777777776E-02
   0.2008333333333333     -3.5277777777777776E-02
   0.2016111111111111     -3.5805555555555556E-02
   0.2021111111111111     -3.5972222222222218E-02
   0.2030555555555555     -3.6222222222222225E-02
   0.2043055555555556     -3.6277777777777777E-02
   0.2055555555555556     -3.6138888888888887E-02
   0.2062777777777778     -3.5805555555555556E-02
   0.2068888888888889     -3.5250000000000004E-02
   0.2072222222222222     -3.4638888888888886E-02
   0.2074722222222222     -3.3916666666666671E-02
   0.2076944444444445     -3.3611111111111112E-02
   0.2079444444444444     -3.3333333333333333E-02
   0.2148333333333333     -3.3611111111111112E-02
   0.2153888888888889     -3.4111111111111113E-02
   0.2155833333333333     -3.4305555555555554E-02
   0.2161666666666667     -3.4472222222222224E-02
   0.2170000000000000     -3.4722222222222224E-02
   0.2177777777777778     -3.4777777777777776E-02
   0.2188055555555556     -3.5055555555555555E-02
   0.2197222222222222     -3.5194444444444445E-02
   0.2207500000000000     -3.5416666666666666E-02
   0.2213888888888889     -3.5666666666666666E-02
   0.2222222222222222     -3.5972222222222218E-02
   0.2232222222222222     -3.5861111111111107E-02
   0.2244444444444444     -3.6027777777777777E-02
   0.2255000000000000     -3.6388888888888887E-02
   0.2265833333333333     -3.6777777777777777E-02
   0.2276388888888889     -3.7083333333333329E-02
   0.2285833333333333     -3.7138888888888888E-02
   0.2293333333333333     -3.7083333333333329E-02
   0.2297500000000000     -3.6666666666666667E-02
   0.2301111111111111     -3.6305555555555556E-02
   0.2303055555555556     -3.5888888888888887E-02
   0.2312777777777778     -3.6388888888888887E-02
   0.2320555555555555     -3.6583333333333329E-02
   0.2331111111111111     -3.6694444444444446E-02
   0.2342222222222222     -3.6611111111111115E-02
   0.2350555555555555     -3.6916666666666667E-02
   0.2357777777777778     -3.6583333333333329E-02
   0.2362222222222222     -3.6500000000000005E-02
   0.2371944444444444     -3.6472222222222218E-02
   0.2378611111111111     -3.6500000000000005E-02
   0.2395555555555556     -3.6222222222222225E-02
   0.2422222222222222     -3.6222222222222225E-02
   0.2430000000000000     -3.6249999999999998E-02
   0.2441944444444445     -3.6111111111111115E-02
   0.2453055555555556     -3.5972222222222218E-02
   0.2463055555555556     -3.5805555555555556E-02
   0.2473333333333333     -3.5611111111111114E-02
   0.2477777777777778     -3.5500000000000004E-02
