   3.0000000000000001E-03  6.8333333333333336E-03
   2.5833333333333333E-03  6.6111111111111110E-03
   2.2222222222222222E-03  6.5000000000000006E-03
   1.8888888888888890E-03  6.5277777777777773E-03
   1.3611111111111111E-03  6.8055555555555551E-03
   1.0833333333333333E-03  7.0277777777777778E-03
   7.2222222222222219E-04  7.3611111111111117E-03
   1.1111111111111112E-04  7.3055555555555556E-03
  -3.8888888888888892E-04  7.1388888888888891E-03
  -9.4444444444444448E-04  7.0277777777777778E-03
  -1.9722222222222220E-03  7.0000000000000001E-03
  -3.3611111111111112E-03  7.2777777777777780E-03
  -4.8888888888888888E-03  7.4444444444444445E-03
  -6.9444444444444441E-03  7.8611111111111104E-03
  -8.0833333333333330E-03  8.0000000000000002E-03
  -8.8333333333333337E-03  8.2500000000000004E-03
  -9.7777777777777776E-03  8.6111111111111110E-03
  -1.0777777777777778E-02  8.9722222222222217E-03
  -1.1388888888888888E-02  9.1111111111111115E-03
  -1.2333333333333333E-02  9.2777777777777789E-03
  -1.2833333333333334E-02  9.4166666666666669E-03
  -1.4055555555555556E-02  9.7500000000000000E-03
  -1.4944444444444446E-02  1.0166666666666666E-02
  -1.5611111111111112E-02  1.0361111111111111E-02
  -1.6666666666666666E-02  1.0500000000000001E-02
  -1.7611111111111112E-02  1.0527777777777778E-02
  -1.8694444444444444E-02  1.0638888888888889E-02
  -1.9500000000000000E-02  1.0750000000000001E-02
  -2.0333333333333332E-02  1.0861111111111111E-02
  -2.1277777777777777E-02  1.0944444444444444E-02
  -2.1666666666666667E-02  1.0944444444444444E-02
  -2.2500000000000003E-02  1.1000000000000001E-02
  -2.3777777777777776E-02  1.1111111111111112E-02
  -2.5305555555555557E-02  1.1055555555555556E-02
  -2.6583333333333334E-02  1.1000000000000001E-02
  -2.7777777777777776E-02  1.1000000000000001E-02
  -2.8611111111111111E-02  1.1000000000000001E-02
  -2.9777777777777778E-02  1.1083333333333334E-02
  -3.0833333333333338E-02  1.1083333333333334E-02
  -3.1472222222222221E-02  1.1083333333333334E-02
  -3.2833333333333332E-02  1.1000000000000001E-02
  -3.3944444444444444E-02  1.0916666666666667E-02
  -3.4694444444444444E-02  1.0750000000000001E-02
  -3.5888888888888887E-02  1.0527777777777778E-02
  -3.7027777777777778E-02  1.0305555555555556E-02
  -3.8277777777777779E-02  9.8888888888888880E-03
  -3.9361111111111111E-02  9.6666666666666654E-03
  -3.9972222222222221E-02  9.3888888888888893E-03
  -4.0416666666666670E-02  8.8333333333333337E-03
  -4.0972222222222222E-02  8.1388888888888882E-03
  -4.1611111111111113E-02  7.5000000000000006E-03
  -4.2388888888888893E-02  6.8888888888888888E-03
  -4.2666666666666665E-02  6.5000000000000006E-03
  -4.2944444444444445E-02  5.8888888888888888E-03
  -4.3194444444444452E-02  5.1944444444444442E-03
  -4.3305555555555562E-02  4.2500000000000003E-03
  -4.3277777777777776E-02  3.2500000000000003E-03
  -4.2944444444444445E-02  2.6388888888888890E-03
  -4.2527777777777782E-02  2.1111111111111109E-03
  -4.2000000000000003E-02  1.5833333333333333E-03
  -4.1277777777777774E-02  1.2500000000000000E-03
  -4.0638888888888891E-02  8.6111111111111110E-04
  -3.9444444444444442E-02  3.3333333333333332E-04
  -3.8722222222222227E-02 -2.7777777777777779E-05
  -3.8111111111111109E-02 -3.3333333333333332E-04
  -3.7305555555555557E-02 -7.2222222222222219E-04
  -3.6888888888888888E-02 -1.0833333333333333E-03
  -3.6333333333333336E-02 -1.5000000000000000E-03
  -3.5638888888888887E-02 -2.0555555555555553E-03
  -3.4944444444444445E-02 -2.3611111111111111E-03
  -3.4277777777777775E-02 -2.6388888888888890E-03
  -3.3666666666666664E-02 -2.6666666666666666E-03
  -3.3444444444444443E-02 -2.9166666666666664E-03
  -3.3277777777777774E-02 -3.1944444444444446E-03
  -3.2583333333333332E-02 -3.6666666666666670E-03
  -3.1916666666666670E-02 -3.9444444444444440E-03
  -3.1750000000000000E-02 -4.0833333333333329E-03
  -3.1000000000000003E-02 -4.8888888888888888E-03
  -3.0166666666666668E-02 -5.5277777777777782E-03
  -2.9666666666666668E-02 -5.9444444444444440E-03
  -2.8888888888888891E-02 -6.5833333333333334E-03
  -2.8027777777777776E-02 -7.1944444444444443E-03
  -2.7222222222222221E-02 -7.5277777777777782E-03
  -2.6055555555555554E-02 -7.8055555555555560E-03
  -2.4944444444444446E-02 -8.0833333333333330E-03
  -2.4138888888888890E-02 -8.3333333333333332E-03
  -2.2944444444444444E-02 -8.6666666666666663E-03
  -2.2055555555555557E-02 -8.8611111111111113E-03
  -2.1277777777777777E-02 -9.0277777777777787E-03
  -2.0388888888888887E-02 -9.2500000000000013E-03
  -1.9611111111111110E-02 -9.3611111111111117E-03
  -1.9000000000000003E-02 -9.5555555555555550E-03
  -1.8472222222222223E-02 -9.8333333333333328E-03
  -1.8083333333333333E-02 -1.0000000000000000E-02
  -1.7777777777777778E-02 -1.0388888888888888E-02
  -1.7194444444444443E-02 -1.1277777777777779E-02
  -1.7083333333333332E-02 -1.1888888888888888E-02
  -1.6916666666666667E-02 -1.2083333333333333E-02
  -1.6694444444444442E-02 -1.2277777777777778E-02
  -1.6416666666666666E-02 -1.2500000000000001E-02
  -1.6722222222222222E-02 -1.2666666666666666E-02
  -1.6972222222222222E-02 -1.3194444444444444E-02
  -1.7305555555555557E-02 -1.3722222222222222E-02
  -1.7361111111111112E-02 -1.4416666666666668E-02
  -1.7333333333333333E-02 -1.4888888888888889E-02
  -1.7333333333333333E-02 -1.5500000000000002E-02
  -1.7305555555555557E-02 -1.5916666666666666E-02
  -1.7500000000000002E-02 -1.6250000000000001E-02
  -1.7833333333333333E-02 -1.6694444444444442E-02
  -1.8250000000000002E-02 -1.7111111111111112E-02
  -1.8416666666666668E-02 -1.7416666666666667E-02
  -1.8888888888888889E-02 -1.7805555555555557E-02
  -1.9500000000000000E-02 -1.8361111111111113E-02
  -1.9916666666666666E-02 -1.9111111111111110E-02
  -2.0194444444444445E-02 -1.9555555555555555E-02
  -2.0694444444444446E-02 -2.0027777777777776E-02
  -2.1250000000000002E-02 -2.0666666666666667E-02
  -2.1666666666666667E-02 -2.1694444444444447E-02
  -2.1916666666666668E-02 -2.2444444444444447E-02
  -2.2111111111111113E-02 -2.3444444444444445E-02
  -2.2416666666666668E-02 -2.4027777777777776E-02
  -2.2916666666666665E-02 -2.4777777777777777E-02
  -2.3111111111111110E-02 -2.5611111111111112E-02
  -2.3416666666666665E-02 -2.6194444444444444E-02
  -2.3833333333333331E-02 -2.6749999999999999E-02
  -2.4055555555555556E-02 -2.7277777777777776E-02
  -2.4138888888888890E-02 -2.7861111111111107E-02
  -2.4222222222222221E-02 -2.8472222222222218E-02
  -2.4194444444444446E-02 -2.9500000000000002E-02
  -2.3861111111111111E-02 -3.0277777777777778E-02
  -2.3444444444444445E-02 -3.1055555555555552E-02
  -2.2805555555555555E-02 -3.1583333333333331E-02
  -2.1888888888888888E-02 -3.1916666666666670E-02
  -2.1611111111111112E-02 -3.2083333333333332E-02
  -2.1305555555555557E-02 -3.2527777777777780E-02
  -2.1027777777777777E-02 -3.3055555555555553E-02
  -2.0694444444444446E-02 -3.3305555555555560E-02
  -2.0111111111111111E-02 -3.3388888888888885E-02
  -1.9611111111111110E-02 -3.3361111111111112E-02
  -1.9111111111111110E-02 -3.3611111111111112E-02
  -1.8666666666666668E-02 -3.3861111111111113E-02
  -1.8055555555555557E-02 -3.4055555555555554E-02
  -1.7250000000000001E-02 -3.4083333333333334E-02
  -1.6722222222222222E-02 -3.4027777777777782E-02
  -1.6361111111111111E-02 -3.3861111111111113E-02
  -1.5722222222222221E-02 -3.3694444444444444E-02
  -1.5027777777777779E-02 -3.3416666666666671E-02
  -1.4472222222222223E-02 -3.3083333333333333E-02
  -1.3805555555555555E-02 -3.2444444444444442E-02
  -1.3527777777777777E-02 -3.2000000000000001E-02
  -1.3166666666666667E-02 -3.1694444444444442E-02
  -1.2638888888888889E-02 -3.1388888888888883E-02
  -1.2194444444444445E-02 -3.1250000000000000E-02
  -1.1277777777777779E-02 -3.1166666666666662E-02
  -1.0305555555555556E-02 -3.1138888888888890E-02
  -9.9166666666666656E-03 -3.1138888888888890E-02
  -9.7777777777777776E-03 -3.1055555555555552E-02
  -9.5277777777777791E-03 -3.0555555555555558E-02
  -9.4166666666666669E-03 -3.0305555555555554E-02
  -9.1111111111111115E-03 -2.9944444444444447E-02
  -8.9722222222222217E-03 -2.9666666666666668E-02
  -8.8055555555555561E-03 -2.9500000000000002E-02
  -7.9722222222222208E-03 -2.9472222222222219E-02
  -7.4444444444444445E-03 -2.9416666666666664E-02
  -6.2777777777777780E-03 -2.9083333333333333E-02
  -5.8888888888888888E-03 -2.8861111111111108E-02
  -4.9722222222222216E-03 -2.8749999999999998E-02
  -4.4444444444444444E-03 -2.8638888888888887E-02
  -4.1666666666666666E-03 -2.8472222222222218E-02
  -3.4722222222222220E-03 -2.7916666666666663E-02
  -3.3055555555555555E-03 -2.7388888888888890E-02
  -3.1111111111111114E-03 -2.6805555555555555E-02
  -2.8888888888888888E-03 -2.6555555555555554E-02
  -2.6944444444444446E-03 -2.6083333333333333E-02
  -2.8333333333333331E-03 -2.5277777777777777E-02
  -3.0000000000000001E-03 -2.4861111111111112E-02
  -3.0555555555555557E-03 -2.4222222222222221E-02
  -2.7500000000000003E-03 -2.4305555555555556E-02
  -2.2777777777777779E-03 -2.4666666666666667E-02
  -1.9166666666666668E-03 -2.5055555555555557E-02
  -1.2500000000000000E-03 -2.6083333333333333E-02
  -1.0555555555555555E-03 -2.6916666666666665E-02
  -8.6111111111111110E-04 -2.7305555555555555E-02
  -4.4444444444444447E-04 -2.7722222222222221E-02
   1.1111111111111112E-04 -2.8000000000000001E-02
   8.3333333333333328E-04 -2.8194444444444442E-02
   1.5555555555555557E-03 -2.8361111111111108E-02
   2.3611111111111111E-03 -2.8388888888888891E-02
   3.0000000000000001E-03 -2.8388888888888891E-02
   3.6388888888888890E-03 -2.8194444444444442E-02
   4.4444444444444444E-03 -2.7972222222222218E-02
   4.8055555555555551E-03 -2.7833333333333335E-02
   5.2222222222222218E-03 -2.7638888888888890E-02
   6.0000000000000001E-03 -2.7333333333333334E-02
   6.6666666666666662E-03 -2.7000000000000000E-02
   7.3611111111111117E-03 -2.6611111111111110E-02
   8.0000000000000002E-03 -2.6194444444444444E-02
   8.3055555555555556E-03 -2.5777777777777778E-02
   8.5833333333333334E-03 -2.5277777777777777E-02
   9.0555555555555563E-03 -2.4388888888888891E-02
   9.3333333333333341E-03 -2.4166666666666666E-02
   9.0833333333333339E-03 -2.4444444444444446E-02
   8.6388888888888887E-03 -2.5611111111111112E-02
   8.6388888888888887E-03 -2.5555555555555557E-02
   9.1388888888888891E-03 -2.5222222222222222E-02
   9.6944444444444430E-03 -2.5527777777777778E-02
   1.0416666666666666E-02 -2.6138888888888889E-02
   1.0694444444444444E-02 -2.6583333333333334E-02
   1.0944444444444444E-02 -2.7055555555555555E-02
   1.1166666666666667E-02 -2.7388888888888890E-02
   1.1555555555555555E-02 -2.7694444444444445E-02
   1.2250000000000000E-02 -2.7888888888888890E-02
   1.3194444444444444E-02 -2.8055555555555556E-02
   1.3972222222222223E-02 -2.8222222222222221E-02
   1.4694444444444446E-02 -2.8444444444444446E-02
   1.5194444444444446E-02 -2.8638888888888887E-02
   1.5916666666666666E-02 -2.9027777777777777E-02
   1.6583333333333332E-02 -2.9249999999999998E-02
   1.7250000000000001E-02 -2.9444444444444447E-02
   1.8027777777777778E-02 -2.9611111111111112E-02
   1.8888888888888889E-02 -2.9694444444444443E-02
   1.9388888888888886E-02 -2.9805555555555554E-02
   2.0055555555555556E-02 -2.9638888888888888E-02
   2.0583333333333332E-02 -2.9166666666666667E-02
   2.1000000000000001E-02 -2.8694444444444443E-02
   2.1611111111111112E-02 -2.8083333333333332E-02
   2.1972222222222223E-02 -2.7805555555555552E-02
   2.2666666666666665E-02 -2.7583333333333335E-02
   2.3611111111111110E-02 -2.7611111111111111E-02
   2.4333333333333332E-02 -2.7805555555555552E-02
   2.4833333333333332E-02 -2.8027777777777776E-02
   2.5611111111111112E-02 -2.8249999999999997E-02
   2.5972222222222223E-02 -2.8333333333333335E-02
   2.6638888888888889E-02 -2.8333333333333335E-02
   2.7138888888888889E-02 -2.8388888888888891E-02
   2.7222222222222221E-02 -2.8472222222222218E-02
   2.7777777777777776E-02 -2.8722222222222222E-02
   2.8027777777777776E-02 -2.9055555555555557E-02
   2.8722222222222222E-02 -2.9583333333333333E-02
   2.9166666666666667E-02 -2.9888888888888892E-02
   2.9666666666666668E-02 -3.0000000000000002E-02
   3.0388888888888892E-02 -2.9861111111111109E-02
   3.1527777777777780E-02 -2.9222222222222222E-02
   3.2361111111111111E-02 -2.8944444444444446E-02
   3.2916666666666670E-02 -2.8722222222222222E-02
   3.3277777777777774E-02 -2.8555555555555556E-02
   3.3694444444444444E-02 -2.8444444444444446E-02
   3.4583333333333334E-02 -2.8333333333333335E-02
   3.5222222222222224E-02 -2.8194444444444442E-02
   3.6000000000000004E-02 -2.8000000000000001E-02
   3.7083333333333329E-02 -2.7666666666666666E-02
   3.7916666666666668E-02 -2.7555555555555555E-02
   3.8583333333333331E-02 -2.7472222222222221E-02
   3.9305555555555559E-02 -2.7444444444444445E-02
   3.9500000000000000E-02 -2.7361111111111110E-02
   4.0500000000000001E-02 -2.7611111111111111E-02
   4.1638888888888892E-02 -2.7833333333333335E-02
   4.2194444444444451E-02 -2.8000000000000001E-02
   4.3138888888888886E-02 -2.7861111111111107E-02
   4.4055555555555549E-02 -2.7833333333333335E-02
   4.5027777777777778E-02 -2.7861111111111107E-02
   4.5777777777777778E-02 -2.8166666666666666E-02
   4.6111111111111117E-02 -2.8388888888888891E-02
   4.6805555555555559E-02 -2.8583333333333332E-02
   4.7472222222222221E-02 -2.8694444444444443E-02
   4.8527777777777774E-02 -2.8638888888888887E-02
   4.9250000000000002E-02 -2.8500000000000001E-02
   5.0166666666666665E-02 -2.8416666666666663E-02
   5.1249999999999997E-02 -2.8500000000000001E-02
   5.1972222222222225E-02 -2.8694444444444443E-02
   5.2805555555555557E-02 -2.8888888888888891E-02
   5.3444444444444440E-02 -2.9111111111111112E-02
   5.3749999999999999E-02 -2.9249999999999998E-02
   5.4305555555555558E-02 -2.9611111111111112E-02
   5.4638888888888890E-02 -2.9805555555555554E-02
   5.5305555555555559E-02 -2.9944444444444447E-02
   5.5694444444444442E-02 -2.9944444444444447E-02
   5.6222222222222222E-02 -2.9749999999999999E-02
   5.6694444444444443E-02 -2.9666666666666668E-02
   5.7277777777777775E-02 -2.9638888888888888E-02
   5.7861111111111113E-02 -2.9944444444444447E-02
   5.8472222222222224E-02 -3.0194444444444444E-02
   5.8694444444444445E-02 -3.0249999999999999E-02
   5.8944444444444438E-02 -3.0249999999999999E-02
   5.9527777777777770E-02 -3.0194444444444444E-02
   6.0277777777777777E-02 -3.0027777777777778E-02
   6.0861111111111109E-02 -3.0027777777777778E-02
   6.1388888888888889E-02 -3.0277777777777778E-02
   6.1805555555555558E-02 -3.0416666666666665E-02
   6.2666666666666676E-02 -3.0611111111111113E-02
   6.3166666666666663E-02 -3.0638888888888889E-02
   6.3583333333333339E-02 -3.0833333333333338E-02
   6.3944444444444443E-02 -3.1027777777777779E-02
   6.4916666666666678E-02 -3.1277777777777772E-02
   6.5416666666666665E-02 -3.1222222222222224E-02
   6.6083333333333327E-02 -3.0833333333333338E-02
   6.6750000000000004E-02 -3.0722222222222224E-02
   6.7472222222222211E-02 -3.0666666666666668E-02
   6.8222222222222226E-02 -3.0638888888888889E-02
   6.8888888888888888E-02 -3.0638888888888889E-02
   6.9472222222222213E-02 -3.0694444444444444E-02
   7.0027777777777772E-02 -3.0888888888888893E-02
   7.0944444444444449E-02 -3.1277777777777772E-02
   7.1472222222222215E-02 -3.1611111111111111E-02
   7.2111111111111112E-02 -3.2027777777777780E-02
   7.2722222222222216E-02 -3.2277777777777773E-02
   7.3138888888888892E-02 -3.2361111111111111E-02
   7.3583333333333334E-02 -3.2361111111111111E-02
   7.4166666666666659E-02 -3.2083333333333332E-02
   7.4805555555555556E-02 -3.1694444444444442E-02
   7.5472222222222218E-02 -3.1500000000000000E-02
   7.6111111111111115E-02 -3.1388888888888883E-02
   7.6638888888888881E-02 -3.1277777777777772E-02
   7.7138888888888896E-02 -3.1166666666666662E-02
   7.7361111111111117E-02 -3.1166666666666662E-02
   7.7722222222222220E-02 -3.1361111111111110E-02
   7.8388888888888897E-02 -3.1722222222222221E-02
   7.9083333333333339E-02 -3.1916666666666670E-02
   7.9777777777777781E-02 -3.1972222222222221E-02
   8.0500000000000002E-02 -3.1944444444444442E-02
   8.1000000000000003E-02 -3.1666666666666669E-02
   8.1527777777777782E-02 -3.1444444444444448E-02
   8.2111111111111107E-02 -3.1222222222222224E-02
   8.3055555555555563E-02 -3.0916666666666665E-02
   8.3638888888888888E-02 -3.0694444444444444E-02
   8.4305555555555564E-02 -3.0527777777777779E-02
   8.4499999999999992E-02 -3.0416666666666665E-02
   8.5222222222222227E-02 -3.0444444444444448E-02
   8.5972222222222228E-02 -3.0305555555555554E-02
   8.6694444444444449E-02 -3.0388888888888892E-02
   8.7527777777777774E-02 -3.0416666666666665E-02
   8.8194444444444436E-02 -3.0416666666666665E-02
   8.8888888888888892E-02 -3.0444444444444448E-02
   8.9166666666666672E-02 -3.0444444444444448E-02
   9.0000000000000011E-02 -3.0527777777777779E-02
   9.0833333333333335E-02 -3.0694444444444444E-02
   9.1694444444444453E-02 -3.1444444444444448E-02
   9.2749999999999999E-02 -3.1666666666666669E-02
   9.3444444444444441E-02 -3.1722222222222221E-02
   9.4222222222222221E-02 -3.1722222222222221E-02
   9.4916666666666663E-02 -3.1638888888888890E-02
   9.5638888888888884E-02 -3.1500000000000000E-02
   9.6444444444444444E-02 -3.1277777777777772E-02
   9.6833333333333327E-02 -3.1194444444444445E-02
   9.6944444444444444E-02 -3.1444444444444448E-02
   9.7333333333333327E-02 -3.1694444444444442E-02
   9.7944444444444445E-02 -3.2000000000000001E-02
   9.8500000000000004E-02 -3.2111111111111111E-02
   9.9138888888888888E-02 -3.2166666666666663E-02
   9.9583333333333329E-02 -3.2083333333333332E-02
   0.1001666666666667     -3.1861111111111111E-02
   0.1007222222222222     -3.1527777777777780E-02
   0.1011111111111111     -3.1138888888888890E-02
   0.1015555555555556     -3.0861111111111110E-02
   0.1021388888888889     -3.0694444444444444E-02
   0.1025000000000000     -3.0333333333333337E-02
   0.1031388888888889     -3.0500000000000003E-02
   0.1038333333333333     -3.0861111111111110E-02
   0.1043888888888889     -3.1111111111111114E-02
   0.1050555555555556     -3.1333333333333338E-02
   0.1055277777777778     -3.1583333333333331E-02
   0.1065833333333333     -3.1916666666666670E-02
   0.1075833333333333     -3.1916666666666670E-02
   0.1093055555555556     -3.1833333333333332E-02
   0.1097777777777778     -3.1750000000000000E-02
   0.1110833333333333     -3.1722222222222221E-02
   0.1120000000000000     -3.1722222222222221E-02
   0.1128888888888889     -3.1722222222222221E-02
   0.1136944444444444     -3.2388888888888884E-02
   0.1149444444444444     -3.2472222222222222E-02
   0.1160833333333333     -3.2500000000000001E-02
   0.1170277777777778     -3.2472222222222222E-02
   0.1182777777777778     -3.2833333333333332E-02
   0.1188888888888889     -3.2694444444444443E-02
   0.1193333333333333     -3.3166666666666664E-02
   0.1196111111111111     -3.3527777777777781E-02
   0.1201111111111111     -3.4138888888888892E-02
   0.1205000000000000     -3.4472222222222224E-02
   0.1210000000000000     -3.4527777777777775E-02
   0.1215277777777778     -3.4611111111111113E-02
   0.1220833333333333     -3.4611111111111113E-02
   0.1233333333333334     -3.4611111111111113E-02
   0.1240555555555556     -3.4555555555555555E-02
   0.1246388888888889     -3.4388888888888886E-02
   0.1252222222222222     -3.4222222222222223E-02
   0.1260000000000000     -3.4083333333333334E-02
   0.1265833333333334     -3.4055555555555554E-02
   0.1278055555555556     -3.3750000000000002E-02
   0.1287500000000000     -3.3555555555555554E-02
   0.1295555555555555     -3.3500000000000002E-02
   0.1305000000000000     -3.3277777777777774E-02
   0.1316388888888889     -3.3194444444444443E-02
   0.1324166666666667     -3.3055555555555553E-02
   0.1330833333333333     -3.2972222222222222E-02
   0.1339166666666667     -3.2916666666666670E-02
   0.1347777777777778     -3.2916666666666670E-02
   0.1357222222222222     -3.2861111111111112E-02
   0.1363611111111111     -3.2861111111111112E-02
   0.1366944444444445     -3.2861111111111112E-02
   0.1381666666666667     -3.3083333333333333E-02
   0.1390000000000000     -3.3277777777777774E-02
   0.1395000000000000     -3.3500000000000002E-02
   0.1404444444444445     -3.3694444444444444E-02
   0.1413611111111111     -3.3916666666666671E-02
   0.1421944444444444     -3.4111111111111113E-02
   0.1432222222222222     -3.4166666666666665E-02
   0.1441388888888889     -3.4166666666666665E-02
   0.1449722222222222     -3.4111111111111113E-02
   0.1456388888888889     -3.3944444444444444E-02
   0.1461666666666667     -3.3833333333333333E-02
   0.1467777777777778     -3.3833333333333333E-02
   0.1482777777777778     -3.3777777777777775E-02
   0.1495833333333333     -3.3777777777777775E-02
   0.1504722222222222     -3.3888888888888885E-02
   0.1511944444444444     -3.4138888888888892E-02
   0.1521388888888889     -3.4222222222222223E-02
   0.1532777777777778     -3.4972222222222217E-02
   0.1541666666666667     -3.5138888888888893E-02
   0.1556944444444445     -3.5138888888888893E-02
   0.1563333333333333     -3.5111111111111114E-02
   0.1568888888888889     -3.5083333333333327E-02
   0.1576944444444444     -3.4888888888888886E-02
   0.1585555555555556     -3.4361111111111113E-02
   0.1597500000000000     -3.4527777777777775E-02
   0.1608888888888889     -3.4638888888888886E-02
   0.1621944444444444     -3.4749999999999996E-02
   0.1630555555555556     -3.4805555555555562E-02
   0.1639166666666667     -3.4805555555555562E-02
   0.1652222222222222     -3.4611111111111113E-02
   0.1659166666666667     -3.4611111111111113E-02
   0.1669722222222222     -3.4611111111111113E-02
   0.1676944444444445     -3.4611111111111113E-02
   0.1687777777777778     -3.4805555555555562E-02
   0.1693333333333333     -3.5638888888888887E-02
   0.1704166666666667     -3.5638888888888887E-02
   0.1715555555555556     -3.5555555555555556E-02
   0.1723888888888889     -3.5333333333333335E-02
   0.1736388888888889     -3.5250000000000004E-02
   0.1747777777777778     -3.4388888888888886E-02
   0.1756944444444445     -3.4194444444444444E-02
   0.1762777777777778     -3.4111111111111113E-02
   0.1778611111111111     -3.3833333333333333E-02
   0.1790277777777778     -3.3750000000000002E-02
   0.1812222222222222     -3.3777777777777775E-02
   0.1826666666666666     -3.3833333333333333E-02
   0.1841944444444444     -3.4055555555555554E-02
   0.1859722222222222     -3.5083333333333327E-02
   0.1867500000000000     -3.5277777777777776E-02
