   1.1541666666666665E-02  1.2308333333333333E-02
   1.1372222222222221E-02  1.2972222222222224E-02
   1.1150000000000000E-02  1.3194444444444444E-02
   1.1094444444444443E-02  1.3525000000000001E-02
   1.0983333333333333E-02  1.3913888888888889E-02
   1.0872222222222222E-02  1.4463888888888891E-02
   1.0761111111111112E-02  1.4908333333333332E-02
   1.0591666666666666E-02  1.5349999999999999E-02
   1.0536111111111112E-02  1.5791666666666666E-02
   1.0369444444444445E-02  1.6122222222222222E-02
   1.0091666666666667E-02  1.6566666666666667E-02
   9.7555555555555555E-03  1.6897222222222220E-02
   9.4222222222222225E-03  1.7063888888888889E-02
   9.1444444444444446E-03  1.7227777777777776E-02
   8.6972222222222225E-03  1.7338888888888890E-02
   8.4194444444444447E-03  1.7450000000000000E-02
   8.0833333333333330E-03  1.7450000000000000E-02
   7.4138888888888900E-03  1.7505555555555555E-02
   6.6333333333333340E-03  1.7561111111111111E-02
   6.0777777777777774E-03  1.7394444444444445E-02
   5.4083333333333336E-03  1.6952777777777775E-02
   5.0722222222222228E-03  1.6566666666666667E-02
   4.7944444444444449E-03  1.7008333333333334E-02
   4.6277777777777775E-03  1.7338888888888890E-02
   4.2361111111111106E-03  1.7725000000000001E-02
   4.0138888888888889E-03  1.8002777777777777E-02
   3.3444444444444442E-03  1.8225000000000002E-02
   2.9000000000000002E-03  1.8333333333333333E-02
   2.5083333333333333E-03  1.8388888888888889E-02
   2.1194444444444446E-03  1.8555555555555558E-02
   1.5611111111111112E-03  1.8777777777777779E-02
   1.1694444444444443E-03  1.8997222222222221E-02
   8.3611111111111104E-04  1.9275000000000000E-02
   6.6944444444444441E-04  1.9772222222222222E-02
   6.6944444444444441E-04  2.0102777777777778E-02
   4.4722222222222223E-04  2.0600000000000000E-02
   5.5555555555555558E-05  2.0877777777777780E-02
  -3.3333333333333332E-04  2.1263888888888888E-02
  -1.0027777777777778E-03  2.1430555555555553E-02
  -1.5055555555555556E-03  2.1374999999999998E-02
  -2.0083333333333333E-03  2.1152777777777777E-02
  -2.5083333333333333E-03  2.0488888888888890E-02
  -2.8444444444444446E-03  1.9880555555555554E-02
  -3.0666666666666668E-03  1.9275000000000000E-02
  -3.2333333333333333E-03  1.8388888888888889E-02
  -3.3999999999999998E-03  1.7891666666666667E-02
  -3.6250000000000002E-03  1.7672222222222221E-02
  -4.0694444444444441E-03  1.7394444444444445E-02
  -4.8500000000000001E-03  1.7561111111111111E-02
  -5.1277777777777771E-03  1.7780555555555556E-02
  -5.3527777777777783E-03  1.7891666666666667E-02
  -5.5750000000000001E-03  1.8002777777777777E-02
  -6.0222222222222222E-03  1.8169444444444446E-02
  -6.9138888888888896E-03  1.8277777777777778E-02
  -7.7500000000000008E-03  1.7947222222222222E-02
  -8.6972222222222225E-03  1.7725000000000001E-02
  -9.1999999999999998E-03  1.7561111111111111E-02
  -9.5888888888888898E-03  1.8058333333333332E-02
  -9.7000000000000003E-03  1.8666666666666668E-02
  -9.8666666666666677E-03  1.9052777777777776E-02
  -1.0091666666666667E-02  1.9936111111111113E-02
  -1.0425000000000000E-02  2.0433333333333335E-02
  -1.0647222222222221E-02  2.0711111111111111E-02
  -1.1038888888888888E-02  2.1152777777777777E-02
  -1.1483333333333333E-02  2.1374999999999998E-02
  -1.2208333333333333E-02  2.1374999999999998E-02
  -1.3269444444444445E-02  2.1263888888888888E-02
  -1.3880555555555556E-02  2.0986111111111108E-02
  -1.4719444444444445E-02  2.0600000000000000E-02
  -1.5219444444444445E-02  2.0269444444444444E-02
  -1.5108333333333335E-02  1.9772222222222222E-02
  -1.4941666666666667E-02  1.9163888888888887E-02
  -1.5052777777777780E-02  1.8777777777777779E-02
  -1.5330555555555554E-02  1.8666666666666668E-02
  -1.5944444444444442E-02  1.8941666666666666E-02
  -1.6613888888888886E-02  1.9163888888888887E-02
  -1.7172222222222221E-02  1.9327777777777777E-02
  -1.7672222222222221E-02  1.9327777777777777E-02
  -1.8341666666666666E-02  1.9327777777777777E-02
  -1.8733333333333334E-02  1.9219444444444442E-02
  -1.9400000000000001E-02  1.9052777777777776E-02
  -1.9847222222222224E-02  1.8886111111111110E-02
  -2.0461111111111110E-02  1.8666666666666668E-02
  -2.1186111111111114E-02  1.8277777777777778E-02
  -2.1966666666666666E-02  1.7780555555555556E-02
  -2.2577777777777776E-02  1.7450000000000000E-02
  -2.3191666666666666E-02  1.7119444444444444E-02
  -2.3750000000000000E-02  1.6841666666666665E-02
  -2.4083333333333332E-02  1.6455555555555557E-02
  -2.4083333333333332E-02  1.6233333333333336E-02
  -2.3972222222222221E-02  1.5569444444444445E-02
  -2.4419444444444445E-02  1.5294444444444444E-02
  -2.4194444444444446E-02  1.4963888888888888E-02
  -2.3916666666666666E-02  1.4686111111111110E-02
  -2.4194444444444446E-02  1.4411111111111112E-02
  -2.4919444444444445E-02  1.3913888888888889E-02
  -2.5477777777777780E-02  1.3194444444444444E-02
  -2.5755555555555556E-02  1.2752777777777778E-02
  -2.6036111111111111E-02  1.2199999999999999E-02
  -2.6202777777777780E-02  1.1702777777777777E-02
  -2.6425000000000001E-02  1.0983333333333333E-02
  -2.6650000000000000E-02  1.0430555555555556E-02
  -2.6705555555555555E-02  9.9888888888888874E-03
  -2.6705555555555555E-02  9.2694444444444447E-03
  -2.6536111111111111E-02  8.6055555555555555E-03
  -2.6091666666666666E-02  7.8888888888888880E-03
  -2.5644444444444445E-02  7.1694444444444444E-03
  -2.5144444444444445E-02  6.2305555555555552E-03
  -2.4586111111111111E-02  5.5666666666666668E-03
  -2.4308333333333335E-02  5.2361111111111115E-03
  -2.3861111111111111E-02  4.9027777777777776E-03
  -2.3413888888888887E-02  4.6833333333333336E-03
  -2.2522222222222221E-02  4.3499999999999997E-03
  -2.1630555555555556E-02  3.9638888888888883E-03
  -2.0461111111111110E-02  3.5777777777777778E-03
  -1.9458333333333334E-02  3.4111111111111113E-03
  -1.8900000000000000E-02  3.4666666666666665E-03
  -1.8286111111111111E-02  3.7416666666666661E-03
  -1.7838888888888890E-02  3.8527777777777775E-03
  -1.7058333333333332E-02  3.7972222222222218E-03
  -1.6558333333333331E-02  3.5222222222222222E-03
  -1.6000000000000000E-02  3.1888888888888887E-03
  -1.4886111111111112E-02  2.6361111111111112E-03
  -1.4216666666666667E-02  2.2500000000000003E-03
  -1.3769444444444444E-02  2.0833333333333333E-03
  -1.2711111111111111E-02  1.6416666666666667E-03
  -1.2097222222222223E-02  1.5305555555555556E-03
  -1.1316666666666666E-02  1.4777777777777777E-03
  -1.0761111111111112E-02  1.4777777777777777E-03
  -1.0258333333333335E-02  1.3666666666666666E-03
  -9.7000000000000003E-03  9.7777777777777793E-04
  -8.8638888888888882E-03  3.7222222222222225E-04
  -8.3055555555555556E-03  3.8888888888888891E-05
  -7.6388888888888895E-03 -1.2500000000000000E-04
  -6.9694444444444448E-03 -1.2500000000000000E-04
  -6.1888888888888887E-03 -2.3611111111111112E-04
  -5.5194444444444440E-03 -6.2500000000000001E-04
  -4.7388888888888888E-03 -1.3972222222222222E-03
  -4.5166666666666662E-03 -1.7833333333333332E-03
  -4.1805555555555554E-03 -2.6138888888888891E-03
  -3.9583333333333328E-03 -3.2777777777777775E-03
  -3.6805555555555558E-03 -3.9944444444444446E-03
  -3.5666666666666663E-03 -4.4916666666666672E-03
  -3.5666666666666663E-03 -4.8805555555555555E-03
  -3.7916666666666671E-03 -5.3777777777777773E-03
  -3.9027777777777780E-03 -5.9305555555555552E-03
  -3.7361111111111115E-03 -6.6472222222222228E-03
  -3.6250000000000002E-03 -7.5333333333333329E-03
  -3.6250000000000002E-03 -7.9750000000000012E-03
  -4.2361111111111106E-03 -8.2500000000000004E-03
  -5.1861111111111110E-03 -8.4166666666666660E-03
  -6.4111111111111114E-03 -8.6388888888888887E-03
  -7.0250000000000000E-03 -8.8027777777777774E-03
  -7.8055555555555560E-03 -9.0805555555555570E-03
  -8.4194444444444447E-03 -9.3555555555555545E-03
  -8.9194444444444451E-03 -9.6333333333333340E-03
  -9.2555555555555551E-03 -9.7999999999999997E-03
  -1.0036111111111112E-02 -1.0019444444444445E-02
  -1.0369444444444445E-02 -1.0405555555555555E-02
  -1.0591666666666666E-02 -1.0627777777777778E-02
  -1.0983333333333333E-02 -1.0461111111111110E-02
  -1.1483333333333333E-02 -1.0297222222222221E-02
  -1.1986111111111111E-02 -1.0297222222222221E-02
  -1.2711111111111111E-02 -1.0461111111111110E-02
  -1.3158333333333334E-02 -1.0627777777777778E-02
  -1.3938888888888890E-02 -1.0794444444444445E-02
  -1.4550000000000000E-02 -1.0958333333333334E-02
  -1.5219444444444445E-02 -1.1291666666666665E-02
  -1.5666666666666666E-02 -1.1566666666666666E-02
  -1.6055555555555556E-02 -1.2063888888888890E-02
  -1.6336111111111110E-02 -1.2561111111111111E-02
  -1.6447222222222221E-02 -1.2727777777777777E-02
  -1.7116666666666665E-02 -1.3061111111111112E-02
  -1.7616666666666666E-02 -1.3280555555555556E-02
  -1.8175000000000000E-02 -1.3944444444444445E-02
  -1.8844444444444445E-02 -1.4772222222222223E-02
  -1.9458333333333334E-02 -1.5324999999999998E-02
  -2.0236111111111111E-02 -1.6044444444444445E-02
  -2.0627777777777780E-02 -1.6652777777777780E-02
  -2.1016666666666670E-02 -1.7261111111111109E-02
  -2.1241666666666669E-02 -1.7758333333333334E-02
  -2.1463888888888890E-02 -1.8311111111111111E-02
  -2.1686111111111111E-02 -1.8697222222222223E-02
  -2.1966666666666666E-02 -1.9527777777777776E-02
  -2.2133333333333331E-02 -2.0025000000000001E-02
  -2.2133333333333331E-02 -2.0797222222222224E-02
  -2.2133333333333331E-02 -2.1461111111111111E-02
  -2.1686111111111111E-02 -2.2622222222222224E-02
  -2.1186111111111114E-02 -2.3505555555555554E-02
  -2.0627777777777780E-02 -2.4169444444444445E-02
  -2.0069444444444445E-02 -2.4611111111111111E-02
  -1.9680555555555555E-02 -2.5052777777777778E-02
  -1.8733333333333334E-02 -2.5938888888888886E-02
  -1.8341666666666666E-02 -2.6436111111111112E-02
  -1.7394444444444445E-02 -2.7486111111111114E-02
  -1.7505555555555555E-02 -2.6325000000000001E-02
  -1.6780555555555556E-02 -2.6877777777777778E-02
  -1.6391666666666665E-02 -2.7208333333333334E-02
  -1.6055555555555556E-02 -2.7597222222222224E-02
  -1.5275000000000002E-02 -2.8425000000000002E-02
  -1.4886111111111112E-02 -2.8811111111111107E-02
  -1.4775000000000002E-02 -2.9808333333333333E-02
  -1.4327777777777780E-02 -3.0525000000000000E-02
  -1.3824999999999999E-02 -3.1077777777777777E-02
  -1.3436111111111112E-02 -3.1411111111111112E-02
  -1.2988888888888890E-02 -3.1908333333333337E-02
  -1.2544444444444445E-02 -3.2680555555555553E-02
  -1.2263888888888888E-02 -3.3066666666666661E-02
  -1.1819444444444445E-02 -3.3288888888888889E-02
  -1.0927777777777779E-02 -3.3566666666666661E-02
  -9.9222222222222229E-03 -3.3455555555555551E-02
  -9.0861111111111108E-03 -3.3177777777777778E-02
  -8.3638888888888877E-03 -3.2461111111111114E-02
  -7.9166666666666656E-03 -3.1797222222222227E-02
  -7.3583333333333339E-03 -3.1077777777777777E-02
  -7.0250000000000000E-03 -3.0525000000000000E-02
  -6.7444444444444444E-03 -3.0194444444444444E-02
  -6.0222222222222222E-03 -2.9972222222222220E-02
  -4.9611111111111115E-03 -2.9916666666666664E-02
  -4.2361111111111106E-03 -2.9916666666666664E-02
  -3.0111111111111111E-03 -2.9916666666666664E-02
  -2.2861111111111112E-03 -2.9861111111111109E-02
  -1.5611111111111112E-03 -2.9641666666666663E-02
  -8.3611111111111104E-04 -2.9586111111111108E-02
   1.6666666666666666E-04 -2.9308333333333332E-02
   1.0027777777777778E-03 -2.8811111111111107E-02
   1.6166666666666666E-03 -2.8150000000000001E-02
   1.9499999999999999E-03 -2.7263888888888890E-02
   2.3972222222222225E-03 -2.6877777777777778E-02
   3.0666666666666668E-03 -2.6599999999999999E-02
   3.3999999999999998E-03 -2.5938888888888886E-02
   3.5111111111111116E-03 -2.5441666666666668E-02
   3.7361111111111115E-03 -2.5163888888888888E-02
   4.1805555555555554E-03 -2.4777777777777777E-02
   4.5722222222222223E-03 -2.4113888888888890E-02
   5.0166666666666667E-03 -2.3672222222222220E-02
   5.4083333333333336E-03 -2.3119444444444446E-02
   5.8527777777777779E-03 -2.2622222222222224E-02
   6.6333333333333340E-03 -2.2069444444444444E-02
   7.2472222222222226E-03 -2.1683333333333332E-02
   7.6388888888888895E-03 -2.1572222222222222E-02
   7.8611111111111104E-03 -2.1791666666666668E-02
   8.4749999999999999E-03 -2.2511111111111110E-02
   8.6972222222222225E-03 -2.2897222222222222E-02
   9.0861111111111108E-03 -2.3230555555555556E-02
   9.2555555555555551E-03 -2.3616666666666664E-02
   9.4777777777777777E-03 -2.4611111111111111E-02
   9.5333333333333329E-03 -2.4888888888888891E-02
   1.0091666666666667E-02 -2.5716666666666665E-02
   1.0091666666666667E-02 -2.6436111111111112E-02
   1.0091666666666667E-02 -2.7597222222222224E-02
   1.0313888888888890E-02 -2.8094444444444446E-02
   1.0816666666666667E-02 -2.8811111111111107E-02
   1.1427777777777778E-02 -2.9530555555555553E-02
   1.2041666666666666E-02 -3.0027777777777778E-02
   1.3158333333333334E-02 -2.9808333333333333E-02
   1.3769444444444444E-02 -2.9419444444444443E-02
   1.4719444444444445E-02 -2.8811111111111107E-02
   1.5441666666666666E-02 -2.8150000000000001E-02
   1.6447222222222221E-02 -2.7099999999999999E-02
   1.6947222222222221E-02 -2.6436111111111112E-02
   1.7505555555555555E-02 -2.5441666666666668E-02
   1.7783333333333332E-02 -2.4777777777777777E-02
   1.8063888888888890E-02 -2.4225000000000000E-02
   1.8286111111111111E-02 -2.3616666666666664E-02
   1.8677777777777779E-02 -2.2952777777777780E-02
   1.8733333333333334E-02 -2.2622222222222224E-02
   1.9233333333333335E-02 -2.1683333333333332E-02
   1.9288888888888890E-02 -2.1130555555555555E-02
   1.9513888888888890E-02 -2.0133333333333333E-02
