   6.0000000000000001E-03  8.6388888888888887E-03
   5.6666666666666662E-03  7.6388888888888895E-03
   5.3055555555555555E-03  7.5555555555555558E-03
   4.6944444444444447E-03  7.4444444444444445E-03
   4.2500000000000003E-03  7.4444444444444445E-03
   3.6666666666666670E-03  7.4444444444444445E-03
   3.2500000000000003E-03  7.4444444444444445E-03
   2.8055555555555559E-03  7.5277777777777782E-03
   2.5277777777777777E-03  7.6388888888888895E-03
   2.1111111111111109E-03  7.7222222222222232E-03
   1.5555555555555557E-03  7.7777777777777784E-03
   8.6111111111111110E-04  8.5000000000000006E-03
   2.7777777777777778E-04  8.8055555555555561E-03
  -5.5555555555555558E-05  8.9722222222222217E-03
  -5.8333333333333338E-04  9.3333333333333341E-03
  -1.3611111111111111E-03  9.6111111111111102E-03
  -1.8333333333333335E-03  9.8055555555555552E-03
  -2.2777777777777779E-03  9.9722222222222226E-03
  -2.6111111111111109E-03  1.0083333333333333E-02
  -3.5555555555555557E-03  1.0083333333333333E-02
  -4.8055555555555551E-03  9.9444444444444433E-03
  -5.3055555555555555E-03  8.9722222222222217E-03
  -5.9444444444444440E-03  8.8333333333333337E-03
  -6.2222222222222227E-03  8.7777777777777784E-03
  -6.3611111111111117E-03  8.7777777777777784E-03
  -6.6944444444444438E-03  8.7777777777777784E-03
  -6.7222222222222223E-03  8.8333333333333337E-03
  -7.1111111111111115E-03  9.0000000000000011E-03
  -7.6388888888888895E-03  9.2500000000000013E-03
  -8.0833333333333330E-03  9.3611111111111117E-03
  -8.6111111111111110E-03  9.3888888888888893E-03
  -9.1944444444444443E-03  9.3888888888888893E-03
  -9.7777777777777776E-03  9.2777777777777789E-03
  -1.0138888888888888E-02  9.2222222222222219E-03
  -1.0555555555555556E-02  9.1388888888888891E-03
  -1.1083333333333334E-02  9.1666666666666667E-03
  -1.1694444444444445E-02  9.2222222222222219E-03
  -1.2333333333333333E-02  9.2500000000000013E-03
  -1.2388888888888889E-02  9.1666666666666667E-03
  -1.2722222222222223E-02  8.8333333333333337E-03
  -1.3250000000000000E-02  8.5000000000000006E-03
  -1.4111111111111111E-02  8.2777777777777780E-03
  -1.5305555555555557E-02  8.1388888888888882E-03
  -1.6000000000000000E-02  7.9722222222222208E-03
  -1.7194444444444443E-02  7.8055555555555560E-03
  -1.8222222222222223E-02  7.6111111111111119E-03
  -1.9083333333333334E-02  7.3888888888888893E-03
  -2.0611111111111111E-02  7.0555555555555554E-03
  -2.1694444444444447E-02  6.8611111111111112E-03
  -2.3166666666666665E-02  6.5277777777777773E-03
  -2.4083333333333332E-02  6.2500000000000003E-03
  -2.5000000000000001E-02  6.0277777777777777E-03
  -2.5805555555555557E-02  5.7499999999999999E-03
  -2.6527777777777775E-02  5.3888888888888892E-03
  -2.7055555555555555E-02  5.1944444444444442E-03
  -2.7527777777777776E-02  4.8055555555555551E-03
  -2.7833333333333335E-02  3.9722222222222216E-03
  -2.7916666666666663E-02  2.9722222222222220E-03
  -2.7666666666666666E-02  2.0555555555555553E-03
  -2.7305555555555555E-02  1.1111111111111111E-03
  -2.6805555555555555E-02  4.7222222222222224E-04
  -2.6138888888888889E-02 -1.6666666666666666E-04
  -2.5277777777777777E-02 -5.5555555555555556E-04
  -2.4472222222222222E-02 -8.3333333333333328E-04
  -2.3611111111111110E-02 -1.0555555555555555E-03
  -2.2000000000000002E-02 -1.4722222222222222E-03
  -2.1194444444444446E-02 -1.9722222222222220E-03
  -1.9750000000000000E-02 -2.4722222222222220E-03
  -1.9055555555555558E-02 -2.6944444444444446E-03
  -1.8055555555555557E-02 -3.1111111111111114E-03
  -1.7250000000000001E-02 -3.6111111111111114E-03
  -1.6250000000000001E-02 -4.1944444444444442E-03
  -1.5333333333333334E-02 -4.6666666666666671E-03
  -1.4916666666666668E-02 -4.9166666666666664E-03
  -1.4888888888888889E-02 -4.9166666666666664E-03
  -1.5444444444444446E-02 -5.6111111111111119E-03
  -1.6277777777777776E-02 -5.9444444444444440E-03
  -1.7166666666666667E-02 -6.5555555555555549E-03
  -1.8916666666666668E-02 -7.9722222222222208E-03
  -1.9416666666666665E-02 -8.3333333333333332E-03
  -2.0083333333333332E-02 -8.8611111111111113E-03
  -2.0916666666666667E-02 -9.2222222222222219E-03
  -2.1694444444444447E-02 -9.6388888888888878E-03
  -2.2444444444444447E-02 -1.0055555555555555E-02
  -2.3388888888888890E-02 -1.0500000000000001E-02
  -2.3694444444444445E-02 -1.0944444444444444E-02
  -2.4222222222222221E-02 -1.1277777777777779E-02
  -2.4750000000000001E-02 -1.1638888888888888E-02
  -2.5000000000000001E-02 -1.1916666666666666E-02
  -2.5500000000000002E-02 -1.2944444444444446E-02
  -2.5861111111111112E-02 -1.3638888888888888E-02
  -2.6138888888888889E-02 -1.4361111111111111E-02
  -2.6361111111111109E-02 -1.5055555555555556E-02
  -2.6305555555555554E-02 -1.6000000000000000E-02
  -2.6222222222222220E-02 -1.7166666666666667E-02
  -2.6055555555555554E-02 -1.8138888888888888E-02
  -2.5611111111111112E-02 -1.9194444444444445E-02
  -2.4527777777777777E-02 -2.0250000000000001E-02
  -2.4055555555555556E-02 -2.0361111111111111E-02
  -2.3305555555555555E-02 -2.0222222222222221E-02
  -2.2666666666666665E-02 -2.0055555555555556E-02
  -2.1500000000000002E-02 -2.0305555555555556E-02
  -1.9722222222222221E-02 -2.0416666666666666E-02
  -1.8555555555555558E-02 -2.0388888888888887E-02
  -1.7694444444444443E-02 -2.0222222222222221E-02
  -1.7111111111111112E-02 -2.0111111111111111E-02
  -1.6472222222222221E-02 -2.0083333333333332E-02
  -1.5833333333333331E-02 -2.0055555555555556E-02
  -1.4944444444444446E-02 -2.0250000000000001E-02
  -1.3805555555555555E-02 -2.0333333333333332E-02
  -1.2694444444444446E-02 -2.0277777777777777E-02
  -1.1972222222222223E-02 -1.9916666666666666E-02
  -1.1194444444444444E-02 -1.9666666666666666E-02
  -1.0138888888888888E-02 -1.9583333333333331E-02
  -9.1388888888888891E-03 -1.9611111111111110E-02
  -7.8888888888888880E-03 -1.9694444444444445E-02
  -6.3055555555555556E-03 -1.9916666666666666E-02
  -4.9444444444444440E-03 -2.1055555555555557E-02
  -3.8333333333333336E-03 -2.1166666666666667E-02
  -1.8888888888888890E-03 -2.1194444444444446E-02
  -8.0555555555555556E-04 -2.0833333333333332E-02
   5.5555555555555556E-04 -1.9694444444444445E-02
   1.8333333333333335E-03 -1.9305555555555555E-02
   2.7777777777777779E-03 -1.9166666666666665E-02
   3.6388888888888890E-03 -1.8944444444444444E-02
   4.7500000000000007E-03 -1.8333333333333333E-02
   5.8888888888888888E-03 -1.8333333333333333E-02
   7.4444444444444445E-03 -1.7972222222222223E-02
   9.5000000000000015E-03 -1.7972222222222223E-02
   1.1250000000000001E-02 -1.8194444444444444E-02
   1.1916666666666666E-02 -1.8250000000000002E-02
   1.2777777777777779E-02 -1.8388888888888889E-02
   1.3194444444444444E-02 -1.8416666666666668E-02
