   7.3583333333333339E-03  1.0969444444444443E-02
   6.8583333333333335E-03  1.1025000000000000E-02
   6.3555555555555553E-03  1.1247222222222221E-02
   6.1333333333333335E-03  1.1633333333333334E-02
   5.9666666666666661E-03  1.2022222222222222E-02
   5.5750000000000001E-03  1.2574999999999999E-02
   5.0722222222222228E-03  1.3130555555555555E-02
   4.6833333333333336E-03  1.3405555555555554E-02
   4.6833333333333336E-03  1.3627777777777777E-02
   4.4055555555555549E-03  1.4513888888888889E-02
   4.1250000000000002E-03  1.5066666666666666E-02
   3.8472222222222224E-03  1.5455555555555556E-02
   3.6250000000000002E-03  1.5897222222222222E-02
   3.0111111111111111E-03  1.6616666666666665E-02
   2.3972222222222225E-03  1.7116666666666665E-02
   1.9499999999999999E-03  1.7336111111111111E-02
   1.3944444444444445E-03  1.7502777777777777E-02
   8.9166666666666658E-04  1.7613888888888887E-02
  -1.6666666666666666E-04  1.7836111111111112E-02
  -6.1388888888888897E-04  1.7836111111111112E-02
  -8.9166666666666658E-04  1.7613888888888887E-02
  -1.6166666666666666E-03  1.7780555555555556E-02
  -2.1194444444444446E-03  1.7836111111111112E-02
  -3.2333333333333333E-03  1.7836111111111112E-02
  -4.0138888888888889E-03  1.7836111111111112E-02
  -4.6833333333333336E-03  1.7780555555555556E-02
  -5.1277777777777771E-03  1.7669444444444446E-02
  -5.7416666666666666E-03  1.7558333333333332E-02
  -6.5222222222222227E-03  1.7283333333333331E-02
  -7.2472222222222226E-03  1.6672222222222220E-02
  -7.6944444444444447E-03  1.6119444444444447E-02
  -8.1944444444444434E-03  1.5622222222222223E-02
  -8.7527777777777777E-03  1.5011111111111110E-02
  -9.2555555555555551E-03  1.4736111111111110E-02
  -9.7555555555555555E-03  1.4458333333333332E-02
  -9.4777777777777777E-03  1.5066666666666666E-02
  -9.6444444444444451E-03  1.5511111111111111E-02
  -9.6444444444444451E-03  1.5841666666666667E-02
  -1.0369444444444445E-02  1.5622222222222223E-02
  -1.0761111111111112E-02  1.5344444444444445E-02
  -1.1372222222222221E-02  1.4955555555555555E-02
  -1.1763888888888888E-02  1.4736111111111110E-02
  -1.2263888888888888E-02  1.4458333333333332E-02
  -1.2877777777777778E-02  1.4236111111111109E-02
  -1.3547222222222223E-02  1.4124999999999999E-02
  -1.4105555555555557E-02  1.4236111111111109E-02
  -1.4661111111111113E-02  1.4513888888888889E-02
  -1.5108333333333335E-02  1.4569444444444444E-02
  -1.5666666666666666E-02  1.4569444444444444E-02
  -1.6558333333333331E-02  1.4236111111111109E-02
  -1.7002777777777776E-02  1.3961111111111112E-02
  -1.7672222222222221E-02  1.3738888888888889E-02
  -1.8341666666666666E-02  1.3405555555555554E-02
  -1.8677777777777779E-02  1.3294444444444446E-02
  -1.9288888888888890E-02  1.3241666666666667E-02
  -1.9344444444444445E-02  1.3130555555555555E-02
  -1.9625000000000000E-02  1.2741666666666667E-02
  -1.9791666666666666E-02  1.2022222222222222E-02
  -1.9625000000000000E-02  1.1302777777777778E-02
  -1.9288888888888890E-02  1.0913888888888890E-02
  -1.9066666666666666E-02  1.0805555555555556E-02
  -1.8733333333333334E-02  1.0305555555555556E-02
  -1.8563888888888890E-02  9.7527777777777786E-03
  -1.8230555555555555E-02  9.3638888888888886E-03
  -1.7838888888888890E-02  8.9777777777777772E-03
  -1.7172222222222221E-02  8.3694444444444450E-03
  -1.6669444444444445E-02  7.7583333333333332E-03
  -1.6055555555555556E-02  7.0388888888888897E-03
  -1.5500000000000002E-02  6.3750000000000005E-03
  -1.4830555555555557E-02  5.7666666666666665E-03
  -1.4050000000000000E-02  5.1555555555555556E-03
  -1.3602777777777778E-02  4.8805555555555555E-03
  -1.3102777777777777E-02  4.2166666666666663E-03
  -1.2377777777777777E-02  3.7166666666666667E-03
  -1.1597222222222222E-02  3.2194444444444445E-03
  -1.0761111111111112E-02  2.7750000000000001E-03
  -1.0425000000000000E-02  2.6666666666666666E-03
  -1.0091666666666667E-02  2.6666666666666666E-03
  -9.6444444444444451E-03  2.9972222222222223E-03
  -9.1444444444444446E-03  2.2222222222222222E-03
  -8.6416666666666656E-03  1.4472222222222221E-03
  -8.0277777777777778E-03  8.3888888888888891E-04
  -7.1916666666666674E-03  8.3333333333333320E-06
  -6.6333333333333340E-03 -3.2499999999999999E-04
  -6.0222222222222222E-03 -4.3611111111111107E-04
  -5.0722222222222228E-03 -4.3611111111111107E-04
  -4.5722222222222223E-03 -4.3611111111111107E-04
  -4.0694444444444441E-03 -6.0000000000000006E-04
  -3.6250000000000002E-03 -7.1111111111111115E-04
  -3.2888888888888889E-03 -1.5972222222222223E-03
  -3.0666666666666668E-03 -2.3722222222222222E-03
  -2.9000000000000002E-03 -2.9805555555555557E-03
  -2.6194444444444442E-03 -3.7583333333333336E-03
  -2.3972222222222225E-03 -4.4222222222222224E-03
  -2.2861111111111112E-03 -5.1972222222222220E-03
  -2.2861111111111112E-03 -6.0277777777777777E-03
  -2.6194444444444442E-03 -6.6361111111111109E-03
  -3.2333333333333333E-03 -7.0777777777777783E-03
  -4.0138888888888889E-03 -7.4111111111111105E-03
  -4.5722222222222223E-03 -7.5222222222222218E-03
  -5.2972222222222223E-03 -7.7999999999999996E-03
  -5.7416666666666666E-03 -8.0194444444444454E-03
  -6.4111111111111114E-03 -8.4638888888888889E-03
  -7.0250000000000000E-03 -9.1277777777777781E-03
  -7.4694444444444435E-03 -9.6249999999999999E-03
  -7.8611111111111104E-03 -1.0288888888888889E-02
  -8.2500000000000004E-03 -1.0733333333333334E-02
  -8.4749999999999999E-03 -1.1011111111111110E-02
  -8.9750000000000003E-03 -1.1230555555555556E-02
  -9.7000000000000003E-03 -1.1508333333333334E-02
  -1.0425000000000000E-02 -1.1950000000000001E-02
  -1.0872222222222222E-02 -1.2449999999999999E-02
  -1.1316666666666666E-02 -1.2891666666666668E-02
  -1.1652777777777778E-02 -1.3113888888888890E-02
  -1.2488888888888890E-02 -1.3666666666666667E-02
  -1.3436111111111112E-02 -1.4111111111111111E-02
  -1.4216666666666667E-02 -1.4497222222222224E-02
  -1.4941666666666667E-02 -1.4830555555555557E-02
  -1.6280555555555555E-02 -1.5438888888888887E-02
  -1.6947222222222221E-02 -1.5827777777777777E-02
  -1.7338888888888890E-02 -1.6380555555555554E-02
  -1.7450000000000000E-02 -1.7377777777777780E-02
  -1.7616666666666666E-02 -1.8152777777777778E-02
  -1.8063888888888890E-02 -1.8816666666666666E-02
  -1.8508333333333335E-02 -1.9369444444444446E-02
  -1.8844444444444445E-02 -1.9977777777777775E-02
  -1.9066666666666666E-02 -2.0863888888888890E-02
  -1.8900000000000000E-02 -2.1861111111111112E-02
  -1.8508333333333335E-02 -2.2636111111111110E-02
  -1.8619444444444445E-02 -2.3080555555555556E-02
  -1.8844444444444445E-02 -2.3744444444444443E-02
  -1.8844444444444445E-02 -2.4352777777777779E-02
  -1.8397222222222221E-02 -2.4686111111111114E-02
  -1.8008333333333335E-02 -2.4849999999999997E-02
  -1.7394444444444445E-02 -2.5238888888888887E-02
  -1.7227777777777776E-02 -2.5958333333333333E-02
  -1.6780555555555556E-02 -2.6677777777777779E-02
  -1.5944444444444442E-02 -2.7619444444444443E-02
  -1.5330555555555554E-02 -2.8172222222222223E-02
  -1.4605555555555557E-02 -2.8616666666666665E-02
  -1.4327777777777780E-02 -2.9225000000000001E-02
  -1.3769444444444444E-02 -2.9833333333333337E-02
  -1.3213888888888890E-02 -3.0444444444444448E-02
  -1.2041666666666666E-02 -3.0886111111111107E-02
  -1.1150000000000000E-02 -3.0886111111111107E-02
  -1.0480555555555555E-02 -3.0497222222222224E-02
  -1.0036111111111112E-02 -2.9944444444444447E-02
  -9.5333333333333329E-03 -2.9447222222222222E-02
  -8.8638888888888882E-03 -2.9391666666666667E-02
  -7.7500000000000008E-03 -2.9502777777777781E-02
  -6.6888888888888883E-03 -2.9558333333333336E-02
  -5.7416666666666666E-03 -2.9613888888888891E-02
  -4.9611111111111115E-03 -2.9447222222222222E-02
  -4.3472222222222219E-03 -2.9225000000000001E-02
  -3.6805555555555558E-03 -2.8891666666666666E-02
  -3.2333333333333333E-03 -2.8505555555555555E-02
  -2.8444444444444446E-03 -2.8172222222222223E-02
  -2.0083333333333333E-03 -2.7619444444444443E-02
  -1.4500000000000001E-03 -2.7286111111111108E-02
  -9.4722222222222213E-04 -2.6900000000000000E-02
  -1.1111111111111112E-04 -2.6511111111111110E-02
   4.4722222222222223E-04 -2.6124999999999999E-02
   8.3611111111111104E-04 -2.5847222222222223E-02
   1.5611111111111112E-03 -2.5238888888888887E-02
   1.8944444444444443E-03 -2.5072222222222221E-02
   2.3416666666666668E-03 -2.4905555555555556E-02
   2.8444444444444446E-03 -2.4630555555555558E-02
   3.3444444444444442E-03 -2.4297222222222224E-02
   3.7916666666666671E-03 -2.4074999999999999E-02
   4.4611111111111110E-03 -2.3800000000000002E-02
   5.0166666666666667E-03 -2.3911111111111112E-02
   5.7972222222222218E-03 -2.3966666666666667E-02
   6.5777777777777779E-03 -2.3800000000000002E-02
   7.1361111111111113E-03 -2.3633333333333333E-02
   7.7500000000000008E-03 -2.3577777777777777E-02
   8.5305555555555551E-03 -2.3300000000000001E-02
   9.1444444444444446E-03 -2.2913888888888886E-02
   9.7555555555555555E-03 -2.3025000000000000E-02
   1.0927777777777779E-02 -2.3136111111111111E-02
   1.2041666666666666E-02 -2.3025000000000000E-02
   1.3269444444444445E-02 -2.2580555555555555E-02
   1.3824999999999999E-02 -2.2194444444444447E-02
   1.4216666666666667E-02 -2.1861111111111112E-02
