   1.1611111111111110E-02  1.2861111111111111E-02
   1.1638888888888888E-02  1.3055555555555555E-02
   1.1722222222222222E-02  1.3611111111111110E-02
   1.1722222222222222E-02  1.4166666666666668E-02
   1.1638888888888888E-02  1.4555555555555556E-02
   1.1527777777777777E-02  1.5111111111111112E-02
   1.1361111111111110E-02  1.5583333333333334E-02
   1.1194444444444444E-02  1.6111111111111111E-02
   1.1027777777777779E-02  1.6527777777777777E-02
   1.0555555555555556E-02  1.7000000000000001E-02
   1.0277777777777778E-02  1.7722222222222223E-02
   1.0083333333333333E-02  1.7972222222222223E-02
   1.0055555555555555E-02  1.8361111111111113E-02
   9.9722222222222226E-03  1.9388888888888886E-02
   9.8333333333333328E-03  2.0333333333333332E-02
   9.6666666666666654E-03  2.0972222222222222E-02
   9.2222222222222219E-03  2.1611111111111112E-02
   8.8055555555555561E-03  2.2222222222222223E-02
   8.1944444444444434E-03  2.2833333333333330E-02
   7.9166666666666656E-03  2.3138888888888889E-02
   7.6944444444444447E-03  2.3361111111111110E-02
   7.3611111111111117E-03  2.4055555555555556E-02
   7.1388888888888891E-03  2.4750000000000001E-02
   6.8333333333333336E-03  2.5444444444444447E-02
   6.5000000000000006E-03  2.5944444444444447E-02
   6.1388888888888890E-03  2.6527777777777775E-02
   5.7222222222222223E-03  2.7777777777777776E-02
   5.3055555555555555E-03  2.8249999999999997E-02
   4.9166666666666664E-03  2.8722222222222222E-02
   4.2500000000000003E-03  2.9111111111111112E-02
   3.6666666666666670E-03  2.9444444444444447E-02
   3.2777777777777775E-03  2.9722222222222223E-02
   3.2222222222222222E-03  2.9777777777777778E-02
   3.3333333333333331E-03  3.0000000000000002E-02
   3.5555555555555557E-03  3.0111111111111113E-02
   3.6388888888888890E-03  3.0277777777777778E-02
   3.6666666666666670E-03  3.1055555555555552E-02
   3.3888888888888888E-03  3.1750000000000000E-02
   3.1666666666666666E-03  3.2333333333333332E-02
   2.9722222222222220E-03  3.2750000000000001E-02
   2.7777777777777779E-03  3.3111111111111112E-02
   2.2500000000000003E-03  3.3611111111111112E-02
   1.3055555555555555E-03  3.4305555555555554E-02
   8.0555555555555556E-04  3.4500000000000003E-02
   1.6666666666666666E-04  3.4777777777777776E-02
  -8.0555555555555556E-04  3.5222222222222224E-02
  -1.3888888888888889E-03  3.5333333333333335E-02
  -9.4444444444444448E-04  3.5666666666666666E-02
  -9.1666666666666676E-04  3.7277777777777778E-02
  -1.3055555555555555E-03  3.8166666666666668E-02
  -1.8055555555555557E-03  3.9055555555555559E-02
  -2.5555555555555557E-03  3.9888888888888890E-02
  -3.0277777777777777E-03  4.0416666666666670E-02
  -3.7222222222222223E-03  4.0861111111111112E-02
  -4.6388888888888894E-03  4.1194444444444450E-02
  -5.6944444444444438E-03  4.1472222222222216E-02
  -6.9166666666666664E-03  4.0694444444444450E-02
  -8.0277777777777778E-03  4.0666666666666663E-02
  -9.2222222222222219E-03  4.0611111111111112E-02
  -1.0250000000000000E-02  4.0583333333333332E-02
  -1.1388888888888888E-02  4.1249999999999995E-02
  -1.2388888888888889E-02  4.1138888888888885E-02
  -1.3861111111111111E-02  4.0555555555555553E-02
  -1.4916666666666668E-02  3.9722222222222221E-02
  -1.6388888888888887E-02  3.8305555555555558E-02
  -1.7055555555555556E-02  3.6333333333333336E-02
  -1.7611111111111112E-02  3.5277777777777776E-02
  -1.8166666666666668E-02  3.4527777777777775E-02
  -1.8638888888888889E-02  3.3944444444444444E-02
  -1.9194444444444445E-02  3.3861111111111113E-02
  -1.9916666666666666E-02  3.3833333333333333E-02
  -2.0972222222222222E-02  3.3611111111111112E-02
  -2.1611111111111112E-02  3.3305555555555560E-02
  -2.2138888888888889E-02  3.2833333333333332E-02
  -2.2333333333333334E-02  3.2416666666666670E-02
  -2.2444444444444447E-02  3.2000000000000001E-02
  -2.2555555555555558E-02  3.1944444444444442E-02
  -2.3166666666666665E-02  3.1916666666666670E-02
  -2.3861111111111111E-02  3.1972222222222221E-02
  -2.4694444444444446E-02  3.2111111111111111E-02
  -2.5611111111111112E-02  3.1805555555555559E-02
  -2.6138888888888889E-02  3.1305555555555559E-02
  -2.6444444444444444E-02  3.0750000000000000E-02
  -2.6555555555555554E-02  2.9805555555555554E-02
  -2.6444444444444444E-02  2.8777777777777777E-02
  -2.6194444444444444E-02  2.8194444444444442E-02
  -2.5944444444444447E-02  2.7861111111111107E-02
  -2.5750000000000002E-02  2.7527777777777776E-02
  -2.6027777777777778E-02  2.7500000000000000E-02
  -2.6722222222222220E-02  2.7083333333333334E-02
  -2.7111111111111110E-02  2.6666666666666665E-02
  -2.7361111111111110E-02  2.5972222222222223E-02
  -2.7472222222222221E-02  2.5638888888888892E-02
  -2.7361111111111110E-02  2.5444444444444447E-02
  -2.7222222222222221E-02  2.5388888888888891E-02
  -2.7694444444444445E-02  2.5333333333333333E-02
  -2.8638888888888887E-02  2.5027777777777777E-02
  -2.9055555555555557E-02  2.4694444444444446E-02
  -2.9583333333333333E-02  2.3972222222222221E-02
  -2.9972222222222220E-02  2.3250000000000000E-02
  -3.0305555555555554E-02  2.2444444444444447E-02
  -3.0444444444444448E-02  2.1472222222222222E-02
  -3.0416666666666665E-02  2.0666666666666667E-02
  -3.0249999999999999E-02  1.9972222222222221E-02
  -2.9944444444444447E-02  2.0805555555555556E-02
  -2.9916666666666664E-02  2.1194444444444446E-02
  -2.9749999999999999E-02  2.1444444444444447E-02
  -2.9444444444444447E-02  2.1722222222222223E-02
  -2.9194444444444443E-02  2.1861111111111112E-02
  -2.9166666666666667E-02  2.0944444444444446E-02
  -2.9166666666666667E-02  1.9888888888888887E-02
  -2.9166666666666667E-02  1.8500000000000003E-02
  -2.9000000000000001E-02  1.7333333333333333E-02
  -2.8833333333333336E-02  1.6361111111111111E-02
  -2.8694444444444443E-02  1.5222222222222224E-02
  -2.8527777777777777E-02  1.4166666666666668E-02
  -2.8027777777777776E-02  1.2805555555555556E-02
  -2.7305555555555555E-02  1.1750000000000000E-02
  -2.6916666666666665E-02  1.1083333333333334E-02
  -2.6416666666666665E-02  1.0444444444444444E-02
  -2.6027777777777778E-02  1.0277777777777778E-02
  -2.5333333333333333E-02  1.0111111111111111E-02
  -2.5083333333333332E-02  1.0083333333333333E-02
  -2.4805555555555556E-02  9.9444444444444433E-03
  -2.4194444444444446E-02  9.3888888888888893E-03
  -2.3666666666666666E-02  8.7222222222222215E-03
  -2.3361111111111110E-02  8.6111111111111110E-03
  -2.2916666666666665E-02  8.3333333333333332E-03
  -2.2777777777777775E-02  8.2777777777777780E-03
  -2.2805555555555555E-02  7.8333333333333328E-03
  -2.2944444444444444E-02  7.2222222222222228E-03
  -2.3111111111111110E-02  6.6388888888888886E-03
  -2.3138888888888889E-02  6.3055555555555556E-03
  -2.2944444444444444E-02  5.8333333333333327E-03
  -2.2805555555555555E-02  5.3333333333333332E-03
  -2.2305555555555558E-02  4.4722222222222221E-03
  -2.2138888888888889E-02  4.1111111111111105E-03
  -2.1916666666666668E-02  3.5833333333333333E-03
  -2.1777777777777778E-02  2.8333333333333331E-03
  -2.1555555555555557E-02  2.3055555555555555E-03
  -2.1250000000000002E-02  1.8888888888888890E-03
  -2.0805555555555556E-02  1.6666666666666666E-03
  -2.0388888888888887E-02  1.3611111111111111E-03
  -1.9916666666666666E-02  1.0000000000000000E-03
  -1.9555555555555555E-02  3.6111111111111109E-04
  -1.9000000000000003E-02 -3.8888888888888892E-04
  -1.8527777777777778E-02 -9.1666666666666676E-04
  -1.7888888888888888E-02 -1.5277777777777779E-03
  -1.6944444444444443E-02 -2.1666666666666666E-03
  -1.6166666666666666E-02 -2.3333333333333335E-03
  -1.5361111111111112E-02 -2.3055555555555555E-03
  -1.4666666666666668E-02 -2.7777777777777779E-03
  -1.4138888888888888E-02 -3.4444444444444444E-03
  -1.3722222222222222E-02 -3.7777777777777779E-03
  -1.3166666666666667E-02 -4.2777777777777779E-03
  -1.2388888888888889E-02 -4.9444444444444440E-03
  -1.1944444444444445E-02 -5.5000000000000005E-03
  -1.1083333333333334E-02 -6.2500000000000003E-03
  -1.0444444444444444E-02 -7.7222222222222232E-03
  -9.7777777777777776E-03 -8.1944444444444434E-03
  -9.4166666666666669E-03 -8.6944444444444439E-03
  -9.2222222222222219E-03 -9.1944444444444443E-03
  -8.7777777777777784E-03 -9.8055555555555552E-03
  -8.3888888888888884E-03 -1.0222222222222223E-02
  -7.7222222222222232E-03 -1.0805555555555556E-02
  -7.1944444444444443E-03 -1.1138888888888889E-02
  -6.4444444444444445E-03 -1.1527777777777777E-02
  -6.0000000000000001E-03 -1.2027777777777778E-02
  -5.4166666666666669E-03 -1.3388888888888888E-02
  -5.3333333333333332E-03 -1.4138888888888888E-02
  -4.9722222222222216E-03 -1.4638888888888889E-02
  -4.6666666666666671E-03 -1.4833333333333334E-02
  -5.2222222222222218E-03 -1.5055555555555556E-02
  -5.5000000000000005E-03 -1.5333333333333334E-02
  -6.1111111111111114E-03 -1.5972222222222221E-02
  -6.4722222222222230E-03 -1.6694444444444442E-02
  -6.5555555555555549E-03 -1.7333333333333333E-02
  -6.4722222222222230E-03 -1.8416666666666668E-02
  -6.0000000000000001E-03 -1.9194444444444445E-02
  -5.6666666666666662E-03 -1.9638888888888886E-02
  -5.3611111111111116E-03 -1.9555555555555555E-02
  -4.8611111111111112E-03 -2.0083333333333332E-02
  -4.6388888888888894E-03 -2.0555555555555556E-02
  -4.5833333333333334E-03 -2.1111111111111112E-02
  -4.5277777777777781E-03 -2.1777777777777778E-02
  -4.5277777777777781E-03 -2.2666666666666665E-02
  -4.4722222222222221E-03 -2.3388888888888890E-02
  -4.3333333333333331E-03 -2.3694444444444445E-02
  -3.9444444444444440E-03 -2.4194444444444446E-02
  -3.5555555555555557E-03 -2.4583333333333332E-02
  -3.0833333333333333E-03 -2.5000000000000001E-02
  -2.8055555555555559E-03 -2.5222222222222222E-02
  -1.8611111111111111E-03 -2.5722222222222223E-02
  -1.4166666666666666E-03 -2.6083333333333333E-02
  -4.4444444444444447E-04 -2.6583333333333334E-02
   1.6666666666666666E-04 -2.6722222222222220E-02
   7.2222222222222219E-04 -2.7027777777777776E-02
   9.4444444444444448E-04 -2.7222222222222221E-02
   1.1944444444444444E-03 -2.7833333333333335E-02
   1.5277777777777779E-03 -2.8500000000000001E-02
   1.8611111111111111E-03 -2.9083333333333333E-02
   2.1388888888888890E-03 -2.9722222222222223E-02
   2.3611111111111111E-03 -3.0111111111111113E-02
   2.8055555555555559E-03 -3.0555555555555558E-02
   3.2222222222222222E-03 -3.0972222222222220E-02
   3.8611111111111116E-03 -3.1305555555555559E-02
   4.6111111111111110E-03 -3.1444444444444448E-02
   5.6666666666666662E-03 -3.1333333333333338E-02
   6.4444444444444445E-03 -3.0111111111111113E-02
   6.6666666666666662E-03 -2.9722222222222223E-02
   6.8888888888888888E-03 -2.9361111111111109E-02
   7.2222222222222228E-03 -2.9055555555555557E-02
   7.7777777777777784E-03 -2.8694444444444443E-02
   8.2222222222222210E-03 -2.8416666666666663E-02
   8.6944444444444439E-03 -2.7944444444444445E-02
   9.0000000000000011E-03 -2.7694444444444445E-02
   9.2777777777777789E-03 -2.7527777777777776E-02
   9.6666666666666654E-03 -2.7472222222222221E-02
   9.9722222222222226E-03 -2.7750000000000000E-02
   1.0138888888888888E-02 -2.8361111111111108E-02
   1.0111111111111111E-02 -2.8749999999999998E-02
   1.0444444444444444E-02 -2.9194444444444443E-02
   1.0777777777777778E-02 -2.9583333333333333E-02
   1.1166666666666667E-02 -3.0138888888888889E-02
   1.1861111111111110E-02 -3.0944444444444448E-02
   1.2750000000000001E-02 -3.1111111111111114E-02
   1.3333333333333332E-02 -3.1138888888888890E-02
   1.3888888888888888E-02 -3.1250000000000000E-02
   1.4444444444444446E-02 -3.1611111111111111E-02
   1.5194444444444446E-02 -3.2222222222222222E-02
   1.5972222222222221E-02 -3.2416666666666670E-02
   1.6361111111111111E-02 -3.2472222222222222E-02
   1.7222222222222222E-02 -3.2527777777777780E-02
   1.7611111111111112E-02 -3.3000000000000002E-02
   1.8027777777777778E-02 -3.3388888888888885E-02
   1.8611111111111113E-02 -3.3750000000000002E-02
   1.9361111111111110E-02 -3.4055555555555554E-02
   1.9916666666666666E-02 -3.4277777777777775E-02
   2.0666666666666667E-02 -3.4416666666666665E-02
   2.1166666666666667E-02 -3.4527777777777775E-02
   2.1250000000000002E-02 -3.4444444444444444E-02
   2.1305555555555557E-02 -3.4111111111111113E-02
   2.1638888888888888E-02 -3.3861111111111113E-02
   2.2027777777777778E-02 -3.3694444444444444E-02
   2.2388888888888889E-02 -3.3388888888888885E-02
   2.2722222222222220E-02 -3.3194444444444443E-02
   2.3027777777777775E-02 -3.3083333333333333E-02
   2.3166666666666665E-02 -3.3750000000000002E-02
   2.3250000000000000E-02 -3.4388888888888886E-02
   2.3472222222222221E-02 -3.5277777777777776E-02
   2.3500000000000000E-02 -3.5722222222222225E-02
   2.3555555555555555E-02 -3.6222222222222225E-02
   2.3972222222222221E-02 -3.6888888888888888E-02
   2.4305555555555556E-02 -3.7361111111111109E-02
   2.4722222222222222E-02 -3.7861111111111109E-02
   2.4972222222222222E-02 -3.8055555555555558E-02
   2.5555555555555557E-02 -3.8555555555555551E-02
   2.6166666666666664E-02 -3.8972222222222221E-02
   2.6749999999999999E-02 -3.9194444444444448E-02
   2.7305555555555555E-02 -3.9333333333333331E-02
   2.8777777777777777E-02 -3.9222222222222221E-02
   2.9194444444444443E-02 -3.8944444444444448E-02
   2.9749999999999999E-02 -3.8444444444444441E-02
   3.0000000000000002E-02 -3.8083333333333330E-02
   3.0083333333333333E-02 -3.7972222222222220E-02
   3.1416666666666669E-02 -3.8277777777777779E-02
   3.1638888888888890E-02 -3.8500000000000006E-02
   3.2638888888888891E-02 -3.8944444444444448E-02
   3.3166666666666664E-02 -3.8972222222222221E-02
   3.3611111111111112E-02 -3.8777777777777772E-02
   3.4083333333333334E-02 -3.8472222222222220E-02
   3.4888888888888886E-02 -3.8444444444444441E-02
   3.5027777777777783E-02 -3.8444444444444441E-02
   3.5888888888888887E-02 -3.8333333333333330E-02
   3.6527777777777777E-02 -3.7916666666666668E-02
   3.6972222222222219E-02 -3.7444444444444440E-02
   3.7555555555555550E-02 -3.6666666666666667E-02
   3.8027777777777778E-02 -3.6194444444444446E-02
   3.8249999999999999E-02 -3.6000000000000004E-02
   3.8555555555555551E-02 -3.6000000000000004E-02
   3.9111111111111110E-02 -3.6388888888888887E-02
   3.9861111111111111E-02 -3.6861111111111108E-02
   4.0805555555555553E-02 -3.7222222222222226E-02
   4.1861111111111113E-02 -3.7638888888888888E-02
   4.2750000000000003E-02 -3.7888888888888889E-02
   4.3833333333333328E-02 -3.7944444444444447E-02
   4.5222222222222226E-02 -3.7999999999999999E-02
   4.6083333333333337E-02 -3.7888888888888889E-02
   4.6750000000000000E-02 -3.7583333333333330E-02
   4.7388888888888890E-02 -3.7111111111111116E-02
   4.7861111111111104E-02 -3.6777777777777777E-02
   4.8277777777777781E-02 -3.6444444444444446E-02
   4.9027777777777781E-02 -3.6249999999999998E-02
   4.9861111111111106E-02 -3.6111111111111115E-02
   5.0500000000000003E-02 -3.6000000000000004E-02
   5.1611111111111115E-02 -3.5694444444444445E-02
   5.2083333333333336E-02 -3.5555555555555556E-02
   5.2638888888888888E-02 -3.5277777777777776E-02
   5.2972222222222226E-02 -3.5472222222222224E-02
   5.3361111111111109E-02 -3.5694444444444445E-02
   5.3666666666666668E-02 -3.6027777777777777E-02
   5.4305555555555558E-02 -3.6472222222222218E-02
   5.4555555555555552E-02 -3.6638888888888888E-02
   5.5416666666666670E-02 -3.6833333333333336E-02
   5.6083333333333339E-02 -3.6833333333333336E-02
   5.6777777777777781E-02 -3.6555555555555556E-02
   5.7388888888888885E-02 -3.6555555555555556E-02
   5.7888888888888893E-02 -3.6749999999999998E-02
   5.8444444444444445E-02 -3.6888888888888888E-02
   5.9444444444444446E-02 -3.7138888888888888E-02
   6.0166666666666667E-02 -3.7305555555555557E-02
   6.0888888888888895E-02 -3.6611111111111115E-02
   6.1361111111111116E-02 -3.6611111111111115E-02
   6.1916666666666668E-02 -3.6722222222222226E-02
   6.2527777777777779E-02 -3.6694444444444446E-02
   6.2944444444444442E-02 -3.6638888888888888E-02
   6.3361111111111118E-02 -3.6805555555555557E-02
   6.3972222222222222E-02 -3.6972222222222219E-02
   6.4722222222222223E-02 -3.7027777777777778E-02
   6.5361111111111106E-02 -3.7166666666666667E-02
   6.5833333333333341E-02 -3.7444444444444440E-02
   6.6555555555555548E-02 -3.8055555555555558E-02
   6.7333333333333328E-02 -3.8611111111111117E-02
   6.7861111111111108E-02 -3.8611111111111117E-02
   6.8666666666666668E-02 -3.8611111111111117E-02
   6.9888888888888889E-02 -3.8583333333333331E-02
   7.0027777777777772E-02 -3.8583333333333331E-02
   7.0777777777777773E-02 -3.8472222222222220E-02
   7.1305555555555566E-02 -3.8361111111111110E-02
   7.2027777777777774E-02 -3.8361111111111110E-02
   7.2611111111111112E-02 -3.8472222222222220E-02
   7.2888888888888892E-02 -3.8722222222222227E-02
   7.3444444444444451E-02 -3.8805555555555558E-02
   7.3916666666666672E-02 -3.8750000000000000E-02
   7.4277777777777776E-02 -3.8555555555555551E-02
   7.4722222222222218E-02 -3.8444444444444441E-02
   7.5000000000000011E-02 -3.8361111111111110E-02
   7.5527777777777777E-02 -3.8333333333333330E-02
   7.6138888888888895E-02 -3.8527777777777779E-02
   7.7027777777777778E-02 -3.8944444444444448E-02
   7.7888888888888896E-02 -3.8500000000000006E-02
   7.8888888888888883E-02 -3.8555555555555551E-02
   7.9916666666666664E-02 -3.8388888888888889E-02
   8.0694444444444458E-02 -3.8166666666666668E-02
   8.1111111111111106E-02 -3.7888888888888889E-02
   8.1500000000000003E-02 -3.7694444444444447E-02
   8.1722222222222224E-02 -3.7500000000000006E-02
   8.2499999999999990E-02 -3.7666666666666661E-02
   8.3277777777777784E-02 -3.7916666666666668E-02
   8.4416666666666668E-02 -3.8388888888888889E-02
   8.5027777777777772E-02 -3.8722222222222227E-02
   8.5833333333333331E-02 -3.9111111111111110E-02
   8.6333333333333331E-02 -3.9250000000000000E-02
   8.7055555555555553E-02 -3.9277777777777773E-02
   8.7444444444444450E-02 -3.9138888888888890E-02
   8.8055555555555554E-02 -3.9138888888888890E-02
   8.8694444444444451E-02 -3.9166666666666662E-02
   8.9555555555555555E-02 -3.9861111111111111E-02
   9.0194444444444438E-02 -3.9833333333333332E-02
   9.0388888888888894E-02 -3.9750000000000001E-02
   9.1055555555555556E-02 -3.9805555555555559E-02
   9.1916666666666674E-02 -4.0000000000000001E-02
   9.2805555555555558E-02 -4.0194444444444449E-02
   9.3666666666666662E-02 -4.0333333333333332E-02
   9.4388888888888897E-02 -3.9750000000000001E-02
   9.4527777777777780E-02 -3.9722222222222221E-02
   9.5333333333333325E-02 -4.0138888888888891E-02
   9.6138888888888885E-02 -4.0500000000000001E-02
   9.6750000000000003E-02 -4.0861111111111112E-02
   9.7499999999999989E-02 -4.1222222222222223E-02
   9.8250000000000004E-02 -4.1388888888888892E-02
   9.9027777777777770E-02 -4.1527777777777782E-02
   0.1001388888888889     -4.1583333333333333E-02
   0.1009722222222222     -4.1388888888888892E-02
   0.1018611111111111     -4.1027777777777774E-02
   0.1022777777777778     -4.0722222222222222E-02
   0.1024444444444444     -4.0416666666666670E-02
   0.1026388888888889     -4.0194444444444449E-02
   0.1026944444444444     -4.0083333333333332E-02
   0.1033611111111111     -4.0277777777777773E-02
   0.1038333333333333     -4.0333333333333332E-02
   0.1046666666666667     -4.0500000000000001E-02
   0.1052777777777778     -4.0694444444444450E-02
   0.1060833333333333     -4.0777777777777774E-02
   0.1065833333333333     -4.0861111111111112E-02
   0.1072222222222222     -4.0666666666666663E-02
   0.1078055555555556     -4.0222222222222222E-02
   0.1081944444444444     -4.0055555555555553E-02
   0.1089722222222222     -4.0027777777777780E-02
   0.1096944444444444     -4.0027777777777780E-02
   0.1106388888888889     -3.9944444444444442E-02
   0.1110555555555556     -3.9805555555555559E-02
   0.1113611111111111     -3.9444444444444442E-02
   0.1116388888888889     -3.9138888888888890E-02
   0.1120277777777778     -3.9305555555555559E-02
   0.1125277777777778     -3.9638888888888890E-02
   0.1132777777777778     -3.9916666666666670E-02
   0.1138888888888889     -4.0166666666666663E-02
   0.1148888888888889     -4.0305555555555560E-02
   0.1158611111111111     -4.0361111111111111E-02
   0.1165277777777778     -4.0388888888888891E-02
   0.1175555555555556     -4.0361111111111111E-02
   0.1183055555555556     -4.0305555555555560E-02
   0.1192222222222222     -4.0250000000000001E-02
   0.1199166666666667     -4.0222222222222222E-02
   0.1208055555555556     -4.0222222222222222E-02
   0.1217777777777778     -4.0277777777777773E-02
   0.1227222222222222     -4.0277777777777773E-02
   0.1236388888888889     -4.0277777777777773E-02
   0.1247222222222222     -4.0333333333333332E-02
   0.1252777777777778     -4.0694444444444450E-02
   0.1253888888888889     -4.0861111111111112E-02
   0.1257222222222222     -4.1111111111111112E-02
   0.1261666666666666     -4.1361111111111105E-02
   0.1270555555555556     -4.1722222222222223E-02
   0.1273333333333333     -4.2444444444444444E-02
   0.1280277777777778     -4.2555555555555555E-02
   0.1286666666666667     -4.2638888888888893E-02
   0.1295833333333333     -4.2638888888888893E-02
   0.1301944444444444     -4.2666666666666665E-02
   0.1305833333333333     -4.2805555555555555E-02
   0.1312500000000000     -4.3027777777777776E-02
   0.1325833333333333     -4.3388888888888894E-02
   0.1326111111111111     -4.3361111111111107E-02
   0.1338333333333333     -4.3166666666666666E-02
   0.1348055555555555     -4.3166666666666666E-02
   0.1353611111111111     -4.3027777777777776E-02
   0.1358888888888889     -4.2638888888888893E-02
   0.1363055555555556     -4.2361111111111106E-02
   0.1364444444444445     -4.2194444444444451E-02
   0.1370833333333333     -4.1777777777777775E-02
   0.1373333333333333     -4.1805555555555554E-02
   0.1378333333333333     -4.2000000000000003E-02
   0.1386666666666667     -4.2277777777777775E-02
   0.1395833333333333     -4.2388888888888893E-02
   0.1408888888888889     -4.2472222222222217E-02
   0.1416944444444445     -4.2416666666666672E-02
   0.1422777777777778     -4.2138888888888885E-02
   0.1427500000000000     -4.1833333333333333E-02
   0.1434166666666667     -4.1388888888888892E-02
   0.1435000000000000     -4.1194444444444450E-02
   0.1436666666666667     -4.0833333333333333E-02
   0.1438055555555555     -4.0944444444444443E-02
   0.1446944444444444     -4.1388888888888892E-02
   0.1451666666666667     -4.1472222222222216E-02
   0.1456388888888889     -4.1555555555555554E-02
   0.1460000000000000     -4.1777777777777775E-02
   0.1461944444444444     -4.1833333333333333E-02
   0.1468333333333333     -4.2249999999999996E-02
   0.1473611111111111     -4.2527777777777782E-02
   0.1479444444444444     -4.2694444444444445E-02
   0.1488888888888889     -4.2944444444444445E-02
   0.1500833333333333     -4.2722222222222224E-02
   0.1510277777777778     -4.2638888888888893E-02
   0.1516666666666667     -4.2472222222222217E-02
   0.1522500000000000     -4.2222222222222223E-02
   0.1526666666666667     -4.2000000000000003E-02
   0.1531944444444444     -4.1805555555555554E-02
   0.1535555555555556     -4.1666666666666664E-02
   0.1538611111111111     -4.1666666666666664E-02
   0.1541388888888889     -4.1888888888888892E-02
   0.1546388888888889     -4.2111111111111113E-02
   0.1551388888888889     -4.2166666666666665E-02
   0.1559166666666666     -4.2166666666666665E-02
   0.1565277777777778     -4.2083333333333334E-02
   0.1571111111111111     -4.1972222222222223E-02
   0.1572777777777778     -4.1916666666666665E-02
   0.1576944444444444     -4.1916666666666665E-02
   0.1580833333333333     -4.2027777777777775E-02
   0.1586666666666667     -4.2166666666666665E-02
   0.1595833333333333     -4.2249999999999996E-02
   0.1608611111111111     -4.3000000000000003E-02
   0.1618055555555556     -4.3166666666666666E-02
   0.1625000000000000     -4.3333333333333335E-02
   0.1634722222222222     -4.3499999999999997E-02
   0.1640555555555555     -4.3611111111111107E-02
   0.1651111111111111     -4.3749999999999997E-02
   0.1662777777777778     -4.3583333333333335E-02
   0.1670277777777778     -4.3416666666666666E-02
   0.1675277777777778     -4.3083333333333335E-02
   0.1678333333333333     -4.2833333333333334E-02
   0.1681944444444444     -4.2333333333333334E-02
   0.1685833333333333     -4.2750000000000003E-02
   0.1687222222222222     -4.3027777777777776E-02
   0.1692222222222222     -4.3416666666666666E-02
   0.1696944444444445     -4.3694444444444445E-02
   0.1700833333333333     -4.3805555555555556E-02
   0.1706666666666667     -4.3944444444444439E-02
   0.1713055555555555     -4.4000000000000004E-02
   0.1720000000000000     -4.3972222222222218E-02
   0.1731666666666667     -4.3583333333333335E-02
   0.1735833333333333     -4.3277777777777776E-02
   0.1740555555555555     -4.2805555555555555E-02
   0.1743888888888889     -4.2388888888888893E-02
   0.1745555555555555     -4.1972222222222223E-02
   0.1748611111111111     -4.1805555555555554E-02
   0.1753888888888889     -4.1805555555555554E-02
   0.1756944444444445     -4.2000000000000003E-02
   0.1764166666666667     -4.2361111111111106E-02
   0.1766944444444444     -4.2666666666666665E-02
   0.1771388888888889     -4.3361111111111107E-02
   0.1773055555555555     -4.3472222222222218E-02
   0.1776666666666667     -4.3833333333333328E-02
   0.1781388888888889     -4.4083333333333335E-02
   0.1786388888888889     -4.4277777777777777E-02
   0.1792500000000000     -4.4499999999999998E-02
   0.1800555555555556     -4.4611111111111108E-02
   0.1808333333333333     -4.4611111111111108E-02
   0.1815833333333333     -4.4444444444444446E-02
   0.1824722222222222     -4.4194444444444446E-02
   0.1830277777777778     -4.4083333333333335E-02
   0.1835833333333333     -4.4083333333333335E-02
   0.1840833333333333     -4.4194444444444446E-02
   0.1845555555555556     -4.4222222222222225E-02
   0.1850277777777778     -4.4249999999999998E-02
   0.1854166666666667     -4.4249999999999998E-02
   0.1856388888888889     -4.4222222222222225E-02
   0.1861111111111111     -4.4194444444444446E-02
   0.1865833333333333     -4.4361111111111108E-02
   0.1875555555555556     -4.4583333333333336E-02
   0.1884166666666667     -4.4638888888888888E-02
   0.1895555555555556     -4.4694444444444446E-02
   0.1907500000000000     -4.4749999999999998E-02
   0.1918055555555556     -4.4749999999999998E-02
   0.1924166666666667     -4.4472222222222219E-02
   0.1929166666666667     -4.4305555555555556E-02
   0.1934722222222222     -4.4166666666666660E-02
   0.1938055555555556     -4.3888888888888894E-02
   0.1940833333333333     -4.3916666666666666E-02
   0.1949166666666667     -4.4027777777777777E-02
   0.1955277777777778     -4.4055555555555549E-02
   0.1960277777777778     -4.4194444444444446E-02
   0.1964444444444444     -4.4416666666666667E-02
   0.1967777777777778     -4.4472222222222219E-02
   0.1970833333333333     -4.4444444444444446E-02
   0.1975833333333333     -4.4194444444444446E-02
   0.1985833333333333     -4.4194444444444446E-02
   0.1995555555555556     -4.4166666666666660E-02
   0.2002777777777778     -4.4166666666666660E-02
   0.2007500000000000     -4.4166666666666660E-02
   0.2015555555555556     -4.4499999999999998E-02
   0.2022222222222222     -4.4777777777777777E-02
   0.2030833333333333     -4.4916666666666667E-02
   0.2037777777777778     -4.5000000000000005E-02
   0.2043888888888889     -4.5000000000000005E-02
   0.2045555555555555     -4.4944444444444440E-02
   0.2048611111111111     -4.4527777777777777E-02
   0.2049444444444445     -4.4361111111111108E-02
   0.2056388888888889     -4.4166666666666660E-02
   0.2062500000000000     -4.4249999999999998E-02
   0.2066388888888889     -4.4499999999999998E-02
   0.2071944444444444     -4.4777777777777777E-02
   0.2076666666666667     -4.5027777777777778E-02
   0.2080555555555555     -4.5277777777777778E-02
   0.2091111111111111     -4.5444444444444447E-02
   0.2097500000000000     -4.5361111111111109E-02
   0.2103611111111111     -4.5361111111111109E-02
   0.2110277777777778     -4.5944444444444441E-02
   0.2116666666666667     -4.5944444444444441E-02
   0.2120555555555556     -4.6000000000000006E-02
   0.2126666666666667     -4.6249999999999999E-02
   0.2131388888888889     -4.6305555555555558E-02
   0.2138888888888889     -4.6138888888888889E-02
   0.2144166666666667     -4.6027777777777779E-02
   0.2150555555555556     -4.6194444444444448E-02
   0.2161111111111111     -4.5916666666666668E-02
   0.2166111111111111     -4.5972222222222220E-02
   0.2181388888888889     -4.6305555555555558E-02
   0.2189166666666667     -4.6388888888888889E-02
   0.2197222222222222     -4.6361111111111110E-02
   0.2203055555555556     -4.6166666666666661E-02
   0.2208611111111111     -4.5944444444444441E-02
   0.2213333333333333     -4.5888888888888896E-02
   0.2219166666666667     -4.5861111111111109E-02
   0.2225277777777778     -4.5833333333333330E-02
   0.2233055555555555     -4.5916666666666668E-02
   0.2237500000000000     -4.5972222222222220E-02
   0.2243888888888889     -4.5972222222222220E-02
   0.2249166666666667     -4.5805555555555558E-02
   0.2254444444444444     -4.5499999999999999E-02
   0.2261111111111111     -4.5277777777777778E-02
   0.2267777777777778     -4.5222222222222226E-02
   0.2273888888888889     -4.5333333333333337E-02
   0.2281111111111111     -4.5361111111111109E-02
   0.2286111111111111     -4.5416666666666668E-02
   0.2291111111111111     -4.5666666666666668E-02
   0.2293888888888889     -4.5944444444444441E-02
   0.2297500000000000     -4.6222222222222227E-02
   0.2308888888888889     -4.7138888888888890E-02
   0.2321111111111111     -4.6666666666666669E-02
   0.2333611111111111     -4.6611111111111110E-02
   0.2344444444444444     -4.6611111111111110E-02
   0.2352777777777778     -4.6527777777777779E-02
   0.2355000000000000     -4.6444444444444448E-02
   0.2357777777777778     -4.6305555555555558E-02
   0.2364166666666666     -4.6305555555555558E-02
   0.2371944444444444     -4.6361111111111110E-02
   0.2378333333333333     -4.6388888888888889E-02
   0.2382222222222222     -4.6333333333333337E-02
   0.2386111111111111     -4.6361111111111110E-02
   0.2391666666666666     -4.6611111111111110E-02
   0.2400277777777778     -4.6861111111111110E-02
   0.2406388888888889     -4.6972222222222221E-02
   0.2415277777777778     -4.6833333333333331E-02
   0.2423333333333333     -4.6388888888888889E-02
   0.2429444444444445     -4.6083333333333337E-02
