   4.2500000000000003E-03  8.6388888888888887E-03
   4.2500000000000003E-03  8.6388888888888887E-03
   4.0555555555555553E-03  9.3888888888888893E-03
   3.8611111111111116E-03  9.6666666666666654E-03
   3.5000000000000001E-03  1.0083333333333333E-02
   3.0277777777777777E-03  1.0500000000000001E-02
   2.3888888888888887E-03  1.0694444444444444E-02
   1.7500000000000000E-03  1.0944444444444444E-02
   1.0000000000000000E-03  1.1166666666666667E-02
   8.3333333333333331E-05  1.0722222222222223E-02
  -5.2777777777777773E-04  1.0888888888888889E-02
  -7.7777777777777784E-04  1.1111111111111112E-02
  -1.0000000000000000E-03  1.1333333333333332E-02
  -1.0555555555555555E-03  1.1666666666666665E-02
  -1.2222222222222222E-03  1.2194444444444445E-02
  -1.4444444444444444E-03  1.2916666666666667E-02
  -1.6666666666666666E-03  1.3583333333333333E-02
  -2.0000000000000000E-03  1.4277777777777778E-02
  -2.3333333333333335E-03  1.4861111111111111E-02
  -2.9166666666666664E-03  1.5472222222222224E-02
  -3.5833333333333333E-03  1.6000000000000000E-02
  -4.3055555555555555E-03  1.6416666666666666E-02
  -4.9444444444444440E-03  1.6777777777777777E-02
  -5.3611111111111116E-03  1.7027777777777777E-02
  -6.0000000000000001E-03  1.7222222222222222E-02
  -6.3611111111111117E-03  1.7472222222222222E-02
  -6.8611111111111112E-03  1.7833333333333333E-02
  -7.1111111111111115E-03  1.8111111111111113E-02
  -7.3611111111111117E-03  1.8500000000000003E-02
  -7.8055555555555560E-03  1.9333333333333331E-02
  -8.0000000000000002E-03  1.9722222222222221E-02
  -8.1111111111111106E-03  2.0527777777777777E-02
  -8.2777777777777780E-03  2.1166666666666667E-02
  -8.4722222222222213E-03  2.1750000000000002E-02
  -8.8055555555555561E-03  2.2555555555555558E-02
  -9.3611111111111117E-03  2.3166666666666665E-02
  -9.7500000000000000E-03  2.3527777777777776E-02
  -1.0166666666666666E-02  2.4000000000000000E-02
  -1.0861111111111111E-02  2.4500000000000001E-02
  -1.1416666666666665E-02  2.4888888888888891E-02
  -1.1944444444444445E-02  2.5194444444444446E-02
  -1.2444444444444445E-02  2.5722222222222223E-02
  -1.3055555555555555E-02  2.6416666666666665E-02
  -1.3611111111111110E-02  2.7166666666666665E-02
  -1.4083333333333333E-02  2.7694444444444445E-02
  -1.4583333333333334E-02  2.8000000000000001E-02
  -1.5527777777777779E-02  2.8611111111111111E-02
  -1.6361111111111111E-02  2.8944444444444446E-02
  -1.7388888888888888E-02  2.9361111111111109E-02
  -1.8083333333333333E-02  2.9472222222222219E-02
  -1.8944444444444444E-02  2.9583333333333333E-02
  -1.9722222222222221E-02  2.9611111111111112E-02
  -2.0611111111111111E-02  2.9416666666666664E-02
  -2.1333333333333333E-02  2.9138888888888888E-02
  -2.1888888888888888E-02  2.8888888888888891E-02
  -2.2333333333333334E-02  2.8500000000000001E-02
  -2.2666666666666665E-02  2.7944444444444445E-02
  -2.3138888888888889E-02  2.6833333333333334E-02
  -2.3194444444444445E-02  2.6416666666666665E-02
  -2.3250000000000000E-02  2.5944444444444447E-02
  -2.3472222222222221E-02  2.5388888888888891E-02
  -2.3750000000000000E-02  2.4833333333333332E-02
  -2.3888888888888890E-02  2.4388888888888891E-02
  -2.4027777777777776E-02  2.4000000000000000E-02
  -2.4444444444444446E-02  2.3555555555555555E-02
  -2.5000000000000001E-02  2.2972222222222220E-02
  -2.5555555555555557E-02  2.2000000000000002E-02
  -2.6194444444444444E-02  2.1166666666666667E-02
  -2.6861111111111110E-02  2.0250000000000001E-02
  -2.7444444444444445E-02  1.9222222222222220E-02
  -2.7916666666666663E-02  1.8305555555555558E-02
  -2.8249999999999997E-02  1.7527777777777778E-02
  -2.8361111111111108E-02  1.6944444444444443E-02
  -2.8555555555555556E-02  1.6111111111111111E-02
  -2.8749999999999998E-02  1.5500000000000002E-02
  -2.8833333333333336E-02  1.5166666666666669E-02
  -2.9027777777777777E-02  1.5555555555555557E-02
  -2.9194444444444443E-02  1.5805555555555555E-02
  -2.9555555555555557E-02  1.5888888888888886E-02
  -3.0027777777777778E-02  1.5277777777777779E-02
  -3.0166666666666668E-02  1.4583333333333334E-02
  -3.0166666666666668E-02  1.3805555555555555E-02
  -3.0194444444444444E-02  1.2861111111111111E-02
  -3.0000000000000002E-02  1.1777777777777778E-02
  -2.9500000000000002E-02  1.0888888888888889E-02
  -2.9055555555555557E-02  1.0222222222222223E-02
  -2.8638888888888887E-02  9.6111111111111102E-03
  -2.7777777777777776E-02  8.5555555555555558E-03
  -2.7388888888888890E-02  7.9444444444444432E-03
  -2.6527777777777775E-02  7.0277777777777778E-03
  -2.5722222222222223E-02  6.2777777777777780E-03
  -2.4972222222222222E-02  5.1111111111111114E-03
  -2.4222222222222221E-02  4.4444444444444444E-03
  -2.3611111111111110E-02  3.8611111111111116E-03
  -2.3305555555555555E-02  3.4166666666666668E-03
  -2.3138888888888889E-02  3.1944444444444446E-03
  -2.2722222222222220E-02  2.5833333333333333E-03
  -2.2277777777777778E-02  2.1388888888888890E-03
  -2.1833333333333333E-02  1.6666666666666666E-03
  -2.1638888888888888E-02  1.3333333333333333E-03
  -2.1527777777777778E-02  1.1388888888888889E-03
  -2.1305555555555557E-02  5.5555555555555558E-05
  -2.1305555555555557E-02 -9.7222222222222230E-04
  -2.1388888888888888E-02 -1.6944444444444444E-03
  -2.1277777777777777E-02 -2.5833333333333333E-03
  -2.1055555555555557E-02 -3.2777777777777775E-03
  -2.0555555555555556E-02 -3.9722222222222216E-03
  -2.0138888888888887E-02 -4.6944444444444447E-03
  -1.9694444444444445E-02 -5.1111111111111114E-03
  -1.8944444444444444E-02 -5.4722222222222221E-03
  -1.8194444444444444E-02 -5.5000000000000005E-03
  -1.7611111111111112E-02 -5.5277777777777782E-03
  -1.7000000000000001E-02 -5.5277777777777782E-03
  -1.6777777777777777E-02 -5.5277777777777782E-03
  -1.6277777777777776E-02 -5.8333333333333327E-03
  -1.6000000000000000E-02 -5.8888888888888888E-03
  -1.5555555555555557E-02 -6.0000000000000001E-03
  -1.4916666666666668E-02 -6.2500000000000003E-03
  -1.4722222222222223E-02 -6.4166666666666669E-03
  -1.4444444444444446E-02 -7.1111111111111115E-03
  -1.4000000000000000E-02 -7.5555555555555558E-03
  -1.3333333333333332E-02 -7.9722222222222208E-03
  -1.2555555555555556E-02 -8.3611111111111108E-03
  -1.2083333333333333E-02 -8.6944444444444439E-03
  -1.1888888888888888E-02 -8.8611111111111113E-03
  -1.1555555555555555E-02 -9.0277777777777787E-03
  -1.1000000000000001E-02 -9.5000000000000015E-03
  -1.0222222222222223E-02 -1.0138888888888888E-02
  -9.5277777777777791E-03 -1.0666666666666666E-02
  -9.0000000000000011E-03 -1.1444444444444445E-02
  -8.0833333333333330E-03 -1.2166666666666666E-02
  -7.5833333333333343E-03 -1.2416666666666666E-02
  -6.8333333333333336E-03 -1.2861111111111111E-02
  -6.3888888888888893E-03 -1.3138888888888887E-02
  -6.1944444444444443E-03 -1.3500000000000000E-02
  -5.7499999999999999E-03 -1.4194444444444445E-02
  -5.5833333333333334E-03 -1.5138888888888889E-02
  -5.4166666666666669E-03 -1.5861111111111111E-02
  -5.2222222222222218E-03 -1.6444444444444442E-02
  -4.9722222222222216E-03 -1.6861111111111111E-02
  -4.6944444444444447E-03 -1.7722222222222223E-02
  -4.4444444444444444E-03 -1.8472222222222223E-02
  -3.7500000000000003E-03 -1.9388888888888886E-02
  -3.1666666666666666E-03 -2.0138888888888887E-02
  -2.9166666666666664E-03 -2.0555555555555556E-02
  -2.6666666666666666E-03 -2.0861111111111112E-02
  -2.6111111111111109E-03 -2.1083333333333332E-02
  -3.3055555555555555E-03 -2.1361111111111112E-02
  -3.8611111111111116E-03 -2.1944444444444447E-02
  -4.1388888888888890E-03 -2.2611111111111110E-02
  -4.1388888888888890E-03 -2.3111111111111110E-02
  -3.9722222222222216E-03 -2.3694444444444445E-02
  -3.9166666666666664E-03 -2.4250000000000001E-02
  -4.0000000000000001E-03 -2.4694444444444446E-02
  -4.1111111111111105E-03 -2.5444444444444447E-02
  -4.1111111111111105E-03 -2.5972222222222223E-02
  -4.0833333333333329E-03 -2.6472222222222220E-02
  -4.0833333333333329E-03 -2.7305555555555555E-02
  -4.4166666666666668E-03 -2.8083333333333332E-02
  -4.2500000000000003E-03 -2.8861111111111108E-02
  -4.0833333333333329E-03 -2.9611111111111112E-02
  -4.1111111111111105E-03 -3.0055555555555558E-02
  -4.5000000000000005E-03 -3.0249999999999999E-02
  -4.6944444444444447E-03 -3.0555555555555558E-02
  -4.6944444444444447E-03 -3.1305555555555559E-02
  -4.5833333333333334E-03 -3.1944444444444442E-02
  -4.2222222222222218E-03 -3.2611111111111112E-02
  -3.6944444444444446E-03 -3.2972222222222222E-02
  -3.1388888888888890E-03 -3.3138888888888891E-02
  -2.8333333333333331E-03 -3.3305555555555560E-02
  -2.8333333333333331E-03 -3.4166666666666665E-02
  -2.6388888888888890E-03 -3.5027777777777783E-02
  -2.6111111111111109E-03 -3.5777777777777776E-02
  -2.6944444444444446E-03 -3.6777777777777777E-02
  -2.6944444444444446E-03 -3.7638888888888888E-02
  -2.4444444444444444E-03 -3.8388888888888889E-02
  -2.2222222222222222E-03 -3.8888888888888890E-02
  -1.8888888888888890E-03 -3.9583333333333331E-02
  -1.5833333333333333E-03 -3.9944444444444442E-02
  -5.0000000000000001E-04 -4.0500000000000001E-02
   1.6666666666666666E-04 -4.0722222222222222E-02
   1.6388888888888887E-03 -4.0444444444444443E-02
   2.3055555555555555E-03 -3.9916666666666670E-02
   2.5833333333333333E-03 -3.9583333333333331E-02
   2.6666666666666666E-03 -3.9277777777777773E-02
   2.8611111111111111E-03 -3.9250000000000000E-02
   3.2222222222222222E-03 -3.9250000000000000E-02
   3.7500000000000003E-03 -3.9361111111111111E-02
   4.1111111111111105E-03 -3.9638888888888890E-02
   4.9722222222222216E-03 -3.9805555555555559E-02
   5.8888888888888888E-03 -3.9250000000000000E-02
   6.3055555555555556E-03 -3.9111111111111110E-02
   6.7777777777777775E-03 -3.8916666666666669E-02
   7.2777777777777780E-03 -3.8944444444444448E-02
   7.6944444444444447E-03 -3.9000000000000000E-02
   8.3333333333333332E-03 -3.9166666666666662E-02
   9.0277777777777787E-03 -3.9194444444444448E-02
   9.8055555555555552E-03 -3.9277777777777773E-02
   1.0833333333333334E-02 -3.9388888888888890E-02
   1.1500000000000000E-02 -3.9722222222222221E-02
   1.2055555555555555E-02 -3.9583333333333331E-02
   1.2611111111111111E-02 -3.9444444444444442E-02
   1.3027777777777777E-02 -3.9444444444444442E-02
   1.3972222222222223E-02 -3.9583333333333331E-02
   1.4611111111111111E-02 -3.9527777777777780E-02
   1.5250000000000001E-02 -3.9361111111111111E-02
   1.5611111111111112E-02 -3.9250000000000000E-02
   1.7222222222222222E-02 -3.9638888888888890E-02
   1.7888888888888888E-02 -3.9611111111111111E-02
   1.8583333333333334E-02 -3.9444444444444442E-02
   1.9277777777777776E-02 -3.9111111111111110E-02
   1.9472222222222221E-02 -3.8861111111111110E-02
   1.9750000000000000E-02 -3.8527777777777779E-02
   2.0111111111111111E-02 -3.8333333333333330E-02
   2.0388888888888887E-02 -3.8277777777777779E-02
   2.1027777777777777E-02 -3.8333333333333330E-02
   2.1916666666666668E-02 -3.8361111111111110E-02
   2.2944444444444444E-02 -3.7777777777777771E-02
   2.3833333333333331E-02 -3.7500000000000006E-02
   2.4944444444444446E-02 -3.6944444444444446E-02
   2.5833333333333333E-02 -3.6166666666666666E-02
   2.6333333333333334E-02 -3.5555555555555556E-02
   2.6583333333333334E-02 -3.4944444444444445E-02
   2.6583333333333334E-02 -3.4722222222222224E-02
   2.6722222222222220E-02 -3.4500000000000003E-02
   2.7166666666666665E-02 -3.4138888888888892E-02
   2.7888888888888890E-02 -3.4444444444444444E-02
   2.8694444444444443E-02 -3.3583333333333333E-02
   2.9194444444444443E-02 -3.2861111111111112E-02
   2.9472222222222219E-02 -3.2138888888888890E-02
   2.9527777777777778E-02 -3.1722222222222221E-02
   2.9555555555555557E-02 -3.1388888888888883E-02
   3.0416666666666665E-02 -3.1138888888888890E-02
   3.1555555555555559E-02 -3.1055555555555552E-02
   3.2222222222222222E-02 -3.0944444444444448E-02
   3.3833333333333333E-02 -3.0916666666666665E-02
   3.4777777777777776E-02 -3.0777777777777779E-02
   3.5861111111111107E-02 -3.0805555555555555E-02
   3.7055555555555557E-02 -3.0833333333333338E-02
   3.7500000000000006E-02 -3.0805555555555555E-02
   3.8083333333333330E-02 -3.0694444444444444E-02
   3.8222222222222220E-02 -3.0666666666666668E-02
   3.8361111111111110E-02 -3.1305555555555559E-02
   3.8555555555555551E-02 -3.2000000000000001E-02
   3.8944444444444448E-02 -3.3000000000000002E-02
   3.8944444444444448E-02 -3.3361111111111112E-02
   3.8972222222222221E-02 -3.3555555555555554E-02
   3.9722222222222221E-02 -3.4305555555555554E-02
   4.0000000000000001E-02 -3.4583333333333334E-02
   4.0388888888888891E-02 -3.4749999999999996E-02
   4.0638888888888891E-02 -3.4833333333333334E-02
   4.1388888888888892E-02 -3.5027777777777783E-02
   4.1972222222222223E-02 -3.5361111111111114E-02
   4.2694444444444445E-02 -3.6000000000000004E-02
   4.2916666666666665E-02 -3.6444444444444446E-02
   4.3333333333333335E-02 -3.7194444444444447E-02
   4.4000000000000004E-02 -3.7333333333333329E-02
   4.5138888888888888E-02 -3.7527777777777778E-02
   4.6416666666666669E-02 -3.7777777777777771E-02
   4.7638888888888883E-02 -3.7777777777777771E-02
   4.8722222222222222E-02 -3.7749999999999999E-02
   4.9500000000000002E-02 -3.7305555555555557E-02
   5.0555555555555548E-02 -3.6194444444444446E-02
   5.1111111111111107E-02 -3.5277777777777776E-02
   5.1611111111111115E-02 -3.3833333333333333E-02
   5.1611111111111115E-02 -3.2388888888888884E-02
   5.1583333333333335E-02 -3.1388888888888883E-02
   5.1666666666666666E-02 -3.1000000000000003E-02
   5.2472222222222226E-02 -3.1083333333333334E-02
   5.2888888888888888E-02 -3.1111111111111114E-02
   5.3416666666666668E-02 -3.1083333333333334E-02
   5.4166666666666669E-02 -3.1583333333333331E-02
   5.4944444444444442E-02 -3.2138888888888890E-02
   5.5055555555555552E-02 -3.2277777777777773E-02
   5.5388888888888890E-02 -3.2527777777777780E-02
   5.5777777777777780E-02 -3.2888888888888884E-02
   5.6972222222222230E-02 -3.3472222222222223E-02
   5.8277777777777776E-02 -3.3777777777777775E-02
   5.9249999999999997E-02 -3.3888888888888885E-02
   6.0666666666666674E-02 -3.4027777777777782E-02
   6.1749999999999999E-02 -3.4138888888888892E-02
   6.2000000000000006E-02 -3.4166666666666665E-02
   6.2444444444444448E-02 -3.4361111111111113E-02
   6.2583333333333338E-02 -3.4861111111111107E-02
   6.2972222222222221E-02 -3.5500000000000004E-02
   6.3361111111111118E-02 -3.5916666666666666E-02
   6.3944444444444443E-02 -3.6388888888888887E-02
   6.4583333333333340E-02 -3.7000000000000005E-02
   6.5083333333333326E-02 -3.7388888888888888E-02
   6.6305555555555562E-02 -3.8027777777777778E-02
   6.6944444444444445E-02 -3.8166666666666668E-02
   6.8472222222222212E-02 -3.8305555555555558E-02
   6.9611111111111124E-02 -3.8333333333333330E-02
   7.0944444444444449E-02 -3.8305555555555558E-02
   7.1861111111111098E-02 -3.8027777777777778E-02
   7.2722222222222216E-02 -3.7638888888888888E-02
   7.3277777777777775E-02 -3.7249999999999998E-02
   7.3833333333333334E-02 -3.6666666666666667E-02
   7.4444444444444452E-02 -3.7333333333333329E-02
   7.5111111111111101E-02 -3.7777777777777771E-02
   7.6111111111111115E-02 -3.8277777777777779E-02
   7.7083333333333337E-02 -3.8555555555555551E-02
   7.8222222222222221E-02 -3.8138888888888889E-02
   7.9194444444444442E-02 -3.8305555555555558E-02
   8.0555555555555547E-02 -3.8416666666666668E-02
   8.1472222222222224E-02 -3.8527777777777779E-02
   8.2666666666666666E-02 -3.8777777777777772E-02
   8.3888888888888888E-02 -3.9750000000000001E-02
   8.5305555555555565E-02 -3.9833333333333332E-02
   8.6555555555555552E-02 -3.9861111111111111E-02
   8.7861111111111112E-02 -3.9833333333333332E-02
   8.8361111111111112E-02 -3.9694444444444449E-02
   8.8805555555555554E-02 -3.9472222222222221E-02
   8.9138888888888893E-02 -3.9444444444444442E-02
   8.9277777777777775E-02 -3.9444444444444442E-02
   9.0722222222222218E-02 -3.9916666666666670E-02
   9.1499999999999998E-02 -4.0305555555555560E-02
   9.2166666666666675E-02 -4.0666666666666663E-02
   9.3388888888888896E-02 -4.0722222222222222E-02
   9.4194444444444442E-02 -3.9722222222222221E-02
   9.4972222222222222E-02 -3.9277777777777773E-02
   9.5833333333333340E-02 -3.8583333333333331E-02
   9.6444444444444444E-02 -3.7888888888888889E-02
   9.7222222222222224E-02 -3.7027777777777778E-02
   9.8166666666666666E-02 -3.6333333333333336E-02
   9.8916666666666667E-02 -3.5694444444444445E-02
   9.9111111111111108E-02 -3.5444444444444445E-02
   9.9388888888888888E-02 -3.4888888888888886E-02
   9.9388888888888888E-02 -3.4388888888888886E-02
   9.9527777777777784E-02 -3.3861111111111113E-02
   9.9527777777777784E-02 -3.3583333333333333E-02
   9.9638888888888888E-02 -3.3777777777777775E-02
   0.1009444444444444     -3.3777777777777775E-02
   0.1025555555555556     -3.3250000000000002E-02
   0.1040833333333333     -3.2833333333333332E-02
   0.1047777777777778     -3.2555555555555553E-02
   0.1056388888888889     -3.3027777777777781E-02
   0.1065000000000000     -3.2861111111111112E-02
   0.1072777777777778     -3.2638888888888891E-02
   0.1081388888888889     -3.2611111111111112E-02
   0.1091111111111111     -3.2555555555555553E-02
   0.1099444444444445     -3.2416666666666670E-02
   0.1104722222222222     -3.2194444444444442E-02
   0.1109166666666667     -3.1083333333333334E-02
   0.1112500000000000     -3.0750000000000000E-02
   0.1110000000000000     -3.1111111111111114E-02
   0.1100277777777778     -3.2472222222222222E-02
   0.1095000000000000     -3.2777777777777774E-02
   0.1088888888888889     -3.3055555555555553E-02
   0.1085277777777778     -3.3361111111111112E-02
   0.1087222222222222     -3.4111111111111113E-02
   0.1092222222222222     -3.4583333333333334E-02
   0.1094722222222222     -3.5138888888888893E-02
   0.1094722222222222     -3.5749999999999997E-02
   0.1089444444444445     -3.5861111111111107E-02
   0.1084166666666667     -3.6083333333333328E-02
   0.1083611111111111     -3.6611111111111115E-02
   0.1083611111111111     -3.7444444444444440E-02
   0.1084722222222222     -3.8388888888888889E-02
   0.1088611111111111     -3.9250000000000000E-02
   0.1091388888888889     -3.9944444444444442E-02
   0.1092500000000000     -4.0888888888888891E-02
   0.1093055555555556     -4.1694444444444444E-02
   0.1095277777777778     -4.2249999999999996E-02
   0.1095277777777778     -4.2805555555555555E-02
   0.1097500000000000     -4.3361111111111107E-02
   0.1099722222222222     -4.3861111111111108E-02
   0.1103611111111111     -4.4333333333333336E-02
   0.1108888888888889     -4.4444444444444446E-02
   0.1115555555555556     -4.3722222222222218E-02
   0.1118611111111111     -4.3249999999999997E-02
   0.1124444444444444     -4.2861111111111114E-02
   0.1132500000000000     -4.3027777777777776E-02
   0.1143055555555556     -4.2833333333333334E-02
   0.1150833333333333     -4.2861111111111114E-02
   0.1155833333333333     -4.2805555555555555E-02
   0.1163888888888889     -4.2583333333333334E-02
   0.1170000000000000     -4.2083333333333334E-02
   0.1179722222222222     -4.1388888888888892E-02
   0.1183611111111111     -4.0416666666666670E-02
   0.1187777777777778     -3.9388888888888890E-02
   0.1189166666666667     -3.8666666666666662E-02
   0.1188888888888889     -3.7611111111111116E-02
   0.1187777777777778     -3.6722222222222226E-02
   0.1185000000000000     -3.5416666666666666E-02
   0.1183888888888889     -3.4166666666666665E-02
   0.1183888888888889     -3.3444444444444443E-02
   0.1182777777777778     -3.2944444444444443E-02
   0.1180833333333333     -3.3472222222222223E-02
   0.1183611111111111     -3.4111111111111113E-02
   0.1188055555555556     -3.4694444444444444E-02
   0.1193611111111111     -3.5333333333333335E-02
   0.1199166666666667     -3.5749999999999997E-02
   0.1207777777777778     -3.5944444444444446E-02
   0.1216944444444445     -3.5972222222222218E-02
   0.1228333333333333     -3.5805555555555556E-02
   0.1239166666666667     -3.5416666666666666E-02
   0.1250000000000000     -3.4777777777777776E-02
   0.1257500000000000     -3.4222222222222223E-02
   0.1265000000000000     -3.3694444444444444E-02
   0.1271666666666667     -3.3000000000000002E-02
   0.1276944444444444     -3.2527777777777780E-02
   0.1280555555555556     -3.2166666666666663E-02
   0.1282222222222222     -3.2000000000000001E-02
   0.1286944444444444     -3.1500000000000000E-02
   0.1284722222222222     -3.2000000000000001E-02
   0.1280000000000000     -3.2611111111111112E-02
   0.1275833333333333     -3.3277777777777774E-02
   0.1274444444444444     -3.4027777777777782E-02
   0.1273888888888889     -3.4944444444444445E-02
   0.1275277777777778     -3.5694444444444445E-02
   0.1275000000000000     -3.6277777777777777E-02
   0.1275833333333333     -3.6944444444444446E-02
   0.1276111111111111     -3.7500000000000006E-02
   0.1274722222222222     -3.8083333333333330E-02
   0.1273333333333333     -3.8611111111111117E-02
   0.1270555555555556     -3.9194444444444448E-02
   0.1270555555555556     -3.9388888888888890E-02
   0.1275277777777778     -3.9444444444444442E-02
   0.1277222222222222     -3.9444444444444442E-02
   0.1281111111111111     -4.0083333333333332E-02
   0.1282500000000000     -4.0250000000000001E-02
   0.1288333333333333     -4.0555555555555553E-02
   0.1297777777777778     -4.0638888888888891E-02
   0.1308055555555555     -4.0222222222222222E-02
   0.1315277777777778     -3.9638888888888890E-02
   0.1323055555555556     -3.8833333333333338E-02
   0.1327222222222222     -3.7944444444444447E-02
   0.1331666666666667     -3.7083333333333329E-02
   0.1337777777777778     -3.6055555555555556E-02
   0.1344444444444444     -3.5055555555555555E-02
   0.1350833333333333     -3.4166666666666665E-02
   0.1353055555555556     -3.3666666666666664E-02
   0.1354444444444445     -3.2805555555555560E-02
   0.1353055555555556     -3.2750000000000001E-02
   0.1349444444444444     -3.3277777777777774E-02
   0.1348055555555555     -3.3722222222222223E-02
   0.1345277777777778     -3.4416666666666665E-02
   0.1343333333333333     -3.4944444444444445E-02
   0.1341388888888889     -3.5500000000000004E-02
   0.1346944444444444     -3.5749999999999997E-02
   0.1359166666666667     -3.6111111111111115E-02
   0.1370000000000000     -3.6277777777777777E-02
   0.1381111111111111     -3.6361111111111108E-02
   0.1389166666666667     -3.6527777777777777E-02
   0.1401944444444444     -3.6527777777777777E-02
   0.1414444444444444     -3.6722222222222226E-02
   0.1416388888888889     -3.6555555555555556E-02
   0.1417777777777778     -3.6222222222222225E-02
   0.1418055555555556     -3.5916666666666666E-02
   0.1420555555555555     -3.5361111111111114E-02
   0.1433333333333333     -3.5166666666666666E-02
   0.1440833333333333     -3.5027777777777783E-02
   0.1449166666666667     -3.5777777777777776E-02
   0.1468888888888889     -3.6027777777777777E-02
   0.1486388888888889     -3.6083333333333328E-02
   0.1505555555555556     -3.5500000000000004E-02
   0.1518055555555556     -3.5250000000000004E-02
   0.1528333333333333     -3.5027777777777783E-02
   0.1540555555555556     -3.4944444444444445E-02
   0.1555555555555556     -3.5000000000000003E-02
   0.1571111111111111     -3.5361111111111114E-02
   0.1584444444444444     -3.5500000000000004E-02
   0.1600277777777778     -3.5527777777777776E-02
   0.1618333333333333     -3.6527777777777777E-02
   0.1632500000000000     -3.6638888888888888E-02
   0.1651388888888889     -3.6916666666666667E-02
   0.1657222222222222     -3.7000000000000005E-02
