   4.3083333333333335E-02  2.0583333333333332E-02
   4.2527777777777782E-02  2.0805555555555556E-02
   4.2138888888888885E-02  2.0805555555555556E-02
   4.1249999999999995E-02  2.0805555555555556E-02
   4.0500000000000001E-02  2.0722222222222222E-02
   3.9611111111111111E-02  2.0583333333333332E-02
   3.9361111111111111E-02  2.0555555555555556E-02
   3.8861111111111110E-02  2.0555555555555556E-02
   3.8138888888888889E-02  2.0305555555555556E-02
   3.7694444444444447E-02  2.0277777777777777E-02
   3.7472222222222219E-02  2.0250000000000001E-02
   3.6388888888888887E-02  1.9777777777777776E-02
   3.6000000000000004E-02  1.9694444444444445E-02
   3.5055555555555555E-02  1.9250000000000000E-02
   3.4333333333333334E-02  1.8833333333333334E-02
   3.3777777777777775E-02  1.8527777777777778E-02
   3.3361111111111112E-02  1.8277777777777778E-02
   3.2916666666666670E-02  1.8166666666666668E-02
   3.2333333333333332E-02  1.8055555555555557E-02
   3.1777777777777773E-02  1.7972222222222223E-02
   3.1472222222222221E-02  1.7888888888888888E-02
   3.1166666666666662E-02  1.7805555555555557E-02
   3.0555555555555558E-02  1.7638888888888888E-02
   2.9888888888888892E-02  1.7444444444444443E-02
   2.9305555555555553E-02  1.7361111111111112E-02
   2.8888888888888891E-02  1.7222222222222222E-02
   2.8527777777777777E-02  1.7000000000000001E-02
   2.8027777777777776E-02  1.6833333333333332E-02
   2.7111111111111110E-02  1.6666666666666666E-02
   2.6416666666666665E-02  1.6472222222222221E-02
   2.5833333333333333E-02  1.6333333333333332E-02
   2.5055555555555557E-02  1.6250000000000001E-02
   2.4555555555555556E-02  1.6194444444444442E-02
   2.4166666666666666E-02  1.6138888888888887E-02
   2.3694444444444445E-02  1.6027777777777776E-02
   2.2722222222222220E-02  1.5944444444444442E-02
   2.2250000000000002E-02  1.5861111111111111E-02
   2.1444444444444447E-02  1.5722222222222221E-02
   2.0888888888888887E-02  1.5527777777777779E-02
   2.0305555555555556E-02  1.5305555555555557E-02
   1.9583333333333331E-02  1.5083333333333334E-02
   1.8555555555555558E-02  1.4555555555555556E-02
   1.7944444444444443E-02  1.4416666666666668E-02
   1.7250000000000001E-02  1.4194444444444445E-02
   1.6805555555555556E-02  1.3972222222222223E-02
   1.6416666666666666E-02  1.3777777777777778E-02
   1.5611111111111112E-02  1.3388888888888888E-02
   1.4666666666666668E-02  1.3138888888888887E-02
   1.3972222222222223E-02  1.3555555555555555E-02
   1.3111111111111110E-02  1.3555555555555555E-02
   1.2166666666666666E-02  1.3305555555555555E-02
   1.1527777777777777E-02  1.3000000000000001E-02
   1.0972222222222223E-02  1.2666666666666666E-02
   1.0000000000000000E-02  1.2138888888888888E-02
   8.8333333333333337E-03  1.1888888888888888E-02
   7.7222222222222232E-03  1.1666666666666665E-02
   6.8888888888888888E-03  1.1388888888888888E-02
   6.3611111111111117E-03  1.1166666666666667E-02
   5.6944444444444438E-03  1.0972222222222223E-02
   4.9722222222222216E-03  1.0722222222222223E-02
   4.3055555555555555E-03  1.0444444444444444E-02
   3.4166666666666668E-03  9.9444444444444433E-03
   2.6944444444444446E-03  8.7777777777777784E-03
   2.0000000000000000E-03  8.3611111111111108E-03
   9.4444444444444448E-04  7.8888888888888880E-03
   2.5000000000000001E-04  7.4722222222222230E-03
  -1.0277777777777776E-03  7.0555555555555554E-03
  -1.7777777777777779E-03  6.7777777777777775E-03
  -2.5000000000000001E-03  6.8055555555555551E-03
  -3.0833333333333333E-03  6.6111111111111110E-03
  -3.7777777777777779E-03  6.1944444444444443E-03
  -4.6944444444444447E-03  5.6388888888888895E-03
  -5.2777777777777779E-03  5.1111111111111114E-03
  -6.4166666666666669E-03  4.3611111111111107E-03
  -7.0833333333333338E-03  3.7777777777777779E-03
  -8.5833333333333334E-03  3.1666666666666666E-03
  -9.3888888888888893E-03  2.5833333333333333E-03
  -1.0833333333333334E-02  1.4722222222222222E-03
  -1.1388888888888888E-02  5.8333333333333338E-04
  -1.2111111111111111E-02 -4.1666666666666664E-04
  -1.2666666666666666E-02 -1.2500000000000000E-03
  -1.3277777777777777E-02 -6.1111111111111110E-04
  -1.3833333333333333E-02 -1.6111111111111111E-03
  -1.4250000000000001E-02 -2.5277777777777777E-03
  -1.4805555555555556E-02 -3.3333333333333331E-03
  -1.5277777777777779E-02 -4.1111111111111105E-03
  -1.5750000000000000E-02 -4.8611111111111112E-03
  -1.6111111111111111E-02 -5.4444444444444445E-03
  -1.6416666666666666E-02 -6.0833333333333330E-03
  -1.6722222222222222E-02 -6.8055555555555551E-03
  -1.7055555555555556E-02 -7.6944444444444447E-03
  -1.7138888888888888E-02 -8.0833333333333330E-03
  -1.7222222222222222E-02 -8.5555555555555558E-03
  -1.7250000000000001E-02 -9.0277777777777787E-03
  -1.7250000000000001E-02 -9.6666666666666654E-03
  -1.7138888888888888E-02 -1.0000000000000000E-02
  -1.6888888888888887E-02 -1.0444444444444444E-02
  -1.6500000000000001E-02 -1.0944444444444444E-02
  -1.6083333333333331E-02 -1.1416666666666665E-02
  -1.5555555555555557E-02 -1.1916666666666666E-02
  -1.5083333333333334E-02 -1.2166666666666666E-02
  -1.4527777777777778E-02 -1.2555555555555556E-02
  -1.3861111111111111E-02 -1.3055555555555555E-02
  -1.3583333333333333E-02 -1.3527777777777777E-02
  -1.3111111111111110E-02 -1.3944444444444445E-02
  -1.2555555555555556E-02 -1.4361111111111111E-02
  -1.2194444444444445E-02 -1.4666666666666668E-02
  -1.1666666666666665E-02 -1.5222222222222224E-02
  -1.1277777777777779E-02 -1.5472222222222224E-02
  -1.0722222222222223E-02 -1.5833333333333331E-02
  -9.9166666666666656E-03 -1.6388888888888887E-02
  -9.4166666666666669E-03 -1.6750000000000001E-02
  -8.7777777777777784E-03 -1.7166666666666667E-02
  -8.3888888888888884E-03 -1.7388888888888888E-02
  -7.7222222222222232E-03 -1.7333333333333333E-02
  -6.8888888888888888E-03 -1.7527777777777778E-02
  -5.7222222222222223E-03 -1.7888888888888888E-02
  -5.1388888888888890E-03 -1.8055555555555557E-02
  -4.3888888888888892E-03 -1.8250000000000002E-02
  -3.3888888888888888E-03 -1.8555555555555558E-02
  -3.0555555555555557E-03 -1.8694444444444444E-02
  -2.7500000000000003E-03 -1.8833333333333334E-02
  -2.1111111111111109E-03 -1.9638888888888886E-02
  -1.3611111111111111E-03 -1.9972222222222221E-02
  -3.6111111111111109E-04 -2.0222222222222221E-02
   5.5555555555555556E-04 -2.0527777777777777E-02
   1.1388888888888889E-03 -2.0638888888888887E-02
   1.8888888888888890E-03 -2.0750000000000001E-02
   2.7500000000000003E-03 -2.0972222222222222E-02
   3.3333333333333331E-03 -2.1000000000000001E-02
   4.0555555555555553E-03 -2.1305555555555557E-02
   4.8611111111111112E-03 -2.1638888888888888E-02
   5.7222222222222223E-03 -2.1861111111111112E-02
   6.8055555555555551E-03 -2.2138888888888889E-02
   7.5555555555555558E-03 -2.2277777777777778E-02
   8.8611111111111113E-03 -2.2583333333333330E-02
   1.0083333333333333E-02 -2.2805555555555555E-02
   1.0888888888888889E-02 -2.2944444444444444E-02
   1.1833333333333333E-02 -2.3166666666666665E-02
   1.2638888888888889E-02 -2.3388888888888890E-02
   1.3555555555555555E-02 -2.3722222222222221E-02
   1.4500000000000001E-02 -2.3583333333333331E-02
   1.5305555555555557E-02 -2.3500000000000000E-02
   1.5666666666666666E-02 -2.3555555555555555E-02
   1.7027777777777777E-02 -2.3805555555555555E-02
   1.8833333333333334E-02 -2.4111111111111111E-02
   2.0111111111111111E-02 -2.4888888888888891E-02
   2.0611111111111111E-02 -2.4944444444444446E-02
   2.1805555555555557E-02 -2.5055555555555557E-02
   2.2416666666666668E-02 -2.5055555555555557E-02
   2.3166666666666665E-02 -2.5111111111111112E-02
   2.4416666666666666E-02 -2.5444444444444447E-02
   2.5000000000000001E-02 -2.5472222222222222E-02
   2.5861111111111112E-02 -2.5583333333333333E-02
   2.7194444444444445E-02 -2.5805555555555557E-02
   2.8222222222222221E-02 -2.5861111111111112E-02
   2.8916666666666663E-02 -2.5944444444444447E-02
   3.0416666666666665E-02 -2.6416666666666665E-02
   3.1527777777777780E-02 -2.6583333333333334E-02
   3.3555555555555554E-02 -2.6611111111111110E-02
   3.4666666666666665E-02 -2.6611111111111110E-02
   3.6361111111111108E-02 -2.6861111111111110E-02
   3.7500000000000006E-02 -2.7000000000000000E-02
   3.8694444444444448E-02 -2.7111111111111110E-02
   4.0055555555555553E-02 -2.7277777777777776E-02
   4.1277777777777774E-02 -2.7444444444444445E-02
   4.2777777777777776E-02 -2.7500000000000000E-02
   4.4249999999999998E-02 -2.7583333333333335E-02
   4.5666666666666668E-02 -2.7833333333333335E-02
   4.7166666666666662E-02 -2.8000000000000001E-02
   4.8749999999999995E-02 -2.8166666666666666E-02
   5.0611111111111114E-02 -2.8249999999999997E-02
   5.1833333333333335E-02 -2.8388888888888891E-02
   5.3333333333333330E-02 -2.8555555555555556E-02
   5.4972222222222228E-02 -2.8555555555555556E-02
   5.5944444444444436E-02 -2.8472222222222218E-02
   5.7055555555555554E-02 -2.8444444444444446E-02
   5.8194444444444451E-02 -2.8583333333333332E-02
   5.9444444444444446E-02 -2.8666666666666667E-02
   6.1638888888888882E-02 -2.8888888888888891E-02
   6.2000000000000006E-02 -2.8888888888888891E-02
   6.3388888888888884E-02 -2.9083333333333333E-02
   6.5388888888888885E-02 -2.9305555555555553E-02
   6.6722222222222224E-02 -2.9472222222222219E-02
   6.8277777777777784E-02 -2.9500000000000002E-02
   6.9555555555555551E-02 -2.8916666666666663E-02
   7.0722222222222228E-02 -2.8749999999999998E-02
   7.2666666666666671E-02 -2.8833333333333336E-02
   7.3555555555555555E-02 -2.8805555555555553E-02
   7.5111111111111101E-02 -2.8749999999999998E-02
   7.6111111111111115E-02 -2.9555555555555557E-02
   7.6805555555555557E-02 -2.9638888888888888E-02
   7.7444444444444455E-02 -2.9944444444444447E-02
   7.8055555555555559E-02 -3.0083333333333333E-02
   7.8805555555555545E-02 -3.0111111111111113E-02
   7.9111111111111104E-02 -3.0027777777777778E-02
   8.0027777777777781E-02 -3.0083333333333333E-02
   8.0444444444444443E-02 -3.0194444444444444E-02
   8.1222222222222223E-02 -3.0249999999999999E-02
   8.2138888888888886E-02 -3.0249999999999999E-02
   8.3194444444444446E-02 -3.0277777777777778E-02
   8.4194444444444447E-02 -3.0333333333333337E-02
   8.4944444444444434E-02 -3.0361111111111110E-02
   8.6555555555555552E-02 -2.9638888888888888E-02
   8.7694444444444450E-02 -2.9777777777777778E-02
   8.9361111111111113E-02 -2.9944444444444447E-02
   9.1027777777777777E-02 -3.0083333333333333E-02
   9.3277777777777779E-02 -3.0222222222222223E-02
   9.4138888888888897E-02 -3.0222222222222223E-02
   9.4944444444444442E-02 -3.0277777777777778E-02
   9.5722222222222222E-02 -3.0249999999999999E-02
   9.6111111111111105E-02 -3.0305555555555554E-02
   9.6722222222222223E-02 -3.0611111111111113E-02
   9.7638888888888886E-02 -3.1055555555555552E-02
   9.9305555555555564E-02 -3.1833333333333332E-02
   0.1005833333333333     -3.1861111111111111E-02
   0.1020000000000000     -3.1861111111111111E-02
   0.1034166666666667     -3.0972222222222220E-02
   0.1051388888888889     -3.0972222222222220E-02
   0.1065555555555556     -3.1055555555555552E-02
   0.1078055555555556     -3.1055555555555552E-02
   0.1091388888888889     -3.1138888888888890E-02
   0.1108888888888889     -3.1194444444444445E-02
   0.1119166666666667     -3.1194444444444445E-02
   0.1128611111111111     -3.1194444444444445E-02
   0.1133055555555555     -3.1250000000000000E-02
   0.1137500000000000     -3.1444444444444448E-02
   0.1143888888888889     -3.1555555555555559E-02
   0.1150833333333333     -3.1583333333333331E-02
   0.1160277777777778     -3.1472222222222221E-02
   0.1166944444444444     -3.1388888888888883E-02
   0.1172500000000000     -3.1361111111111110E-02
   0.1177222222222222     -3.1388888888888883E-02
   0.1180833333333333     -3.1638888888888890E-02
   0.1186944444444444     -3.2000000000000001E-02
   0.1190277777777778     -3.2194444444444442E-02
   0.1199166666666667     -3.2416666666666670E-02
   0.1202777777777778     -3.2527777777777780E-02
   0.1206111111111111     -3.2527777777777780E-02
   0.1216111111111111     -3.2805555555555560E-02
   0.1226388888888889     -3.2888888888888884E-02
   0.1236388888888889     -3.2861111111111112E-02
   0.1245833333333333     -3.2750000000000001E-02
   0.1252500000000000     -3.2583333333333332E-02
   0.1255833333333333     -3.2361111111111111E-02
   0.1258333333333334     -3.2333333333333332E-02
   0.1263055555555556     -3.2333333333333332E-02
   0.1271111111111111     -3.2388888888888884E-02
   0.1276666666666667     -3.2388888888888884E-02
   0.1285277777777778     -3.2388888888888884E-02
   0.1293888888888889     -3.2361111111111111E-02
   0.1300833333333333     -3.2444444444444442E-02
   0.1304166666666667     -3.2527777777777780E-02
   0.1309722222222222     -3.2583333333333332E-02
   0.1315000000000000     -3.2611111111111112E-02
   0.1327500000000000     -3.2611111111111112E-02
   0.1340833333333333     -3.2777777777777774E-02
   0.1360277777777778     -3.2916666666666670E-02
   0.1371111111111111     -3.3583333333333333E-02
   0.1385277777777778     -3.3583333333333333E-02
   0.1394444444444444     -3.3555555555555554E-02
   0.1407777777777778     -3.3527777777777781E-02
   0.1420555555555555     -3.3805555555555561E-02
   0.1435277777777778     -3.3083333333333333E-02
   0.1444166666666667     -3.3083333333333333E-02
   0.1454166666666667     -3.3055555555555553E-02
   0.1459722222222222     -3.3222222222222222E-02
   0.1469166666666667     -3.3305555555555560E-02
   0.1475833333333333     -3.3222222222222222E-02
   0.1483055555555556     -3.3222222222222222E-02
   0.1488611111111111     -3.3222222222222222E-02
   0.1497777777777778     -3.3222222222222222E-02
   0.1505000000000000     -3.3194444444444443E-02
   0.1513888888888889     -3.3444444444444443E-02
   0.1522500000000000     -3.3666666666666664E-02
   0.1543611111111111     -3.4305555555555554E-02
   0.1547222222222222     -3.4305555555555554E-02
   0.1556944444444445     -3.4444444444444444E-02
   0.1568611111111111     -3.4500000000000003E-02
   0.1578333333333334     -3.4500000000000003E-02
   0.1588333333333333     -3.4583333333333334E-02
   0.1604722222222222     -3.4138888888888892E-02
   0.1618611111111111     -3.4138888888888892E-02
   0.1623055555555556     -3.4138888888888892E-02
   0.1629444444444444     -3.3833333333333333E-02
   0.1633611111111111     -3.3611111111111112E-02
   0.1639444444444444     -3.3416666666666671E-02
   0.1644166666666667     -3.3527777777777781E-02
   0.1653055555555555     -3.3972222222222223E-02
   0.1663055555555556     -3.4138888888888892E-02
   0.1670833333333333     -3.4111111111111113E-02
   0.1688333333333333     -3.4194444444444444E-02
   0.1704444444444445     -3.4972222222222217E-02
   0.1714722222222222     -3.5000000000000003E-02
   0.1728055555555555     -3.5055555555555555E-02
   0.1743055555555556     -3.5055555555555555E-02
   0.1753055555555555     -3.4861111111111107E-02
   0.1755833333333333     -3.4666666666666665E-02
   0.1765000000000000     -3.4166666666666665E-02
   0.1770000000000000     -3.4388888888888886E-02
   0.1775277777777778     -3.4722222222222224E-02
   0.1781944444444444     -3.4805555555555562E-02
   0.1789166666666667     -3.4805555555555562E-02
   0.1795555555555556     -3.4694444444444444E-02
   0.1802777777777778     -3.4611111111111113E-02
   0.1811666666666667     -3.4638888888888886E-02
   0.1821944444444444     -3.4638888888888886E-02
   0.1832777777777778     -3.4666666666666665E-02
   0.1845000000000000     -3.4638888888888886E-02
   0.1848055555555556     -3.4638888888888886E-02
   0.1853611111111111     -3.4638888888888886E-02
   0.1861388888888889     -3.4749999999999996E-02
   0.1875000000000000     -3.5833333333333335E-02
   0.1881388888888889     -3.6000000000000004E-02
   0.1895555555555556     -3.6055555555555556E-02
   0.1908611111111111     -3.6083333333333328E-02
   0.1927222222222222     -3.6027777777777777E-02
   0.1949722222222222     -3.5944444444444446E-02
   0.1962777777777778     -3.5972222222222218E-02
   0.1974444444444444     -3.6055555555555556E-02
   0.1985555555555555     -3.6333333333333336E-02
   0.1997777777777778     -3.6388888888888887E-02
   0.2009722222222222     -3.6305555555555556E-02
   0.2020000000000000     -3.6166666666666666E-02
   0.2026944444444444     -3.6111111111111115E-02
   0.2030277777777778     -3.6083333333333328E-02
   0.2036666666666667     -3.5472222222222224E-02
   0.2044166666666667     -3.5472222222222224E-02
   0.2055555555555556     -3.5444444444444445E-02
   0.2065833333333333     -3.5444444444444445E-02
   0.2069444444444445     -3.5444444444444445E-02
   0.2086666666666667     -3.5472222222222224E-02
   0.2102222222222222     -3.6333333333333336E-02
   0.2114166666666667     -3.6333333333333336E-02
   0.2125277777777778     -3.6333333333333336E-02
   0.2133055555555556     -3.6361111111111108E-02
   0.2141388888888889     -3.6472222222222218E-02
   0.2151111111111111     -3.6472222222222218E-02
   0.2173333333333333     -3.6444444444444446E-02
   0.2180833333333333     -3.6444444444444446E-02
   0.2194722222222222     -3.6444444444444446E-02
   0.2200833333333333     -3.6444444444444446E-02
   0.2206666666666667     -3.5777777777777776E-02
   0.2216666666666667     -3.5805555555555556E-02
   0.2225833333333333     -3.5944444444444446E-02
   0.2243611111111111     -3.6000000000000004E-02
   0.2264722222222222     -3.6749999999999998E-02
   0.2278333333333333     -3.6888888888888888E-02
   0.2287777777777778     -3.6944444444444446E-02
   0.2304166666666667     -3.7111111111111116E-02
   0.2316111111111111     -3.7111111111111116E-02
   0.2335277777777778     -3.7166666666666667E-02
   0.2348055555555555     -3.7166666666666667E-02
   0.2356666666666667     -3.7138888888888888E-02
   0.2368888888888889     -3.7138888888888888E-02
   0.2383611111111111     -3.6277777777777777E-02
   0.2393611111111111     -3.6277777777777777E-02
   0.2406111111111111     -3.6194444444444446E-02
   0.2413888888888889     -3.6194444444444446E-02
   0.2426111111111111     -3.7027777777777778E-02
   0.2444444444444445     -3.7249999999999998E-02
   0.2450000000000000     -3.7222222222222226E-02
   0.2456666666666666     -3.7222222222222226E-02
   0.2461944444444444     -3.7249999999999998E-02
