   1.1944444444444444E-03  2.8333333333333331E-03
   8.8888888888888893E-04  2.6666666666666666E-03
   3.0555555555555555E-04  2.3888888888888887E-03
  -1.1111111111111112E-04  2.1388888888888890E-03
  -4.7222222222222224E-04  2.1388888888888890E-03
  -9.4444444444444448E-04  2.1666666666666666E-03
  -1.2500000000000000E-03  2.3611111111111111E-03
  -1.5555555555555557E-03  2.5833333333333333E-03
  -2.0277777777777777E-03  2.8055555555555559E-03
  -2.4166666666666664E-03  2.9166666666666664E-03
  -3.0833333333333333E-03  3.1111111111111114E-03
  -3.8055555555555559E-03  3.1111111111111114E-03
  -4.4166666666666668E-03  2.8333333333333331E-03
  -4.9722222222222216E-03  2.2500000000000003E-03
  -5.3333333333333332E-03  1.8611111111111111E-03
  -5.6111111111111119E-03  1.3333333333333333E-03
  -5.7499999999999999E-03  6.6666666666666664E-04
  -5.3333333333333332E-03 -8.3333333333333331E-05
  -5.0000000000000001E-03 -5.5555555555555556E-04
  -4.7777777777777775E-03 -9.4444444444444448E-04
  -4.6111111111111110E-03 -1.5277777777777779E-03
  -4.3333333333333331E-03 -2.0833333333333333E-03
  -4.0000000000000001E-03 -2.5555555555555557E-03
  -4.0000000000000001E-03 -2.8611111111111111E-03
  -4.0277777777777777E-03 -3.3333333333333331E-03
  -3.8888888888888892E-03 -3.8611111111111116E-03
  -3.6944444444444446E-03 -4.2500000000000003E-03
  -3.5277777777777777E-03 -4.8055555555555551E-03
  -3.5000000000000001E-03 -5.3055555555555555E-03
  -3.4444444444444444E-03 -6.1666666666666667E-03
  -3.2222222222222222E-03 -6.9444444444444441E-03
  -2.7222222222222222E-03 -8.0000000000000002E-03
  -2.5000000000000001E-03 -8.4444444444444437E-03
  -2.0833333333333333E-03 -9.1388888888888891E-03
  -1.6666666666666666E-03 -9.6388888888888878E-03
  -1.1388888888888889E-03 -1.0000000000000000E-02
  -7.5000000000000002E-04 -1.0583333333333333E-02
  -2.2222222222222223E-04 -1.1166666666666667E-02
   3.0555555555555555E-04 -1.1611111111111110E-02
   7.7777777777777784E-04 -1.2000000000000000E-02
   1.1388888888888889E-03 -1.2388888888888889E-02
   1.5277777777777779E-03 -1.2805555555555556E-02
   1.9166666666666668E-03 -1.3250000000000000E-02
   2.6388888888888890E-03 -1.3916666666666667E-02
   3.3611111111111112E-03 -1.4472222222222223E-02
   4.0833333333333329E-03 -1.5000000000000001E-02
   4.8888888888888888E-03 -1.5555555555555557E-02
   5.5555555555555558E-03 -1.6111111111111111E-02
   6.1666666666666667E-03 -1.6750000000000001E-02
   6.7222222222222223E-03 -1.7277777777777777E-02
   7.3888888888888893E-03 -1.7777777777777778E-02
   8.2777777777777780E-03 -1.8250000000000002E-02
   9.2222222222222219E-03 -1.8500000000000003E-02
   9.7222222222222224E-03 -1.8694444444444444E-02
   1.0722222222222223E-02 -1.8388888888888889E-02
   1.1083333333333334E-02 -1.8666666666666668E-02
   1.1500000000000000E-02 -1.9222222222222220E-02
   1.1694444444444445E-02 -1.9555555555555555E-02
   1.2138888888888888E-02 -2.0277777777777777E-02
   1.2583333333333334E-02 -2.0861111111111112E-02
   1.2916666666666667E-02 -2.1333333333333333E-02
   1.3222222222222222E-02 -2.1611111111111112E-02
   1.3777777777777778E-02 -2.1888888888888888E-02
   1.4694444444444446E-02 -2.2222222222222223E-02
   1.5694444444444441E-02 -2.2277777777777778E-02
   1.6527777777777777E-02 -2.2638888888888889E-02
   1.7138888888888888E-02 -2.2638888888888889E-02
   1.8194444444444444E-02 -2.2527777777777779E-02
   1.8666666666666668E-02 -2.2277777777777778E-02
   1.9111111111111110E-02 -2.1888888888888888E-02
   1.9444444444444445E-02 -2.1472222222222222E-02
   2.0611111111111111E-02 -2.1638888888888888E-02
   2.1666666666666667E-02 -2.1888888888888888E-02
   2.2388888888888889E-02 -2.1638888888888888E-02
   2.3083333333333331E-02 -2.1916666666666668E-02
   2.3527777777777776E-02 -2.2194444444444447E-02
   2.4000000000000000E-02 -2.2611111111111110E-02
   2.4527777777777777E-02 -2.2777777777777775E-02
   2.5222222222222222E-02 -2.2972222222222220E-02
   2.6000000000000002E-02 -2.3027777777777775E-02
   2.6833333333333334E-02 -2.3027777777777775E-02
   2.7305555555555555E-02 -2.3055555555555555E-02
   2.7833333333333335E-02 -2.3166666666666665E-02
   2.8555555555555556E-02 -2.3277777777777776E-02
   2.9222222222222222E-02 -2.3416666666666665E-02
   2.9777777777777778E-02 -2.3611111111111110E-02
   3.0111111111111113E-02 -2.3833333333333331E-02
   3.0500000000000003E-02 -2.4194444444444446E-02
   3.0805555555555555E-02 -2.4555555555555556E-02
   3.1138888888888890E-02 -2.4888888888888891E-02
   3.1472222222222221E-02 -2.5166666666666667E-02
   3.1861111111111111E-02 -2.5361111111111112E-02
   3.2527777777777780E-02 -2.5416666666666667E-02
   3.3305555555555560E-02 -2.5972222222222223E-02
   3.3861111111111113E-02 -2.6000000000000002E-02
   3.4472222222222224E-02 -2.5944444444444447E-02
   3.5222222222222224E-02 -2.5638888888888892E-02
   3.5444444444444445E-02 -2.5416666666666667E-02
   3.5444444444444445E-02 -2.5388888888888891E-02
   3.6055555555555556E-02 -2.5333333333333333E-02
   3.6916666666666667E-02 -2.5472222222222222E-02
   3.7638888888888888E-02 -2.5555555555555557E-02
   3.8500000000000006E-02 -2.5694444444444447E-02
   3.9444444444444442E-02 -2.5222222222222222E-02
   3.9888888888888890E-02 -2.5277777777777777E-02
   4.0416666666666670E-02 -2.5638888888888892E-02
   4.0666666666666663E-02 -2.6111111111111109E-02
   4.1166666666666664E-02 -2.6472222222222220E-02
   4.1777777777777775E-02 -2.6861111111111110E-02
   4.2277777777777775E-02 -2.7138888888888889E-02
   4.2944444444444445E-02 -2.7333333333333334E-02
   4.3888888888888894E-02 -2.7333333333333334E-02
   4.4416666666666667E-02 -2.7055555555555555E-02
   4.4861111111111109E-02 -2.6833333333333334E-02
   4.5444444444444447E-02 -2.6749999999999999E-02
   4.6333333333333337E-02 -2.6777777777777775E-02
   4.7277777777777780E-02 -2.6749999999999999E-02
   4.8194444444444443E-02 -2.6777777777777775E-02
   4.9138888888888892E-02 -2.6777777777777775E-02
   5.0472222222222224E-02 -2.7333333333333334E-02
   5.1944444444444446E-02 -2.7444444444444445E-02
   5.2888888888888888E-02 -2.7611111111111111E-02
   5.3694444444444447E-02 -2.7666666666666666E-02
   5.4472222222222220E-02 -2.7777777777777776E-02
   5.5138888888888883E-02 -2.7833333333333335E-02
   5.5944444444444436E-02 -2.7472222222222221E-02
   5.6944444444444436E-02 -2.7638888888888890E-02
   5.7638888888888892E-02 -2.7694444444444445E-02
   5.8194444444444451E-02 -2.7527777777777776E-02
   5.8555555555555555E-02 -2.7277777777777776E-02
   5.9444444444444446E-02 -2.7305555555555555E-02
   6.0249999999999998E-02 -2.7416666666666666E-02
   6.0944444444444440E-02 -2.7444444444444445E-02
   6.1444444444444447E-02 -2.7472222222222221E-02
   6.1916666666666668E-02 -2.7527777777777776E-02
   6.2472222222222228E-02 -2.8055555555555556E-02
   6.2861111111111104E-02 -2.8388888888888891E-02
   6.3444444444444442E-02 -2.8666666666666667E-02
   6.4027777777777781E-02 -2.8833333333333336E-02
   6.4916666666666678E-02 -2.8833333333333336E-02
   6.5527777777777782E-02 -2.8638888888888887E-02
   6.6027777777777769E-02 -2.8444444444444446E-02
   6.6666666666666666E-02 -2.8944444444444446E-02
   6.7722222222222225E-02 -2.9083333333333333E-02
   6.8222222222222226E-02 -2.9166666666666667E-02
   6.9166666666666668E-02 -2.9194444444444443E-02
   7.0166666666666655E-02 -2.9472222222222219E-02
   7.1249999999999994E-02 -2.9555555555555557E-02
   7.1861111111111098E-02 -2.9472222222222219E-02
   7.2638888888888892E-02 -2.9305555555555553E-02
   7.3638888888888879E-02 -2.9277777777777778E-02
   7.4416666666666673E-02 -2.9194444444444443E-02
   7.5305555555555556E-02 -2.9166666666666667E-02
   7.6361111111111116E-02 -2.9166666666666667E-02
   7.7888888888888896E-02 -2.9500000000000002E-02
   7.8861111111111104E-02 -2.9277777777777778E-02
   7.9444444444444443E-02 -2.9305555555555553E-02
   8.0527777777777781E-02 -2.9333333333333336E-02
   8.1527777777777782E-02 -2.9361111111111109E-02
   8.2583333333333328E-02 -2.9444444444444447E-02
   8.4055555555555550E-02 -2.9472222222222219E-02
   8.5027777777777772E-02 -2.9444444444444447E-02
   8.5722222222222214E-02 -2.9361111111111109E-02
   8.6416666666666669E-02 -2.9361111111111109E-02
   8.7083333333333332E-02 -2.9361111111111109E-02
   8.7749999999999995E-02 -2.9555555555555557E-02
   8.8388888888888892E-02 -2.9666666666666668E-02
   8.9194444444444437E-02 -2.9194444444444443E-02
   9.0527777777777776E-02 -2.9222222222222222E-02
   9.1333333333333322E-02 -2.9222222222222222E-02
   9.2055555555555557E-02 -2.9111111111111112E-02
   9.3333333333333324E-02 -2.9055555555555557E-02
   9.4388888888888897E-02 -2.9611111111111112E-02
   9.5194444444444443E-02 -2.9666666666666668E-02
   9.6055555555555561E-02 -2.9805555555555554E-02
   9.7000000000000003E-02 -2.9972222222222220E-02
   9.7916666666666666E-02 -2.9972222222222220E-02
   9.8833333333333329E-02 -3.0027777777777778E-02
   9.9777777777777785E-02 -3.0055555555555558E-02
   0.1009444444444444     -2.9555555555555557E-02
   0.1020555555555556     -2.9666666666666668E-02
   0.1029166666666667     -2.9805555555555554E-02
   0.1035833333333333     -2.9861111111111109E-02
   0.1042222222222222     -3.0111111111111113E-02
   0.1059444444444445     -3.0750000000000000E-02
   0.1066944444444445     -3.0777777777777779E-02
   0.1083333333333333     -3.0833333333333338E-02
   0.1087500000000000     -3.0833333333333338E-02
   0.1098055555555555     -3.0861111111111110E-02
   0.1106944444444444     -3.0861111111111110E-02
   0.1113888888888889     -3.0861111111111110E-02
   0.1123611111111111     -3.0833333333333338E-02
   0.1133055555555555     -3.0833333333333338E-02
   0.1146111111111111     -3.0888888888888893E-02
   0.1157222222222222     -3.1000000000000003E-02
   0.1162500000000000     -3.1055555555555552E-02
   0.1174722222222222     -3.0805555555555555E-02
   0.1185833333333333     -3.0833333333333338E-02
   0.1194444444444444     -3.0861111111111110E-02
   0.1203611111111111     -3.0861111111111110E-02
   0.1218333333333333     -3.0916666666666665E-02
   0.1229166666666667     -3.1138888888888890E-02
   0.1242500000000000     -3.1166666666666662E-02
   0.1258333333333334     -3.1138888888888890E-02
   0.1269722222222222     -3.1138888888888890E-02
   0.1281388888888889     -3.1166666666666662E-02
   0.1290277777777778     -3.1194444444444445E-02
   0.1303888888888889     -3.1222222222222224E-02
   0.1315000000000000     -3.1277777777777772E-02
   0.1318055555555556     -3.1361111111111110E-02
   0.1322777777777778     -3.1583333333333331E-02
   0.1333888888888889     -3.1833333333333332E-02
   0.1343055555555556     -3.1861111111111111E-02
   0.1351666666666667     -3.1833333333333332E-02
   0.1354722222222222     -3.1666666666666669E-02
   0.1361666666666667     -3.1555555555555559E-02
   0.1366944444444445     -3.1527777777777780E-02
   0.1371388888888889     -3.1416666666666669E-02
   0.1376944444444445     -3.1166666666666662E-02
   0.1386944444444445     -3.1166666666666662E-02
   0.1391388888888889     -3.1305555555555559E-02
   0.1409166666666667     -3.1972222222222221E-02
   0.1416944444444445     -3.2000000000000001E-02
   0.1421666666666667     -3.2000000000000001E-02
   0.1431111111111111     -3.2277777777777773E-02
   0.1445277777777778     -3.2277777777777773E-02
   0.1451666666666667     -3.2194444444444442E-02
   0.1454444444444444     -3.1916666666666670E-02
   0.1460277777777778     -3.1472222222222221E-02
   0.1464166666666667     -3.1444444444444448E-02
   0.1472222222222222     -3.1444444444444448E-02
   0.1482777777777778     -3.1666666666666669E-02
   0.1503888888888889     -3.2000000000000001E-02
   0.1511944444444444     -3.2083333333333332E-02
   0.1528611111111111     -3.2111111111111111E-02
   0.1537222222222222     -3.2138888888888890E-02
   0.1550833333333334     -3.2222222222222222E-02
   0.1576111111111111     -3.2472222222222222E-02
   0.1587222222222222     -3.2500000000000001E-02
   0.1592777777777778     -3.2527777777777780E-02
   0.1606944444444444     -3.2555555555555553E-02
   0.1627500000000000     -3.2083333333333332E-02
   0.1638055555555556     -3.2027777777777780E-02
   0.1650277777777778     -3.1972222222222221E-02
