   6.2500000000000003E-03  8.5277777777777782E-03
   5.8055555555555551E-03  8.2777777777777780E-03
   5.3333333333333332E-03  7.9166666666666656E-03
   4.5833333333333334E-03  7.4722222222222230E-03
   4.2777777777777779E-03  6.8611111111111112E-03
   3.6111111111111114E-03  6.3611111111111117E-03
   3.1666666666666666E-03  5.6666666666666662E-03
   2.7777777777777779E-03  4.9444444444444440E-03
   2.4166666666666664E-03  4.6111111111111110E-03
   1.9444444444444446E-03  4.6111111111111110E-03
   1.5555555555555557E-03  4.5555555555555557E-03
   9.7222222222222230E-04  4.4166666666666668E-03
   2.7777777777777778E-04  4.1666666666666666E-03
  -3.6111111111111109E-04  4.0000000000000001E-03
  -8.3333333333333328E-04  3.4444444444444444E-03
  -9.7222222222222230E-04  2.8333333333333331E-03
  -1.0833333333333333E-03  2.3888888888888887E-03
  -1.1666666666666668E-03  2.0000000000000000E-03
  -1.1666666666666668E-03  1.9722222222222220E-03
  -7.7777777777777784E-04  1.7777777777777779E-03
  -8.3333333333333328E-04  1.5555555555555557E-03
  -1.1666666666666668E-03  1.2222222222222222E-03
  -1.2222222222222222E-03  6.3888888888888893E-04
  -1.2500000000000000E-03  1.6666666666666666E-04
  -1.1666666666666668E-03 -2.5000000000000001E-04
  -9.7222222222222230E-04 -4.4444444444444447E-04
  -6.9444444444444447E-04 -6.6666666666666664E-04
  -1.0000000000000000E-03 -6.6666666666666664E-04
  -1.0833333333333333E-03 -8.3333333333333328E-04
  -1.3611111111111111E-03 -1.5833333333333333E-03
  -1.5833333333333333E-03 -2.2500000000000003E-03
  -1.6944444444444444E-03 -2.7222222222222222E-03
  -1.7500000000000000E-03 -3.1388888888888890E-03
  -1.8611111111111111E-03 -3.8055555555555559E-03
  -1.8611111111111111E-03 -4.1388888888888890E-03
  -1.7500000000000000E-03 -4.4166666666666668E-03
  -1.7500000000000000E-03 -5.0833333333333329E-03
  -1.7777777777777779E-03 -5.5277777777777782E-03
  -1.8333333333333335E-03 -5.9722222222222225E-03
  -1.7777777777777779E-03 -6.8611111111111112E-03
  -1.3333333333333333E-03 -7.6388888888888895E-03
  -1.0555555555555555E-03 -8.1944444444444434E-03
  -7.7777777777777784E-04 -8.5555555555555558E-03
  -1.9444444444444446E-04 -9.3333333333333341E-03
   3.0555555555555555E-04 -9.6111111111111102E-03
   5.0000000000000001E-04 -1.0027777777777778E-02
   9.4444444444444448E-04 -1.0805555555555556E-02
   1.3888888888888889E-03 -1.1361111111111110E-02
   2.0277777777777777E-03 -1.1888888888888888E-02
   2.3611111111111111E-03 -1.2972222222222224E-02
   2.6944444444444446E-03 -1.3333333333333332E-02
   3.0833333333333333E-03 -1.3833333333333333E-02
   3.5000000000000001E-03 -1.4222222222222223E-02
   3.9722222222222216E-03 -1.4694444444444446E-02
   4.6111111111111110E-03 -1.5277777777777779E-02
   5.0555555555555553E-03 -1.5527777777777779E-02
   5.5555555555555558E-03 -1.5888888888888886E-02
   5.8611111111111112E-03 -1.6194444444444442E-02
   6.3611111111111117E-03 -1.6527777777777777E-02
   6.8055555555555551E-03 -1.6805555555555556E-02
   7.4444444444444445E-03 -1.7083333333333332E-02
   8.2500000000000004E-03 -1.7361111111111112E-02
   8.7777777777777784E-03 -1.7555555555555557E-02
   8.8888888888888889E-03 -1.7583333333333333E-02
   9.2222222222222219E-03 -1.7916666666666668E-02
   9.5555555555555550E-03 -1.8222222222222223E-02
   1.0194444444444443E-02 -1.8500000000000003E-02
   1.1083333333333334E-02 -1.8805555555555558E-02
   1.1777777777777778E-02 -1.9027777777777779E-02
   1.2388888888888889E-02 -1.9222222222222220E-02
   1.2972222222222224E-02 -1.9416666666666665E-02
   1.3805555555555555E-02 -2.0166666666666666E-02
   1.4611111111111111E-02 -2.0555555555555556E-02
   1.5055555555555556E-02 -2.0777777777777777E-02
   1.5666666666666666E-02 -2.0888888888888887E-02
   1.6222222222222221E-02 -2.1083333333333332E-02
   1.6472222222222221E-02 -2.1305555555555557E-02
   1.6861111111111111E-02 -2.1694444444444447E-02
   1.7277777777777777E-02 -2.1972222222222223E-02
   1.7722222222222223E-02 -2.2250000000000002E-02
   1.8166666666666668E-02 -2.2305555555555558E-02
   1.8583333333333334E-02 -2.2333333333333334E-02
   1.8833333333333334E-02 -2.2111111111111113E-02
   1.9527777777777776E-02 -2.2333333333333334E-02
   2.0111111111111111E-02 -2.2500000000000003E-02
   2.1083333333333332E-02 -2.2500000000000003E-02
   2.2027777777777778E-02 -2.2500000000000003E-02
   2.3138888888888889E-02 -2.2666666666666665E-02
   2.3472222222222221E-02 -2.2805555555555555E-02
   2.4111111111111111E-02 -2.3194444444444445E-02
   2.4611111111111111E-02 -2.3638888888888890E-02
   2.5000000000000001E-02 -2.3944444444444445E-02
   2.5500000000000002E-02 -2.4250000000000001E-02
   2.6249999999999999E-02 -2.4444444444444446E-02
   2.7527777777777776E-02 -2.4472222222222222E-02
   2.8277777777777777E-02 -2.4138888888888890E-02
   2.9138888888888888E-02 -2.3666666666666666E-02
   2.9694444444444443E-02 -2.3916666666666666E-02
   3.0416666666666665E-02 -2.3916666666666666E-02
   3.1333333333333338E-02 -2.3972222222222221E-02
   3.2361111111111111E-02 -2.4222222222222221E-02
   3.2972222222222222E-02 -2.4277777777777777E-02
   3.3916666666666671E-02 -2.4388888888888891E-02
   3.4833333333333334E-02 -2.4500000000000001E-02
   3.5250000000000004E-02 -2.4444444444444446E-02
   3.5833333333333335E-02 -2.4361111111111111E-02
   3.6666666666666667E-02 -2.4666666666666667E-02
   3.7444444444444440E-02 -2.4944444444444446E-02
   3.8055555555555558E-02 -2.5083333333333332E-02
   3.8861111111111110E-02 -2.5250000000000002E-02
   3.9750000000000001E-02 -2.5444444444444447E-02
   4.0750000000000001E-02 -2.5555555555555557E-02
   4.1694444444444444E-02 -2.5805555555555557E-02
   4.2694444444444445E-02 -2.5916666666666668E-02
   4.3583333333333335E-02 -2.5944444444444447E-02
   4.4888888888888895E-02 -2.6083333333333333E-02
   4.6055555555555551E-02 -2.6277777777777775E-02
   4.7138888888888890E-02 -2.6361111111111109E-02
   4.8000000000000001E-02 -2.6472222222222220E-02
   4.9000000000000002E-02 -2.6555555555555554E-02
   4.9722222222222223E-02 -2.6583333333333334E-02
   5.0527777777777776E-02 -2.6638888888888889E-02
   5.1805555555555556E-02 -2.6833333333333334E-02
   5.2916666666666667E-02 -2.7000000000000000E-02
   5.3749999999999999E-02 -2.7000000000000000E-02
   5.4555555555555552E-02 -2.7111111111111110E-02
   5.5555555555555552E-02 -2.7277777777777776E-02
   5.6499999999999995E-02 -2.7305555555555555E-02
   5.7111111111111112E-02 -2.6972222222222220E-02
   5.7861111111111113E-02 -2.6249999999999999E-02
   5.8666666666666673E-02 -2.6194444444444444E-02
   5.9333333333333335E-02 -2.6444444444444444E-02
   6.0444444444444446E-02 -2.6694444444444444E-02
   6.1416666666666661E-02 -2.6749999999999999E-02
   6.2250000000000000E-02 -2.6833333333333334E-02
   6.3333333333333339E-02 -2.7000000000000000E-02
   6.4916666666666678E-02 -2.7777777777777776E-02
   6.6249999999999989E-02 -2.7861111111111107E-02
   6.6916666666666666E-02 -2.7722222222222221E-02
   6.7249999999999990E-02 -2.7277777777777776E-02
   6.7722222222222225E-02 -2.7111111111111110E-02
   6.8500000000000005E-02 -2.7138888888888889E-02
   6.9000000000000006E-02 -2.7250000000000000E-02
   6.9861111111111110E-02 -2.6888888888888889E-02
   7.0500000000000007E-02 -2.6888888888888889E-02
   7.1000000000000008E-02 -2.7305555555555555E-02
   7.1611111111111111E-02 -2.7583333333333335E-02
   7.2416666666666671E-02 -2.7833333333333335E-02
   7.3361111111111113E-02 -2.8055555555555556E-02
   7.4111111111111114E-02 -2.7916666666666663E-02
   7.4555555555555555E-02 -2.7611111111111111E-02
   7.5305555555555556E-02 -2.7666666666666666E-02
   7.5749999999999998E-02 -2.7694444444444445E-02
   7.6138888888888895E-02 -2.7972222222222218E-02
   7.6916666666666675E-02 -2.8222222222222221E-02
   7.7916666666666676E-02 -2.8277777777777777E-02
   7.8694444444444456E-02 -2.8305555555555553E-02
   7.9111111111111104E-02 -2.8305555555555553E-02
   7.9555555555555546E-02 -2.8555555555555556E-02
   8.0194444444444443E-02 -2.9333333333333336E-02
   8.1194444444444444E-02 -2.9416666666666664E-02
   8.2138888888888886E-02 -2.8333333333333335E-02
   8.2333333333333328E-02 -2.8222222222222221E-02
   8.3305555555555563E-02 -2.8583333333333332E-02
   8.4722222222222213E-02 -2.8777777777777777E-02
   8.6388888888888890E-02 -2.8416666666666663E-02
   8.7805555555555553E-02 -2.8527777777777777E-02
   8.8555555555555554E-02 -2.8666666666666667E-02
   8.9666666666666672E-02 -2.9000000000000001E-02
   9.1083333333333336E-02 -2.9249999999999998E-02
   9.1944444444444440E-02 -2.9388888888888891E-02
   9.2944444444444441E-02 -2.9416666666666664E-02
   9.3611111111111117E-02 -2.9388888888888891E-02
   9.4250000000000000E-02 -2.9416666666666664E-02
   9.5777777777777781E-02 -2.9416666666666664E-02
   9.7000000000000003E-02 -2.9972222222222220E-02
   9.7805555555555548E-02 -2.9555555555555557E-02
   9.8861111111111122E-02 -2.9527777777777778E-02
   0.1001111111111111     -2.9527777777777778E-02
   0.1006388888888889     -2.9916666666666664E-02
   0.1014722222222222     -3.0249999999999999E-02
   0.1023611111111111     -3.0472222222222220E-02
   0.1030833333333333     -2.9861111111111109E-02
   0.1036666666666667     -2.9861111111111109E-02
   0.1053055555555556     -3.0027777777777778E-02
   0.1064444444444444     -3.0111111111111113E-02
   0.1070000000000000     -2.9666666666666668E-02
   0.1076944444444444     -2.9111111111111112E-02
   0.1083611111111111     -2.9111111111111112E-02
   0.1093055555555556     -2.9166666666666667E-02
   0.1102222222222222     -2.9249999999999998E-02
   0.1111944444444444     -2.9333333333333336E-02
   0.1123611111111111     -2.9416666666666664E-02
   0.1141111111111111     -3.0194444444444444E-02
   0.1153888888888889     -3.0249999999999999E-02
   0.1163888888888889     -3.0249999999999999E-02
   0.1175277777777778     -3.0277777777777778E-02
   0.1180000000000000     -3.0611111111111113E-02
   0.1185277777777778     -3.1000000000000003E-02
   0.1194444444444444     -3.0944444444444448E-02
   0.1202500000000000     -3.0888888888888893E-02
   0.1206111111111111     -3.0583333333333334E-02
   0.1212222222222222     -3.0888888888888893E-02
   0.1219166666666667     -3.1055555555555552E-02
   0.1230277777777778     -3.1138888888888890E-02
   0.1247777777777778     -3.1833333333333332E-02
   0.1261388888888889     -3.1555555555555559E-02
   0.1268611111111111     -3.1305555555555559E-02
   0.1271944444444444     -3.0944444444444448E-02
   0.1284444444444444     -3.0916666666666665E-02
   0.1305277777777778     -3.0972222222222220E-02
   0.1314444444444444     -3.1138888888888890E-02
   0.1323611111111111     -3.1944444444444442E-02
   0.1335555555555555     -3.2055555555555552E-02
   0.1342777777777778     -3.2027777777777780E-02
   0.1356388888888889     -3.2055555555555552E-02
   0.1366111111111111     -3.1583333333333331E-02
   0.1372777777777778     -3.1777777777777773E-02
   0.1380000000000000     -3.1944444444444442E-02
   0.1385277777777778     -3.1972222222222221E-02
   0.1392222222222222     -3.1527777777777780E-02
   0.1400833333333333     -3.1527777777777780E-02
   0.1411666666666667     -3.2000000000000001E-02
   0.1423333333333333     -3.2277777777777773E-02
   0.1428055555555555     -3.2583333333333332E-02
   0.1440000000000000     -3.2888888888888884E-02
   0.1446944444444444     -3.2833333333333332E-02
   0.1450833333333333     -3.2666666666666663E-02
   0.1457222222222222     -3.2944444444444443E-02
   0.1464166666666667     -3.3083333333333333E-02
   0.1477500000000000     -3.2388888888888884E-02
   0.1485833333333333     -3.1972222222222221E-02
   0.1492500000000000     -3.1750000000000000E-02
   0.1502777777777778     -3.1777777777777773E-02
   0.1509722222222222     -3.2027777777777780E-02
   0.1516111111111111     -3.2194444444444442E-02
   0.1524722222222222     -3.2222222222222222E-02
   0.1532222222222222     -3.2611111111111112E-02
   0.1537777777777778     -3.2583333333333332E-02
   0.1544166666666667     -3.2611111111111112E-02
   0.1552222222222222     -3.2750000000000001E-02
   0.1557777777777778     -3.3111111111111112E-02
   0.1569166666666667     -3.3500000000000002E-02
   0.1577222222222222     -3.3500000000000002E-02
   0.1585000000000000     -3.2805555555555560E-02
   0.1591666666666667     -3.3250000000000002E-02
   0.1601388888888889     -3.3333333333333333E-02
   0.1605555555555556     -3.3111111111111112E-02
   0.1607777777777778     -3.2916666666666670E-02
   0.1616388888888889     -3.3055555555555553E-02
   0.1624166666666667     -3.3472222222222223E-02
   0.1632777777777778     -3.3805555555555561E-02
   0.1646388888888889     -3.3277777777777774E-02
   0.1653055555555555     -3.3000000000000002E-02
   0.1658611111111111     -3.2500000000000001E-02
   0.1661388888888889     -3.2194444444444442E-02
   0.1668333333333333     -3.2138888888888890E-02
   0.1680000000000000     -3.2277777777777773E-02
   0.1691388888888889     -3.2416666666666670E-02
   0.1701944444444444     -3.3027777777777781E-02
   0.1711666666666667     -3.3000000000000002E-02
   0.1725277777777778     -3.3166666666666664E-02
   0.1743055555555556     -3.3305555555555560E-02
   0.1755833333333333     -3.3500000000000002E-02
   0.1769444444444445     -3.3555555555555554E-02
   0.1776944444444445     -3.3555555555555554E-02
   0.1783611111111111     -3.3611111111111112E-02
   0.1794166666666667     -3.3638888888888892E-02
   0.1802500000000000     -3.3555555555555554E-02
   0.1814166666666667     -3.2805555555555560E-02
   0.1825555555555556     -3.2750000000000001E-02
   0.1834166666666667     -3.2777777777777774E-02
   0.1841944444444444     -3.2888888888888884E-02
   0.1843333333333333     -3.3444444444444443E-02
   0.1848055555555556     -3.3694444444444444E-02
   0.1855000000000000     -3.3861111111111113E-02
   0.1866944444444444     -3.4166666666666665E-02
   0.1870000000000000     -3.4138888888888892E-02
   0.1874166666666667     -3.3916666666666671E-02
   0.1883055555555556     -3.3888888888888885E-02
   0.1890555555555556     -3.4138888888888892E-02
   0.1895555555555556     -3.4500000000000003E-02
   0.1903055555555556     -3.4611111111111113E-02
   0.1909166666666667     -3.4361111111111113E-02
   0.1916388888888889     -3.3277777777777774E-02
   0.1931666666666667     -3.3277777777777774E-02
   0.1941111111111111     -3.3305555555555560E-02
   0.1960555555555555     -3.3361111111111112E-02
   0.1977500000000000     -3.3444444444444443E-02
   0.1995277777777778     -3.3472222222222223E-02
   0.2015277777777778     -3.3583333333333333E-02
   0.2030555555555555     -3.3555555555555554E-02
   0.2045833333333333     -3.4277777777777775E-02
   0.2054722222222222     -3.4500000000000003E-02
   0.2067222222222222     -3.4638888888888886E-02
   0.2080833333333333     -3.4472222222222224E-02
   0.2093055555555556     -3.3861111111111113E-02
   0.2109166666666667     -3.3833333333333333E-02
   0.2121111111111111     -3.3861111111111113E-02
   0.2137777777777778     -3.4000000000000002E-02
   0.2147777777777778     -3.4166666666666665E-02
   0.2156666666666667     -3.4472222222222224E-02
   0.2164166666666667     -3.4833333333333334E-02
   0.2173055555555556     -3.4944444444444445E-02
   0.2175277777777778     -3.4833333333333334E-02
   0.2185277777777778     -3.4777777777777776E-02
   0.2202500000000000     -3.5194444444444445E-02
   0.2220833333333333     -3.5194444444444445E-02
   0.2243333333333334     -3.5222222222222224E-02
   0.2258333333333334     -3.4833333333333334E-02
   0.2268888888888889     -3.4833333333333334E-02
   0.2275833333333333     -3.4611111111111113E-02
   0.2279444444444444     -3.4555555555555555E-02
   0.2303333333333333     -3.4416666666666665E-02
   0.2323333333333334     -3.4527777777777775E-02
   0.2339722222222222     -3.4722222222222224E-02
   0.2357222222222222     -3.4805555555555562E-02
   0.2368611111111111     -3.4722222222222224E-02
   0.2390833333333333     -3.4694444444444444E-02
   0.2405833333333333     -3.4694444444444444E-02
   0.2419722222222222     -3.4749999999999996E-02
   0.2430277777777778     -3.5138888888888893E-02
   0.2443611111111111     -3.5416666666666666E-02
   0.2447500000000000     -3.5000000000000003E-02
   0.2456388888888889     -3.4444444444444444E-02
