   5.1944444444444442E-03  7.0555555555555554E-03
   4.9444444444444440E-03  6.6388888888888886E-03
   4.4722222222222221E-03  6.2222222222222227E-03
   4.0555555555555553E-03  5.9722222222222225E-03
   3.6666666666666670E-03  5.3888888888888892E-03
   3.1111111111111114E-03  4.7222222222222223E-03
   2.6666666666666666E-03  4.2222222222222218E-03
   2.1944444444444446E-03  4.4166666666666668E-03
   1.7222222222222222E-03  4.5277777777777781E-03
   1.1111111111111111E-03  4.6111111111111110E-03
   4.7222222222222224E-04  4.6111111111111110E-03
  -4.1666666666666664E-04  4.4722222222222221E-03
  -9.7222222222222230E-04  4.0277777777777777E-03
  -1.3888888888888889E-03  3.6666666666666670E-03
  -1.5277777777777779E-03  3.0833333333333333E-03
  -1.6111111111111111E-03  2.5833333333333333E-03
  -1.5277777777777779E-03  1.9166666666666668E-03
  -1.5833333333333333E-03  1.6944444444444444E-03
  -1.9166666666666668E-03  1.1666666666666668E-03
  -2.1944444444444446E-03  5.5555555555555556E-04
  -2.3055555555555555E-03 -1.1111111111111112E-04
  -2.3333333333333335E-03 -6.6666666666666664E-04
  -2.2500000000000003E-03 -1.1666666666666668E-03
  -1.7777777777777779E-03 -1.7222222222222222E-03
  -1.3888888888888889E-03 -2.5833333333333333E-03
  -8.8888888888888893E-04 -2.6111111111111109E-03
  -3.8888888888888892E-04 -2.5555555555555557E-03
  -5.2777777777777773E-04 -2.9166666666666664E-03
  -1.0555555555555555E-03 -3.4444444444444444E-03
  -1.3333333333333333E-03 -3.8055555555555559E-03
  -1.5555555555555557E-03 -4.3611111111111107E-03
  -1.6944444444444444E-03 -4.8333333333333327E-03
  -1.5833333333333333E-03 -5.6388888888888895E-03
  -1.1111111111111111E-03 -6.0555555555555553E-03
  -1.0000000000000000E-03 -6.3055555555555556E-03
  -9.1666666666666676E-04 -6.8333333333333336E-03
  -9.1666666666666676E-04 -7.7777777777777784E-03
  -8.0555555555555556E-04 -8.3333333333333332E-03
  -6.9444444444444447E-04 -8.8611111111111113E-03
  -1.1111111111111112E-04 -9.0833333333333339E-03
   3.6111111111111109E-04 -9.3333333333333341E-03
   4.1666666666666664E-04 -9.3333333333333341E-03
   5.8333333333333338E-04 -1.0111111111111111E-02
   8.0555555555555556E-04 -1.0722222222222223E-02
   1.0555555555555555E-03 -1.1194444444444444E-02
   1.5555555555555557E-03 -1.1472222222222222E-02
   2.1111111111111109E-03 -1.2083333333333333E-02
   2.5277777777777777E-03 -1.2750000000000001E-02
   2.9722222222222220E-03 -1.3250000000000000E-02
   3.3333333333333331E-03 -1.3666666666666667E-02
   3.9444444444444440E-03 -1.3888888888888888E-02
   4.6111111111111110E-03 -1.4250000000000001E-02
   5.3055555555555555E-03 -1.4805555555555556E-02
   5.8333333333333327E-03 -1.5305555555555557E-02
   6.1388888888888890E-03 -1.5638888888888886E-02
   6.4166666666666669E-03 -1.6277777777777776E-02
   6.6944444444444438E-03 -1.6750000000000001E-02
   7.0277777777777778E-03 -1.6888888888888887E-02
   7.6944444444444447E-03 -1.7027777777777777E-02
   8.2222222222222210E-03 -1.7138888888888888E-02
   8.6944444444444439E-03 -1.7861111111111112E-02
   9.3611111111111117E-03 -1.8166666666666668E-02
   1.0027777777777778E-02 -1.8277777777777778E-02
   1.0638888888888889E-02 -1.8333333333333333E-02
   1.1027777777777779E-02 -1.8472222222222223E-02
   1.1472222222222222E-02 -1.8916666666666668E-02
   1.2111111111111111E-02 -1.9444444444444445E-02
   1.2611111111111111E-02 -1.9722222222222221E-02
   1.3138888888888887E-02 -1.9944444444444445E-02
   1.3527777777777777E-02 -2.0277777777777777E-02
   1.4000000000000000E-02 -2.0611111111111111E-02
   1.5083333333333334E-02 -2.0305555555555556E-02
   1.6055555555555556E-02 -2.0333333333333332E-02
   1.6583333333333332E-02 -2.0138888888888887E-02
   1.7277777777777777E-02 -2.0250000000000001E-02
   1.7888888888888888E-02 -2.0444444444444446E-02
   1.8583333333333334E-02 -2.0694444444444446E-02
   1.9027777777777779E-02 -2.0777777777777777E-02
   1.9722222222222221E-02 -2.1583333333333333E-02
   2.0527777777777777E-02 -2.2000000000000002E-02
   2.1083333333333332E-02 -2.2305555555555558E-02
   2.1722222222222223E-02 -2.2583333333333330E-02
   2.2416666666666668E-02 -2.2694444444444444E-02
   2.2861111111111110E-02 -2.2694444444444444E-02
   2.3361111111111110E-02 -2.2638888888888889E-02
   2.3611111111111110E-02 -2.2722222222222220E-02
   2.4250000000000001E-02 -2.2833333333333330E-02
   2.4694444444444446E-02 -2.2888888888888889E-02
   2.5277777777777777E-02 -2.2888888888888889E-02
   2.5833333333333333E-02 -2.3000000000000000E-02
   2.6222222222222220E-02 -2.3055555555555555E-02
   2.6944444444444444E-02 -2.3222222222222220E-02
   2.7472222222222221E-02 -2.3694444444444445E-02
   2.8333333333333335E-02 -2.4305555555555556E-02
   2.8666666666666667E-02 -2.4722222222222222E-02
   2.9083333333333333E-02 -2.5138888888888891E-02
   2.9611111111111112E-02 -2.5416666666666667E-02
   3.0388888888888892E-02 -2.5555555555555557E-02
   3.1333333333333338E-02 -2.4972222222222222E-02
   3.1916666666666670E-02 -2.4694444444444446E-02
   3.2638888888888891E-02 -2.4333333333333332E-02
   3.3083333333333333E-02 -2.4138888888888890E-02
   3.3444444444444443E-02 -2.3888888888888890E-02
   3.3750000000000002E-02 -2.4027777777777776E-02
   3.4166666666666665E-02 -2.4222222222222221E-02
   3.4555555555555555E-02 -2.4333333333333332E-02
   3.5166666666666666E-02 -2.4055555555555556E-02
   3.5472222222222224E-02 -2.3916666666666666E-02
   3.6111111111111115E-02 -2.4111111111111111E-02
   3.6666666666666667E-02 -2.4833333333333332E-02
   3.7388888888888888E-02 -2.4972222222222222E-02
   3.7916666666666668E-02 -2.5000000000000001E-02
   3.8500000000000006E-02 -2.5000000000000001E-02
   3.8777777777777772E-02 -2.5222222222222222E-02
   3.9111111111111110E-02 -2.5361111111111112E-02
   3.9583333333333331E-02 -2.5500000000000002E-02
   4.0138888888888891E-02 -2.5444444444444447E-02
   4.0666666666666663E-02 -2.5222222222222222E-02
   4.1333333333333333E-02 -2.5166666666666667E-02
   4.2000000000000003E-02 -2.5277777777777777E-02
   4.3083333333333335E-02 -2.5527777777777778E-02
   4.3916666666666666E-02 -2.5666666666666667E-02
   4.4583333333333336E-02 -2.5750000000000002E-02
   4.5361111111111109E-02 -2.5861111111111112E-02
   4.6333333333333337E-02 -2.6027777777777778E-02
   4.7194444444444442E-02 -2.6416666666666665E-02
   4.8138888888888891E-02 -2.6805555555555555E-02
   4.9305555555555554E-02 -2.6805555555555555E-02
   4.9861111111111106E-02 -2.6749999999999999E-02
   5.0638888888888886E-02 -2.6527777777777775E-02
   5.1361111111111107E-02 -2.6583333333333334E-02
   5.2027777777777777E-02 -2.6833333333333334E-02
   5.2694444444444447E-02 -2.6638888888888889E-02
   5.3222222222222219E-02 -2.6638888888888889E-02
   5.3888888888888889E-02 -2.6777777777777775E-02
   5.4694444444444441E-02 -2.6861111111111110E-02
   5.5777777777777780E-02 -2.6916666666666665E-02
   5.7138888888888885E-02 -2.7111111111111110E-02
   5.8194444444444451E-02 -2.7000000000000000E-02
   5.8861111111111107E-02 -2.6611111111111110E-02
   5.9583333333333335E-02 -2.6638888888888889E-02
   6.0555555555555557E-02 -2.6916666666666665E-02
   6.1194444444444440E-02 -2.7138888888888889E-02
   6.2555555555555545E-02 -2.7277777777777776E-02
   6.3305555555555559E-02 -2.7250000000000000E-02
   6.3777777777777767E-02 -2.7083333333333334E-02
   6.4472222222222222E-02 -2.7333333333333334E-02
   6.5250000000000002E-02 -2.7583333333333335E-02
   6.5555555555555547E-02 -2.7750000000000000E-02
   6.6555555555555548E-02 -2.8027777777777776E-02
   6.7194444444444446E-02 -2.8027777777777776E-02
   6.7694444444444446E-02 -2.7722222222222221E-02
   6.8527777777777785E-02 -2.7805555555555552E-02
   6.9277777777777771E-02 -2.7888888888888890E-02
   6.9972222222222227E-02 -2.7666666666666666E-02
   7.0444444444444448E-02 -2.7027777777777776E-02
   7.0944444444444449E-02 -2.6749999999999999E-02
   7.1583333333333332E-02 -2.6749999999999999E-02
   7.2194444444444450E-02 -2.6749999999999999E-02
   7.2527777777777774E-02 -2.7138888888888889E-02
   7.2805555555555554E-02 -2.7500000000000000E-02
   7.3916666666666672E-02 -2.7805555555555552E-02
   7.4527777777777776E-02 -2.7861111111111107E-02
   7.5166666666666659E-02 -2.7694444444444445E-02
   7.5305555555555556E-02 -2.7111111111111110E-02
   7.5888888888888895E-02 -2.7027777777777776E-02
   7.6666666666666661E-02 -2.7055555555555555E-02
   7.7277777777777779E-02 -2.7277777777777776E-02
   7.7861111111111103E-02 -2.7694444444444445E-02
   7.8277777777777779E-02 -2.7861111111111107E-02
   7.8888888888888883E-02 -2.8138888888888887E-02
   7.9750000000000001E-02 -2.8083333333333332E-02
   8.0416666666666664E-02 -2.7916666666666663E-02
   8.1277777777777782E-02 -2.8444444444444446E-02
   8.2305555555555562E-02 -2.8500000000000001E-02
   8.2944444444444432E-02 -2.8694444444444443E-02
   8.3888888888888888E-02 -2.8861111111111108E-02
   8.4611111111111109E-02 -2.8833333333333336E-02
   8.5416666666666669E-02 -2.8583333333333332E-02
   8.5944444444444434E-02 -2.8305555555555553E-02
   8.6583333333333332E-02 -2.7750000000000000E-02
   8.7555555555555553E-02 -2.7777777777777776E-02
   9.0861111111111115E-02 -2.7944444444444445E-02
   9.2583333333333337E-02 -2.8055555555555556E-02
   9.3666666666666662E-02 -2.8111111111111111E-02
   9.4583333333333339E-02 -2.8166666666666666E-02
   9.5444444444444443E-02 -2.8194444444444442E-02
   9.6527777777777782E-02 -2.8305555555555553E-02
   9.7638888888888886E-02 -2.9222222222222222E-02
   9.8333333333333328E-02 -2.9416666666666664E-02
   9.8916666666666667E-02 -2.9527777777777778E-02
   9.9861111111111109E-02 -2.9583333333333333E-02
   0.1005833333333333     -2.9527777777777778E-02
   0.1013055555555556     -2.9305555555555553E-02
   0.1021388888888889     -2.9166666666666667E-02
   0.1029166666666667     -2.9194444444444443E-02
   0.1041666666666667     -2.8666666666666667E-02
   0.1048888888888889     -2.8777777777777777E-02
   0.1061666666666667     -2.9055555555555557E-02
   0.1069444444444445     -2.9361111111111109E-02
   0.1080555555555556     -2.9666666666666668E-02
   0.1087777777777778     -2.9944444444444447E-02
   0.1098055555555555     -3.0083333333333333E-02
   0.1104166666666667     -2.9777777777777778E-02
   0.1109166666666667     -2.9500000000000002E-02
   0.1115555555555556     -2.9500000000000002E-02
   0.1125833333333333     -2.9500000000000002E-02
   0.1142222222222222     -2.9638888888888888E-02
   0.1155000000000000     -2.9722222222222223E-02
   0.1170277777777778     -2.9805555555555554E-02
   0.1186111111111111     -2.9972222222222220E-02
   0.1195000000000000     -3.0111111111111113E-02
   0.1203888888888889     -2.9666666666666668E-02
   0.1206666666666667     -2.9916666666666664E-02
   0.1215000000000000     -3.0222222222222223E-02
   0.1224444444444445     -3.0333333333333337E-02
   0.1227222222222222     -3.0500000000000003E-02
   0.1239444444444444     -3.0694444444444444E-02
   0.1246666666666666     -3.0833333333333338E-02
   0.1255277777777778     -3.1111111111111114E-02
   0.1261388888888889     -3.0750000000000000E-02
   0.1273333333333333     -3.0722222222222224E-02
   0.1286111111111111     -3.0777777777777779E-02
   0.1300000000000000     -3.0888888888888893E-02
   0.1316388888888889     -3.1000000000000003E-02
   0.1324166666666667     -3.1166666666666662E-02
   0.1331944444444444     -3.1388888888888883E-02
   0.1342222222222222     -3.1555555555555559E-02
   0.1350000000000000     -3.1500000000000000E-02
   0.1352777777777778     -3.1361111111111110E-02
   0.1360555555555555     -3.1250000000000000E-02
   0.1367500000000000     -3.0722222222222224E-02
   0.1371111111111111     -3.1277777777777772E-02
   0.1375555555555555     -3.1527777777777780E-02
   0.1381111111111111     -3.1583333333333331E-02
   0.1390000000000000     -3.1194444444444445E-02
   0.1397222222222222     -3.1083333333333334E-02
   0.1404444444444445     -3.1333333333333338E-02
   0.1409722222222222     -3.1583333333333331E-02
   0.1420277777777778     -3.2222222222222222E-02
   0.1424166666666667     -3.2166666666666663E-02
   0.1428888888888889     -3.1611111111111111E-02
   0.1431666666666667     -3.1444444444444448E-02
   0.1443055555555556     -3.1611111111111111E-02
   0.1454166666666667     -3.1638888888888890E-02
   0.1462222222222222     -3.1805555555555559E-02
   0.1470555555555556     -3.1916666666666670E-02
   0.1475833333333333     -3.1416666666666669E-02
   0.1491111111111111     -3.1666666666666669E-02
   0.1500833333333333     -3.1722222222222221E-02
   0.1507777777777778     -3.1777777777777773E-02
   0.1513888888888889     -3.1888888888888883E-02
   0.1523055555555556     -3.1972222222222221E-02
   0.1526666666666667     -3.1611111111111111E-02
   0.1531944444444444     -3.1888888888888883E-02
   0.1542777777777778     -3.2000000000000001E-02
   0.1553333333333333     -3.2222222222222222E-02
   0.1562500000000000     -3.2333333333333332E-02
   0.1572500000000000     -3.2527777777777780E-02
   0.1578055555555556     -3.2694444444444443E-02
   0.1584166666666667     -3.3055555555555553E-02
   0.1593333333333333     -3.3222222222222222E-02
   0.1599722222222222     -3.3027777777777781E-02
   0.1604166666666667     -3.2750000000000001E-02
   0.1610555555555556     -3.2777777777777774E-02
   0.1626944444444444     -3.2805555555555560E-02
   0.1642222222222222     -3.2694444444444443E-02
   0.1651111111111111     -3.2500000000000001E-02
   0.1662777777777778     -3.2611111111111112E-02
   0.1679444444444445     -3.2722222222222222E-02
   0.1695277777777778     -3.2777777777777774E-02
   0.1706666666666667     -3.3500000000000002E-02
   0.1719444444444445     -3.3527777777777781E-02
   0.1728055555555555     -3.3555555555555554E-02
   0.1746666666666667     -3.3611111111111112E-02
   0.1760833333333333     -3.3666666666666664E-02
   0.1773888888888889     -3.3666666666666664E-02
   0.1800277777777778     -3.3750000000000002E-02
   0.1806944444444444     -3.3750000000000002E-02
   0.1821666666666667     -3.3083333333333333E-02
   0.1836666666666667     -3.3111111111111112E-02
   0.1851944444444444     -3.3305555555555560E-02
   0.1866388888888889     -3.3361111111111112E-02
   0.1887222222222222     -3.4083333333333334E-02
   0.1905000000000000     -3.4194444444444444E-02
   0.1929166666666667     -3.3777777777777775E-02
   0.1941666666666667     -3.3861111111111113E-02
   0.1956388888888889     -3.4083333333333334E-02
   0.1969444444444444     -3.4222222222222223E-02
   0.1989166666666667     -3.4333333333333334E-02
   0.2005555555555555     -3.4361111111111113E-02
   0.2019722222222222     -3.4416666666666665E-02
   0.2031111111111111     -3.4500000000000003E-02
   0.2035000000000000     -3.4583333333333334E-02
   0.2047777777777778     -3.5305555555555555E-02
   0.2053888888888889     -3.4888888888888886E-02
   0.2060833333333333     -3.4861111111111107E-02
   0.2070555555555555     -3.4416666666666665E-02
   0.2077777777777778     -3.4277777777777775E-02
   0.2091666666666667     -3.3666666666666664E-02
   0.2099722222222222     -3.3916666666666671E-02
   0.2113055555555556     -3.4222222222222223E-02
   0.2127500000000000     -3.4305555555555554E-02
   0.2137222222222222     -3.4277777777777775E-02
   0.2148888888888889     -3.4194444444444444E-02
   0.2162777777777778     -3.4500000000000003E-02
   0.2172500000000000     -3.4722222222222224E-02
   0.2181111111111111     -3.4916666666666672E-02
   0.2191666666666666     -3.4972222222222217E-02
   0.2207777777777778     -3.5583333333333335E-02
   0.2219166666666667     -3.5611111111111114E-02
   0.2233611111111111     -3.5638888888888887E-02
   0.2257222222222222     -3.5083333333333327E-02
   0.2266666666666667     -3.5083333333333327E-02
   0.2281388888888889     -3.5138888888888893E-02
   0.2301944444444445     -3.5277777777777776E-02
   0.2328888888888889     -3.5388888888888886E-02
   0.2342222222222222     -3.5416666666666666E-02
   0.2367222222222222     -3.5444444444444445E-02
   0.2382222222222222     -3.5416666666666666E-02
   0.2395833333333333     -3.5472222222222224E-02
   0.2405277777777778     -3.5805555555555556E-02
   0.2412500000000000     -3.5972222222222218E-02
   0.2425000000000000     -3.5833333333333335E-02
   0.2433888888888889     -3.5472222222222224E-02
   0.2446666666666667     -3.5555555555555556E-02
   0.2458611111111111     -3.5638888888888887E-02
   0.2467777777777778     -3.5666666666666666E-02
   0.2476388888888889     -3.5500000000000004E-02
   0.2478611111111111     -3.4722222222222224E-02
