   8.9444444444444441E-03  1.0027777777777778E-02
   8.4444444444444437E-03  9.9444444444444433E-03
   7.8611111111111104E-03  9.6944444444444430E-03
   7.5277777777777782E-03  9.5000000000000015E-03
   6.9444444444444441E-03  9.1388888888888891E-03
   6.3888888888888893E-03  8.6666666666666663E-03
   5.8888888888888888E-03  8.3055555555555556E-03
   5.1666666666666666E-03  7.7500000000000008E-03
   4.5555555555555557E-03  7.2500000000000004E-03
   3.9722222222222216E-03  6.7777777777777775E-03
   3.6111111111111114E-03  6.4166666666666669E-03
   3.1388888888888890E-03  6.1944444444444443E-03
   2.5555555555555557E-03  5.8611111111111112E-03
   2.0000000000000000E-03  5.5277777777777782E-03
   1.8055555555555557E-03  5.7777777777777775E-03
   1.4722222222222222E-03  6.0833333333333330E-03
   1.0277777777777776E-03  6.4722222222222230E-03
   7.5000000000000002E-04  6.7777777777777775E-03
   3.8888888888888892E-04  7.0277777777777778E-03
   8.3333333333333331E-05  7.1388888888888891E-03
  -4.7222222222222224E-04  7.2222222222222228E-03
  -1.1944444444444444E-03  7.2500000000000004E-03
  -1.6666666666666666E-03  7.1944444444444443E-03
  -2.3611111111111111E-03  7.0277777777777778E-03
  -2.7777777777777779E-03  6.8333333333333336E-03
  -3.1944444444444446E-03  6.2777777777777780E-03
  -3.4722222222222220E-03  5.5000000000000005E-03
  -3.7500000000000003E-03  4.4722222222222221E-03
  -3.8333333333333336E-03  4.1944444444444442E-03
  -3.5000000000000001E-03  3.7500000000000003E-03
  -3.3888888888888888E-03  3.3611111111111112E-03
  -3.4722222222222220E-03  2.8611111111111111E-03
  -3.6388888888888890E-03  2.5000000000000001E-03
  -3.6944444444444446E-03  2.0833333333333333E-03
  -3.6944444444444446E-03  1.7222222222222222E-03
  -3.8055555555555559E-03  1.2222222222222222E-03
  -4.0000000000000001E-03  8.3333333333333328E-04
  -4.1944444444444442E-03  5.8333333333333338E-04
  -4.5000000000000005E-03  1.1111111111111112E-04
  -4.7222222222222223E-03 -2.2222222222222223E-04
  -4.5277777777777781E-03 -7.7777777777777784E-04
  -4.7222222222222223E-03 -1.5833333333333333E-03
  -4.7777777777777775E-03 -2.5277777777777777E-03
  -4.8055555555555551E-03 -3.3611111111111112E-03
  -4.8611111111111112E-03 -4.5555555555555557E-03
  -5.0000000000000001E-03 -5.3055555555555555E-03
  -5.1388888888888890E-03 -5.9166666666666664E-03
  -5.1666666666666666E-03 -7.0277777777777778E-03
  -4.8055555555555551E-03 -7.4166666666666669E-03
  -4.6944444444444447E-03 -7.8333333333333328E-03
  -4.5277777777777781E-03 -8.5000000000000006E-03
  -4.3333333333333331E-03 -9.1111111111111115E-03
  -4.2500000000000003E-03 -9.6388888888888878E-03
  -3.8611111111111116E-03 -1.0000000000000000E-02
  -3.2500000000000003E-03 -1.0305555555555556E-02
  -2.8333333333333331E-03 -1.0194444444444443E-02
  -2.6111111111111109E-03 -1.1055555555555556E-02
  -2.2500000000000003E-03 -1.1750000000000000E-02
  -1.5833333333333333E-03 -1.2583333333333334E-02
  -8.8888888888888893E-04 -1.3083333333333332E-02
  -3.8888888888888892E-04 -1.3388888888888888E-02
   8.3333333333333331E-05 -1.3750000000000000E-02
   4.1666666666666664E-04 -1.4416666666666668E-02
   6.6666666666666664E-04 -1.4805555555555556E-02
   1.1111111111111111E-03 -1.5305555555555557E-02
   1.6111111111111111E-03 -1.5833333333333331E-02
   2.1666666666666666E-03 -1.6361111111111111E-02
   2.5000000000000001E-03 -1.6416666666666666E-02
   3.0555555555555557E-03 -1.6527777777777777E-02
   3.5000000000000001E-03 -1.7111111111111112E-02
   3.8055555555555559E-03 -1.7611111111111112E-02
   4.2500000000000003E-03 -1.8055555555555557E-02
   4.8888888888888888E-03 -1.8194444444444444E-02
   5.9722222222222225E-03 -1.8333333333333333E-02
   6.5833333333333334E-03 -1.8527777777777778E-02
   6.7222222222222223E-03 -1.8638888888888889E-02
   7.2222222222222228E-03 -1.9138888888888886E-02
   7.4166666666666669E-03 -1.9527777777777776E-02
   7.8055555555555560E-03 -2.0083333333333332E-02
   8.1944444444444434E-03 -2.0555555555555556E-02
   8.8055555555555561E-03 -2.1250000000000002E-02
   9.2777777777777789E-03 -2.1500000000000002E-02
   1.0277777777777778E-02 -2.1833333333333333E-02
   1.0833333333333334E-02 -2.1750000000000002E-02
   1.1194444444444444E-02 -2.1472222222222222E-02
   1.1333333333333332E-02 -2.1333333333333333E-02
   1.1972222222222223E-02 -2.1611111111111112E-02
   1.2583333333333334E-02 -2.1722222222222223E-02
   1.3361111111111110E-02 -2.2111111111111113E-02
   1.4416666666666668E-02 -2.2222222222222223E-02
   1.5444444444444446E-02 -2.2250000000000002E-02
   1.5638888888888886E-02 -2.2305555555555558E-02
   1.6555555555555556E-02 -2.2527777777777779E-02
   1.8027777777777778E-02 -2.2888888888888889E-02
   1.8861111111111113E-02 -2.2888888888888889E-02
   1.9583333333333331E-02 -2.2777777777777775E-02
   1.9861111111111111E-02 -2.3138888888888889E-02
   2.0416666666666666E-02 -2.3666666666666666E-02
   2.1166666666666667E-02 -2.4388888888888891E-02
   2.1472222222222222E-02 -2.4777777777777777E-02
   2.1944444444444447E-02 -2.5000000000000001E-02
   2.2916666666666665E-02 -2.5333333333333333E-02
   2.3555555555555555E-02 -2.5250000000000002E-02
   2.4083333333333332E-02 -2.4888888888888891E-02
   2.4583333333333332E-02 -2.4527777777777777E-02
   2.5222222222222222E-02 -2.4694444444444446E-02
   2.5916666666666668E-02 -2.4916666666666667E-02
   2.6805555555555555E-02 -2.5111111111111112E-02
   2.7583333333333335E-02 -2.5194444444444446E-02
   2.8555555555555556E-02 -2.5111111111111112E-02
   2.9361111111111109E-02 -2.4861111111111112E-02
   3.0361111111111110E-02 -2.4611111111111111E-02
   3.0888888888888893E-02 -2.4555555555555556E-02
   3.1611111111111111E-02 -2.4583333333333332E-02
   3.2222222222222222E-02 -2.4805555555555556E-02
   3.2833333333333332E-02 -2.4916666666666667E-02
   3.3500000000000002E-02 -2.5055555555555557E-02
   3.4416666666666665E-02 -2.5222222222222222E-02
   3.4694444444444444E-02 -2.5277777777777777E-02
   3.5388888888888886E-02 -2.5583333333333333E-02
   3.6138888888888887E-02 -2.5777777777777778E-02
   3.6805555555555557E-02 -2.5861111111111112E-02
   3.7416666666666668E-02 -2.6055555555555554E-02
   3.7805555555555558E-02 -2.6194444444444444E-02
   3.8472222222222220E-02 -2.6361111111111109E-02
   3.9416666666666669E-02 -2.6361111111111109E-02
   4.0000000000000001E-02 -2.6166666666666664E-02
   4.0666666666666663E-02 -2.5916666666666668E-02
   4.1277777777777774E-02 -2.5611111111111112E-02
   4.1944444444444444E-02 -2.5722222222222223E-02
   4.2611111111111113E-02 -2.5833333333333333E-02
   4.3111111111111114E-02 -2.5861111111111112E-02
   4.3416666666666666E-02 -2.6166666666666664E-02
   4.3777777777777777E-02 -2.6499999999999999E-02
   4.4638888888888888E-02 -2.6638888888888889E-02
   4.5388888888888888E-02 -2.6666666666666665E-02
   4.6000000000000006E-02 -2.6666666666666665E-02
   4.6611111111111110E-02 -2.6694444444444444E-02
   4.7250000000000000E-02 -2.6861111111111110E-02
   4.7972222222222222E-02 -2.6972222222222220E-02
   4.8194444444444443E-02 -2.7027777777777776E-02
   4.8888888888888891E-02 -2.7194444444444445E-02
   4.9777777777777782E-02 -2.7250000000000000E-02
   5.0749999999999997E-02 -2.7194444444444445E-02
   5.1111111111111107E-02 -2.7083333333333334E-02
   5.2111111111111108E-02 -2.7055555555555555E-02
   5.2611111111111115E-02 -2.6888888888888889E-02
   5.3166666666666668E-02 -2.6833333333333334E-02
   5.3888888888888889E-02 -2.6861111111111110E-02
   5.4500000000000000E-02 -2.7083333333333334E-02
   5.5194444444444449E-02 -2.7361111111111110E-02
   5.5750000000000001E-02 -2.7750000000000000E-02
   5.6138888888888884E-02 -2.7916666666666663E-02
   5.6527777777777781E-02 -2.8055555555555556E-02
   5.7361111111111113E-02 -2.8083333333333332E-02
   5.7861111111111113E-02 -2.7722222222222221E-02
   5.8305555555555562E-02 -2.7388888888888890E-02
   5.8861111111111107E-02 -2.7222222222222221E-02
   5.9416666666666673E-02 -2.7250000000000000E-02
   6.0361111111111115E-02 -2.7666666666666666E-02
   6.0916666666666668E-02 -2.8083333333333332E-02
   6.1194444444444440E-02 -2.8305555555555553E-02
   6.1611111111111110E-02 -2.8694444444444443E-02
   6.2138888888888889E-02 -2.9000000000000001E-02
   6.2888888888888897E-02 -2.9166666666666667E-02
   6.3416666666666663E-02 -2.8777777777777777E-02
   6.3694444444444442E-02 -2.8527777777777777E-02
   6.4027777777777781E-02 -2.8388888888888891E-02
   6.4527777777777781E-02 -2.8361111111111108E-02
   6.5222222222222223E-02 -2.8249999999999997E-02
   6.5694444444444444E-02 -2.8083333333333332E-02
   6.6111111111111107E-02 -2.8083333333333332E-02
   6.6666666666666666E-02 -2.8111111111111111E-02
   6.7388888888888887E-02 -2.8111111111111111E-02
   6.8416666666666667E-02 -2.8305555555555553E-02
   6.8611111111111109E-02 -2.8611111111111111E-02
   6.9361111111111109E-02 -2.8833333333333336E-02
   6.9972222222222227E-02 -2.9166666666666667E-02
   7.0361111111111110E-02 -2.9388888888888891E-02
   7.1138888888888890E-02 -2.9500000000000002E-02
   7.1638888888888877E-02 -2.9249999999999998E-02
   7.2499999999999995E-02 -2.8833333333333336E-02
   7.2777777777777775E-02 -2.8694444444444443E-02
   7.3388888888888892E-02 -2.8583333333333332E-02
   7.4055555555555555E-02 -2.8416666666666663E-02
   7.4583333333333335E-02 -2.8277777777777777E-02
   7.5222222222222232E-02 -2.8277777777777777E-02
   7.5777777777777777E-02 -2.8305555555555553E-02
   7.6499999999999999E-02 -2.8305555555555553E-02
   7.7361111111111117E-02 -2.8333333333333335E-02
   7.8055555555555559E-02 -2.8416666666666663E-02
   7.8666666666666663E-02 -2.8527777777777777E-02
   7.9333333333333325E-02 -2.8638888888888887E-02
   7.9833333333333339E-02 -2.8749999999999998E-02
   8.0444444444444443E-02 -2.8805555555555553E-02
   8.1500000000000003E-02 -2.8944444444444446E-02
   8.1888888888888886E-02 -2.8944444444444446E-02
   8.2527777777777783E-02 -2.8916666666666663E-02
   8.3388888888888887E-02 -2.9055555555555557E-02
   8.4138888888888888E-02 -2.9083333333333333E-02
   8.4833333333333330E-02 -2.9027777777777777E-02
   8.5277777777777772E-02 -2.8916666666666663E-02
   8.5944444444444434E-02 -2.9000000000000001E-02
   8.6722222222222214E-02 -2.9222222222222222E-02
   8.7416666666666656E-02 -2.9222222222222222E-02
   8.7944444444444436E-02 -2.9249999999999998E-02
   8.8166666666666671E-02 -2.9333333333333336E-02
   8.8694444444444451E-02 -2.9583333333333333E-02
   8.9361111111111113E-02 -2.9638888888888888E-02
   9.0111111111111100E-02 -2.9527777777777778E-02
   9.0444444444444452E-02 -2.9388888888888891E-02
   9.0999999999999998E-02 -2.9277777777777778E-02
   9.1666666666666660E-02 -2.9277777777777778E-02
   9.2194444444444440E-02 -2.9472222222222219E-02
   9.2638888888888882E-02 -2.9888888888888892E-02
   9.3222222222222220E-02 -3.0083333333333333E-02
   9.3972222222222221E-02 -3.0000000000000002E-02
   9.4500000000000001E-02 -2.9638888888888888E-02
   9.4888888888888884E-02 -2.9722222222222223E-02
   9.5750000000000002E-02 -2.9833333333333337E-02
   9.6444444444444444E-02 -2.9833333333333337E-02
   9.6972222222222224E-02 -2.9694444444444443E-02
   9.7361111111111107E-02 -2.9805555555555554E-02
   9.7861111111111121E-02 -3.0138888888888889E-02
   9.8694444444444446E-02 -3.0277777777777778E-02
   9.9499999999999991E-02 -3.0305555555555554E-02
   0.1000833333333333     -3.0111111111111113E-02
   0.1003333333333333     -3.0111111111111113E-02
   0.1012500000000000     -3.0055555555555558E-02
   0.1018611111111111     -2.9972222222222220E-02
   0.1023888888888889     -2.9805555555555554E-02
   0.1029444444444444     -2.9833333333333337E-02
   0.1034722222222222     -2.9833333333333337E-02
   0.1042500000000000     -3.0027777777777778E-02
   0.1045833333333333     -3.0222222222222223E-02
   0.1048055555555556     -3.0249999999999999E-02
   0.1058333333333333     -3.0138888888888889E-02
   0.1062500000000000     -3.0138888888888889E-02
   0.1069444444444445     -3.0166666666666668E-02
   0.1079444444444445     -3.0194444444444444E-02
   0.1087777777777778     -3.0194444444444444E-02
   0.1093888888888889     -3.0388888888888892E-02
   0.1105833333333333     -3.0527777777777779E-02
   0.1111111111111111     -3.0361111111111110E-02
   0.1114166666666667     -3.0388888888888892E-02
   0.1119722222222222     -3.0583333333333334E-02
   0.1126111111111111     -3.0750000000000000E-02
   0.1129444444444444     -3.1000000000000003E-02
   0.1133333333333333     -3.1083333333333334E-02
   0.1140277777777778     -3.1166666666666662E-02
   0.1148333333333333     -3.0944444444444448E-02
   0.1152777777777778     -3.0611111111111113E-02
   0.1155555555555556     -3.0361111111111110E-02
   0.1159166666666667     -3.0249999999999999E-02
   0.1169722222222222     -3.0249999999999999E-02
   0.1177500000000000     -3.0222222222222223E-02
   0.1183055555555556     -3.0249999999999999E-02
   0.1187222222222222     -3.0222222222222223E-02
   0.1192500000000000     -3.0527777777777779E-02
   0.1198611111111111     -3.0861111111111110E-02
   0.1207222222222222     -3.0972222222222220E-02
   0.1217222222222222     -3.0972222222222220E-02
   0.1223611111111111     -3.0777777777777779E-02
   0.1225833333333333     -3.0750000000000000E-02
   0.1230555555555555     -3.1277777777777772E-02
   0.1235833333333333     -3.1694444444444442E-02
   0.1244722222222222     -3.2138888888888890E-02
   0.1254722222222222     -3.1833333333333332E-02
   0.1262222222222222     -3.1805555555555559E-02
   0.1266944444444444     -3.1611111111111111E-02
   0.1280555555555556     -3.1722222222222221E-02
   0.1290000000000000     -3.1833333333333332E-02
   0.1297777777777778     -3.1722222222222221E-02
   0.1303611111111111     -3.1388888888888883E-02
   0.1307777777777778     -3.1111111111111114E-02
   0.1311666666666667     -3.1055555555555552E-02
   0.1320833333333333     -3.1388888888888883E-02
   0.1327777777777778     -3.1638888888888890E-02
   0.1334444444444444     -3.2027777777777780E-02
   0.1340277777777778     -3.2333333333333332E-02
   0.1347222222222222     -3.2166666666666663E-02
   0.1350833333333333     -3.1916666666666670E-02
   0.1360833333333333     -3.1888888888888883E-02
   0.1366388888888889     -3.1916666666666670E-02
   0.1369722222222222     -3.1722222222222221E-02
   0.1373055555555555     -3.1944444444444442E-02
   0.1377222222222222     -3.2388888888888884E-02
   0.1382777777777778     -3.2750000000000001E-02
   0.1390277777777778     -3.2888888888888884E-02
   0.1398333333333333     -3.2750000000000001E-02
   0.1403055555555556     -3.2305555555555560E-02
   0.1409444444444444     -3.2166666666666663E-02
   0.1413333333333333     -3.2111111111111111E-02
   0.1421111111111111     -3.1944444444444442E-02
   0.1427222222222222     -3.2166666666666663E-02
   0.1436111111111111     -3.2305555555555560E-02
   0.1444166666666667     -3.2305555555555560E-02
   0.1449444444444444     -3.2166666666666663E-02
   0.1453888888888889     -3.2055555555555552E-02
   0.1458888888888889     -3.2083333333333332E-02
   0.1465555555555556     -3.2305555555555560E-02
   0.1472500000000000     -3.2388888888888884E-02
   0.1478333333333333     -3.2666666666666663E-02
   0.1479722222222222     -3.2555555555555553E-02
   0.1485555555555556     -3.2611111111111112E-02
   0.1493888888888889     -3.2638888888888891E-02
   0.1501388888888889     -3.2555555555555553E-02
   0.1508888888888889     -3.2388888888888884E-02
   0.1512777777777778     -3.2444444444444442E-02
   0.1520833333333333     -3.2583333333333332E-02
   0.1526388888888889     -3.2527777777777780E-02
   0.1530555555555556     -3.2166666666666663E-02
   0.1538888888888889     -3.2333333333333332E-02
   0.1543611111111111     -3.2500000000000001E-02
   0.1548055555555556     -3.3055555555555553E-02
   0.1552777777777778     -3.3527777777777781E-02
   0.1557777777777778     -3.3972222222222223E-02
   0.1562222222222222     -3.4222222222222223E-02
   0.1567222222222222     -3.4472222222222224E-02
   0.1576111111111111     -3.4472222222222224E-02
   0.1583055555555556     -3.3416666666666671E-02
   0.1589722222222222     -3.2944444444444443E-02
   0.1592777777777778     -3.3083333333333333E-02
   0.1597222222222222     -3.3305555555555560E-02
   0.1604722222222222     -3.3388888888888885E-02
   0.1611388888888889     -3.3000000000000002E-02
   0.1615000000000000     -3.2694444444444443E-02
   0.1618611111111111     -3.2361111111111111E-02
   0.1623055555555556     -3.2138888888888890E-02
   0.1630277777777778     -3.2333333333333332E-02
   0.1638888888888889     -3.2555555555555553E-02
   0.1644444444444444     -3.3000000000000002E-02
   0.1648611111111111     -3.2972222222222222E-02
   0.1657777777777778     -3.3083333333333333E-02
   0.1664722222222222     -3.3305555555555560E-02
   0.1669444444444445     -3.3694444444444444E-02
   0.1677777777777778     -3.3944444444444444E-02
   0.1686111111111111     -3.4000000000000002E-02
   0.1692500000000000     -3.4000000000000002E-02
   0.1695833333333333     -3.4111111111111113E-02
   0.1703055555555556     -3.4166666666666665E-02
   0.1708333333333333     -3.3805555555555561E-02
   0.1715000000000000     -3.3722222222222223E-02
   0.1722500000000000     -3.3916666666666671E-02
   0.1728888888888889     -3.4083333333333334E-02
   0.1734722222222222     -3.4388888888888886E-02
   0.1740555555555555     -3.4777777777777776E-02
   0.1748055555555555     -3.4972222222222217E-02
   0.1758888888888889     -3.4861111111111107E-02
   0.1769166666666667     -3.4861111111111107E-02
   0.1780000000000000     -3.4083333333333334E-02
   0.1785833333333333     -3.3694444444444444E-02
   0.1788333333333333     -3.3305555555555560E-02
   0.1795833333333333     -3.3666666666666664E-02
   0.1801111111111111     -3.4055555555555554E-02
   0.1808611111111111     -3.5000000000000003E-02
   0.1814444444444444     -3.5111111111111114E-02
   0.1820555555555556     -3.5000000000000003E-02
   0.1826944444444444     -3.4611111111111113E-02
   0.1831666666666667     -3.4500000000000003E-02
   0.1841388888888889     -3.4138888888888892E-02
   0.1847500000000000     -3.3694444444444444E-02
   0.1856111111111111     -3.3583333333333333E-02
   0.1863888888888889     -3.3305555555555560E-02
   0.1871388888888889     -3.3333333333333333E-02
   0.1880555555555555     -3.3527777777777781E-02
   0.1885555555555556     -3.3472222222222223E-02
   0.1892222222222222     -3.3194444444444443E-02
   0.1896666666666667     -3.3611111111111112E-02
   0.1904722222222222     -3.3861111111111113E-02
   0.1912500000000000     -3.3888888888888885E-02
   0.1918333333333333     -3.3666666666666664E-02
   0.1924444444444444     -3.3527777777777781E-02
   0.1935555555555556     -3.3694444444444444E-02
   0.1943888888888889     -3.3861111111111113E-02
   0.1951111111111111     -3.4027777777777782E-02
   0.1954166666666667     -3.4250000000000003E-02
   0.1962500000000000     -3.4416666666666665E-02
   0.1970555555555556     -3.4277777777777775E-02
   0.1977222222222222     -3.4277777777777775E-02
   0.1981111111111111     -3.4222222222222223E-02
   0.1986666666666667     -3.4222222222222223E-02
   0.1994166666666667     -3.4305555555555554E-02
   0.1998611111111111     -3.4749999999999996E-02
   0.2003055555555556     -3.5055555555555555E-02
   0.2009444444444445     -3.5222222222222224E-02
   0.2015277777777778     -3.5138888888888893E-02
   0.2020277777777778     -3.4638888888888886E-02
   0.2024166666666667     -3.4388888888888886E-02
   0.2030833333333333     -3.4055555555555554E-02
   0.2040555555555555     -3.4138888888888892E-02
   0.2050000000000000     -3.4222222222222223E-02
   0.2057222222222222     -3.4222222222222223E-02
   0.2063611111111111     -3.4527777777777775E-02
   0.2070000000000000     -3.5388888888888886E-02
   0.2073888888888889     -3.5749999999999997E-02
   0.2082777777777778     -3.5888888888888887E-02
   0.2086388888888889     -3.5888888888888887E-02
   0.2090833333333333     -3.6111111111111115E-02
   0.2096666666666667     -3.6249999999999998E-02
   0.2100000000000000     -3.6416666666666667E-02
   0.2106111111111111     -3.6527777777777777E-02
   0.2115555555555556     -3.6416666666666667E-02
   0.2122500000000000     -3.6027777777777777E-02
   0.2128055555555556     -3.5583333333333335E-02
   0.2128888888888889     -3.5055555555555555E-02
   0.2136111111111111     -3.5166666666666666E-02
   0.2144444444444444     -3.4916666666666672E-02
   0.2152777777777778     -3.4749999999999996E-02
   0.2159722222222222     -3.4472222222222224E-02
   0.2165833333333333     -3.4222222222222223E-02
   0.2173611111111111     -3.4250000000000003E-02
   0.2183333333333334     -3.4416666666666665E-02
   0.2190277777777778     -3.4611111111111113E-02
   0.2198888888888889     -3.4916666666666672E-02
   0.2203055555555556     -3.5749999999999997E-02
   0.2209722222222222     -3.6194444444444446E-02
   0.2215000000000000     -3.6361111111111108E-02
   0.2227500000000000     -3.6611111111111115E-02
   0.2235277777777778     -3.6555555555555556E-02
   0.2243611111111111     -3.5861111111111107E-02
   0.2244722222222222     -3.5083333333333327E-02
   0.2249444444444445     -3.5250000000000004E-02
   0.2260277777777778     -3.5888888888888887E-02
   0.2267222222222222     -3.5805555555555556E-02
   0.2273333333333333     -3.5749999999999997E-02
   0.2282500000000000     -3.5916666666666666E-02
   0.2293333333333333     -3.6000000000000004E-02
   0.2301666666666667     -3.6138888888888887E-02
   0.2308333333333333     -3.6249999999999998E-02
   0.2313333333333333     -3.6361111111111108E-02
   0.2316944444444444     -3.6777777777777777E-02
   0.2321666666666667     -3.7111111111111116E-02
   0.2330277777777778     -3.7055555555555557E-02
   0.2338333333333333     -3.6472222222222218E-02
   0.2343333333333333     -3.5833333333333335E-02
   0.2345555555555556     -3.5388888888888886E-02
   0.2352777777777778     -3.5416666666666666E-02
   0.2358055555555556     -3.5416666666666666E-02
   0.2365000000000000     -3.5444444444444445E-02
   0.2374444444444445     -3.5472222222222224E-02
   0.2379722222222222     -3.5944444444444446E-02
   0.2383611111111111     -3.6111111111111115E-02
   0.2390833333333333     -3.6166666666666666E-02
   0.2395277777777778     -3.5777777777777776E-02
   0.2399166666666667     -3.5749999999999997E-02
   0.2410555555555556     -3.5916666666666666E-02
   0.2416666666666666     -3.6083333333333328E-02
   0.2429166666666666     -3.6833333333333336E-02
   0.2434444444444444     -3.7000000000000005E-02
   0.2440000000000000     -3.7416666666666668E-02
   0.2446111111111111     -3.7638888888888888E-02
   0.2453333333333333     -3.7833333333333337E-02
   0.2455833333333333     -3.7833333333333337E-02
   0.2462777777777778     -3.7611111111111116E-02
   0.2466666666666667     -3.7472222222222219E-02
   0.2471388888888889     -3.6555555555555556E-02
   0.2475000000000000     -3.5694444444444445E-02
   0.2481944444444445     -3.5222222222222224E-02
   0.2491388888888889     -3.5138888888888893E-02
   0.2498611111111111     -3.4888888888888886E-02
