   3.9722222222222216E-03  5.9722222222222225E-03
   3.5833333333333333E-03  5.7777777777777775E-03
   3.2777777777777775E-03  5.2500000000000003E-03
   2.8611111111111111E-03  4.6388888888888894E-03
   2.6111111111111109E-03  3.9722222222222216E-03
   2.1666666666666666E-03  3.3888888888888888E-03
   1.8055555555555557E-03  2.9166666666666664E-03
   1.5000000000000000E-03  2.6388888888888890E-03
   1.2222222222222222E-03  2.6111111111111109E-03
   6.6666666666666664E-04  2.6111111111111109E-03
  -2.7777777777777779E-05  2.7222222222222222E-03
  -7.5000000000000002E-04  2.7222222222222222E-03
  -1.1111111111111111E-03  2.7777777777777779E-03
  -1.6666666666666666E-03  2.7777777777777779E-03
  -2.2777777777777779E-03  2.6388888888888890E-03
  -2.6666666666666666E-03  2.5555555555555557E-03
  -2.9444444444444444E-03  2.3611111111111111E-03
  -3.2500000000000003E-03  2.1111111111111109E-03
  -3.3888888888888888E-03  1.7777777777777779E-03
  -3.4166666666666668E-03  1.3055555555555555E-03
  -3.3055555555555555E-03  8.0555555555555556E-04
  -3.0000000000000001E-03  3.6111111111111109E-04
  -2.7222222222222222E-03 -2.7777777777777779E-05
  -2.3888888888888887E-03 -3.8888888888888892E-04
  -2.3611111111111111E-03 -6.1111111111111110E-04
  -2.5000000000000001E-03 -1.0000000000000000E-03
  -2.6388888888888890E-03 -1.4444444444444444E-03
  -2.7500000000000003E-03 -2.1388888888888890E-03
  -2.8611111111111111E-03 -2.5000000000000001E-03
  -2.7777777777777779E-03 -3.2222222222222222E-03
  -2.5277777777777777E-03 -3.6388888888888890E-03
  -2.4722222222222220E-03 -4.1111111111111105E-03
  -2.5000000000000001E-03 -4.5277777777777781E-03
  -2.6666666666666666E-03 -4.9166666666666664E-03
  -2.9166666666666664E-03 -5.4166666666666669E-03
  -3.1111111111111114E-03 -5.7499999999999999E-03
  -3.3333333333333331E-03 -6.1666666666666667E-03
  -3.4166666666666668E-03 -6.5277777777777773E-03
  -3.5000000000000001E-03 -7.3611111111111117E-03
  -3.3611111111111112E-03 -8.0277777777777778E-03
  -3.1944444444444446E-03 -9.1111111111111115E-03
  -2.7777777777777779E-03 -9.8888888888888880E-03
  -2.2777777777777779E-03 -1.0611111111111111E-02
  -1.7222222222222222E-03 -1.1416666666666665E-02
  -1.0555555555555555E-03 -1.2083333333333333E-02
  -3.8888888888888892E-04 -1.2805555555555556E-02
   1.6666666666666666E-04 -1.3250000000000000E-02
   6.9444444444444447E-04 -1.3722222222222222E-02
   1.4444444444444444E-03 -1.4055555555555556E-02
   2.4444444444444444E-03 -1.4638888888888889E-02
   2.9166666666666664E-03 -1.5055555555555556E-02
   3.2500000000000003E-03 -1.5277777777777779E-02
   3.9166666666666664E-03 -1.5805555555555555E-02
   4.5000000000000005E-03 -1.6083333333333331E-02
   5.0277777777777777E-03 -1.6583333333333332E-02
   5.8055555555555551E-03 -1.7166666666666667E-02
   6.0000000000000001E-03 -1.7305555555555557E-02
   6.3611111111111117E-03 -1.7555555555555557E-02
   6.7499999999999999E-03 -1.7805555555555557E-02
   7.2222222222222228E-03 -1.8111111111111113E-02
   7.7777777777777784E-03 -1.8361111111111113E-02
   8.5000000000000006E-03 -1.8666666666666668E-02
   9.2222222222222219E-03 -1.8888888888888889E-02
   9.8055555555555552E-03 -1.9111111111111110E-02
   1.0388888888888888E-02 -1.9694444444444445E-02
   1.0833333333333334E-02 -2.0111111111111111E-02
   1.1222222222222224E-02 -2.0444444444444446E-02
   1.1555555555555555E-02 -2.0777777777777777E-02
   1.2083333333333333E-02 -2.1027777777777777E-02
   1.2722222222222223E-02 -2.1138888888888888E-02
   1.3694444444444445E-02 -2.1305555555555557E-02
   1.4250000000000001E-02 -2.1361111111111112E-02
   1.5055555555555556E-02 -2.1416666666666667E-02
   1.5444444444444446E-02 -2.1500000000000002E-02
   1.6333333333333332E-02 -2.1638888888888888E-02
   1.6916666666666667E-02 -2.1916666666666668E-02
   1.7861111111111112E-02 -2.2166666666666668E-02
   1.8583333333333334E-02 -2.2305555555555558E-02
   1.9083333333333334E-02 -2.2444444444444447E-02
   1.9694444444444445E-02 -2.2666666666666665E-02
   2.0333333333333332E-02 -2.2916666666666665E-02
   2.1000000000000001E-02 -2.3027777777777775E-02
   2.1861111111111112E-02 -2.3222222222222220E-02
   2.2555555555555558E-02 -2.3416666666666665E-02
   2.3305555555555555E-02 -2.3472222222222221E-02
   2.4000000000000000E-02 -2.3888888888888890E-02
   2.4500000000000001E-02 -2.4055555555555556E-02
   2.5027777777777777E-02 -2.4138888888888890E-02
   2.5722222222222223E-02 -2.4138888888888890E-02
   2.6499999999999999E-02 -2.4138888888888890E-02
   2.6833333333333334E-02 -2.4277777777777777E-02
   2.7916666666666663E-02 -2.4722222222222222E-02
   2.8527777777777777E-02 -2.4833333333333332E-02
   2.9249999999999998E-02 -2.4861111111111112E-02
   2.9500000000000002E-02 -2.4500000000000001E-02
   2.9777777777777778E-02 -2.4194444444444446E-02
   3.0444444444444448E-02 -2.4277777777777777E-02
   3.1166666666666662E-02 -2.4500000000000001E-02
   3.2027777777777780E-02 -2.4694444444444446E-02
   3.2833333333333332E-02 -2.4694444444444446E-02
   3.3666666666666664E-02 -2.4861111111111112E-02
   3.4722222222222224E-02 -2.5222222222222222E-02
   3.5527777777777776E-02 -2.5083333333333332E-02
   3.5944444444444446E-02 -2.4861111111111112E-02
   3.6972222222222219E-02 -2.4833333333333332E-02
   3.7972222222222220E-02 -2.4916666666666667E-02
   3.8583333333333331E-02 -2.4972222222222222E-02
   3.9138888888888890E-02 -2.5027777777777777E-02
   4.0305555555555560E-02 -2.5305555555555557E-02
   4.1055555555555553E-02 -2.5833333333333333E-02
   4.2750000000000003E-02 -2.6194444444444444E-02
   4.3499999999999997E-02 -2.6333333333333334E-02
   4.4833333333333329E-02 -2.6666666666666665E-02
   4.5694444444444447E-02 -2.6805555555555555E-02
   4.5944444444444441E-02 -2.7000000000000000E-02
   4.6249999999999999E-02 -2.7305555555555555E-02
   4.6916666666666669E-02 -2.7361111111111110E-02
   4.7472222222222221E-02 -2.7138888888888889E-02
   4.7972222222222222E-02 -2.6888888888888889E-02
   4.8666666666666664E-02 -2.6888888888888889E-02
   4.9333333333333333E-02 -2.6916666666666665E-02
   5.0138888888888893E-02 -2.7027777777777776E-02
   5.0777777777777776E-02 -2.7055555555555555E-02
   5.1222222222222218E-02 -2.7055555555555555E-02
   5.2111111111111108E-02 -2.6944444444444444E-02
   5.2944444444444447E-02 -2.6944444444444444E-02
   5.3583333333333337E-02 -2.7083333333333334E-02
   5.4444444444444441E-02 -2.7277777777777776E-02
   5.4944444444444442E-02 -2.7388888888888890E-02
   5.5638888888888891E-02 -2.7500000000000000E-02
   5.6305555555555560E-02 -2.7611111111111111E-02
   5.8000000000000003E-02 -2.7666666666666666E-02
   5.8944444444444438E-02 -2.7638888888888890E-02
   6.0361111111111115E-02 -2.7555555555555555E-02
   6.1000000000000006E-02 -2.7583333333333335E-02
   6.1861111111111110E-02 -2.7750000000000000E-02
   6.2555555555555545E-02 -2.7916666666666663E-02
   6.3194444444444442E-02 -2.8222222222222221E-02
   6.4000000000000001E-02 -2.8333333333333335E-02
   6.4750000000000002E-02 -2.8333333333333335E-02
   6.5305555555555561E-02 -2.8305555555555553E-02
   6.6166666666666665E-02 -2.8333333333333335E-02
   6.6444444444444445E-02 -2.8500000000000001E-02
   6.7166666666666666E-02 -2.8805555555555553E-02
   6.7888888888888888E-02 -2.8888888888888891E-02
   6.8472222222222212E-02 -2.8638888888888887E-02
   6.9472222222222213E-02 -2.8638888888888887E-02
   7.1611111111111111E-02 -2.8888888888888891E-02
   7.5277777777777777E-02 -2.8722222222222222E-02
   7.6388888888888895E-02 -2.8749999999999998E-02
   7.7666666666666676E-02 -2.8777777777777777E-02
   7.8888888888888883E-02 -2.8861111111111108E-02
   7.9861111111111105E-02 -2.9472222222222219E-02
   8.0722222222222223E-02 -2.9583333333333333E-02
   8.3555555555555550E-02 -2.9888888888888892E-02
   8.8416666666666657E-02 -3.0194444444444444E-02
   8.9555555555555555E-02 -3.0305555555555554E-02
   9.0083333333333335E-02 -3.0222222222222223E-02
   9.0805555555555556E-02 -2.9944444444444447E-02
   9.1694444444444453E-02 -2.9861111111111109E-02
   9.3305555555555558E-02 -2.9944444444444447E-02
   9.4500000000000001E-02 -3.0111111111111113E-02
   9.5333333333333325E-02 -3.0222222222222223E-02
   9.6333333333333326E-02 -3.0416666666666665E-02
   9.6861111111111120E-02 -3.0333333333333337E-02
   9.7055555555555548E-02 -3.0027777777777778E-02
   9.7388888888888900E-02 -3.0083333333333333E-02
   9.7861111111111121E-02 -3.0249999999999999E-02
   9.8388888888888887E-02 -3.0361111111111110E-02
   9.8777777777777784E-02 -3.0222222222222223E-02
   9.8944444444444446E-02 -3.0083333333333333E-02
   9.9416666666666653E-02 -3.0194444444444444E-02
   9.9972222222222226E-02 -3.0416666666666665E-02
   0.1009166666666667     -3.0555555555555558E-02
   0.1015555555555556     -2.9944444444444447E-02
   0.1021666666666667     -2.9694444444444443E-02
   0.1026666666666667     -2.9583333333333333E-02
   0.1033611111111111     -2.9583333333333333E-02
   0.1036111111111111     -2.9722222222222223E-02
   0.1038055555555556     -2.9944444444444447E-02
   0.1045000000000000     -2.9916666666666664E-02
   0.1053333333333333     -3.0000000000000002E-02
   0.1059444444444445     -3.0055555555555558E-02
   0.1065833333333333     -3.0277777777777778E-02
   0.1072777777777778     -3.0944444444444448E-02
   0.1078611111111111     -3.0944444444444448E-02
   0.1085277777777778     -3.0805555555555555E-02
   0.1092777777777778     -3.0750000000000000E-02
   0.1101388888888889     -3.0777777777777779E-02
   0.1108333333333333     -3.0861111111111110E-02
   0.1115000000000000     -3.0888888888888893E-02
   0.1121944444444444     -3.0888888888888893E-02
   0.1128055555555555     -3.0638888888888889E-02
   0.1133055555555555     -3.0388888888888892E-02
   0.1140000000000000     -3.0666666666666668E-02
   0.1144722222222222     -3.0750000000000000E-02
   0.1149722222222222     -3.0833333333333338E-02
   0.1153611111111111     -3.0972222222222220E-02
   0.1164166666666667     -3.1277777777777772E-02
   0.1169166666666667     -3.1055555555555552E-02
   0.1175555555555556     -3.0916666666666665E-02
   0.1184722222222222     -3.0944444444444448E-02
   0.1194722222222222     -3.1055555555555552E-02
   0.1203888888888889     -3.1138888888888890E-02
   0.1221666666666667     -3.1250000000000000E-02
   0.1234722222222222     -3.1444444444444448E-02
   0.1248611111111111     -3.1944444444444442E-02
   0.1258888888888889     -3.1916666666666670E-02
   0.1265833333333334     -3.1777777777777773E-02
   0.1267500000000000     -3.1694444444444442E-02
   0.1276666666666667     -3.1805555555555559E-02
   0.1285555555555556     -3.1972222222222221E-02
   0.1292777777777778     -3.1388888888888883E-02
   0.1303055555555556     -3.1333333333333338E-02
   0.1313333333333333     -3.1250000000000000E-02
   0.1320555555555555     -3.1083333333333334E-02
   0.1324722222222222     -3.1055555555555552E-02
   0.1332777777777778     -3.1166666666666662E-02
   0.1342500000000000     -3.1305555555555559E-02
   0.1357777777777778     -3.1333333333333338E-02
   0.1369166666666667     -3.1305555555555559E-02
   0.1379166666666667     -3.1305555555555559E-02
   0.1391388888888889     -3.1388888888888883E-02
   0.1405833333333333     -3.1972222222222221E-02
   0.1416944444444445     -3.1972222222222221E-02
   0.1425833333333333     -3.2083333333333332E-02
   0.1432222222222222     -3.2166666666666663E-02
   0.1440833333333333     -3.2361111111111111E-02
   0.1447777777777778     -3.2416666666666670E-02
   0.1455277777777778     -3.2444444444444442E-02
   0.1464166666666667     -3.1666666666666669E-02
   0.1470555555555556     -3.1611111111111111E-02
   0.1492500000000000     -3.1750000000000000E-02
   0.1500555555555556     -3.1722222222222221E-02
   0.1506388888888889     -3.1611111111111111E-02
   0.1513055555555556     -3.1583333333333331E-02
   0.1521111111111111     -3.1833333333333332E-02
   0.1525000000000000     -3.1944444444444442E-02
   0.1529444444444444     -3.2305555555555560E-02
   0.1536666666666667     -3.2444444444444442E-02
   0.1542500000000000     -3.2388888888888884E-02
   0.1549166666666667     -3.2138888888888890E-02
   0.1557777777777778     -3.2138888888888890E-02
   0.1564444444444444     -3.2305555555555560E-02
   0.1569166666666667     -3.3000000000000002E-02
   0.1583611111111111     -3.2972222222222222E-02
   0.1589166666666667     -3.2916666666666670E-02
   0.1602777777777778     -3.3083333333333333E-02
   0.1611666666666667     -3.3083333333333333E-02
   0.1614166666666667     -3.3055555555555553E-02
   0.1625000000000000     -3.2527777777777780E-02
   0.1629722222222222     -3.2444444444444442E-02
   0.1639166666666667     -3.2250000000000001E-02
   0.1644166666666667     -3.2472222222222222E-02
   0.1653888888888889     -3.2750000000000001E-02
   0.1665000000000000     -3.2805555555555560E-02
   0.1673055555555555     -3.2777777777777774E-02
   0.1683055555555556     -3.3388888888888885E-02
   0.1690000000000000     -3.3305555555555560E-02
   0.1692500000000000     -3.3083333333333333E-02
   0.1702222222222222     -3.3194444444444443E-02
   0.1709444444444445     -3.3333333333333333E-02
   0.1720555555555555     -3.3388888888888885E-02
   0.1726666666666667     -3.3194444444444443E-02
   0.1736388888888889     -3.3194444444444443E-02
   0.1741388888888889     -3.3222222222222222E-02
   0.1749166666666667     -3.3166666666666664E-02
   0.1756388888888889     -3.3055555555555553E-02
   0.1768333333333333     -3.3055555555555553E-02
   0.1775000000000000     -3.3083333333333333E-02
   0.1780555555555556     -3.3250000000000002E-02
   0.1786388888888889     -3.3388888888888885E-02
   0.1809722222222222     -3.3250000000000002E-02
   0.1811944444444444     -3.3277777777777774E-02
   0.1819166666666667     -3.3833333333333333E-02
   0.1825555555555556     -3.3888888888888885E-02
   0.1833611111111111     -3.3694444444444444E-02
   0.1840277777777778     -3.3000000000000002E-02
   0.1843333333333333     -3.3500000000000002E-02
   0.1853333333333333     -3.3611111111111112E-02
   0.1859444444444444     -3.3694444444444444E-02
   0.1866111111111111     -3.3805555555555561E-02
   0.1869166666666667     -3.3861111111111113E-02
   0.1871388888888889     -3.4166666666666665E-02
   0.1873888888888889     -3.4500000000000003E-02
   0.1882500000000000     -3.4749999999999996E-02
   0.1891111111111111     -3.4583333333333334E-02
   0.1893611111111111     -3.4388888888888886E-02
   0.1899166666666667     -3.4444444444444444E-02
   0.1902500000000000     -3.3416666666666671E-02
   0.1905555555555556     -3.3027777777777781E-02
   0.1918055555555556     -3.3250000000000002E-02
   0.1925555555555556     -3.3416666666666671E-02
   0.1937222222222222     -3.3444444444444443E-02
   0.1943055555555556     -3.3444444444444443E-02
   0.1949444444444444     -3.3361111111111112E-02
   0.1957777777777778     -3.3722222222222223E-02
   0.1970833333333333     -3.3833333333333333E-02
   0.1990277777777778     -3.3944444444444444E-02
   0.2007222222222222     -3.4055555555555554E-02
   0.2021111111111111     -3.4138888888888892E-02
   0.2028888888888889     -3.4138888888888892E-02
   0.2036111111111111     -3.4111111111111113E-02
   0.2048055555555556     -3.4083333333333334E-02
   0.2053611111111111     -3.4083333333333334E-02
   0.2073888888888889     -3.3527777777777781E-02
   0.2090555555555556     -3.3500000000000002E-02
   0.2097500000000000     -3.3666666666666664E-02
   0.2106111111111111     -3.3722222222222223E-02
   0.2115000000000000     -3.3638888888888892E-02
   0.2123611111111111     -3.3638888888888892E-02
   0.2130000000000000     -3.4055555555555554E-02
   0.2135277777777778     -3.4194444444444444E-02
   0.2143611111111111     -3.4361111111111113E-02
   0.2148333333333333     -3.4527777777777775E-02
   0.2154444444444444     -3.4611111111111113E-02
   0.2168888888888889     -3.4611111111111113E-02
   0.2173333333333333     -3.5194444444444445E-02
   0.2175833333333334     -3.5666666666666666E-02
   0.2182222222222222     -3.5833333333333335E-02
   0.2187777777777778     -3.5749999999999997E-02
   0.2193333333333333     -3.5083333333333327E-02
   0.2200000000000000     -3.4972222222222217E-02
   0.2207500000000000     -3.4944444444444445E-02
   0.2225277777777778     -3.4972222222222217E-02
   0.2232777777777778     -3.4472222222222224E-02
   0.2240000000000000     -3.4666666666666665E-02
   0.2247222222222222     -3.4833333333333334E-02
   0.2260000000000000     -3.4972222222222217E-02
   0.2262500000000000     -3.4944444444444445E-02
   0.2273055555555555     -3.4277777777777775E-02
   0.2276944444444444     -3.4083333333333334E-02
   0.2287500000000000     -3.3972222222222223E-02
   0.2298888888888889     -3.4611111111111113E-02
   0.2317222222222222     -3.4861111111111107E-02
   0.2328888888888889     -3.5027777777777783E-02
   0.2349722222222222     -3.4583333333333334E-02
   0.2361388888888889     -3.4638888888888886E-02
   0.2372222222222222     -3.4472222222222224E-02
   0.2385277777777778     -3.4472222222222224E-02
   0.2400000000000000     -3.4638888888888886E-02
   0.2417500000000000     -3.4972222222222217E-02
   0.2435277777777778     -3.5277777777777776E-02
   0.2451111111111111     -3.5472222222222224E-02
   0.2458333333333333     -3.6000000000000004E-02
   0.2473611111111111     -3.5749999999999997E-02
   0.2486111111111111     -3.5638888888888887E-02
   0.2492777777777778     -3.5138888888888893E-02
