   3.7777777777777779E-03  7.3888888888888893E-03
   3.5000000000000001E-03  6.9166666666666664E-03
   3.1944444444444446E-03  6.4166666666666669E-03
   2.7500000000000003E-03  5.9722222222222225E-03
   2.5000000000000001E-03  5.7499999999999999E-03
   2.2222222222222222E-03  5.3611111111111116E-03
   2.0000000000000000E-03  5.0555555555555553E-03
   1.7777777777777779E-03  4.7777777777777775E-03
   1.6111111111111111E-03  5.0555555555555553E-03
   1.4722222222222222E-03  5.2777777777777779E-03
   1.0277777777777776E-03  5.7499999999999999E-03
   6.1111111111111110E-04  6.0277777777777777E-03
   2.5000000000000001E-04  6.1666666666666667E-03
  -4.4444444444444447E-04  6.4166666666666669E-03
  -1.0000000000000000E-03  6.5833333333333334E-03
  -1.3055555555555555E-03  6.8611111111111112E-03
  -1.5555555555555557E-03  7.1388888888888891E-03
  -1.8611111111111111E-03  7.3611111111111117E-03
  -2.2500000000000003E-03  7.5555555555555558E-03
  -2.7500000000000003E-03  7.5277777777777782E-03
  -3.4722222222222220E-03  7.3611111111111117E-03
  -4.0277777777777777E-03  7.2222222222222228E-03
  -4.6388888888888894E-03  7.6111111111111119E-03
  -5.1944444444444442E-03  7.6111111111111119E-03
  -5.7777777777777775E-03  7.9444444444444432E-03
  -6.2500000000000003E-03  8.3611111111111108E-03
  -6.7499999999999999E-03  8.6111111111111110E-03
  -7.1944444444444443E-03  8.7777777777777784E-03
  -7.8611111111111104E-03  8.8888888888888889E-03
  -8.6666666666666663E-03  8.8333333333333337E-03
  -9.3333333333333341E-03  8.6666666666666663E-03
  -9.3611111111111117E-03  8.2222222222222210E-03
  -9.1944444444444443E-03  7.7500000000000008E-03
  -8.9166666666666665E-03  7.2777777777777780E-03
  -8.7222222222222215E-03  6.5555555555555549E-03
  -8.6666666666666663E-03  5.9444444444444440E-03
  -8.5833333333333334E-03  5.2500000000000003E-03
  -8.3333333333333332E-03  4.4444444444444444E-03
  -8.0000000000000002E-03  4.0277777777777777E-03
  -7.5833333333333343E-03  3.5277777777777777E-03
  -7.1944444444444443E-03  3.1944444444444446E-03
  -6.9444444444444441E-03  2.7500000000000003E-03
  -6.7777777777777775E-03  2.2222222222222222E-03
  -6.5833333333333334E-03  1.6944444444444444E-03
  -6.2777777777777780E-03  1.3333333333333333E-03
  -5.8611111111111112E-03  1.2500000000000000E-03
  -5.5555555555555558E-03  1.1666666666666668E-03
  -5.4722222222222221E-03  1.0277777777777776E-03
  -5.3611111111111116E-03  2.7777777777777778E-04
  -5.3888888888888892E-03 -3.6111111111111109E-04
  -5.6666666666666662E-03 -9.1666666666666676E-04
  -5.9722222222222225E-03 -1.3055555555555555E-03
  -6.1944444444444443E-03 -2.1111111111111109E-03
  -6.1111111111111114E-03 -2.7777777777777779E-03
  -5.9722222222222225E-03 -3.7500000000000003E-03
  -5.8611111111111112E-03 -3.8888888888888892E-03
  -5.5000000000000005E-03 -4.4444444444444444E-03
  -5.1944444444444442E-03 -4.8333333333333327E-03
  -5.1388888888888890E-03 -5.2500000000000003E-03
  -5.1944444444444442E-03 -5.5555555555555558E-03
  -5.1666666666666666E-03 -6.1944444444444443E-03
  -5.0000000000000001E-03 -6.5000000000000006E-03
  -4.7777777777777775E-03 -7.0000000000000001E-03
  -4.5000000000000005E-03 -7.5833333333333343E-03
  -4.2500000000000003E-03 -8.1666666666666658E-03
  -4.3611111111111107E-03 -8.6111111111111110E-03
  -4.5555555555555557E-03 -8.4166666666666660E-03
  -4.4444444444444444E-03 -9.8055555555555552E-03
  -4.2500000000000003E-03 -1.0138888888888888E-02
  -3.6944444444444446E-03 -1.0750000000000001E-02
  -3.2500000000000003E-03 -1.1111111111111112E-02
  -2.6666666666666666E-03 -1.1388888888888888E-02
  -1.9722222222222220E-03 -1.1666666666666665E-02
  -1.3888888888888889E-03 -1.2111111111111111E-02
  -1.1111111111111111E-03 -1.2388888888888889E-02
  -6.6666666666666664E-04 -1.2750000000000001E-02
  -4.1666666666666664E-04 -1.2972222222222224E-02
   1.9444444444444446E-04 -1.3416666666666667E-02
   8.6111111111111110E-04 -1.3944444444444445E-02
   1.3055555555555555E-03 -1.4416666666666668E-02
   1.8055555555555557E-03 -1.4861111111111111E-02
   2.2222222222222222E-03 -1.5444444444444446E-02
   2.5833333333333333E-03 -1.5861111111111111E-02
   2.9444444444444444E-03 -1.6138888888888887E-02
   3.5833333333333333E-03 -1.6305555555555556E-02
   4.1388888888888890E-03 -1.6472222222222221E-02
   4.6666666666666671E-03 -1.6805555555555556E-02
   5.0833333333333329E-03 -1.7138888888888888E-02
   5.5277777777777782E-03 -1.7694444444444443E-02
   5.9166666666666664E-03 -1.8194444444444444E-02
   6.6388888888888886E-03 -1.9000000000000003E-02
   6.8611111111111112E-03 -1.9416666666666665E-02
   7.4166666666666669E-03 -2.0055555555555556E-02
   7.7500000000000008E-03 -2.0305555555555556E-02
   8.4444444444444437E-03 -2.0638888888888887E-02
   8.9166666666666665E-03 -2.0750000000000001E-02
   9.5000000000000015E-03 -2.0805555555555556E-02
   9.6388888888888878E-03 -2.0833333333333332E-02
   9.8333333333333328E-03 -2.1027777777777777E-02
   1.0027777777777778E-02 -2.1361111111111112E-02
   1.0472222222222223E-02 -2.1888888888888888E-02
   1.0750000000000001E-02 -2.2194444444444447E-02
   1.1333333333333332E-02 -2.2611111111111110E-02
   1.2055555555555555E-02 -2.3194444444444445E-02
   1.2861111111111111E-02 -2.3222222222222220E-02
   1.3277777777777777E-02 -2.3027777777777775E-02
   1.3611111111111110E-02 -2.2916666666666665E-02
   1.4361111111111111E-02 -2.3055555555555555E-02
   1.5111111111111112E-02 -2.3250000000000000E-02
   1.5722222222222221E-02 -2.3194444444444445E-02
   1.6222222222222221E-02 -2.3111111111111110E-02
   1.7194444444444443E-02 -2.3583333333333331E-02
   1.7666666666666667E-02 -2.3861111111111111E-02
   1.8166666666666668E-02 -2.4361111111111111E-02
   1.8638888888888889E-02 -2.4944444444444446E-02
   1.9138888888888886E-02 -2.5472222222222222E-02
   1.9527777777777776E-02 -2.5750000000000002E-02
   2.0111111111111111E-02 -2.6000000000000002E-02
   2.0666666666666667E-02 -2.6166666666666664E-02
   2.0972222222222222E-02 -2.6249999999999999E-02
   2.1055555555555557E-02 -2.6749999999999999E-02
   2.1250000000000002E-02 -2.7194444444444445E-02
   2.1472222222222222E-02 -2.7527777777777776E-02
   2.1861111111111112E-02 -2.7944444444444445E-02
   2.2277777777777778E-02 -2.8166666666666666E-02
   2.3055555555555555E-02 -2.8194444444444442E-02
   2.3750000000000000E-02 -2.8083333333333332E-02
   2.4777777777777777E-02 -2.8027777777777776E-02
   2.5583333333333333E-02 -2.7666666666666666E-02
   2.6027777777777778E-02 -2.7305555555555555E-02
   2.6277777777777775E-02 -2.7083333333333334E-02
   2.6444444444444444E-02 -2.6861111111111110E-02
   2.7166666666666665E-02 -2.6861111111111110E-02
   2.8027777777777776E-02 -2.6944444444444444E-02
   2.8694444444444443E-02 -2.6944444444444444E-02
   2.9500000000000002E-02 -2.6555555555555554E-02
   3.0333333333333337E-02 -2.6361111111111109E-02
   3.0944444444444448E-02 -2.6499999999999999E-02
   3.1500000000000000E-02 -2.6777777777777775E-02
   3.1750000000000000E-02 -2.7305555555555555E-02
   3.2083333333333332E-02 -2.7666666666666666E-02
   3.2527777777777780E-02 -2.7944444444444445E-02
   3.3333333333333333E-02 -2.8249999999999997E-02
   3.3750000000000002E-02 -2.8416666666666663E-02
   3.4694444444444444E-02 -2.8749999999999998E-02
   3.5805555555555556E-02 -2.8972222222222219E-02
   3.6472222222222218E-02 -2.9027777777777777E-02
   3.7500000000000006E-02 -2.8805555555555553E-02
   3.8333333333333330E-02 -2.8500000000000001E-02
   3.9194444444444448E-02 -2.8055555555555556E-02
   3.9500000000000000E-02 -2.7666666666666666E-02
   3.9805555555555559E-02 -2.7333333333333334E-02
   4.0305555555555560E-02 -2.7000000000000000E-02
   4.0638888888888891E-02 -2.6916666666666665E-02
   4.1333333333333333E-02 -2.6888888888888889E-02
   4.2277777777777775E-02 -2.6972222222222220E-02
   4.3083333333333335E-02 -2.7083333333333334E-02
   4.3555555555555556E-02 -2.7083333333333334E-02
   4.4222222222222225E-02 -2.7111111111111110E-02
   4.4944444444444440E-02 -2.7111111111111110E-02
   4.5388888888888888E-02 -2.7166666666666665E-02
   4.5666666666666668E-02 -2.7416666666666666E-02
   4.5972222222222220E-02 -2.7638888888888890E-02
   4.6361111111111110E-02 -2.7833333333333335E-02
   4.7111111111111111E-02 -2.7944444444444445E-02
   4.7583333333333339E-02 -2.7944444444444445E-02
   4.8055555555555553E-02 -2.7833333333333335E-02
   4.8527777777777774E-02 -2.7722222222222221E-02
   4.9222222222222223E-02 -2.7833333333333335E-02
   4.9527777777777775E-02 -2.7888888888888890E-02
   4.9833333333333334E-02 -2.8166666666666666E-02
   5.0472222222222224E-02 -2.8416666666666663E-02
   5.1527777777777777E-02 -2.8500000000000001E-02
   5.1944444444444446E-02 -2.8222222222222221E-02
   5.2388888888888895E-02 -2.8027777777777776E-02
   5.2999999999999999E-02 -2.7944444444444445E-02
   5.3722222222222227E-02 -2.7888888888888890E-02
   5.4083333333333337E-02 -2.8027777777777776E-02
   5.4611111111111110E-02 -2.8388888888888891E-02
   5.5277777777777780E-02 -2.8749999999999998E-02
   5.6249999999999994E-02 -2.9055555555555557E-02
   5.7083333333333340E-02 -2.9083333333333333E-02
   5.7722222222222216E-02 -2.9000000000000001E-02
   5.8527777777777783E-02 -2.8888888888888891E-02
   5.9388888888888887E-02 -2.9055555555555557E-02
   6.0166666666666667E-02 -2.9249999999999998E-02
   6.0805555555555557E-02 -2.9249999999999998E-02
   6.1249999999999999E-02 -2.9166666666666667E-02
   6.1722222222222220E-02 -2.9138888888888888E-02
   6.2083333333333331E-02 -2.9361111111111109E-02
   6.2888888888888897E-02 -2.9861111111111109E-02
   6.3750000000000001E-02 -2.9777777777777778E-02
   6.4083333333333325E-02 -2.9194444444444443E-02
   6.4305555555555560E-02 -2.8611111111111111E-02
   6.4583333333333340E-02 -2.8055555555555556E-02
   6.5305555555555561E-02 -2.8083333333333332E-02
   6.5972222222222224E-02 -2.8222222222222221E-02
   6.6583333333333342E-02 -2.8527777777777777E-02
   6.7194444444444446E-02 -2.9138888888888888E-02
   6.7750000000000005E-02 -2.9777777777777778E-02
   6.8249999999999991E-02 -3.0249999999999999E-02
   6.8666666666666668E-02 -3.0500000000000003E-02
   6.9277777777777771E-02 -3.0750000000000000E-02
   6.9833333333333344E-02 -3.1083333333333334E-02
   7.0305555555555566E-02 -3.1222222222222224E-02
   7.1194444444444435E-02 -3.1416666666666669E-02
   7.2333333333333333E-02 -3.1472222222222221E-02
   7.3222222222222230E-02 -3.1527777777777780E-02
   7.4027777777777776E-02 -3.0888888888888893E-02
   7.4888888888888880E-02 -3.0722222222222224E-02
   7.5611111111111115E-02 -3.0305555555555554E-02
   7.5916666666666674E-02 -2.9916666666666664E-02
   7.6138888888888895E-02 -2.9611111111111112E-02
   7.6833333333333337E-02 -2.9527777777777778E-02
   7.7555555555555544E-02 -2.9694444444444443E-02
   7.8444444444444442E-02 -2.9916666666666664E-02
   7.9083333333333339E-02 -3.0527777777777779E-02
   7.9777777777777781E-02 -3.0805555555555555E-02
   8.0527777777777781E-02 -3.1083333333333334E-02
   8.1083333333333341E-02 -3.1333333333333338E-02
   8.1888888888888886E-02 -3.1222222222222224E-02
   8.2499999999999990E-02 -3.0777777777777779E-02
   8.2944444444444432E-02 -3.0388888888888892E-02
   8.3194444444444446E-02 -3.0000000000000002E-02
   8.3888888888888888E-02 -2.9777777777777778E-02
   8.4305555555555564E-02 -2.9777777777777778E-02
   8.4972222222222227E-02 -2.9916666666666664E-02
   8.5638888888888889E-02 -3.0083333333333333E-02
   8.6388888888888890E-02 -3.0388888888888892E-02
   8.7361111111111112E-02 -3.0750000000000000E-02
   8.8166666666666671E-02 -3.1055555555555552E-02
   8.8722222222222216E-02 -3.1222222222222224E-02
   8.9583333333333334E-02 -3.1333333333333338E-02
   9.0527777777777776E-02 -3.0861111111111110E-02
   9.1249999999999998E-02 -3.0805555555555555E-02
   9.2388888888888895E-02 -3.0833333333333338E-02
   9.3500000000000000E-02 -3.0805555555555555E-02
   9.4055555555555559E-02 -3.0666666666666668E-02
   9.4388888888888897E-02 -3.0333333333333337E-02
   9.4750000000000001E-02 -3.0277777777777778E-02
   9.5583333333333326E-02 -3.0472222222222220E-02
   9.6277777777777782E-02 -3.0500000000000003E-02
   9.6611111111111106E-02 -3.0638888888888889E-02
   9.7277777777777769E-02 -3.0833333333333338E-02
   9.7805555555555548E-02 -3.1027777777777779E-02
   9.8527777777777784E-02 -3.1305555555555559E-02
   9.9305555555555564E-02 -3.1694444444444442E-02
   9.9833333333333329E-02 -3.1944444444444442E-02
   0.1006666666666667     -3.2166666666666663E-02
   0.1015555555555556     -3.2305555555555560E-02
   0.1027777777777778     -3.2305555555555560E-02
   0.1034722222222222     -3.2305555555555560E-02
   0.1039166666666667     -3.2305555555555560E-02
   0.1047222222222222     -3.2194444444444442E-02
   0.1052222222222222     -3.2027777777777780E-02
   0.1070000000000000     -3.1416666666666669E-02
   0.1078888888888889     -3.1138888888888890E-02
   0.1091666666666667     -3.1083333333333334E-02
   0.1106388888888889     -3.1194444444444445E-02
   0.1116944444444444     -3.1388888888888883E-02
   0.1126944444444445     -3.2138888888888890E-02
   0.1139444444444445     -3.2361111111111111E-02
   0.1155277777777778     -3.2500000000000001E-02
   0.1167777777777778     -3.2555555555555553E-02
   0.1176388888888889     -3.2444444444444442E-02
   0.1183611111111111     -3.2222222222222222E-02
   0.1191944444444445     -3.2083333333333332E-02
   0.1202500000000000     -3.2055555555555552E-02
   0.1211666666666667     -3.2222222222222222E-02
   0.1217777777777778     -3.2500000000000001E-02
   0.1225555555555556     -3.2611111111111112E-02
   0.1245277777777778     -3.2611111111111112E-02
   0.1253888888888889     -3.2500000000000001E-02
   0.1257777777777778     -3.2305555555555560E-02
   0.1260833333333333     -3.1944444444444442E-02
   0.1266944444444444     -3.1833333333333332E-02
   0.1272500000000000     -3.1694444444444442E-02
   0.1280000000000000     -3.1527777777777780E-02
   0.1289722222222222     -3.1472222222222221E-02
   0.1302222222222222     -3.1555555555555559E-02
   0.1309722222222222     -3.1805555555555559E-02
   0.1315833333333333     -3.1972222222222221E-02
   0.1326111111111111     -3.2138888888888890E-02
   0.1330555555555556     -3.2166666666666663E-02
   0.1344444444444444     -3.1666666666666669E-02
   0.1354722222222222     -3.1750000000000000E-02
   0.1376666666666667     -3.1833333333333332E-02
   0.1390000000000000     -3.1888888888888883E-02
   0.1409166666666667     -3.2416666666666670E-02
   0.1422777777777778     -3.2416666666666670E-02
   0.1436111111111111     -3.2472222222222222E-02
   0.1441666666666667     -3.2555555555555553E-02
   0.1451666666666667     -3.2666666666666663E-02
   0.1458888888888889     -3.2416666666666670E-02
   0.1463055555555556     -3.2388888888888884E-02
   0.1473888888888889     -3.3250000000000002E-02
   0.1481111111111111     -3.3611111111111112E-02
   0.1490000000000000     -3.3722222222222223E-02
   0.1500555555555556     -3.3444444444444443E-02
   0.1506111111111111     -3.3222222222222222E-02
   0.1513888888888889     -3.2861111111111112E-02
   0.1518611111111111     -3.3083333333333333E-02
   0.1524722222222222     -3.3388888888888885E-02
   0.1527500000000000     -3.3500000000000002E-02
   0.1541944444444444     -3.3638888888888892E-02
   0.1555277777777778     -3.3638888888888892E-02
   0.1566388888888889     -3.4138888888888892E-02
   0.1576111111111111     -3.4250000000000003E-02
   0.1585277777777778     -3.4500000000000003E-02
   0.1598888888888889     -3.4749999999999996E-02
   0.1612222222222222     -3.4916666666666672E-02
   0.1623611111111111     -3.4694444444444444E-02
   0.1636111111111111     -3.4638888888888886E-02
   0.1647777777777778     -3.4722222222222224E-02
   0.1658888888888889     -3.4916666666666672E-02
   0.1670833333333333     -3.5111111111111114E-02
   0.1682500000000000     -3.5361111111111114E-02
   0.1689722222222222     -3.5444444444444445E-02
   0.1698333333333333     -3.5111111111111114E-02
   0.1705555555555555     -3.4861111111111107E-02
   0.1718055555555555     -3.4944444444444445E-02
   0.1730277777777778     -3.5138888888888893E-02
   0.1740000000000000     -3.5666666666666666E-02
   0.1754444444444444     -3.5694444444444445E-02
   0.1765555555555555     -3.5722222222222225E-02
   0.1777777777777778     -3.5722222222222225E-02
   0.1783611111111111     -3.5333333333333335E-02
   0.1789722222222222     -3.4444444444444444E-02
   0.1797500000000000     -3.4444444444444444E-02
   0.1801388888888889     -3.4611111111111113E-02
   0.1808888888888889     -3.4749999999999996E-02
   0.1830555555555556     -3.4944444444444445E-02
   0.1841944444444444     -3.4805555555555562E-02
   0.1852500000000000     -3.4444444444444444E-02
   0.1857777777777778     -3.4333333333333334E-02
   0.1865000000000000     -3.4222222222222223E-02
   0.1874166666666667     -3.4388888888888886E-02
   0.1888333333333333     -3.4805555555555562E-02
   0.1907500000000000     -3.5611111111111114E-02
   0.1920833333333333     -3.5583333333333335E-02
   0.1933055555555555     -3.5500000000000004E-02
   0.1948055555555556     -3.5444444444444445E-02
   0.1958055555555556     -3.5000000000000003E-02
   0.1975833333333333     -3.5055555555555555E-02
   0.1994722222222222     -3.5111111111111114E-02
   0.2006944444444444     -3.5166666666666666E-02
   0.2017777777777778     -3.5805555555555556E-02
   0.2036111111111111     -3.5749999999999997E-02
   0.2047222222222222     -3.5777777777777776E-02
   0.2067500000000000     -3.5944444444444446E-02
   0.2083055555555555     -3.6000000000000004E-02
   0.2093611111111111     -3.5833333333333335E-02
   0.2102222222222222     -3.5694444444444445E-02
   0.2115000000000000     -3.5666666666666666E-02
   0.2123333333333333     -3.5250000000000004E-02
   0.2138055555555556     -3.5305555555555555E-02
   0.2148333333333333     -3.5416666666666666E-02
   0.2156944444444444     -3.5666666666666666E-02
   0.2173888888888889     -3.5722222222222225E-02
   0.2190555555555556     -3.6138888888888887E-02
   0.2200000000000000     -3.5888888888888887E-02
   0.2216666666666667     -3.5888888888888887E-02
   0.2228333333333333     -3.6166666666666666E-02
   0.2238055555555556     -3.6027777777777777E-02
   0.2250277777777778     -3.6361111111111108E-02
   0.2256388888888889     -3.6388888888888887E-02
   0.2260277777777778     -3.5749999999999997E-02
   0.2260000000000000     -3.5277777777777776E-02
   0.2265000000000000     -3.5083333333333327E-02
   0.2275000000000000     -3.5083333333333327E-02
   0.2286388888888889     -3.5277777777777776E-02
   0.2303611111111111     -3.6000000000000004E-02
   0.2310000000000000     -3.5749999999999997E-02
   0.2321388888888889     -3.5611111111111114E-02
   0.2336111111111111     -3.5749999999999997E-02
   0.2348611111111111     -3.5972222222222218E-02
   0.2357222222222222     -3.6166666666666666E-02
   0.2365277777777778     -3.6944444444444446E-02
   0.2372500000000000     -3.7611111111111116E-02
   0.2374722222222222     -3.7833333333333337E-02
