   7.8333333333333328E-03  8.9444444444444441E-03
   7.2500000000000004E-03  8.7500000000000008E-03
   6.6388888888888886E-03  8.3055555555555556E-03
   6.1666666666666667E-03  7.8333333333333328E-03
   5.6111111111111119E-03  7.5555555555555558E-03
   5.2222222222222218E-03  7.0277777777777778E-03
   4.8611111111111112E-03  6.7222222222222223E-03
   4.5000000000000005E-03  6.4166666666666669E-03
   4.2222222222222218E-03  6.2222222222222227E-03
   3.5833333333333333E-03  6.5555555555555549E-03
   3.3611111111111112E-03  6.8333333333333336E-03
   3.1944444444444446E-03  6.9722222222222225E-03
   2.7500000000000003E-03  7.2777777777777780E-03
   2.4444444444444444E-03  7.4722222222222230E-03
   1.8055555555555557E-03  7.5277777777777782E-03
   1.0277777777777776E-03  7.5833333333333343E-03
   2.7777777777777778E-04  7.6111111111111119E-03
  -8.6111111111111110E-04  7.7222222222222232E-03
  -1.4722222222222222E-03  7.7500000000000008E-03
  -1.8888888888888890E-03  7.8055555555555560E-03
  -2.4166666666666664E-03  7.9444444444444432E-03
  -2.8888888888888888E-03  8.1666666666666658E-03
  -3.4166666666666668E-03  8.3611111111111108E-03
  -3.6388888888888890E-03  8.4444444444444437E-03
  -3.7777777777777779E-03  8.6111111111111110E-03
  -3.9444444444444440E-03  9.1111111111111115E-03
  -4.1388888888888890E-03  9.6388888888888878E-03
  -4.3333333333333331E-03  9.9444444444444433E-03
  -4.6111111111111110E-03  1.0138888888888888E-02
  -4.9444444444444440E-03  1.0250000000000000E-02
  -5.5000000000000005E-03  1.0444444444444444E-02
  -6.2222222222222227E-03  1.0527777777777778E-02
  -6.8611111111111112E-03  1.0555555555555556E-02
  -8.1666666666666658E-03  1.0250000000000000E-02
  -8.5277777777777782E-03  9.5000000000000015E-03
  -8.7500000000000008E-03  8.8333333333333337E-03
  -8.9166666666666665E-03  8.1666666666666658E-03
  -8.9722222222222217E-03  7.3888888888888893E-03
  -9.1944444444444443E-03  6.7499999999999999E-03
  -9.4722222222222222E-03  6.1111111111111114E-03
  -9.6388888888888878E-03  5.5277777777777782E-03
  -9.4444444444444445E-03  4.8333333333333327E-03
  -9.3055555555555565E-03  4.5833333333333334E-03
  -9.0833333333333339E-03  3.8611111111111116E-03
  -8.9444444444444441E-03  3.1388888888888890E-03
  -8.7222222222222215E-03  2.7777777777777779E-03
  -8.1666666666666658E-03  2.4722222222222220E-03
  -7.5833333333333343E-03  2.1944444444444446E-03
  -7.1944444444444443E-03  2.0277777777777777E-03
  -6.8611111111111112E-03  1.8888888888888890E-03
  -7.2222222222222228E-03  1.7222222222222222E-03
  -7.5833333333333343E-03  1.4166666666666666E-03
  -7.8055555555555560E-03  7.5000000000000002E-04
  -7.9722222222222208E-03  2.7777777777777778E-04
  -8.0000000000000002E-03 -8.3333333333333331E-05
  -7.4166666666666669E-03 -3.0555555555555555E-04
  -6.7222222222222223E-03 -3.6111111111111109E-04
  -6.1388888888888890E-03 -5.5555555555555556E-04
  -6.9722222222222225E-03 -1.0000000000000000E-03
  -7.1666666666666667E-03 -1.6666666666666666E-03
  -7.0555555555555554E-03 -2.1111111111111109E-03
  -6.6111111111111110E-03 -2.7777777777777779E-03
  -6.6111111111111110E-03 -3.0000000000000001E-03
  -6.8055555555555551E-03 -3.5555555555555557E-03
  -6.8055555555555551E-03 -4.0833333333333329E-03
  -6.5833333333333334E-03 -4.7500000000000007E-03
  -6.2500000000000003E-03 -5.4722222222222221E-03
  -5.5555555555555558E-03 -6.4722222222222230E-03
  -5.1944444444444442E-03 -7.3055555555555556E-03
  -4.5000000000000005E-03 -7.9722222222222208E-03
  -4.1111111111111105E-03 -8.3333333333333332E-03
  -3.6944444444444446E-03 -8.8333333333333337E-03
  -3.1944444444444446E-03 -9.5277777777777791E-03
  -2.3888888888888887E-03 -1.0333333333333333E-02
  -1.8055555555555557E-03 -1.0777777777777778E-02
  -1.2500000000000000E-03 -1.1333333333333332E-02
  -6.9444444444444447E-04 -1.1916666666666666E-02
  -3.0555555555555555E-04 -1.2416666666666666E-02
   1.6666666666666666E-04 -1.2916666666666667E-02
   8.3333333333333328E-04 -1.3583333333333333E-02
   1.4444444444444444E-03 -1.4000000000000000E-02
   1.7777777777777779E-03 -1.4361111111111111E-02
   2.2777777777777779E-03 -1.5111111111111112E-02
   2.5277777777777777E-03 -1.5777777777777776E-02
   2.8888888888888888E-03 -1.6250000000000001E-02
   3.4444444444444444E-03 -1.6694444444444442E-02
   3.8055555555555559E-03 -1.6777777777777777E-02
   4.3611111111111107E-03 -1.6944444444444443E-02
   4.4722222222222221E-03 -1.8000000000000002E-02
   4.8055555555555551E-03 -1.8583333333333334E-02
   5.2777777777777779E-03 -1.9333333333333331E-02
   6.0833333333333330E-03 -2.0138888888888887E-02
   6.8055555555555551E-03 -2.0500000000000001E-02
   7.4444444444444445E-03 -2.0583333333333332E-02
   8.0277777777777778E-03 -2.1027777777777777E-02
   8.5000000000000006E-03 -2.1416666666666667E-02
   9.0833333333333339E-03 -2.1611111111111112E-02
   1.0000000000000000E-02 -2.1666666666666667E-02
   1.0722222222222223E-02 -2.1666666666666667E-02
   1.1361111111111110E-02 -2.1777777777777778E-02
   1.1861111111111110E-02 -2.2055555555555557E-02
   1.2527777777777778E-02 -2.2472222222222223E-02
   1.3444444444444445E-02 -2.3250000000000000E-02
   1.3972222222222223E-02 -2.3638888888888890E-02
   1.4500000000000001E-02 -2.4055555555555556E-02
   1.5083333333333334E-02 -2.4472222222222222E-02
   1.6000000000000000E-02 -2.5250000000000002E-02
   1.6611111111111111E-02 -2.5638888888888892E-02
   1.6944444444444443E-02 -2.6138888888888889E-02
   1.7472222222222222E-02 -2.6805555555555555E-02
   1.7861111111111112E-02 -2.7361111111111110E-02
   1.8444444444444444E-02 -2.7583333333333335E-02
   1.9250000000000000E-02 -2.7611111111111111E-02
   1.9694444444444445E-02 -2.7361111111111110E-02
   2.0333333333333332E-02 -2.7055555555555555E-02
   2.1388888888888888E-02 -2.6888888888888889E-02
   2.1861111111111112E-02 -2.6888888888888889E-02
   2.2833333333333330E-02 -2.6861111111111110E-02
   2.3611111111111110E-02 -2.6611111111111110E-02
   2.4361111111111111E-02 -2.5833333333333333E-02
   2.4861111111111112E-02 -2.5611111111111112E-02
   2.5916666666666668E-02 -2.5555555555555557E-02
   2.6888888888888889E-02 -2.5416666666666667E-02
   2.7638888888888890E-02 -2.5166666666666667E-02
   2.8249999999999997E-02 -2.4805555555555556E-02
   2.8638888888888887E-02 -2.4583333333333332E-02
   2.8555555555555556E-02 -2.5277777777777777E-02
   2.8555555555555556E-02 -2.5638888888888892E-02
   2.7888888888888890E-02 -2.6138888888888889E-02
   2.7277777777777776E-02 -2.6805555555555555E-02
   2.6944444444444444E-02 -2.7277777777777776E-02
   2.6638888888888889E-02 -2.7638888888888890E-02
   2.6583333333333334E-02 -2.8222222222222221E-02
   2.6611111111111110E-02 -2.8694444444444443E-02
   2.6416666666666665E-02 -2.9166666666666667E-02
   2.6444444444444444E-02 -2.9777777777777778E-02
   2.6611111111111110E-02 -3.0000000000000002E-02
   2.7194444444444445E-02 -3.0388888888888892E-02
   2.8027777777777776E-02 -3.0555555555555558E-02
   2.8666666666666667E-02 -3.0138888888888889E-02
   2.9166666666666667E-02 -3.0277777777777778E-02
   3.0055555555555558E-02 -3.0333333333333337E-02
   3.0722222222222224E-02 -3.0249999999999999E-02
   3.1166666666666662E-02 -3.0055555555555558E-02
   3.1861111111111111E-02 -2.9888888888888892E-02
   3.2416666666666670E-02 -2.9694444444444443E-02
   3.2916666666666670E-02 -2.9277777777777778E-02
   3.3222222222222222E-02 -2.8916666666666663E-02
   3.3777777777777775E-02 -2.8416666666666663E-02
   3.4222222222222223E-02 -2.8000000000000001E-02
   3.4555555555555555E-02 -2.7805555555555552E-02
   3.5250000000000004E-02 -2.7527777777777776E-02
   3.5888888888888887E-02 -2.7916666666666663E-02
   3.6305555555555556E-02 -2.8416666666666663E-02
   3.6749999999999998E-02 -2.8888888888888891E-02
   3.7500000000000006E-02 -2.9194444444444443E-02
   3.7916666666666668E-02 -2.9416666666666664E-02
   3.8638888888888889E-02 -2.9777777777777778E-02
   3.9500000000000000E-02 -3.0055555555555558E-02
   4.0000000000000001E-02 -3.0055555555555558E-02
   4.1083333333333333E-02 -2.9277777777777778E-02
   4.1527777777777782E-02 -2.8916666666666663E-02
   4.2055555555555554E-02 -2.8444444444444446E-02
   4.2666666666666665E-02 -2.8249999999999997E-02
   4.3444444444444445E-02 -2.7805555555555552E-02
   4.4055555555555549E-02 -2.7444444444444445E-02
   4.4972222222222219E-02 -2.7611111111111111E-02
   4.5444444444444447E-02 -2.7527777777777776E-02
   4.6527777777777779E-02 -2.7888888888888890E-02
   4.7250000000000000E-02 -2.7416666666666666E-02
   4.7416666666666663E-02 -2.7277777777777776E-02
   4.8111111111111111E-02 -2.7527777777777776E-02
   4.9111111111111112E-02 -2.7916666666666663E-02
   5.0027777777777782E-02 -2.8166666666666666E-02
   5.0999999999999997E-02 -2.8305555555555553E-02
   5.1916666666666667E-02 -2.8388888888888891E-02
   5.2500000000000005E-02 -2.8416666666666663E-02
   5.3166666666666668E-02 -2.8833333333333336E-02
   5.3805555555555558E-02 -2.9222222222222222E-02
   5.4388888888888889E-02 -2.9444444444444447E-02
   5.5249999999999994E-02 -2.9500000000000002E-02
   5.5750000000000001E-02 -2.9527777777777778E-02
   5.6722222222222216E-02 -2.9555555555555557E-02
   5.7555555555555554E-02 -2.9166666666666667E-02
   5.8388888888888886E-02 -2.9166666666666667E-02
   5.9083333333333328E-02 -2.9166666666666667E-02
   5.9916666666666667E-02 -2.9194444444444443E-02
   6.0638888888888881E-02 -2.9083333333333333E-02
   6.1222222222222226E-02 -2.8888888888888891E-02
   6.1888888888888896E-02 -2.8777777777777777E-02
   6.2444444444444448E-02 -2.9194444444444443E-02
   6.3111111111111118E-02 -2.9222222222222222E-02
   6.3500000000000001E-02 -2.9194444444444443E-02
   6.3861111111111105E-02 -2.9111111111111112E-02
   6.4277777777777781E-02 -2.9194444444444443E-02
   6.4805555555555561E-02 -2.9444444444444447E-02
   6.5305555555555561E-02 -2.9666666666666668E-02
   6.5972222222222224E-02 -2.9944444444444447E-02
   6.6638888888888886E-02 -3.0138888888888889E-02
   6.7222222222222225E-02 -3.0249999999999999E-02
   6.8277777777777784E-02 -3.0555555555555558E-02
   6.9444444444444448E-02 -3.0638888888888889E-02
   7.0555555555555552E-02 -3.0666666666666668E-02
   7.1333333333333332E-02 -3.0666666666666668E-02
   7.1916666666666670E-02 -3.0611111111111113E-02
   7.2527777777777774E-02 -3.0583333333333334E-02
   7.3277777777777775E-02 -3.0555555555555558E-02
   7.3888888888888893E-02 -3.0555555555555558E-02
   7.4222222222222231E-02 -3.0527777777777779E-02
   7.5166666666666659E-02 -3.0694444444444444E-02
   7.6388888888888895E-02 -3.0833333333333338E-02
   7.7305555555555558E-02 -3.0916666666666665E-02
   7.7777777777777779E-02 -3.0972222222222220E-02
   7.8694444444444456E-02 -3.1027777777777779E-02
   7.9388888888888898E-02 -3.1055555555555552E-02
   8.0166666666666664E-02 -3.0888888888888893E-02
   8.0861111111111106E-02 -3.0750000000000000E-02
   8.1777777777777783E-02 -3.0833333333333338E-02
   8.2472222222222225E-02 -3.1138888888888890E-02
   8.3249999999999991E-02 -3.1277777777777772E-02
   8.4083333333333343E-02 -3.1305555555555559E-02
   8.5000000000000006E-02 -3.1111111111111114E-02
   8.5750000000000007E-02 -3.1055555555555552E-02
   8.6583333333333332E-02 -3.1027777777777779E-02
   8.6888888888888891E-02 -3.0944444444444448E-02
   8.8083333333333333E-02 -3.0916666666666665E-02
   8.8916666666666672E-02 -3.1138888888888890E-02
   9.0222222222222231E-02 -3.1666666666666669E-02
   9.1694444444444453E-02 -3.1833333333333332E-02
   9.3194444444444441E-02 -3.1861111111111111E-02
   9.3888888888888883E-02 -3.1833333333333332E-02
   9.4500000000000001E-02 -3.1611111111111111E-02
   9.5416666666666664E-02 -3.1722222222222221E-02
   9.6333333333333326E-02 -3.1833333333333332E-02
   9.7250000000000003E-02 -3.1944444444444442E-02
   9.8666666666666666E-02 -3.1972222222222221E-02
   9.9972222222222226E-02 -3.1972222222222221E-02
   0.1012777777777778     -3.1805555555555559E-02
   0.1021666666666667     -3.1666666666666669E-02
   0.1030000000000000     -3.1555555555555559E-02
   0.1040277777777778     -3.1472222222222221E-02
   0.1053055555555556     -3.1333333333333338E-02
   0.1068055555555555     -3.1527777777777780E-02
   0.1082777777777778     -3.1638888888888890E-02
   0.1092777777777778     -3.1805555555555559E-02
   0.1104166666666667     -3.1916666666666670E-02
   0.1115555555555556     -3.1972222222222221E-02
   0.1128333333333333     -3.1944444444444442E-02
   0.1136944444444444     -3.1861111111111111E-02
   0.1141944444444444     -3.1611111111111111E-02
   0.1146944444444444     -3.1444444444444448E-02
   0.1151944444444444     -3.1416666666666669E-02
   0.1162500000000000     -3.1388888888888883E-02
   0.1183333333333333     -3.1222222222222224E-02
   0.1191388888888889     -3.1194444444444445E-02
   0.1202500000000000     -3.1222222222222224E-02
   0.1217500000000000     -3.0916666666666665E-02
   0.1230555555555555     -3.0916666666666665E-02
   0.1245833333333333     -3.1388888888888883E-02
   0.1260833333333333     -3.1472222222222221E-02
   0.1279166666666667     -3.1583333333333331E-02
   0.1295277777777778     -3.1527777777777780E-02
   0.1307500000000000     -3.1611111111111111E-02
   0.1323333333333333     -3.2027777777777780E-02
   0.1336111111111111     -3.2333333333333332E-02
   0.1345833333333333     -3.2722222222222222E-02
   0.1359444444444445     -3.3138888888888891E-02
   0.1378333333333333     -3.3472222222222223E-02
   0.1394722222222222     -3.3527777777777781E-02
   0.1413611111111111     -3.3583333333333333E-02
   0.1432222222222222     -3.3722222222222223E-02
   0.1453055555555555     -3.3805555555555561E-02
   0.1471388888888889     -3.3944444444444444E-02
   0.1481944444444444     -3.4000000000000002E-02
   0.1498888888888889     -3.4027777777777782E-02
   0.1510555555555556     -3.4027777777777782E-02
   0.1526666666666667     -3.4000000000000002E-02
   0.1547222222222222     -3.4055555555555554E-02
   0.1568333333333333     -3.4166666666666665E-02
   0.1585000000000000     -3.4277777777777775E-02
   0.1605000000000000     -3.4555555555555555E-02
   0.1623055555555556     -3.4722222222222224E-02
   0.1641111111111111     -3.4944444444444445E-02
   0.1658333333333333     -3.5055555555555555E-02
   0.1676666666666667     -3.5055555555555555E-02
   0.1696111111111111     -3.5138888888888893E-02
   0.1716388888888889     -3.5250000000000004E-02
   0.1730000000000000     -3.5305555555555555E-02
   0.1746666666666667     -3.5777777777777776E-02
   0.1756666666666667     -3.5777777777777776E-02
   0.1780277777777778     -3.5749999999999997E-02
   0.1794166666666667     -3.5500000000000004E-02
   0.1799722222222222     -3.5277777777777776E-02
   0.1812222222222222     -3.5277777777777776E-02
   0.1828888888888889     -3.5305555555555555E-02
   0.1845000000000000     -3.5416666666666666E-02
   0.1854444444444444     -3.5416666666666666E-02
   0.1864722222222222     -3.5444444444444445E-02
   0.1878888888888889     -3.5472222222222224E-02
   0.1895833333333333     -3.5527777777777776E-02
   0.1909722222222222     -3.5916666666666666E-02
   0.1921944444444444     -3.5611111111111114E-02
   0.1931944444444444     -3.5305555555555555E-02
   0.1939444444444444     -3.5305555555555555E-02
   0.1956666666666667     -3.5361111111111114E-02
   0.1970000000000000     -3.5305555555555555E-02
   0.1984166666666667     -3.5333333333333335E-02
   0.1999444444444445     -3.5361111111111114E-02
   0.2016111111111111     -3.5388888888888886E-02
   0.2028888888888889     -3.5333333333333335E-02
   0.2052500000000000     -3.5388888888888886E-02
   0.2068333333333333     -3.5777777777777776E-02
   0.2081944444444445     -3.5888888888888887E-02
   0.2101111111111111     -3.6111111111111115E-02
   0.2116944444444445     -3.6249999999999998E-02
   0.2129444444444445     -3.5972222222222218E-02
   0.2142222222222222     -3.6000000000000004E-02
   0.2162777777777778     -3.6361111111111108E-02
   0.2177500000000000     -3.7416666666666668E-02
   0.2192222222222222     -3.7638888888888888E-02
   0.2205833333333333     -3.7805555555555558E-02
   0.2211111111111111     -3.7638888888888888E-02
   0.2217500000000000     -3.7305555555555557E-02
   0.2241944444444444     -3.7500000000000006E-02
   0.2257222222222222     -3.7583333333333330E-02
   0.2265555555555556     -3.7666666666666661E-02
   0.2272777777777778     -3.7666666666666661E-02
   0.2285277777777778     -3.7694444444444447E-02
   0.2299444444444445     -3.7055555555555557E-02
   0.2304722222222222     -3.7055555555555557E-02
   0.2316388888888889     -3.7000000000000005E-02
   0.2331388888888889     -3.6833333333333336E-02
   0.2348333333333333     -3.7305555555555557E-02
   0.2366666666666667     -3.7416666666666668E-02
   0.2381944444444444     -3.7555555555555550E-02
   0.2408055555555556     -3.7638888888888888E-02
   0.2419444444444445     -3.7722222222222226E-02
   0.2428333333333333     -3.7722222222222226E-02
   0.2434166666666667     -3.7777777777777771E-02
   0.2443888888888889     -3.8166666666666668E-02
   0.2451944444444444     -3.8305555555555558E-02
   0.2463888888888889     -3.8472222222222220E-02
   0.2476111111111111     -3.9055555555555559E-02
   0.2491111111111111     -3.9500000000000000E-02
   0.2505833333333334     -3.9805555555555559E-02
