   2.0555555555555553E-03  4.5555555555555557E-03
   1.5555555555555557E-03  4.4166666666666668E-03
   1.1944444444444444E-03  4.3333333333333331E-03
   6.6666666666666664E-04  4.3333333333333331E-03
   9.1666666666666676E-04  4.5000000000000005E-03
   9.7222222222222230E-04  4.8333333333333327E-03
   9.7222222222222230E-04  5.6388888888888895E-03
   6.3888888888888893E-04  6.3611111111111117E-03
   2.7777777777777778E-04  6.8888888888888888E-03
   0.0000000000000000E+00  7.2222222222222228E-03
  -5.0000000000000001E-04  7.7777777777777784E-03
  -9.1666666666666676E-04  8.0000000000000002E-03
  -1.4166666666666666E-03  8.1666666666666658E-03
  -2.3055555555555555E-03  8.3055555555555556E-03
  -2.6944444444444446E-03  8.3333333333333332E-03
  -3.3333333333333331E-03  8.2500000000000004E-03
  -3.6111111111111114E-03  8.0555555555555554E-03
  -3.9444444444444440E-03  8.1944444444444434E-03
  -4.2222222222222218E-03  8.2500000000000004E-03
  -4.4722222222222221E-03  8.3611111111111108E-03
  -4.8055555555555551E-03  8.4444444444444437E-03
  -5.1111111111111114E-03  8.9444444444444441E-03
  -5.5277777777777782E-03  9.2222222222222219E-03
  -5.8611111111111112E-03  9.5000000000000015E-03
  -6.3611111111111117E-03  9.8055555555555552E-03
  -6.7499999999999999E-03  9.9166666666666656E-03
  -7.3333333333333341E-03  1.0027777777777778E-02
  -7.7500000000000008E-03  1.0083333333333333E-02
  -8.7777777777777784E-03  1.0111111111111111E-02
  -9.3888888888888893E-03  1.0138888888888888E-02
  -1.0000000000000000E-02  1.0222222222222223E-02
  -1.0861111111111111E-02  1.0638888888888889E-02
  -1.1555555555555555E-02  1.0944444444444444E-02
  -1.2194444444444445E-02  1.1222222222222224E-02
  -1.2694444444444446E-02  1.1527777777777777E-02
  -1.3944444444444445E-02  1.2527777777777778E-02
  -1.4666666666666668E-02  1.2805555555555556E-02
  -1.5583333333333334E-02  1.3000000000000001E-02
  -1.6500000000000001E-02  1.3388888888888888E-02
  -1.7138888888888888E-02  1.3666666666666667E-02
  -1.7583333333333333E-02  1.4083333333333333E-02
  -1.7805555555555557E-02  1.4861111111111111E-02
  -1.7916666666666668E-02  1.5694444444444441E-02
  -1.7888888888888888E-02  1.6444444444444442E-02
  -1.8055555555555557E-02  1.7222222222222222E-02
  -1.8305555555555558E-02  1.8111111111111113E-02
  -1.8416666666666668E-02  1.8722222222222223E-02
  -1.8666666666666668E-02  1.9333333333333331E-02
  -1.8944444444444444E-02  1.9944444444444445E-02
  -1.9555555555555555E-02  2.0611111111111111E-02
  -2.0194444444444445E-02  2.1166666666666667E-02
  -2.0750000000000001E-02  2.1555555555555557E-02
  -2.1194444444444446E-02  2.1916666666666668E-02
  -2.1805555555555557E-02  2.2388888888888889E-02
  -2.2194444444444447E-02  2.2694444444444444E-02
  -2.2777777777777775E-02  2.3111111111111110E-02
  -2.3194444444444445E-02  2.3222222222222220E-02
  -2.3666666666666666E-02  2.3222222222222220E-02
  -2.4222222222222221E-02  2.3000000000000000E-02
  -2.4916666666666667E-02  2.2583333333333330E-02
  -2.5166666666666667E-02  2.2083333333333333E-02
  -2.5111111111111112E-02  2.1500000000000002E-02
  -2.5305555555555557E-02  2.1000000000000001E-02
  -2.5222222222222222E-02  2.0500000000000001E-02
  -2.5166666666666667E-02  2.0083333333333332E-02
  -2.5305555555555557E-02  1.9638888888888886E-02
  -2.5694444444444447E-02  1.9722222222222221E-02
  -2.6249999999999999E-02  1.9888888888888887E-02
  -2.6749999999999999E-02  1.9472222222222221E-02
  -2.7111111111111110E-02  1.9472222222222221E-02
  -2.7750000000000000E-02  1.9500000000000000E-02
  -2.8083333333333332E-02  1.9777777777777776E-02
  -2.8527777777777777E-02  1.9916666666666666E-02
  -2.9194444444444443E-02  2.0194444444444445E-02
  -2.9666666666666668E-02  2.0416666666666666E-02
  -3.0472222222222220E-02  2.0888888888888887E-02
  -3.1083333333333334E-02  2.1166666666666667E-02
  -3.1944444444444442E-02  2.1916666666666668E-02
  -3.2611111111111112E-02  2.1972222222222223E-02
  -3.3416666666666671E-02  2.2000000000000002E-02
  -3.3638888888888892E-02  2.2000000000000002E-02
  -3.3944444444444444E-02  2.1666666666666667E-02
  -3.4305555555555554E-02  2.1555555555555557E-02
  -3.5305555555555555E-02  2.1000000000000001E-02
  -3.5527777777777776E-02  2.0694444444444446E-02
  -3.5500000000000004E-02  1.9944444444444445E-02
  -3.5444444444444445E-02  1.9111111111111110E-02
  -3.5444444444444445E-02  1.8583333333333334E-02
  -3.5194444444444445E-02  1.8055555555555557E-02
  -3.4777777777777776E-02  1.7750000000000002E-02
  -3.4166666666666665E-02  1.7166666666666667E-02
  -3.3638888888888892E-02  1.6666666666666666E-02
  -3.3083333333333333E-02  1.6194444444444442E-02
  -3.2944444444444443E-02  1.5805555555555555E-02
  -3.2888888888888884E-02  1.5444444444444446E-02
  -3.2694444444444443E-02  1.4500000000000001E-02
  -3.2388888888888884E-02  1.3583333333333333E-02
  -3.1888888888888883E-02  1.2666666666666666E-02
  -3.1305555555555559E-02  1.2305555555555556E-02
  -3.1166666666666662E-02  1.2305555555555556E-02
  -3.1027777777777779E-02  1.1777777777777778E-02
  -3.0722222222222224E-02  1.1472222222222222E-02
  -3.0500000000000003E-02  1.0833333333333334E-02
  -3.0111111111111113E-02  1.0055555555555555E-02
  -2.9833333333333337E-02  9.6111111111111102E-03
  -2.9388888888888891E-02  8.9722222222222217E-03
  -2.8694444444444443E-02  8.3888888888888884E-03
  -2.7944444444444445E-02  7.7500000000000008E-03
  -2.6888888888888889E-02  7.5277777777777782E-03
  -2.5972222222222223E-02  6.6944444444444438E-03
  -2.5361111111111112E-02  6.3333333333333332E-03
  -2.5083333333333332E-02  5.8611111111111112E-03
  -2.4250000000000001E-02  5.4444444444444445E-03
  -2.3611111111111110E-02  5.2222222222222218E-03
  -2.3055555555555555E-02  4.8888888888888888E-03
  -2.2694444444444444E-02  4.4444444444444444E-03
  -2.2250000000000002E-02  4.1388888888888890E-03
  -2.1805555555555557E-02  3.9444444444444440E-03
  -2.1666666666666667E-02  3.3055555555555555E-03
  -2.1166666666666667E-02  2.8333333333333331E-03
  -2.0666666666666667E-02  2.3888888888888887E-03
  -2.0166666666666666E-02  2.0277777777777777E-03
  -1.9527777777777776E-02  1.9166666666666668E-03
  -1.9277777777777776E-02  1.7500000000000000E-03
  -1.9000000000000003E-02  1.1944444444444444E-03
  -1.8638888888888889E-02  6.1111111111111110E-04
  -1.8055555555555557E-02 -8.3333333333333331E-05
  -1.7416666666666667E-02 -3.8888888888888892E-04
  -1.6777777777777777E-02 -7.2222222222222219E-04
  -1.5750000000000000E-02 -8.0555555555555556E-04
  -1.5111111111111112E-02 -9.4444444444444448E-04
  -1.4388888888888889E-02 -1.0555555555555555E-03
  -1.3833333333333333E-02 -1.1944444444444444E-03
  -1.3333333333333332E-02 -1.3611111111111111E-03
  -1.3250000000000000E-02 -2.0000000000000000E-03
  -1.3027777777777777E-02 -2.6944444444444446E-03
  -1.2888888888888889E-02 -3.1388888888888890E-03
  -1.2722222222222223E-02 -3.6944444444444446E-03
  -1.2388888888888889E-02 -4.1944444444444442E-03
  -1.1694444444444445E-02 -4.6388888888888894E-03
  -1.1250000000000001E-02 -4.9444444444444440E-03
  -1.0805555555555556E-02 -5.2777777777777779E-03
  -1.0805555555555556E-02 -5.8611111111111112E-03
  -1.0916666666666667E-02 -6.3888888888888893E-03
  -1.1111111111111112E-02 -7.0000000000000001E-03
  -1.1138888888888889E-02 -7.8333333333333328E-03
  -1.1111111111111112E-02 -8.4444444444444437E-03
  -1.0750000000000001E-02 -9.1944444444444443E-03
  -1.0361111111111111E-02 -9.5277777777777791E-03
  -9.8611111111111104E-03 -1.0388888888888888E-02
  -9.4444444444444445E-03 -1.0972222222222223E-02
  -9.3611111111111117E-03 -1.1194444444444444E-02
  -9.3888888888888893E-03 -1.1638888888888888E-02
  -9.1111111111111115E-03 -1.2138888888888888E-02
  -8.9166666666666665E-03 -1.2583333333333334E-02
  -8.5833333333333334E-03 -1.2944444444444446E-02
  -8.3055555555555556E-03 -1.3305555555555555E-02
  -8.0277777777777778E-03 -1.3833333333333333E-02
  -7.9166666666666656E-03 -1.4166666666666668E-02
  -7.7222222222222232E-03 -1.4555555555555556E-02
  -7.3055555555555556E-03 -1.4861111111111111E-02
  -6.7222222222222223E-03 -1.5000000000000001E-02
  -6.2222222222222227E-03 -1.5138888888888889E-02
  -6.1111111111111114E-03 -1.5194444444444446E-02
  -5.9166666666666664E-03 -1.5583333333333334E-02
  -5.9444444444444440E-03 -1.6138888888888887E-02
  -6.0833333333333330E-03 -1.6611111111111111E-02
  -6.0000000000000001E-03 -1.7472222222222222E-02
  -5.7222222222222223E-03 -1.8250000000000002E-02
  -5.3611111111111116E-03 -1.8944444444444444E-02
  -5.0833333333333329E-03 -1.9222222222222220E-02
  -4.5555555555555557E-03 -1.9638888888888886E-02
  -3.9444444444444440E-03 -2.0083333333333332E-02
  -3.5000000000000001E-03 -2.0361111111111111E-02
  -3.2500000000000003E-03 -2.0555555555555556E-02
  -3.1666666666666666E-03 -2.1000000000000001E-02
  -3.0833333333333333E-03 -2.1805555555555557E-02
  -2.6388888888888890E-03 -2.2722222222222220E-02
  -2.4444444444444444E-03 -2.3027777777777775E-02
  -2.1388888888888890E-03 -2.3527777777777776E-02
  -2.1388888888888890E-03 -2.4111111111111111E-02
  -2.3333333333333335E-03 -2.4611111111111111E-02
  -2.6111111111111109E-03 -2.4972222222222222E-02
  -2.8611111111111111E-03 -2.5444444444444447E-02
  -3.3333333333333331E-03 -2.5916666666666668E-02
  -3.4166666666666668E-03 -2.6361111111111109E-02
  -3.4166666666666668E-03 -2.6861111111111110E-02
  -2.6944444444444446E-03 -2.7583333333333335E-02
  -2.5000000000000001E-03 -2.7666666666666666E-02
  -1.9444444444444446E-03 -2.7916666666666663E-02
  -2.1388888888888890E-03 -2.8361111111111108E-02
  -2.4166666666666664E-03 -2.8916666666666663E-02
  -2.6388888888888890E-03 -2.9583333333333333E-02
  -2.9722222222222220E-03 -2.9972222222222220E-02
  -3.2222222222222222E-03 -3.0249999999999999E-02
  -3.2500000000000003E-03 -3.0666666666666668E-02
  -2.9444444444444444E-03 -3.1250000000000000E-02
  -2.4722222222222220E-03 -3.1888888888888883E-02
  -1.9722222222222220E-03 -3.2388888888888884E-02
  -1.5555555555555557E-03 -3.2888888888888884E-02
  -1.2777777777777779E-03 -3.3861111111111113E-02
  -7.2222222222222219E-04 -3.4472222222222224E-02
  -2.2222222222222223E-04 -3.5000000000000003E-02
  -5.5555555555555558E-05 -3.5222222222222224E-02
   2.7777777777777779E-05 -3.6222222222222225E-02
  -1.6666666666666666E-04 -3.6861111111111108E-02
  -2.2222222222222223E-04 -3.7111111111111116E-02
   5.2777777777777773E-04 -3.7611111111111116E-02
   1.8333333333333335E-03 -3.8027777777777778E-02
   2.5277777777777777E-03 -3.7861111111111109E-02
   3.2222222222222222E-03 -3.7666666666666661E-02
   3.9166666666666664E-03 -3.7416666666666668E-02
   4.7777777777777775E-03 -3.7333333333333329E-02
   3.8333333333333336E-03 -3.7500000000000006E-02
   2.8888888888888888E-03 -3.7972222222222220E-02
   2.6944444444444446E-03 -3.8638888888888889E-02
   2.7222222222222222E-03 -3.9111111111111110E-02
   2.6388888888888890E-03 -3.9555555555555552E-02
   2.5277777777777777E-03 -3.9972222222222221E-02
   2.8055555555555559E-03 -4.0305555555555560E-02
   3.7500000000000003E-03 -4.0472222222222222E-02
   4.7777777777777775E-03 -4.0333333333333332E-02
   5.6944444444444438E-03 -3.9944444444444442E-02
   6.4166666666666669E-03 -3.9666666666666663E-02
   7.0555555555555554E-03 -3.9611111111111111E-02
   7.9722222222222208E-03 -3.9638888888888890E-02
   8.4722222222222213E-03 -4.0361111111111111E-02
   8.7222222222222215E-03 -4.0694444444444450E-02
   8.9722222222222217E-03 -4.1166666666666664E-02
   9.3055555555555565E-03 -4.1750000000000002E-02
   9.7500000000000000E-03 -4.2277777777777775E-02
   1.0388888888888888E-02 -4.2583333333333334E-02
   1.1305555555555555E-02 -4.2777777777777776E-02
   1.1833333333333333E-02 -4.2472222222222217E-02
   1.2250000000000000E-02 -4.1888888888888892E-02
   1.2583333333333334E-02 -4.1222222222222223E-02
   1.2888888888888889E-02 -4.0416666666666670E-02
   1.3250000000000000E-02 -3.9638888888888890E-02
   1.3750000000000000E-02 -3.8638888888888889E-02
   1.4138888888888888E-02 -3.7916666666666668E-02
   1.4861111111111111E-02 -3.7388888888888888E-02
   1.5277777777777779E-02 -3.7111111111111116E-02
   1.5805555555555555E-02 -3.6833333333333336E-02
   1.6333333333333332E-02 -3.6555555555555556E-02
   1.7305555555555557E-02 -3.5888888888888887E-02
   1.7388888888888888E-02 -3.6416666666666667E-02
   1.7666666666666667E-02 -3.7111111111111116E-02
   1.7944444444444443E-02 -3.7694444444444447E-02
   1.8388888888888889E-02 -3.8555555555555551E-02
   1.9055555555555558E-02 -3.9444444444444442E-02
   1.9527777777777776E-02 -3.9916666666666670E-02
   2.0222222222222221E-02 -4.0472222222222222E-02
   2.0916666666666667E-02 -4.1000000000000002E-02
   2.1361111111111112E-02 -4.1222222222222223E-02
   2.2083333333333333E-02 -4.1472222222222216E-02
   2.2833333333333330E-02 -4.1361111111111105E-02
   2.3444444444444445E-02 -4.1000000000000002E-02
   2.4305555555555556E-02 -4.0888888888888891E-02
   2.4944444444444446E-02 -4.0555555555555553E-02
   2.5805555555555557E-02 -3.9888888888888890E-02
   2.6166666666666664E-02 -3.9194444444444448E-02
   2.6305555555555554E-02 -3.8388888888888889E-02
   2.6222222222222220E-02 -3.7305555555555557E-02
   2.6000000000000002E-02 -3.6361111111111108E-02
   2.5916666666666668E-02 -3.5722222222222225E-02
   2.6083333333333333E-02 -3.5388888888888886E-02
   2.6611111111111110E-02 -3.5111111111111114E-02
   2.7416666666666666E-02 -3.4638888888888886E-02
   2.7944444444444445E-02 -3.4416666666666665E-02
   2.8638888888888887E-02 -3.3555555555555554E-02
   2.8722222222222222E-02 -3.2833333333333332E-02
   2.8749999999999998E-02 -3.2111111111111111E-02
   2.8749999999999998E-02 -3.1611111111111111E-02
   2.9083333333333333E-02 -3.1250000000000000E-02
   2.9388888888888891E-02 -3.0972222222222220E-02
   3.0361111111111110E-02 -3.0500000000000003E-02
   3.1000000000000003E-02 -3.0111111111111113E-02
   3.1888888888888883E-02 -2.9472222222222219E-02
   3.2333333333333332E-02 -2.8722222222222222E-02
   3.2222222222222222E-02 -2.7500000000000000E-02
   3.2138888888888890E-02 -2.6888888888888889E-02
   3.2111111111111111E-02 -2.6638888888888889E-02
   3.2805555555555560E-02 -2.6472222222222220E-02
   3.3805555555555561E-02 -2.6388888888888889E-02
   3.5000000000000003E-02 -2.6444444444444444E-02
   3.5972222222222218E-02 -2.6472222222222220E-02
   3.6666666666666667E-02 -2.7111111111111110E-02
   3.7472222222222219E-02 -2.7472222222222221E-02
   3.8666666666666662E-02 -2.7916666666666663E-02
   3.9888888888888890E-02 -2.8138888888888887E-02
   4.1000000000000002E-02 -2.8222222222222221E-02
   4.2027777777777775E-02 -2.8361111111111108E-02
   4.2861111111111114E-02 -2.8611111111111111E-02
   4.3916666666666666E-02 -2.9000000000000001E-02
   4.4305555555555556E-02 -2.9111111111111112E-02
   4.5194444444444447E-02 -2.9166666666666667E-02
   4.5527777777777778E-02 -2.9555555555555557E-02
   4.6277777777777779E-02 -3.0194444444444444E-02
   4.6722222222222221E-02 -3.0472222222222220E-02
   4.7472222222222221E-02 -3.0972222222222220E-02
   4.8194444444444443E-02 -3.1500000000000000E-02
   4.8805555555555560E-02 -3.1888888888888883E-02
   4.9694444444444451E-02 -3.2222222222222222E-02
   5.0694444444444445E-02 -3.2388888888888884E-02
   5.1194444444444445E-02 -3.2388888888888884E-02
   5.1749999999999997E-02 -3.2277777777777773E-02
   5.2388888888888895E-02 -3.2472222222222222E-02
   5.2972222222222226E-02 -3.3138888888888891E-02
   5.3472222222222227E-02 -3.3611111111111112E-02
   5.3972222222222227E-02 -3.4138888888888892E-02
   5.4527777777777779E-02 -3.4777777777777776E-02
   5.4944444444444442E-02 -3.5083333333333327E-02
   5.5444444444444442E-02 -3.5638888888888887E-02
   5.6055555555555553E-02 -3.5777777777777776E-02
   5.7277777777777775E-02 -3.6583333333333329E-02
   5.8638888888888893E-02 -3.7055555555555557E-02
   5.9972222222222218E-02 -3.7166666666666667E-02
   6.0861111111111109E-02 -3.7083333333333329E-02
   6.1055555555555557E-02 -3.7000000000000005E-02
   6.1444444444444447E-02 -3.6361111111111108E-02
   6.1666666666666675E-02 -3.5749999999999997E-02
   6.1749999999999999E-02 -3.4861111111111107E-02
   6.2222222222222227E-02 -3.3694444444444444E-02
   6.2277777777777779E-02 -3.2750000000000001E-02
   6.2305555555555552E-02 -3.2083333333333332E-02
   6.3027777777777780E-02 -3.1833333333333332E-02
   6.3583333333333339E-02 -3.1361111111111110E-02
   6.4111111111111105E-02 -3.1055555555555552E-02
   6.4833333333333340E-02 -3.1694444444444442E-02
   6.5222222222222223E-02 -3.1972222222222221E-02
   6.5944444444444444E-02 -3.2500000000000001E-02
   6.6555555555555548E-02 -3.2722222222222222E-02
   6.7222222222222225E-02 -3.2750000000000001E-02
   6.8166666666666667E-02 -3.2305555555555560E-02
   6.8527777777777785E-02 -3.1638888888888890E-02
   6.8944444444444447E-02 -3.1055555555555552E-02
   6.9416666666666668E-02 -3.0361111111111110E-02
   7.0277777777777786E-02 -2.9611111111111112E-02
   7.0527777777777786E-02 -2.9527777777777778E-02
   7.0416666666666669E-02 -3.0472222222222220E-02
   7.0388888888888890E-02 -3.1583333333333331E-02
   7.0305555555555566E-02 -3.2250000000000001E-02
   7.0416666666666669E-02 -3.2638888888888891E-02
   7.0861111111111111E-02 -3.3277777777777774E-02
   7.1166666666666670E-02 -3.3972222222222223E-02
   7.1666666666666670E-02 -3.4833333333333334E-02
   7.1888888888888891E-02 -3.5777777777777776E-02
   7.1944444444444436E-02 -3.6194444444444446E-02
   7.1944444444444436E-02 -3.6583333333333329E-02
   7.2499999999999995E-02 -3.7388888888888888E-02
   7.3111111111111113E-02 -3.8083333333333330E-02
   7.3388888888888892E-02 -3.8638888888888889E-02
   7.3611111111111113E-02 -3.9166666666666662E-02
   7.4055555555555555E-02 -3.9777777777777773E-02
   7.4499999999999997E-02 -4.0222222222222222E-02
   7.4916666666666673E-02 -4.0555555555555553E-02
   7.5555555555555542E-02 -4.0833333333333333E-02
   7.6527777777777778E-02 -4.0750000000000001E-02
   7.7111111111111103E-02 -4.0194444444444449E-02
   7.7583333333333337E-02 -3.9666666666666663E-02
   7.8222222222222221E-02 -3.9027777777777779E-02
   7.8944444444444442E-02 -3.8555555555555551E-02
   7.9555555555555546E-02 -3.8027777777777778E-02
   8.0694444444444458E-02 -3.6916666666666667E-02
   8.0916666666666678E-02 -3.6388888888888887E-02
   8.1000000000000003E-02 -3.5333333333333335E-02
   8.1166666666666665E-02 -3.4416666666666665E-02
   8.1333333333333327E-02 -3.3750000000000002E-02
   8.1611111111111106E-02 -3.3444444444444443E-02
   8.2166666666666666E-02 -3.3166666666666664E-02
   8.2499999999999990E-02 -3.2805555555555560E-02
   8.3194444444444446E-02 -3.2500000000000001E-02
   8.4083333333333343E-02 -3.2305555555555560E-02
   8.4916666666666668E-02 -3.1777777777777773E-02
   8.5388888888888889E-02 -3.1305555555555559E-02
   8.6499999999999994E-02 -3.0416666666666665E-02
   8.7583333333333332E-02 -2.9777777777777778E-02
   8.7888888888888891E-02 -2.9666666666666668E-02
   8.8138888888888892E-02 -3.0388888888888892E-02
   8.8861111111111113E-02 -3.0611111111111113E-02
   9.0194444444444438E-02 -3.0222222222222223E-02
   9.1472222222222233E-02 -3.0027777777777778E-02
   9.2111111111111102E-02 -2.9833333333333337E-02
   9.2722222222222220E-02 -2.9666666666666668E-02
   9.3111111111111103E-02 -2.9583333333333333E-02
   9.2777777777777778E-02 -3.0055555555555558E-02
   9.2444444444444440E-02 -3.1000000000000003E-02
   9.2499999999999999E-02 -3.1361111111111110E-02
   9.3222222222222220E-02 -3.1166666666666662E-02
   9.3666666666666662E-02 -3.0861111111111110E-02
   9.4638888888888884E-02 -3.0277777777777778E-02
   9.5305555555555560E-02 -2.9861111111111109E-02
   9.6194444444444444E-02 -2.9666666666666668E-02
   9.6861111111111120E-02 -2.9694444444444443E-02
   9.7555555555555562E-02 -2.9972222222222220E-02
   9.7833333333333342E-02 -3.0555555555555558E-02
   9.8916666666666667E-02 -3.1333333333333338E-02
   9.9638888888888888E-02 -3.1416666666666669E-02
   0.1005277777777778     -3.1833333333333332E-02
   0.1014444444444444     -3.1916666666666670E-02
   0.1024166666666667     -3.1944444444444442E-02
   0.1031388888888889     -3.1638888888888890E-02
   0.1037222222222222     -3.1583333333333331E-02
   0.1042500000000000     -3.1777777777777773E-02
   0.1051666666666667     -3.2055555555555552E-02
   0.1063611111111111     -3.2000000000000001E-02
   0.1068888888888889     -3.1666666666666669E-02
   0.1073333333333333     -3.1333333333333338E-02
   0.1085277777777778     -3.1361111111111110E-02
   0.1095277777777778     -3.1333333333333338E-02
   0.1103055555555556     -3.1222222222222224E-02
   0.1106944444444444     -3.1194444444444445E-02
   0.1106388888888889     -3.1694444444444442E-02
   0.1105277777777778     -3.2250000000000001E-02
   0.1105000000000000     -3.2583333333333332E-02
   0.1112777777777778     -3.2611111111111112E-02
   0.1121111111111111     -3.2611111111111112E-02
   0.1126111111111111     -3.2305555555555560E-02
   0.1134166666666667     -3.1777777777777773E-02
   0.1144444444444444     -3.1305555555555559E-02
   0.1155000000000000     -3.0833333333333338E-02
   0.1179444444444445     -3.0638888888888889E-02
   0.1193888888888889     -3.0611111111111113E-02
   0.1209444444444445     -3.0638888888888889E-02
   0.1217222222222222     -3.0638888888888889E-02
   0.1227777777777778     -3.0666666666666668E-02
   0.1240833333333333     -3.0388888888888892E-02
   0.1248333333333333     -3.0416666666666665E-02
   0.1251666666666667     -3.0416666666666665E-02
   0.1244444444444445     -3.1111111111111114E-02
   0.1240277777777778     -3.2305555555555560E-02
   0.1239166666666667     -3.3277777777777774E-02
   0.1243055555555555     -3.3861111111111113E-02
   0.1252777777777778     -3.4138888888888892E-02
   0.1259166666666667     -3.4472222222222224E-02
   0.1265277777777778     -3.4833333333333334E-02
   0.1273611111111111     -3.5055555555555555E-02
   0.1280277777777778     -3.5083333333333327E-02
   0.1290000000000000     -3.4416666666666665E-02
   0.1299722222222222     -3.3944444444444444E-02
   0.1306388888888889     -3.3388888888888885E-02
   0.1311111111111111     -3.2972222222222222E-02
   0.1317222222222222     -3.2027777777777780E-02
   0.1320277777777778     -3.0916666666666665E-02
   0.1322500000000000     -3.0249999999999999E-02
   0.1324722222222222     -2.9555555555555557E-02
