   1.9444444444444446E-03  5.0833333333333329E-03
   1.6388888888888887E-03  4.9444444444444440E-03
   1.3888888888888889E-03  4.5000000000000005E-03
   1.2222222222222222E-03  4.3333333333333331E-03
   1.0833333333333333E-03  4.3055555555555555E-03
   5.8333333333333338E-04  4.3055555555555555E-03
   2.5000000000000001E-04  4.3055555555555555E-03
  -2.5000000000000001E-04  4.4166666666666668E-03
  -5.2777777777777773E-04  4.5000000000000005E-03
  -6.3888888888888893E-04  4.5833333333333334E-03
  -8.0555555555555556E-04  4.8888888888888888E-03
  -1.0000000000000000E-03  5.0833333333333329E-03
  -1.1388888888888889E-03  5.5000000000000005E-03
  -1.3055555555555555E-03  5.8611111111111112E-03
  -1.5833333333333333E-03  6.2222222222222227E-03
  -1.9444444444444446E-03  6.7222222222222223E-03
  -2.1666666666666666E-03  7.3888888888888893E-03
  -2.3333333333333335E-03  7.6388888888888895E-03
  -2.6111111111111109E-03  8.0277777777777778E-03
  -3.2500000000000003E-03  8.4444444444444437E-03
  -3.6388888888888890E-03  8.8333333333333337E-03
  -4.1111111111111105E-03  9.0277777777777787E-03
  -4.8888888888888888E-03  9.1666666666666667E-03
  -5.5277777777777782E-03  9.1111111111111115E-03
  -6.0833333333333330E-03  8.7777777777777784E-03
  -6.6944444444444438E-03  8.3888888888888884E-03
  -7.0555555555555554E-03  8.5555555555555558E-03
  -7.4444444444444445E-03  8.8888888888888889E-03
  -7.9444444444444432E-03  9.3055555555555565E-03
  -8.3611111111111108E-03  9.5555555555555550E-03
  -8.6388888888888887E-03  9.8333333333333328E-03
  -8.9722222222222217E-03  1.0333333333333333E-02
  -9.3611111111111117E-03  1.0777777777777778E-02
  -9.6111111111111102E-03  1.1055555555555556E-02
  -9.9166666666666656E-03  1.1277777777777779E-02
  -1.0138888888888888E-02  1.1305555555555555E-02
  -1.0666666666666666E-02  1.1444444444444445E-02
  -1.1000000000000001E-02  1.1638888888888888E-02
  -1.1500000000000000E-02  1.1944444444444445E-02
  -1.2111111111111111E-02  1.2472222222222223E-02
  -1.2527777777777778E-02  1.2805555555555556E-02
  -1.2861111111111111E-02  1.3166666666666667E-02
  -1.3194444444444444E-02  1.3416666666666667E-02
  -1.3666666666666667E-02  1.3722222222222222E-02
  -1.4194444444444445E-02  1.3861111111111111E-02
  -1.4666666666666668E-02  1.4000000000000000E-02
  -1.5138888888888889E-02  1.4222222222222223E-02
  -1.5277777777777779E-02  1.4583333333333334E-02
  -1.5527777777777779E-02  1.5138888888888889E-02
  -1.5972222222222221E-02  1.5833333333333331E-02
  -1.6500000000000001E-02  1.6416666666666666E-02
  -1.6805555555555556E-02  1.6916666666666667E-02
  -1.7138888888888888E-02  1.7250000000000001E-02
  -1.7500000000000002E-02  1.7500000000000002E-02
  -1.8250000000000002E-02  1.7666666666666667E-02
  -1.8861111111111113E-02  1.7722222222222223E-02
  -1.9416666666666665E-02  1.7722222222222223E-02
  -1.9805555555555555E-02  1.7972222222222223E-02
  -2.0111111111111111E-02  1.8277777777777778E-02
  -2.0444444444444446E-02  1.8750000000000003E-02
  -2.0916666666666667E-02  1.9250000000000000E-02
  -2.1027777777777777E-02  1.9500000000000000E-02
  -2.1638888888888888E-02  1.9694444444444445E-02
  -2.2222222222222223E-02  1.9888888888888887E-02
  -2.2805555555555555E-02  1.9972222222222221E-02
  -2.3472222222222221E-02  2.0000000000000000E-02
  -2.4166666666666666E-02  2.0166666666666666E-02
  -2.4166666666666666E-02  2.0388888888888887E-02
  -2.3944444444444445E-02  2.0666666666666667E-02
  -2.3833333333333331E-02  2.1083333333333332E-02
  -2.3805555555555555E-02  2.1666666666666667E-02
  -2.3777777777777776E-02  2.2111111111111113E-02
  -2.3750000000000000E-02  2.2555555555555558E-02
  -2.3833333333333331E-02  2.2944444444444444E-02
  -2.4083333333333332E-02  2.3444444444444445E-02
  -2.4416666666666666E-02  2.3777777777777776E-02
  -2.4805555555555556E-02  2.4055555555555556E-02
  -2.5361111111111112E-02  2.4166666666666666E-02
  -2.5888888888888892E-02  2.4333333333333332E-02
  -2.6305555555555554E-02  2.4250000000000001E-02
  -2.6722222222222220E-02  2.4027777777777776E-02
  -2.7111111111111110E-02  2.3916666666666666E-02
  -2.7472222222222221E-02  2.3916666666666666E-02
  -2.8000000000000001E-02  2.3916666666666666E-02
  -2.8361111111111108E-02  2.3805555555555555E-02
  -2.8583333333333332E-02  2.3277777777777776E-02
  -2.8611111111111111E-02  2.2722222222222220E-02
  -2.8638888888888887E-02  2.2500000000000003E-02
  -2.9777777777777778E-02  2.2472222222222223E-02
  -3.0416666666666665E-02  2.2472222222222223E-02
  -3.1333333333333338E-02  2.2694444444444444E-02
  -3.2055555555555552E-02  2.2888888888888889E-02
  -3.2583333333333332E-02  2.3027777777777775E-02
  -3.3361111111111112E-02  2.3194444444444445E-02
  -3.3444444444444443E-02  2.3388888888888890E-02
  -3.3666666666666664E-02  2.3916666666666666E-02
  -3.3833333333333333E-02  2.4444444444444446E-02
  -3.4222222222222223E-02  2.5027777777777777E-02
  -3.4472222222222224E-02  2.5444444444444447E-02
  -3.4888888888888886E-02  2.5944444444444447E-02
  -3.5194444444444445E-02  2.6166666666666664E-02
  -3.5777777777777776E-02  2.6305555555555554E-02
  -3.6555555555555556E-02  2.6416666666666665E-02
  -3.7111111111111116E-02  2.6444444444444444E-02
  -3.7611111111111116E-02  2.6444444444444444E-02
  -3.7500000000000006E-02  2.6749999999999999E-02
  -3.7083333333333329E-02  2.7194444444444445E-02
  -3.6972222222222219E-02  2.7638888888888890E-02
  -3.7083333333333329E-02  2.7805555555555552E-02
  -3.7638888888888888E-02  2.7916666666666663E-02
  -3.8249999999999999E-02  2.7833333333333335E-02
  -3.8944444444444448E-02  2.7388888888888890E-02
  -3.9472222222222221E-02  2.7111111111111110E-02
  -4.0027777777777780E-02  2.6583333333333334E-02
  -4.0416666666666670E-02  2.6055555555555554E-02
  -4.0611111111111112E-02  2.5555555555555557E-02
  -4.0750000000000001E-02  2.4888888888888891E-02
  -4.0472222222222222E-02  2.4000000000000000E-02
  -4.0361111111111111E-02  2.3611111111111110E-02
  -4.0166666666666663E-02  2.3138888888888889E-02
  -3.9972222222222221E-02  2.2555555555555558E-02
  -3.9944444444444442E-02  2.1972222222222223E-02
  -3.9944444444444442E-02  2.1472222222222222E-02
  -3.9833333333333332E-02  2.0888888888888887E-02
  -3.9722222222222221E-02  2.0527777777777777E-02
  -3.9555555555555552E-02  2.0333333333333332E-02
  -3.9305555555555559E-02  1.9944444444444445E-02
  -3.9083333333333331E-02  1.9555555555555555E-02
  -3.8944444444444448E-02  1.8805555555555558E-02
  -3.8694444444444448E-02  1.8138888888888888E-02
  -3.8194444444444448E-02  1.7388888888888888E-02
  -3.7916666666666668E-02  1.6888888888888887E-02
  -3.7666666666666661E-02  1.6416666666666666E-02
  -3.7249999999999998E-02  1.5861111111111111E-02
  -3.6777777777777777E-02  1.5305555555555557E-02
  -3.6361111111111108E-02  1.4833333333333334E-02
  -3.5555555555555556E-02  1.4194444444444445E-02
  -3.5444444444444445E-02  1.4111111111111111E-02
  -3.5305555555555555E-02  1.3388888888888888E-02
  -3.5138888888888893E-02  1.2722222222222223E-02
  -3.5166666666666666E-02  1.2194444444444445E-02
  -3.5138888888888893E-02  1.1277777777777779E-02
  -3.5027777777777783E-02  1.0694444444444444E-02
  -3.4833333333333334E-02  1.0194444444444443E-02
  -3.4305555555555554E-02  9.5277777777777791E-03
  -3.3888888888888885E-02  9.2500000000000013E-03
  -3.3611111111111112E-02  9.1944444444444443E-03
  -3.3305555555555560E-02  8.6666666666666663E-03
  -3.2750000000000001E-02  8.3055555555555556E-03
  -3.2194444444444442E-02  8.1388888888888882E-03
  -3.1555555555555559E-02  8.1388888888888882E-03
  -3.0916666666666665E-02  8.1388888888888882E-03
  -3.0444444444444448E-02  8.0833333333333330E-03
  -3.0249999999999999E-02  7.6388888888888895E-03
  -2.9888888888888892E-02  7.4444444444444445E-03
  -2.9194444444444443E-02  7.3611111111111117E-03
  -2.8611111111111111E-02  7.1666666666666667E-03
  -2.8166666666666666E-02  7.0000000000000001E-03
  -2.7666666666666666E-02  7.0000000000000001E-03
  -2.7111111111111110E-02  7.0000000000000001E-03
  -2.6833333333333334E-02  7.0277777777777778E-03
  -2.6388888888888889E-02  6.8888888888888888E-03
  -2.5972222222222223E-02  6.5000000000000006E-03
  -2.5611111111111112E-02  6.3055555555555556E-03
  -2.5194444444444446E-02  6.1388888888888890E-03
  -2.4666666666666667E-02  6.0000000000000001E-03
  -2.4194444444444446E-02  5.7499999999999999E-03
  -2.3916666666666666E-02  5.3611111111111116E-03
  -2.3750000000000000E-02  4.9444444444444440E-03
  -2.3527777777777776E-02  4.5555555555555557E-03
  -2.3194444444444445E-02  4.2500000000000003E-03
  -2.2694444444444444E-02  4.0555555555555553E-03
  -2.2277777777777778E-02  3.7500000000000003E-03
  -2.2277777777777778E-02  3.0833333333333333E-03
  -2.2444444444444447E-02  2.2222222222222222E-03
  -2.2472222222222223E-02  1.8055555555555557E-03
  -2.2250000000000002E-02  1.1666666666666668E-03
  -2.1916666666666668E-02  7.7777777777777784E-04
  -2.1250000000000002E-02  3.0555555555555555E-04
  -2.0750000000000001E-02 -1.3888888888888889E-04
  -2.0611111111111111E-02 -6.6666666666666664E-04
  -2.0638888888888887E-02 -1.4722222222222222E-03
  -2.0611111111111111E-02 -2.0833333333333333E-03
  -2.0583333333333332E-02 -2.7222222222222222E-03
  -2.0361111111111111E-02 -3.4444444444444444E-03
  -2.0138888888888887E-02 -3.7777777777777779E-03
  -1.9250000000000000E-02 -4.0277777777777777E-03
  -1.8222222222222223E-02 -4.1944444444444442E-03
  -1.7361111111111112E-02 -4.0000000000000001E-03
  -1.6805555555555556E-02 -3.8888888888888892E-03
  -1.6416666666666666E-02 -3.9722222222222216E-03
  -1.5972222222222221E-02 -4.1666666666666666E-03
  -1.5555555555555557E-02 -4.2777777777777779E-03
  -1.5277777777777779E-02 -4.5277777777777781E-03
  -1.4777777777777779E-02 -4.8888888888888888E-03
  -1.4388888888888889E-02 -5.3611111111111116E-03
  -1.4361111111111111E-02 -6.2500000000000003E-03
  -1.4361111111111111E-02 -6.9722222222222225E-03
  -1.4388888888888889E-02 -7.5555555555555558E-03
  -1.4388888888888889E-02 -8.1111111111111106E-03
  -1.4111111111111111E-02 -8.7500000000000008E-03
  -1.4027777777777778E-02 -9.4444444444444445E-03
  -1.3861111111111111E-02 -9.8333333333333328E-03
  -1.3527777777777777E-02 -1.0250000000000000E-02
  -1.3027777777777777E-02 -1.0527777777777778E-02
  -1.2611111111111111E-02 -1.0694444444444444E-02
  -1.2055555555555555E-02 -1.0861111111111111E-02
  -1.1666666666666665E-02 -1.1083333333333334E-02
  -1.1694444444444445E-02 -1.2083333333333333E-02
  -1.1611111111111110E-02 -1.2638888888888889E-02
  -1.1250000000000001E-02 -1.3222222222222222E-02
  -1.0833333333333334E-02 -1.3666666666666667E-02
  -1.0527777777777778E-02 -1.3972222222222223E-02
  -1.0194444444444443E-02 -1.4250000000000001E-02
  -9.6944444444444430E-03 -1.4583333333333334E-02
  -9.5555555555555550E-03 -1.4861111111111111E-02
  -9.1666666666666667E-03 -1.5138888888888889E-02
  -8.8055555555555561E-03 -1.5611111111111112E-02
  -8.4722222222222213E-03 -1.6111111111111111E-02
  -8.0000000000000002E-03 -1.6416666666666666E-02
  -7.4444444444444445E-03 -1.6694444444444442E-02
  -6.7777777777777775E-03 -1.6944444444444443E-02
  -6.8333333333333336E-03 -1.7277777777777777E-02
  -6.5000000000000006E-03 -1.8083333333333333E-02
  -6.0000000000000001E-03 -1.8805555555555558E-02
  -5.3611111111111116E-03 -1.9166666666666665E-02
  -4.7222222222222223E-03 -1.9500000000000000E-02
  -4.2500000000000003E-03 -2.0083333333333332E-02
  -4.1388888888888890E-03 -2.0694444444444446E-02
  -3.9166666666666664E-03 -2.1250000000000002E-02
  -3.6944444444444446E-03 -2.1583333333333333E-02
  -3.1388888888888890E-03 -2.2083333333333333E-02
  -2.8333333333333331E-03 -2.2277777777777778E-02
  -2.5277777777777777E-03 -2.2722222222222220E-02
  -2.7222222222222222E-03 -2.3333333333333331E-02
  -3.1666666666666666E-03 -2.3861111111111111E-02
  -3.4166666666666668E-03 -2.4305555555555556E-02
  -3.9722222222222216E-03 -2.4888888888888891E-02
  -4.3055555555555555E-03 -2.5388888888888891E-02
  -5.3055555555555555E-03 -2.5416666666666667E-02
  -5.8611111111111112E-03 -2.5583333333333333E-02
  -6.0555555555555553E-03 -2.6749999999999999E-02
  -6.0833333333333330E-03 -2.7944444444444445E-02
  -6.5000000000000006E-03 -2.9249999999999998E-02
  -6.5277777777777773E-03 -3.0194444444444444E-02
  -6.3611111111111117E-03 -3.1027777777777779E-02
  -6.3611111111111117E-03 -3.1611111111111111E-02
  -6.6111111111111110E-03 -3.2138888888888890E-02
  -6.5833333333333334E-03 -3.2972222222222222E-02
  -6.4722222222222230E-03 -3.3888888888888885E-02
  -6.3611111111111117E-03 -3.4861111111111107E-02
  -6.1944444444444443E-03 -3.5472222222222224E-02
  -5.6944444444444438E-03 -3.6000000000000004E-02
  -5.1666666666666666E-03 -3.6388888888888887E-02
  -4.3888888888888892E-03 -3.6944444444444446E-02
  -4.0277777777777777E-03 -3.7500000000000006E-02
  -3.7222222222222223E-03 -3.8222222222222220E-02
  -3.3888888888888888E-03 -3.8722222222222227E-02
  -2.8055555555555559E-03 -3.9388888888888890E-02
  -2.3611111111111111E-03 -4.0416666666666670E-02
  -1.7777777777777779E-03 -4.1277777777777774E-02
  -1.2500000000000000E-03 -4.2166666666666665E-02
  -1.0555555555555555E-03 -4.3027777777777776E-02
  -1.0555555555555555E-03 -4.4000000000000004E-02
  -8.6111111111111110E-04 -4.4722222222222219E-02
  -4.4444444444444447E-04 -4.5388888888888888E-02
  -5.5555555555555558E-05 -4.6111111111111117E-02
   2.2222222222222223E-04 -4.6888888888888890E-02
   8.3333333333333328E-04 -4.7749999999999994E-02
   1.2222222222222222E-03 -4.7583333333333339E-02
   2.0000000000000000E-03 -4.8055555555555553E-02
   2.3611111111111111E-03 -4.8361111111111112E-02
   2.8055555555555559E-03 -4.8583333333333339E-02
   3.6388888888888890E-03 -4.8749999999999995E-02
   4.2777777777777779E-03 -4.8861111111111105E-02
   5.1388888888888890E-03 -4.8611111111111112E-02
   5.7222222222222223E-03 -4.8000000000000001E-02
   6.2500000000000003E-03 -4.7416666666666663E-02
   6.3333333333333332E-03 -4.6972222222222221E-02
   6.8333333333333336E-03 -4.6694444444444448E-02
   7.1111111111111115E-03 -4.6833333333333331E-02
   7.8333333333333328E-03 -4.6722222222222221E-02
   8.1666666666666658E-03 -4.6444444444444448E-02
   8.5555555555555558E-03 -4.5777777777777778E-02
   8.8055555555555561E-03 -4.5277777777777778E-02
   9.8888888888888880E-03 -4.5416666666666668E-02
   1.0555555555555556E-02 -4.5611111111111109E-02
   1.1083333333333334E-02 -4.5416666666666668E-02
   1.1444444444444445E-02 -4.5083333333333336E-02
   1.1750000000000000E-02 -4.4194444444444446E-02
   1.2083333333333333E-02 -4.3444444444444445E-02
   1.2472222222222223E-02 -4.2638888888888893E-02
   1.2972222222222224E-02 -4.1638888888888892E-02
   1.3166666666666667E-02 -4.0888888888888891E-02
   1.3666666666666667E-02 -4.0222222222222222E-02
   1.3972222222222223E-02 -3.9861111111111111E-02
   1.4527777777777778E-02 -3.9305555555555559E-02
   1.4916666666666668E-02 -3.8888888888888890E-02
   1.5388888888888889E-02 -3.8222222222222220E-02
   1.5944444444444442E-02 -3.7527777777777778E-02
   1.6027777777777776E-02 -3.7361111111111109E-02
   1.6416666666666666E-02 -3.8166666666666668E-02
   1.6777777777777777E-02 -3.8750000000000000E-02
   1.7027777777777777E-02 -3.9166666666666662E-02
   1.7305555555555557E-02 -3.9500000000000000E-02
   1.7694444444444443E-02 -3.9972222222222221E-02
   1.8250000000000002E-02 -4.0166666666666663E-02
   1.9027777777777779E-02 -4.0388888888888891E-02
   1.9611111111111110E-02 -4.0555555555555553E-02
   2.0500000000000001E-02 -4.0583333333333332E-02
   2.1083333333333332E-02 -4.0333333333333332E-02
   2.1861111111111112E-02 -3.9777777777777773E-02
   2.2388888888888889E-02 -3.9444444444444442E-02
   2.3361111111111110E-02 -3.8888888888888890E-02
   2.4500000000000001E-02 -3.8333333333333330E-02
   2.5611111111111112E-02 -3.7666666666666661E-02
   2.6527777777777775E-02 -3.6249999999999998E-02
   2.6972222222222220E-02 -3.5583333333333335E-02
   2.7777777777777776E-02 -3.5055555555555555E-02
   2.8833333333333336E-02 -3.5027777777777783E-02
   2.9916666666666664E-02 -3.5111111111111114E-02
   3.0750000000000000E-02 -3.4388888888888886E-02
   3.1611111111111111E-02 -3.3500000000000002E-02
   3.1750000000000000E-02 -3.2638888888888891E-02
   3.1750000000000000E-02 -3.1611111111111111E-02
   3.1694444444444442E-02 -3.0638888888888889E-02
   3.1722222222222221E-02 -2.9833333333333337E-02
   3.1833333333333332E-02 -2.8916666666666663E-02
   3.2166666666666663E-02 -2.8416666666666663E-02
   3.3027777777777781E-02 -2.8416666666666663E-02
   3.3722222222222223E-02 -2.8333333333333335E-02
   3.4472222222222224E-02 -2.8416666666666663E-02
   3.5527777777777776E-02 -2.8416666666666663E-02
   3.6583333333333329E-02 -2.8277777777777777E-02
   3.7361111111111109E-02 -2.8222222222222221E-02
   3.8055555555555558E-02 -2.8222222222222221E-02
   3.8611111111111117E-02 -2.9083333333333333E-02
   3.9250000000000000E-02 -2.9638888888888888E-02
   3.9888888888888890E-02 -2.9916666666666664E-02
   4.0611111111111112E-02 -3.0138888888888889E-02
   4.1305555555555561E-02 -3.0194444444444444E-02
   4.1388888888888892E-02 -3.1027777777777779E-02
   4.1583333333333333E-02 -3.2250000000000001E-02
   4.1805555555555554E-02 -3.3166666666666664E-02
   4.2083333333333334E-02 -3.3805555555555561E-02
   4.2500000000000003E-02 -3.4166666666666665E-02
   4.3027777777777776E-02 -3.4611111111111113E-02
   4.3777777777777777E-02 -3.4833333333333334E-02
   4.4888888888888895E-02 -3.4694444444444444E-02
   4.5388888888888888E-02 -3.4361111111111113E-02
   4.6305555555555558E-02 -3.4083333333333334E-02
   4.6888888888888890E-02 -3.3527777777777781E-02
   4.7222222222222221E-02 -3.2611111111111112E-02
   4.7250000000000000E-02 -3.1750000000000000E-02
   4.7166666666666662E-02 -3.0972222222222220E-02
   4.7083333333333331E-02 -3.0638888888888889E-02
   4.7083333333333331E-02 -3.0222222222222223E-02
   4.7361111111111111E-02 -2.9944444444444447E-02
   4.7777777777777780E-02 -2.9500000000000002E-02
   4.8138888888888891E-02 -2.9083333333333333E-02
   4.8666666666666664E-02 -2.9083333333333333E-02
   4.9250000000000002E-02 -2.8944444444444446E-02
   4.9527777777777775E-02 -2.8777777777777777E-02
   5.0333333333333334E-02 -2.8666666666666667E-02
   5.0999999999999997E-02 -2.8777777777777777E-02
   5.1527777777777777E-02 -2.8805555555555553E-02
   5.2138888888888887E-02 -2.8805555555555553E-02
   5.3027777777777778E-02 -2.8805555555555553E-02
   5.3722222222222227E-02 -2.9000000000000001E-02
   5.4194444444444448E-02 -2.9166666666666667E-02
   5.4305555555555558E-02 -2.9527777777777778E-02
   5.4583333333333331E-02 -2.9694444444444443E-02
   5.5222222222222221E-02 -2.9777777777777778E-02
   5.6027777777777774E-02 -2.9916666666666664E-02
   5.6666666666666671E-02 -3.0194444444444444E-02
   5.7083333333333340E-02 -3.0361111111111110E-02
   5.7305555555555561E-02 -3.0750000000000000E-02
   5.6833333333333326E-02 -3.1138888888888890E-02
   5.6750000000000002E-02 -3.1916666666666670E-02
   5.6777777777777781E-02 -3.2611111111111112E-02
   5.6833333333333326E-02 -3.3277777777777774E-02
   5.6916666666666664E-02 -3.3972222222222223E-02
   5.6888888888888892E-02 -3.4444444444444444E-02
   5.7111111111111112E-02 -3.4722222222222224E-02
   5.7722222222222216E-02 -3.4972222222222217E-02
   5.8499999999999996E-02 -3.5416666666666666E-02
   5.9472222222222225E-02 -3.5722222222222225E-02
   6.0388888888888888E-02 -3.5944444444444446E-02
   6.1027777777777778E-02 -3.6194444444444446E-02
   6.2000000000000006E-02 -3.6222222222222225E-02
   6.2694444444444442E-02 -3.6249999999999998E-02
   6.3083333333333325E-02 -3.6722222222222226E-02
   6.3222222222222221E-02 -3.7166666666666667E-02
   6.3250000000000001E-02 -3.7444444444444440E-02
   6.3638888888888884E-02 -3.7500000000000006E-02
   6.4055555555555560E-02 -3.7638888888888888E-02
   6.4111111111111105E-02 -3.8194444444444448E-02
   6.3472222222222222E-02 -3.9111111111111110E-02
   6.2805555555555559E-02 -4.0777777777777774E-02
   6.2638888888888883E-02 -4.1444444444444443E-02
   6.2833333333333338E-02 -4.1916666666666665E-02
   6.3916666666666677E-02 -4.2111111111111113E-02
   6.5138888888888885E-02 -4.1416666666666671E-02
   6.6111111111111107E-02 -4.0472222222222222E-02
   6.6583333333333342E-02 -3.9722222222222221E-02
   6.7166666666666666E-02 -3.8888888888888890E-02
   6.7611111111111122E-02 -3.8083333333333330E-02
   6.8111111111111108E-02 -3.7361111111111109E-02
   6.9361111111111109E-02 -3.6444444444444446E-02
   6.9555555555555551E-02 -3.6027777777777777E-02
   7.0305555555555566E-02 -3.5027777777777783E-02
   7.0694444444444449E-02 -3.3805555555555561E-02
   7.0916666666666670E-02 -3.2722222222222222E-02
   7.1083333333333332E-02 -3.2194444444444442E-02
   7.1527777777777787E-02 -3.1861111111111111E-02
   7.2583333333333333E-02 -3.1472222222222221E-02
   7.3499999999999996E-02 -3.1166666666666662E-02
   7.4083333333333334E-02 -3.1111111111111114E-02
   7.4444444444444452E-02 -3.1972222222222221E-02
   7.4499999999999997E-02 -3.2750000000000001E-02
   7.4361111111111114E-02 -3.3111111111111112E-02
   7.4555555555555555E-02 -3.3333333333333333E-02
   7.5249999999999997E-02 -3.3500000000000002E-02
   7.5777777777777777E-02 -3.3638888888888892E-02
   7.6333333333333336E-02 -3.3833333333333333E-02
   7.6666666666666661E-02 -3.4333333333333334E-02
   7.6916666666666675E-02 -3.4583333333333334E-02
   7.7249999999999999E-02 -3.4888888888888886E-02
   7.7777777777777779E-02 -3.4555555555555555E-02
   7.8555555555555545E-02 -3.3777777777777775E-02
   7.9111111111111104E-02 -3.3416666666666671E-02
   8.0166666666666664E-02 -3.4361111111111113E-02
   8.1027777777777768E-02 -3.4749999999999996E-02
   8.2083333333333341E-02 -3.5194444444444445E-02
   8.3194444444444446E-02 -3.5416666666666666E-02
   8.4111111111111109E-02 -3.5583333333333335E-02
   8.4444444444444447E-02 -3.6083333333333328E-02
   8.5166666666666668E-02 -3.5972222222222218E-02
   8.5750000000000007E-02 -3.6194444444444446E-02
   8.6611111111111111E-02 -3.6527777777777777E-02
   8.7527777777777774E-02 -3.6777777777777777E-02
   8.8527777777777775E-02 -3.6888888888888888E-02
   8.8249999999999995E-02 -3.7416666666666668E-02
   8.8277777777777774E-02 -3.7999999999999999E-02
   8.8222222222222230E-02 -3.8694444444444448E-02
   8.8111111111111112E-02 -3.9333333333333331E-02
   8.8249999999999995E-02 -3.9722222222222221E-02
   8.8833333333333334E-02 -4.0027777777777780E-02
   8.9361111111111113E-02 -3.9972222222222221E-02
   9.0166666666666673E-02 -3.9694444444444449E-02
   9.0583333333333335E-02 -3.9444444444444442E-02
   9.1333333333333322E-02 -3.9111111111111110E-02
   9.2527777777777778E-02 -3.8694444444444448E-02
   9.3444444444444441E-02 -3.7972222222222220E-02
   9.4972222222222222E-02 -3.6861111111111108E-02
   9.5916666666666664E-02 -3.5388888888888886E-02
   9.6638888888888885E-02 -3.4805555555555562E-02
   9.7333333333333327E-02 -3.4666666666666665E-02
   9.7888888888888886E-02 -3.4277777777777775E-02
   9.8472222222222225E-02 -3.3777777777777775E-02
   9.8972222222222211E-02 -3.2972222222222222E-02
   9.9444444444444446E-02 -3.2222222222222222E-02
   9.9777777777777785E-02 -3.1638888888888890E-02
   0.1001111111111111     -3.1027777777777779E-02
   0.1005277777777778     -3.0722222222222224E-02
   0.1015833333333333     -3.1166666666666662E-02
   0.1028888888888889     -3.1472222222222221E-02
   0.1040277777777778     -3.1777777777777773E-02
   0.1048333333333333     -3.1833333333333332E-02
   0.1054166666666667     -3.1583333333333331E-02
   0.1058888888888889     -3.1055555555555552E-02
   0.1066666666666667     -3.0527777777777779E-02
   0.1073333333333333     -3.0166666666666668E-02
   0.1071944444444444     -3.0222222222222223E-02
   0.1063888888888889     -3.0722222222222224E-02
   0.1056111111111111     -3.1250000000000000E-02
   0.1053333333333333     -3.1722222222222221E-02
   0.1054166666666667     -3.1944444444444442E-02
   0.1058888888888889     -3.2305555555555560E-02
   0.1063888888888889     -3.2444444444444442E-02
   0.1070555555555556     -3.2694444444444443E-02
   0.1075277777777778     -3.3083333333333333E-02
   0.1079444444444445     -3.3472222222222223E-02
   0.1082222222222222     -3.3805555555555561E-02
   0.1086388888888889     -3.4055555555555554E-02
   0.1088888888888889     -3.4194444444444444E-02
   0.1095555555555556     -3.4138888888888892E-02
   0.1100000000000000     -3.3694444444444444E-02
   0.1108055555555555     -3.3194444444444443E-02
   0.1115555555555556     -3.2722222222222222E-02
   0.1121944444444444     -3.2222222222222222E-02
   0.1126944444444445     -3.1027777777777779E-02
   0.1130555555555556     -3.0722222222222224E-02
   0.1134722222222222     -3.0388888888888892E-02
   0.1140555555555555     -3.0166666666666668E-02
   0.1134722222222222     -3.0500000000000003E-02
   0.1130555555555556     -3.0972222222222220E-02
   0.1130000000000000     -3.1416666666666669E-02
   0.1133055555555555     -3.1916666666666670E-02
   0.1135555555555556     -3.2194444444444442E-02
   0.1141111111111111     -3.2416666666666670E-02
   0.1149444444444444     -3.2138888888888890E-02
   0.1153055555555556     -3.1611111111111111E-02
   0.1160000000000000     -3.1055555555555552E-02
   0.1165000000000000     -3.0694444444444444E-02
   0.1170277777777778     -3.0305555555555554E-02
   0.1170000000000000     -3.0972222222222220E-02
   0.1172777777777778     -3.1555555555555559E-02
   0.1176666666666667     -3.1861111111111111E-02
   0.1185833333333333     -3.2277777777777773E-02
   0.1191666666666667     -3.2194444444444442E-02
   0.1199444444444444     -3.2194444444444442E-02
   0.1203888888888889     -3.2472222222222222E-02
   0.1201666666666667     -3.3250000000000002E-02
   0.1200833333333333     -3.3472222222222223E-02
   0.1207222222222222     -3.3666666666666664E-02
   0.1215833333333333     -3.3722222222222223E-02
   0.1226944444444444     -3.3472222222222223E-02
   0.1238888888888889     -3.2861111111111112E-02
   0.1247500000000000     -3.2111111111111111E-02
   0.1257777777777778     -3.1250000000000000E-02
   0.1263888888888889     -3.0944444444444448E-02
   0.1278888888888889     -3.0916666666666665E-02
   0.1295277777777778     -3.0694444444444444E-02
   0.1307222222222222     -3.0722222222222224E-02
   0.1316666666666667     -3.0722222222222224E-02
   0.1329444444444444     -3.0722222222222224E-02
   0.1341388888888889     -3.0722222222222224E-02
   0.1354166666666667     -3.1277777777777772E-02
   0.1362500000000000     -3.1805555555555559E-02
   0.1370277777777778     -3.2083333333333332E-02
   0.1378611111111111     -3.1972222222222221E-02
   0.1385555555555555     -3.1500000000000000E-02
   0.1394722222222222     -3.1555555555555559E-02
   0.1395833333333333     -3.1722222222222221E-02
   0.1402777777777778     -3.2277777777777773E-02
   0.1403055555555556     -3.3111111111111112E-02
   0.1401111111111111     -3.3833333333333333E-02
   0.1398611111111111     -3.4749999999999996E-02
   0.1398333333333333     -3.5305555555555555E-02
   0.1402500000000000     -3.5888888888888887E-02
   0.1407500000000000     -3.6472222222222218E-02
   0.1410555555555556     -3.7027777777777778E-02
   0.1414722222222222     -3.7416666666666668E-02
   0.1420000000000000     -3.7916666666666668E-02
   0.1425555555555555     -3.8305555555555558E-02
   0.1430833333333333     -3.8694444444444448E-02
   0.1436944444444445     -3.9305555555555559E-02
   0.1441944444444444     -3.9916666666666670E-02
   0.1448333333333333     -4.0694444444444450E-02
   0.1453888888888889     -4.1166666666666664E-02
   0.1465000000000000     -4.1305555555555561E-02
   0.1473888888888889     -4.0972222222222222E-02
   0.1486944444444444     -4.0388888888888891E-02
   0.1493888888888889     -3.9805555555555559E-02
   0.1498888888888889     -3.9194444444444448E-02
   0.1510000000000000     -3.8472222222222220E-02
   0.1513333333333333     -3.7999999999999999E-02
   0.1520000000000000     -3.7361111111111109E-02
   0.1528333333333333     -3.7083333333333329E-02
   0.1536388888888889     -3.6583333333333329E-02
   0.1541944444444444     -3.6083333333333328E-02
   0.1543055555555556     -3.5638888888888887E-02
   0.1545833333333333     -3.5194444444444445E-02
   0.1552500000000000     -3.4500000000000003E-02
   0.1560833333333333     -3.3777777777777775E-02
   0.1566388888888889     -3.3416666666666671E-02
   0.1573333333333333     -3.2277777777777773E-02
   0.1586944444444444     -3.1694444444444442E-02
   0.1598333333333333     -3.1416666666666669E-02
   0.1612500000000000     -3.1638888888888890E-02
   0.1631111111111111     -3.2444444444444442E-02
   0.1644444444444444     -3.2694444444444443E-02
   0.1655555555555556     -3.3111111111111112E-02
   0.1666666666666667     -3.3222222222222222E-02
   0.1673055555555555     -3.3222222222222222E-02
   0.1677500000000000     -3.3194444444444443E-02
   0.1680555555555555     -3.3416666666666671E-02
   0.1683055555555556     -3.4305555555555554E-02
   0.1685555555555555     -3.4694444444444444E-02
   0.1688888888888889     -3.5083333333333327E-02
   0.1693888888888889     -3.5527777777777776E-02
   0.1702222222222222     -3.5805555555555556E-02
   0.1710555555555556     -3.5805555555555556E-02
   0.1720833333333333     -3.5500000000000004E-02
   0.1730555555555556     -3.5388888888888886E-02
   0.1745000000000000     -3.5555555555555556E-02
   0.1755555555555556     -3.5722222222222225E-02
   0.1758888888888889     -3.5500000000000004E-02
   0.1773055555555555     -3.5638888888888887E-02
   0.1781944444444444     -3.6027777777777777E-02
   0.1796944444444445     -3.7305555555555557E-02
   0.1806388888888889     -3.7361111111111109E-02
   0.1817222222222222     -3.7222222222222226E-02
   0.1825000000000000     -3.6583333333333329E-02
   0.1830833333333333     -3.6027777777777777E-02
   0.1836944444444444     -3.5388888888888886E-02
   0.1843055555555556     -3.4888888888888886E-02
   0.1848888888888889     -3.4250000000000003E-02
   0.1853333333333333     -3.2944444444444443E-02
   0.1856944444444445     -3.2305555555555560E-02
