   4.1833333333333340E-03  6.8583333333333335E-03
   3.7916666666666671E-03  6.7472222222222222E-03
   3.4555555555555555E-03  6.6916666666666669E-03
   3.0666666666666668E-03  6.6361111111111109E-03
   3.3444444444444442E-03  6.3583333333333330E-03
   2.7305555555555555E-03  6.4138888888888891E-03
   2.3944444444444443E-03  6.1916666666666665E-03
   2.0055555555555556E-03  6.1361111111111113E-03
   1.5027777777777778E-03  5.9694444444444448E-03
   1.2777777777777779E-03  5.6361111111111108E-03
   1.1666666666666668E-03  5.4166666666666669E-03
   1.1111111111111111E-03  5.3055555555555555E-03
   7.7500000000000008E-04  5.2500000000000003E-03
   4.9999999999999996E-05  5.2500000000000003E-03
  -2.2777777777777781E-04  5.3055555555555555E-03
  -8.4444444444444443E-04  5.4166666666666669E-03
  -1.2888888888888889E-03  5.4694444444444443E-03
  -2.1277777777777779E-03  5.4694444444444443E-03
  -2.6305555555555557E-03  5.3055555555555555E-03
  -3.4111111111111113E-03  5.1388888888888890E-03
  -4.0249999999999999E-03  5.0277777777777777E-03
  -5.1972222222222220E-03  4.8611111111111112E-03
  -5.9249999999999997E-03  4.7500000000000007E-03
  -6.4277777777777779E-03  4.5833333333333334E-03
  -6.8722222222222223E-03  4.4722222222222221E-03
  -7.3194444444444444E-03  4.2500000000000003E-03
  -7.7111111111111113E-03  3.8611111111111116E-03
  -7.9333333333333339E-03  3.5277777777777777E-03
  -8.2138888888888886E-03  3.0277777777777777E-03
  -7.9888888888888891E-03  2.3611111111111111E-03
  -7.6000000000000000E-03  1.8055555555555557E-03
  -7.2638888888888892E-03  1.3055555555555555E-03
  -6.9861111111111113E-03  6.9444444444444447E-04
  -6.9861111111111113E-03  1.3888888888888889E-04
  -6.9861111111111113E-03 -6.3888888888888893E-04
  -6.8166666666666671E-03 -1.5277777777777779E-03
  -6.7611111111111110E-03 -2.0833333333333333E-03
  -6.7611111111111110E-03 -2.6388888888888890E-03
  -7.0416666666666666E-03 -2.8055555555555559E-03
  -7.6555555555555561E-03 -2.8611111111111111E-03
  -8.2694444444444456E-03 -3.0277777777777777E-03
  -8.6027777777777769E-03 -3.1944444444444446E-03
  -9.2194444444444433E-03 -3.7500000000000003E-03
  -9.6638888888888885E-03 -4.3055555555555555E-03
  -9.9444444444444433E-03 -5.0277777777777777E-03
  -9.4416666666666659E-03 -5.2500000000000003E-03
  -9.3305555555555555E-03 -5.5277777777777782E-03
  -9.3305555555555555E-03 -6.0805555555555561E-03
  -9.1055555555555542E-03 -6.9138888888888896E-03
  -8.7166666666666677E-03 -7.4694444444444435E-03
  -8.1027777777777782E-03 -8.0249999999999991E-03
  -7.6000000000000000E-03 -8.5805555555555565E-03
  -6.9277777777777784E-03 -9.2472222222222209E-03
  -6.4277777777777779E-03 -9.6916666666666661E-03
  -5.7000000000000002E-03 -1.0080555555555556E-02
  -4.6388888888888894E-03 -1.0580555555555557E-02
  -3.7472222222222221E-03 -1.0969444444444443E-02
  -2.6861111111111109E-03 -1.1302777777777778E-02
  -1.9611111111111110E-03 -1.1525000000000001E-02
  -1.2333333333333335E-03 -1.1636111111111111E-02
  -1.0111111111111111E-03 -1.1691666666666666E-02
  -9.5555555555555552E-04 -1.2080555555555556E-02
  -8.9999999999999998E-04 -1.2858333333333333E-02
  -8.9999999999999998E-04 -1.3358333333333333E-02
  -1.0666666666666665E-03 -1.3858333333333334E-02
  -1.2333333333333335E-03 -1.4191666666666667E-02
  -9.5555555555555552E-04 -1.4969444444444445E-02
  -4.5277777777777775E-04 -1.5580555555555554E-02
   2.1666666666666666E-04 -1.6580555555555557E-02
   8.8888888888888893E-04 -1.7188888888888889E-02
   1.3916666666666667E-03 -1.7411111111111113E-02
   2.1166666666666669E-03 -1.7855555555555555E-02
   2.7305555555555555E-03 -1.8188888888888890E-02
   3.1777777777777776E-03 -1.8633333333333332E-02
   3.6250000000000002E-03 -1.9077777777777777E-02
   4.0694444444444441E-03 -1.9411111111111112E-02
   4.3499999999999997E-03 -1.9633333333333332E-02
   4.6277777777777775E-03 -1.9855555555555557E-02
   5.0194444444444444E-03 -2.0188888888888888E-02
   5.4666666666666665E-03 -2.0744444444444444E-02
   5.7444444444444444E-03 -2.1411111111111113E-02
   6.0250000000000000E-03 -2.1911111111111110E-02
   6.4166666666666669E-03 -2.2188888888888886E-02
   6.9166666666666664E-03 -2.2411111111111111E-02
   7.5333333333333329E-03 -2.2577777777777776E-02
   8.2027777777777776E-03 -2.2744444444444442E-02
   9.1500000000000001E-03 -2.3077777777777777E-02
   9.8222222222222235E-03 -2.3300000000000001E-02
   1.0769444444444444E-02 -2.3300000000000001E-02
   1.1608333333333333E-02 -2.3188888888888887E-02
   1.1941666666666666E-02 -2.2966666666666666E-02
   1.2891666666666668E-02 -2.2355555555555556E-02
   1.3450000000000000E-02 -2.2744444444444442E-02
   1.4400000000000000E-02 -2.2966666666666666E-02
   1.5294444444444444E-02 -2.3077777777777777E-02
   1.5963888888888889E-02 -2.3077777777777777E-02
   1.6633333333333333E-02 -2.3188888888888887E-02
   1.7358333333333333E-02 -2.3411111111111112E-02
   1.8308333333333333E-02 -2.3522222222222222E-02
   1.9425000000000001E-02 -2.3577777777777777E-02
   2.0038888888888891E-02 -2.3577777777777777E-02
   2.0486111111111111E-02 -2.3633333333333333E-02
   2.1266666666666666E-02 -2.3633333333333333E-02
   2.1547222222222221E-02 -2.3800000000000002E-02
   2.2552777777777776E-02 -2.4133333333333333E-02
   2.3111111111111110E-02 -2.4355555555555557E-02
   2.3725000000000000E-02 -2.4466666666666668E-02
   2.5399999999999999E-02 -2.4077777777777778E-02
   2.5788888888888889E-02 -2.3855555555555557E-02
   2.6683333333333333E-02 -2.4355555555555557E-02
   2.7408333333333333E-02 -2.4855555555555558E-02
   2.8080555555555553E-02 -2.5188888888888889E-02
   2.8749999999999998E-02 -2.5300000000000003E-02
   2.9474999999999998E-02 -2.5300000000000003E-02
   3.0313888888888887E-02 -2.5244444444444444E-02
   3.0872222222222221E-02 -2.5133333333333334E-02
   3.1372222222222218E-02 -2.5077777777777779E-02
   3.1988888888888886E-02 -2.5022222222222223E-02
   3.2322222222222224E-02 -2.5244444444444444E-02
   3.2880555555555552E-02 -2.5633333333333331E-02
   3.3663888888888889E-02 -2.6022222222222221E-02
   3.4444444444444444E-02 -2.6355555555555556E-02
   3.5283333333333333E-02 -2.6744444444444446E-02
   3.5841666666666668E-02 -2.6744444444444446E-02
   3.6341666666666668E-02 -2.6577777777777777E-02
   3.7069444444444447E-02 -2.6244444444444445E-02
   3.7738888888888891E-02 -2.6022222222222221E-02
   3.8519444444444446E-02 -2.5688888888888886E-02
   3.9525000000000005E-02 -2.5855555555555555E-02
   4.0475000000000004E-02 -2.5800000000000000E-02
   4.1311111111111111E-02 -2.5800000000000000E-02
   4.1983333333333338E-02 -2.5855555555555555E-02
   4.2819444444444445E-02 -2.5911111111111110E-02
   4.3322222222222227E-02 -2.6133333333333331E-02
   4.3769444444444444E-02 -2.6577777777777777E-02
   4.4494444444444441E-02 -2.7188888888888887E-02
   4.5388888888888888E-02 -2.7411111111111112E-02
   4.6280555555555561E-02 -2.7577777777777777E-02
   4.7008333333333333E-02 -2.7688888888888888E-02
   4.7900000000000005E-02 -2.8186111111111110E-02
   4.8513888888888891E-02 -2.8241666666666665E-02
   4.9297222222222228E-02 -2.8241666666666665E-02
   5.0469444444444442E-02 -2.8186111111111110E-02
   5.1641666666666669E-02 -2.8297222222222220E-02
   5.2311111111111114E-02 -2.8186111111111110E-02
   5.3150000000000003E-02 -2.7963888888888885E-02
   5.3763888888888889E-02 -2.7688888888888888E-02
   5.4488888888888892E-02 -2.7633333333333333E-02
   5.5047222222222220E-02 -2.7688888888888888E-02
   5.5661111111111113E-02 -2.7799999999999998E-02
   5.6108333333333330E-02 -2.8074999999999999E-02
   5.6499999999999995E-02 -2.8297222222222220E-02
   5.7002777777777770E-02 -2.8463888888888886E-02
   5.7727777777777774E-02 -2.8630555555555555E-02
   5.8341666666666660E-02 -2.8575000000000000E-02
   5.8677777777777780E-02 -2.8519444444444444E-02
   5.9291666666666666E-02 -2.8463888888888886E-02
   6.0630555555555556E-02 -2.8241666666666665E-02
   6.1747222222222224E-02 -2.8241666666666665E-02
   6.2083333333333331E-02 -2.8408333333333331E-02
   6.2975000000000003E-02 -2.8797222222222221E-02
   6.3647222222222230E-02 -2.9019444444444445E-02
   6.4763888888888899E-02 -2.8963888888888886E-02
   6.5377777777777785E-02 -2.8797222222222221E-02
   6.6772222222222219E-02 -2.9019444444444445E-02
   6.8000000000000005E-02 -2.9352777777777776E-02
   6.8838888888888894E-02 -2.9408333333333331E-02
   6.9563888888888883E-02 -2.9297222222222221E-02
   6.9844444444444445E-02 -2.9241666666666666E-02
   7.0402777777777772E-02 -2.9130555555555555E-02
   7.0850000000000010E-02 -2.9075000000000000E-02
   7.1575000000000000E-02 -2.9130555555555555E-02
   7.2300000000000003E-02 -2.9352777777777776E-02
   7.2858333333333331E-02 -2.9408333333333331E-02
   7.3808333333333323E-02 -2.9241666666666666E-02
   7.4644444444444444E-02 -2.9130555555555555E-02
   7.5372222222222229E-02 -2.9130555555555555E-02
   7.5930555555555557E-02 -2.9352777777777776E-02
   7.6263888888888881E-02 -2.9519444444444445E-02
   7.7047222222222211E-02 -2.9797222222222221E-02
   7.8050000000000008E-02 -2.9797222222222221E-02
   7.8888888888888883E-02 -2.9630555555555556E-02
   7.9613888888888887E-02 -2.9463888888888887E-02
   8.0900000000000000E-02 -2.9352777777777776E-02
   8.1513888888888886E-02 -2.9297222222222221E-02
   8.2461111111111110E-02 -2.9297222222222221E-02
   8.3411111111111116E-02 -2.9408333333333331E-02
   8.3747222222222223E-02 -2.9463888888888887E-02
   8.4305555555555564E-02 -2.9352777777777776E-02
   8.5252777777777788E-02 -2.9297222222222221E-02
   8.5755555555555557E-02 -2.9575000000000001E-02
   8.6313888888888884E-02 -2.9852777777777777E-02
   8.7375000000000008E-02 -3.0019444444444446E-02
   8.8102777777777780E-02 -2.9963888888888887E-02
   8.8994444444444445E-02 -2.9908333333333332E-02
   8.9833333333333334E-02 -2.9963888888888887E-02
   9.0780555555555559E-02 -3.0075000000000001E-02
   9.1005555555555562E-02 -3.0297222222222222E-02
   9.2066666666666672E-02 -3.0575000000000001E-02
   9.2680555555555558E-02 -3.0519444444444446E-02
   9.3461111111111106E-02 -3.0408333333333332E-02
   9.4244444444444436E-02 -3.0352777777777777E-02
   9.5024999999999998E-02 -3.0463888888888888E-02
   9.6030555555555563E-02 -3.0463888888888888E-02
   9.6588888888888891E-02 -3.0463888888888888E-02
   9.7258333333333336E-02 -3.0686111111111112E-02
   9.7816666666666663E-02 -3.0686111111111112E-02
   9.8319444444444445E-02 -3.0686111111111112E-02
   9.8711111111111111E-02 -3.1019444444444447E-02
   9.9324999999999997E-02 -3.1297222222222226E-02
   9.9938888888888883E-02 -3.1463888888888888E-02
   0.1008305555555556     -3.1408333333333337E-02
   0.1014472222222222     -3.1241666666666668E-02
   0.1021166666666667     -3.1130555555555557E-02
   0.1025638888888889     -3.1297222222222226E-02
   0.1031777777777778     -3.1463888888888888E-02
   0.1038472222222222     -3.1519444444444447E-02
   0.1045166666666667     -3.1408333333333337E-02
   0.1051305555555556     -3.1186111111111112E-02
   0.1055777777777778     -3.0852777777777778E-02
   0.1062472222222222     -3.0519444444444446E-02
   0.1065277777777778     -3.0741666666666667E-02
   0.1074194444444444     -3.1019444444444447E-02
   0.1081472222222222     -3.1075000000000002E-02
   0.1092638888888889     -3.1019444444444447E-02
   0.1100444444444444     -3.0908333333333333E-02
   0.1108250000000000     -3.0797222222222222E-02
   0.1116638888888889     -3.1463888888888888E-02
   0.1123333333333333     -3.1574999999999999E-02
   0.1132833333333333     -3.1574999999999999E-02
   0.1145111111111111     -3.1463888888888888E-02
   0.1152361111111111     -3.1352777777777778E-02
   0.1159083333333333     -3.1186111111111112E-02
   0.1168555555555556     -3.1686111111111109E-02
   0.1177500000000000     -3.1852777777777778E-02
   0.1187555555555556     -3.1908333333333337E-02
   0.1193138888888889     -3.1686111111111109E-02
   0.1200388888888889     -3.1297222222222226E-02
   0.1203750000000000     -3.1241666666666668E-02
   0.1211000000000000     -3.1297222222222226E-02
   0.1220500000000000     -3.1408333333333337E-02
   0.1228305555555556     -3.1463888888888888E-02
   0.1236111111111111     -3.1519444444444447E-02
   0.1241722222222222     -3.1630555555555558E-02
   0.1250638888888889     -3.1852777777777778E-02
   0.1257888888888889     -3.1852777777777778E-02
   0.1261250000000000     -3.1852777777777778E-02
   0.1267944444444445     -3.2074999999999999E-02
   0.1275222222222222     -3.2408333333333338E-02
   0.1285250000000000     -3.2519444444444448E-02
   0.1288611111111111     -3.2519444444444448E-02
   0.1293083333333333     -3.2352777777777779E-02
   0.1300888888888889     -3.2019444444444448E-02
   0.1304250000000000     -3.2074999999999999E-02
   0.1313166666666667     -3.2130555555555558E-02
   0.1323222222222222     -3.2130555555555558E-02
   0.1329916666666667     -3.2186111111111110E-02
   0.1340527777777778     -3.2408333333333338E-02
   0.1348361111111111     -3.2575000000000000E-02
   0.1355055555555555     -3.2686111111111110E-02
   0.1362861111111111     -3.2741666666666669E-02
   0.1371250000000000     -3.2630555555555558E-02
   0.1380750000000000     -3.2408333333333338E-02
   0.1389111111111111     -3.2408333333333338E-02
   0.1394694444444445     -3.2575000000000000E-02
   0.1396361111111111     -3.2852777777777779E-02
   0.1405305555555555     -3.2963888888888890E-02
   0.1414805555555556     -3.2908333333333338E-02
   0.1420388888888889     -3.2797222222222228E-02
   0.1427638888888889     -3.2575000000000000E-02
   0.1436000000000000     -3.2575000000000000E-02
   0.1441583333333333     -3.2797222222222228E-02
   0.1449416666666667     -3.3130555555555559E-02
   0.1454444444444444     -3.3241666666666669E-02
   0.1458916666666667     -3.3352777777777773E-02
   0.1464500000000000     -3.3130555555555559E-02
   0.1469527777777778     -3.2852777777777779E-02
   0.1475666666666667     -3.2519444444444448E-02
   0.1480111111111111     -3.2519444444444448E-02
   0.1485694444444444     -3.2686111111111110E-02
   0.1494638888888889     -3.3075000000000000E-02
   0.1505250000000000     -3.3297222222222228E-02
   0.1513055555555556     -3.3352777777777773E-02
   0.1524222222222222     -3.3241666666666669E-02
   0.1527027777777778     -3.3352777777777773E-02
   0.1532055555555555     -3.3519444444444449E-02
   0.1536527777777778     -3.3686111111111111E-02
   0.1546000000000000     -3.3963888888888891E-02
   0.1551583333333333     -3.4019444444444442E-02
   0.1557166666666667     -3.3797222222222222E-02
   0.1563861111111111     -3.3297222222222228E-02
   0.1568333333333333     -3.3130555555555559E-02
   0.1574472222222222     -3.3130555555555559E-02
   0.1582305555555555     -3.3186111111111111E-02
   0.1590111111111111     -3.3352777777777773E-02
   0.1596805555555555     -3.3463888888888883E-02
   0.1606305555555556     -3.3519444444444449E-02
   0.1611888888888889     -3.3463888888888883E-02
   0.1617472222222222     -3.3352777777777773E-02
   0.1630888888888889     -3.3686111111111111E-02
   0.1634222222222222     -3.3797222222222222E-02
   0.1647055555555555     -3.4186111111111112E-02
   0.1655444444444444     -3.4186111111111112E-02
   0.1659916666666666     -3.3908333333333332E-02
   0.1662694444444444     -3.3741666666666670E-02
   0.1667166666666667     -3.3686111111111111E-02
   0.1673861111111111     -3.3741666666666670E-02
   0.1681138888888889     -3.3908333333333332E-02
   0.1692305555555556     -3.4019444444444442E-02
   0.1696750000000000     -3.4019444444444442E-02
   0.1701777777777778     -3.4241666666666663E-02
   0.1707916666666667     -3.4463888888888884E-02
   0.1715750000000000     -3.4741666666666664E-02
   0.1720222222222222     -3.4797222222222222E-02
   0.1728027777777778     -3.4741666666666664E-02
   0.1734722222222222     -3.4630555555555553E-02
   0.1742555555555556     -3.4574999999999995E-02
   0.1748694444444444     -3.4519444444444443E-02
   0.1754833333333333     -3.4352777777777774E-02
   0.1759305555555556     -3.4130555555555553E-02
   0.1769916666666667     -3.3852777777777780E-02
   0.1774361111111111     -3.3852777777777780E-02
   0.1787777777777778     -3.3852777777777780E-02
   0.1795583333333333     -3.3852777777777780E-02
   0.1807305555555555     -3.4130555555555553E-02
   0.1814027777777778     -3.4630555555555553E-02
   0.1819611111111111     -3.4963888888888885E-02
   0.1829638888888889     -3.5130555555555554E-02
   0.1833000000000000     -3.5130555555555554E-02
   0.1850305555555556     -3.5074999999999995E-02
   0.1859250000000000     -3.5074999999999995E-02
   0.1865388888888889     -3.5019444444444443E-02
   0.1872083333333333     -3.4908333333333333E-02
   0.1881027777777778     -3.4852777777777774E-02
   0.1888833333333333     -3.4797222222222222E-02
   0.1901111111111111     -3.4630555555555553E-02
   0.1910055555555555     -3.4630555555555553E-02
   0.1918416666666667     -3.4574999999999995E-02
   0.1934611111111111     -3.4519444444444443E-02
   0.1941888888888889     -3.4686111111111112E-02
   0.1950805555555556     -3.5074999999999995E-02
   0.1960305555555556     -3.5074999999999995E-02
   0.1963083333333333     -3.5019444444444443E-02
   0.1972583333333333     -3.5297222222222223E-02
   0.1980972222222222     -3.5574999999999996E-02
   0.1993250000000000     -3.5741666666666665E-02
   0.2017250000000000     -3.5352777777777775E-02
   0.2028416666666667     -3.5130555555555554E-02
   0.2039027777777778     -3.5186111111111112E-02
   0.2050194444444444     -3.5019444444444443E-02
   0.2065277777777778     -3.4797222222222222E-02
   0.2077555555555556     -3.4963888888888885E-02
   0.2084805555555556     -3.5297222222222223E-02
   0.2094861111111111     -3.5297222222222223E-02
   0.2099888888888889     -3.5574999999999996E-02
   0.2111611111111111     -3.6241666666666665E-02
   0.2120000000000000     -3.6408333333333334E-02
   0.2127805555555556     -3.6074999999999996E-02
   0.2135055555555556     -3.5630555555555554E-02
   0.2140638888888889     -3.5630555555555554E-02
   0.2151250000000000     -3.6241666666666665E-02
   0.2160194444444444     -3.6519444444444445E-02
   0.2169111111111111     -3.6130555555555555E-02
   0.2179166666666666     -3.5741666666666665E-02
   0.2184750000000000     -3.5630555555555554E-02
   0.2194805555555556     -3.5630555555555554E-02
   0.2203750000000000     -3.6019444444444444E-02
   0.2208777777777778     -3.5963888888888886E-02
   0.2219361111111111     -3.5852777777777775E-02
   0.2228305555555556     -3.6186111111111113E-02
   0.2236694444444444     -3.6074999999999996E-02
   0.2251194444444445     -3.6241666666666665E-02
   0.2265166666666667     -3.6019444444444444E-02
   0.2270194444444445     -3.5963888888888886E-02
   0.2277444444444444     -3.6186111111111113E-02
   0.2285805555555555     -3.6519444444444445E-02
   0.2298111111111111     -3.6908333333333335E-02
   0.2304805555555555     -3.6852777777777776E-02
   0.2308722222222223     -3.6686111111111114E-02
   0.2314305555555556     -3.6519444444444445E-02
   0.2324333333333333     -3.6686111111111114E-02
   0.2332166666666667     -3.6908333333333335E-02
   0.2334944444444444     -3.6908333333333335E-02
   0.2338861111111111     -3.6797222222222224E-02
   0.2349472222222222     -3.6686111111111114E-02
   0.2364555555555555     -3.6797222222222224E-02
   0.2367888888888889     -3.7741666666666666E-02
   0.2374027777777778     -3.7963888888888887E-02
   0.2377388888888889     -3.8019444444444446E-02
