   2.5083333333333333E-03  4.1000000000000003E-03
   2.0611111111111112E-03  3.9888888888888890E-03
   1.6694444444444445E-03  3.8249999999999998E-03
   1.3916666666666667E-03  3.6027777777777781E-03
   1.0555555555555555E-03  3.2138888888888890E-03
   8.3333333333333328E-04  2.9916666666666668E-03
   4.9722222222222225E-04  2.8249999999999998E-03
   1.6388888888888887E-04  2.6611111111111111E-03
  -2.2777777777777781E-04  2.3277777777777776E-03
  -5.0555555555555553E-04  2.0500000000000002E-03
  -8.4166666666666667E-04  1.7166666666666667E-03
  -1.0083333333333333E-03  1.4416666666666666E-03
  -9.5277777777777765E-04  9.9722222222222226E-04
  -8.9722222222222232E-04  8.3055555555555552E-04
  -1.0083333333333333E-03  5.5277777777777779E-04
  -1.1749999999999998E-03  2.2222222222222223E-04
  -1.4000000000000000E-03 -2.2222222222222223E-04
  -1.7333333333333333E-03 -8.3055555555555552E-04
  -1.5111111111111111E-03 -1.2750000000000001E-03
  -1.5111111111111111E-03 -1.3861111111111112E-03
  -1.4000000000000000E-03 -1.6638888888888890E-03
  -1.5111111111111111E-03 -1.9388888888888889E-03
  -1.8444444444444446E-03 -2.0500000000000002E-03
  -2.4583333333333332E-03 -2.2722222222222224E-03
  -2.5138888888888889E-03 -2.7166666666666667E-03
  -2.4583333333333332E-03 -3.2138888888888890E-03
  -2.2916666666666667E-03 -3.6583333333333337E-03
  -1.6777777777777778E-03 -4.0444444444444443E-03
  -1.6222222222222222E-03 -4.2111111111111117E-03
  -1.9583333333333332E-03 -4.5999999999999999E-03
  -2.1250000000000002E-03 -4.9333333333333338E-03
  -2.0694444444444445E-03 -5.3750000000000004E-03
  -2.2916666666666667E-03 -5.8194444444444439E-03
  -2.5138888888888889E-03 -6.3722222222222218E-03
  -2.6277777777777779E-03 -6.8722222222222223E-03
  -2.8500000000000001E-03 -7.6472222222222219E-03
  -2.4583333333333332E-03 -7.7027777777777771E-03
  -1.5666666666666667E-03 -7.4805555555555554E-03
  -1.1749999999999998E-03 -8.3666666666666681E-03
  -1.0083333333333333E-03 -9.1999999999999998E-03
  -6.7222222222222217E-04 -9.9194444444444443E-03
  -2.8333333333333335E-04 -1.0583333333333333E-02
  -2.7777777777777779E-06 -1.1138888888888889E-02
   3.8611111111111111E-04 -1.1638888888888888E-02
   6.6666666666666664E-04 -1.1969444444444444E-02
   1.0555555555555555E-03 -1.2469444444444444E-02
   1.5027777777777778E-03 -1.3188888888888889E-02
   1.9499999999999999E-03 -1.3633333333333334E-02
   2.3972222222222225E-03 -1.4241666666666668E-02
   2.9527777777777781E-03 -1.4575000000000001E-02
   3.4555555555555555E-03 -1.4852777777777777E-02
   3.7916666666666671E-03 -1.5072222222222221E-02
   4.1250000000000002E-03 -1.5294444444444444E-02
   4.6833333333333336E-03 -1.6072222222222224E-02
   5.4083333333333336E-03 -1.6513888888888890E-02
   5.8555555555555548E-03 -1.6736111111111111E-02
   6.9166666666666664E-03 -1.7399999999999999E-02
   7.6416666666666673E-03 -1.7677777777777778E-02
   8.2555555555555559E-03 -1.8066666666666665E-02
   8.7583333333333332E-03 -1.8397222222222221E-02
   9.3166666666666658E-03 -1.8730555555555556E-02
   1.0152777777777778E-02 -1.9119444444444446E-02
   1.1047222222222222E-02 -1.9452777777777777E-02
   1.2050000000000000E-02 -1.9616666666666668E-02
   1.2663888888888889E-02 -1.9616666666666668E-02
   1.3111111111111110E-02 -1.9783333333333333E-02
   1.3388888888888888E-02 -1.9894444444444444E-02
   1.3891666666666667E-02 -2.0172222222222220E-02
   1.4786111111111111E-02 -2.0394444444444444E-02
   1.5230555555555556E-02 -2.0505555555555555E-02
   1.5788888888888890E-02 -2.0613888888888890E-02
   1.6236111111111111E-02 -2.0836111111111111E-02
   1.6683333333333335E-02 -2.0947222222222221E-02
   1.7072222222222225E-02 -2.1058333333333332E-02
   1.7686111111111111E-02 -2.1502777777777777E-02
   1.8411111111111111E-02 -2.1722222222222223E-02
   1.9138888888888886E-02 -2.1888888888888888E-02
   2.0197222222222221E-02 -2.2111111111111113E-02
   2.1036111111111110E-02 -2.2166666666666668E-02
   2.1369444444444444E-02 -2.2166666666666668E-02
   2.1983333333333334E-02 -2.2277777777777778E-02
   2.2152777777777778E-02 -2.2388888888888889E-02
   2.2933333333333333E-02 -2.2722222222222220E-02
   2.3769444444444444E-02 -2.2830555555555555E-02
   2.4272222222222223E-02 -2.2830555555555555E-02
   2.5108333333333333E-02 -2.2941666666666666E-02
   2.5611111111111112E-02 -2.3108333333333331E-02
   2.6058333333333336E-02 -2.3386111111111111E-02
   2.6672222222222222E-02 -2.3663888888888887E-02
   2.7286111111111108E-02 -2.3830555555555556E-02
   2.8011111111111112E-02 -2.4050000000000002E-02
   2.8736111111111112E-02 -2.4050000000000002E-02
   2.9741666666666666E-02 -2.4050000000000002E-02
   3.0411111111111111E-02 -2.4050000000000002E-02
   3.0969444444444445E-02 -2.4161111111111112E-02
   3.1750000000000000E-02 -2.4272222222222223E-02
   3.2197222222222224E-02 -2.4494444444444444E-02
   3.2419444444444445E-02 -2.4605555555555558E-02
   3.3144444444444449E-02 -2.4938888888888889E-02
   3.3927777777777779E-02 -2.5158333333333331E-02
   3.4486111111111113E-02 -2.5213888888888886E-02
   3.5041666666666665E-02 -2.5269444444444442E-02
   3.5600000000000000E-02 -2.5269444444444442E-02
   3.6158333333333334E-02 -2.5213888888888886E-02
   3.7052777777777775E-02 -2.5213888888888886E-02
   3.7777777777777771E-02 -2.5269444444444442E-02
   3.8613888888888885E-02 -2.5269444444444442E-02
   3.9172222222222226E-02 -2.5269444444444442E-02
   3.9675000000000002E-02 -2.5547222222222221E-02
   4.0566666666666668E-02 -2.5991666666666666E-02
   4.1013888888888884E-02 -2.6155555555555557E-02
   4.1738888888888895E-02 -2.6155555555555557E-02
   4.2463888888888884E-02 -2.5991666666666666E-02
   4.3022222222222219E-02 -2.5769444444444442E-02
   4.3691666666666663E-02 -2.5602777777777776E-02
   4.4863888888888891E-02 -2.5380555555555556E-02
   4.5477777777777777E-02 -2.5491666666666666E-02
   4.5813888888888890E-02 -2.5713888888888887E-02
   4.6649999999999997E-02 -2.6211111111111112E-02
   4.7319444444444442E-02 -2.6266666666666667E-02
   4.7877777777777776E-02 -2.6266666666666667E-02
   4.8436111111111110E-02 -2.6599999999999999E-02
   4.8994444444444445E-02 -2.6822222222222223E-02
   4.9775000000000000E-02 -2.6988888888888889E-02
   5.0669444444444448E-02 -2.6933333333333333E-02
   5.1227777777777775E-02 -2.6766666666666668E-02
   5.1561111111111106E-02 -2.6544444444444443E-02
   5.1952777777777771E-02 -2.6377777777777778E-02
   5.2400000000000002E-02 -2.6377777777777778E-02
   5.3569444444444447E-02 -2.6488888888888888E-02
   5.4241666666666667E-02 -2.6488888888888888E-02
   5.4797222222222226E-02 -2.6544444444444443E-02
   5.5411111111111112E-02 -2.6822222222222223E-02
   5.5802777777777784E-02 -2.7044444444444444E-02
   5.6305555555555560E-02 -2.7211111111111113E-02
   5.6974999999999998E-02 -2.7430555555555555E-02
   5.7811111111111112E-02 -2.7541666666666669E-02
   5.8872222222222229E-02 -2.7597222222222224E-02
   5.9652777777777777E-02 -2.7541666666666669E-02
   6.0602777777777783E-02 -2.7430555555555555E-02
   6.1549999999999994E-02 -2.7263888888888890E-02
   6.2219444444444445E-02 -2.7263888888888890E-02
   6.2666666666666676E-02 -2.7430555555555555E-02
   6.3280555555555562E-02 -2.7708333333333335E-02
   6.3950000000000007E-02 -2.7986111111111114E-02
   6.5122222222222220E-02 -2.8041666666666670E-02
   6.6572222222222213E-02 -2.7930555555555556E-02
   6.7130555555555554E-02 -2.8097222222222225E-02
   6.7688888888888882E-02 -2.8372222222222226E-02
   6.8583333333333329E-02 -2.8705555555555557E-02
   6.9419444444444436E-02 -2.8650000000000002E-02
   7.0033333333333336E-02 -2.8427777777777781E-02
   7.0425000000000001E-02 -2.8319444444444446E-02
   7.0983333333333343E-02 -2.8319444444444446E-02
   7.2433333333333336E-02 -2.8263888888888890E-02
   7.3158333333333339E-02 -2.8152777777777780E-02
   7.3883333333333343E-02 -2.8152777777777780E-02
   7.4611111111111114E-02 -2.8097222222222225E-02
   7.5000000000000011E-02 -2.8097222222222225E-02
   7.5166666666666659E-02 -2.8208333333333335E-02
   7.5724999999999987E-02 -2.8705555555555557E-02
   7.6172222222222224E-02 -2.9038888888888892E-02
   7.6674999999999993E-02 -2.9094444444444447E-02
   7.7008333333333331E-02 -2.8983333333333337E-02
   7.7344444444444438E-02 -2.8816666666666671E-02
   7.7902777777777779E-02 -2.8538888888888891E-02
   7.8572222222222210E-02 -2.8208333333333335E-02
   7.9186111111111110E-02 -2.8097222222222225E-02
   7.9911111111111113E-02 -2.8208333333333335E-02
   8.0247222222222220E-02 -2.8705555555555557E-02
   8.0747222222222234E-02 -2.9038888888888892E-02
   8.1475000000000006E-02 -2.9372222222222220E-02
   8.2311111111111113E-02 -2.9427777777777775E-02
   8.3091666666666661E-02 -2.9427777777777775E-02
   8.3594444444444443E-02 -2.9316666666666664E-02
   8.4375000000000006E-02 -2.9261111111111109E-02
   8.4877777777777774E-02 -2.9261111111111109E-02
   8.5602777777777778E-02 -2.9427777777777775E-02
   8.6663888888888888E-02 -2.9427777777777775E-02
   8.7222222222222229E-02 -2.9261111111111109E-02
   8.8002777777777777E-02 -2.9094444444444447E-02
   8.8450000000000001E-02 -2.9149999999999995E-02
   8.9397222222222225E-02 -2.9261111111111109E-02
   9.0402777777777776E-02 -2.9427777777777775E-02
   9.1127777777777780E-02 -2.9372222222222220E-02
   9.2244444444444448E-02 -2.9372222222222220E-02
   9.3361111111111103E-02 -2.9372222222222220E-02
   9.4477777777777786E-02 -2.9427777777777775E-02
   9.4755555555555551E-02 -3.0036111111111111E-02
   9.5424999999999996E-02 -3.0313888888888887E-02
   9.6486111111111106E-02 -3.0202777777777776E-02
   9.7155555555555551E-02 -3.0036111111111111E-02
   9.8216666666666674E-02 -2.9813888888888886E-02
   9.9052777777777781E-02 -2.9647222222222221E-02
   9.9947222222222229E-02 -2.9647222222222221E-02
   0.1012861111111111     -2.9647222222222221E-02
   0.1022333333333333     -2.9813888888888886E-02
   0.1031277777777778     -3.0036111111111111E-02
   0.1037972222222222     -3.0091666666666666E-02
   0.1045777777777778     -3.0202777777777776E-02
   0.1055277777777778     -3.0202777777777776E-02
   0.1067555555555555     -3.0202777777777776E-02
   0.1073694444444444     -3.0258333333333332E-02
   0.1087638888888889     -3.0313888888888887E-02
   0.1097666666666667     -3.0424999999999997E-02
   0.1109944444444445     -3.0536111111111111E-02
   0.1119444444444445     -3.0644444444444443E-02
   0.1131166666666667     -3.0699999999999998E-02
   0.1144555555555556     -3.0811111111111109E-02
   0.1155166666666667     -3.0866666666666667E-02
   0.1167444444444444     -3.0922222222222222E-02
   0.1176361111111111     -3.0755555555555553E-02
   0.1181388888888889     -3.0644444444444443E-02
   0.1188083333333333     -3.0313888888888887E-02
   0.1194777777777778     -3.0644444444444443E-02
   0.1202583333333333     -3.0811111111111109E-02
   0.1205944444444444     -3.0536111111111111E-02
   0.1210416666666667     -3.0313888888888887E-02
   0.1218777777777778     -3.0588888888888888E-02
   0.1229388888888889     -3.0811111111111109E-02
   0.1237750000000000     -3.0866666666666667E-02
   0.1248916666666667     -3.0811111111111109E-02
   0.1263416666666667     -3.1088888888888888E-02
   0.1279611111111111     -3.1422222222222219E-02
