   2.3361111111111109E-03  3.9916666666666668E-03
   2.0583333333333335E-03  3.9916666666666668E-03
   1.8333333333333335E-03  3.9361111111111107E-03
   1.5555555555555557E-03  3.7694444444444442E-03
   1.2194444444444444E-03  3.4916666666666668E-03
   9.9722222222222226E-04  3.2722222222222224E-03
   7.7222222222222221E-04  3.0499999999999998E-03
   6.0555555555555558E-04  2.7166666666666667E-03
   5.5000000000000003E-04  2.4388888888888889E-03
   3.2777777777777775E-04  2.0527777777777775E-03
  -6.3888888888888882E-05  1.6083333333333334E-03
  -2.3055555555555557E-04  1.4972222222222223E-03
  -3.4444444444444442E-04  1.2194444444444444E-03
  -3.9999999999999996E-04  8.3055555555555552E-04
  -4.5555555555555562E-04  3.8888888888888892E-04
  -7.3333333333333334E-04  0.0000000000000000E+00
  -9.5833333333333339E-04 -2.7777777777777778E-04
  -1.1250000000000001E-03 -6.1111111111111110E-04
  -1.3472222222222223E-03 -1.1083333333333333E-03
  -1.5166666666666668E-03 -1.4416666666666666E-03
  -1.6277777777777777E-03 -1.8861111111111112E-03
  -1.6277777777777777E-03 -2.3277777777777776E-03
  -1.5166666666666668E-03 -2.9388888888888889E-03
  -1.4055555555555555E-03 -3.2722222222222224E-03
  -1.4055555555555555E-03 -3.8249999999999998E-03
  -1.3472222222222223E-03 -4.1583333333333333E-03
  -1.4055555555555555E-03 -4.6027777777777777E-03
  -1.4055555555555555E-03 -5.0444444444444451E-03
  -1.2361111111111110E-03 -5.3777777777777773E-03
  -1.4055555555555555E-03 -5.8222222222222226E-03
  -1.4055555555555555E-03 -6.5972222222222222E-03
  -1.2916666666666667E-03 -7.3750000000000005E-03
  -1.1250000000000001E-03 -7.8166666666666662E-03
  -7.8888888888888889E-04 -8.2611111111111114E-03
  -4.5555555555555562E-04 -8.5388888888888893E-03
   4.7222222222222221E-05 -8.8166666666666671E-03
   4.7222222222222221E-05 -9.0916666666666663E-03
   2.6944444444444444E-04 -1.0258333333333335E-02
   7.1666666666666667E-04 -1.0866666666666667E-02
   1.0527777777777779E-03 -1.1366666666666667E-02
   1.3888888888888889E-03 -1.1919444444444444E-02
   1.7222222222222222E-03 -1.2419444444444445E-02
   2.2250000000000000E-03 -1.2975000000000000E-02
   2.6722222222222221E-03 -1.3361111111111110E-02
   3.1194444444444442E-03 -1.3861111111111111E-02
   3.6777777777777776E-03 -1.4416666666666668E-02
   4.0666666666666663E-03 -1.4913888888888890E-02
   4.5138888888888893E-03 -1.5302777777777776E-02
   5.2388888888888884E-03 -1.5747222222222221E-02
   6.1333333333333335E-03 -1.6466666666666668E-02
   6.5249999999999996E-03 -1.6633333333333333E-02
   7.3611111111111117E-03 -1.7022222222222223E-02
   8.0305555555555564E-03 -1.7355555555555555E-02
   9.0916666666666663E-03 -1.7852777777777780E-02
   9.7638888888888879E-03 -1.8130555555555553E-02
   1.0655555555555555E-02 -1.8519444444444443E-02
   1.1938888888888890E-02 -1.9072222222222223E-02
   1.3058333333333333E-02 -1.9405555555555554E-02
   1.4508333333333333E-02 -1.9794444444444444E-02
   1.5458333333333333E-02 -2.0016666666666669E-02
   1.6238888888888890E-02 -2.0236111111111111E-02
   1.7188888888888889E-02 -2.0625000000000001E-02
   1.8305555555555558E-02 -2.0958333333333332E-02
   1.9366666666666667E-02 -2.1402777777777778E-02
   2.0594444444444443E-02 -2.1733333333333334E-02
   2.2102777777777777E-02 -2.2011111111111110E-02
   2.3219444444444445E-02 -2.2177777777777779E-02
   2.4111111111111111E-02 -2.2400000000000000E-02
   2.5005555555555555E-02 -2.2511111111111110E-02
   2.6344444444444445E-02 -2.2900000000000000E-02
   2.7686111111111113E-02 -2.3063888888888891E-02
   2.8747222222222219E-02 -2.3175000000000001E-02
   2.9694444444444443E-02 -2.3286111111111112E-02
   3.0311111111111108E-02 -2.3397222222222222E-02
   3.1258333333333332E-02 -2.3674999999999998E-02
   3.1986111111111111E-02 -2.3786111111111109E-02
   3.3547222222222221E-02 -2.4119444444444443E-02
   3.5222222222222224E-02 -2.4338888888888889E-02
   3.6338888888888893E-02 -2.4450000000000000E-02
   3.7400000000000003E-02 -2.4450000000000000E-02
   3.8350000000000002E-02 -2.4561111111111110E-02
   3.9466666666666671E-02 -2.4672222222222220E-02
   4.0361111111111111E-02 -2.4838888888888890E-02
   4.3541666666666666E-02 -2.5227777777777780E-02
   4.5050000000000000E-02 -2.5283333333333335E-02
   4.6447222222222223E-02 -2.5450000000000000E-02
   4.7786111111111113E-02 -2.5561111111111111E-02
   4.8902777777777774E-02 -2.5672222222222221E-02
   5.0241666666666664E-02 -2.5780555555555557E-02
   5.2644444444444445E-02 -2.5947222222222222E-02
   5.3705555555555555E-02 -2.6169444444444447E-02
   5.5324999999999999E-02 -2.6225000000000002E-02
   5.6830555555555558E-02 -2.6391666666666664E-02
   5.7947222222222226E-02 -2.6447222222222219E-02
   5.8897222222222219E-02 -2.6502777777777778E-02
   5.9736111111111115E-02 -2.6502777777777778E-02
   6.1130555555555549E-02 -2.6724999999999999E-02
   6.2413888888888894E-02 -2.6780555555555554E-02
   6.3363888888888886E-02 -2.6780555555555554E-02
   6.4258333333333334E-02 -2.6836111111111109E-02
   6.4927777777777779E-02 -2.6836111111111109E-02
   6.6377777777777786E-02 -2.7002777777777778E-02
   6.8388888888888888E-02 -2.7058333333333334E-02
   6.9730555555555560E-02 -2.7222222222222221E-02
   7.1347222222222229E-02 -2.7388888888888890E-02
   7.2186111111111118E-02 -2.7444444444444445E-02
   7.3861111111111100E-02 -2.7555555555555555E-02
   7.5144444444444444E-02 -2.7666666666666666E-02
   7.6486111111111102E-02 -2.7833333333333335E-02
   7.7880555555555564E-02 -2.7888888888888890E-02
   7.8941666666666660E-02 -2.8000000000000001E-02
   7.9947222222222225E-02 -2.8111111111111111E-02
   8.1286111111111115E-02 -2.8333333333333335E-02
   8.2125000000000004E-02 -2.8388888888888891E-02
   8.4302777777777782E-02 -2.8388888888888891E-02
   8.5308333333333333E-02 -2.8444444444444446E-02
   8.6869444444444444E-02 -2.8497222222222222E-02
   8.7483333333333330E-02 -2.8608333333333333E-02
   8.8713888888888898E-02 -2.8719444444444447E-02
   9.0163888888888877E-02 -2.8886111111111112E-02
   9.1450000000000004E-02 -2.9052777777777778E-02
   9.2511111111111113E-02 -2.9108333333333333E-02
   9.4127777777777769E-02 -2.9219444444444447E-02
   9.5302777777777778E-02 -2.9330555555555558E-02
   9.7088888888888891E-02 -2.9275000000000002E-02
   9.9041666666666667E-02 -2.9497222222222223E-02
   0.1004388888888889     -2.9552777777777779E-02
   0.1016666666666667     -2.9719444444444448E-02
   0.1034527777777778     -2.9830555555555558E-02
   0.1044583333333333     -2.9883333333333335E-02
   0.1063555555555556     -2.9830555555555558E-02
   0.1076972222222222     -2.9883333333333335E-02
   0.1094277777777778     -2.9994444444444449E-02
   0.1103777777777778     -2.9994444444444449E-02
   0.1116055555555556     -3.0050000000000004E-02
   0.1127777777777778     -3.0050000000000004E-02
   0.1141166666666667     -3.0105555555555559E-02
   0.1150111111111111     -2.9994444444444449E-02
   0.1156805555555556     -2.9938888888888890E-02
   0.1172444444444444     -3.0327777777777780E-02
   0.1183611111111111     -3.0327777777777780E-02
   0.1190305555555556     -3.0105555555555559E-02
   0.1199805555555556     -3.0105555555555559E-02
   0.1209305555555556     -3.0216666666666669E-02
   0.1227722222222222     -3.0216666666666669E-02
   0.1243361111111111     -3.0272222222222225E-02
   0.1271833333333333     -3.0383333333333332E-02
   0.1285222222222222     -3.0438888888888890E-02
   0.1303111111111111     -3.0438888888888890E-02
   0.1327111111111111     -3.0550000000000004E-02
   0.1346083333333333     -3.0605555555555553E-02
   0.1366194444444445     -3.0605555555555553E-02
   0.1380138888888889     -3.0605555555555553E-02
