   3.8500000000000001E-03  7.0777777777777783E-03
   3.6277777777777775E-03  6.9111111111111109E-03
   3.2361111111111115E-03  6.5777777777777779E-03
   2.8472222222222219E-03  6.4111111111111114E-03
   2.4555555555555559E-03  5.9111111111111109E-03
   2.1194444444444446E-03  5.4694444444444443E-03
   1.8972222222222222E-03  5.2472222222222226E-03
   1.5638888888888890E-03  5.0250000000000000E-03
   1.3388888888888888E-03  4.9138888888888886E-03
   7.8055555555555560E-04  4.7472222222222221E-03
   5.0277777777777777E-04  4.5249999999999995E-03
   0.0000000000000000E+00  4.2472222222222225E-03
  -2.2222222222222223E-04  3.8027777777777778E-03
  -4.4722222222222223E-04  3.4694444444444443E-03
  -4.4722222222222223E-04  2.9138888888888886E-03
  -5.0277777777777777E-04  2.3583333333333334E-03
  -1.0055555555555555E-03  1.8583333333333334E-03
  -1.2277777777777779E-03  1.3611111111111111E-03
  -1.6194444444444444E-03  1.1388888888888889E-03
  -1.8972222222222222E-03  8.0555555555555556E-04
  -2.0638888888888890E-03  4.7222222222222224E-04
  -2.2888888888888889E-03 -1.9444444444444446E-04
  -2.4000000000000002E-03 -9.1666666666666676E-04
  -2.5666666666666667E-03 -1.4722222222222222E-03
  -2.5666666666666667E-03 -2.0250000000000003E-03
  -2.5666666666666667E-03 -2.3583333333333334E-03
  -2.6222222222222220E-03 -2.6916666666666669E-03
  -2.7916666666666667E-03 -3.1361111111111112E-03
  -2.8472222222222219E-03 -3.5250000000000004E-03
  -2.7916666666666667E-03 -4.0249999999999999E-03
  -2.7916666666666667E-03 -4.3583333333333339E-03
  -2.7916666666666667E-03 -4.8583333333333334E-03
  -3.0694444444444445E-03 -5.1916666666666673E-03
  -3.1250000000000002E-03 -5.6333333333333339E-03
  -3.1805555555555558E-03 -6.1333333333333335E-03
  -3.1250000000000002E-03 -6.7999999999999996E-03
  -2.9583333333333332E-03 -7.3555555555555553E-03
  -2.6777777777777776E-03 -8.0777777777777775E-03
  -2.4000000000000002E-03 -8.6888888888888901E-03
  -1.8972222222222222E-03 -9.4083333333333328E-03
  -1.7861111111111109E-03 -9.9638888888888902E-03
  -1.3944444444444445E-03 -1.0741666666666667E-02
  -1.2277777777777779E-03 -1.1241666666666667E-02
  -8.3611111111111104E-04 -1.2241666666666666E-02
  -6.1388888888888897E-04 -1.2574999999999999E-02
  -1.1111111111111112E-04 -1.3016666666666668E-02
   3.3611111111111108E-04 -1.3294444444444446E-02
   7.8055555555555560E-04 -1.3627777777777777E-02
   1.2277777777777779E-03 -1.3849999999999999E-02
   2.0083333333333333E-03 -1.4294444444444443E-02
   2.6777777777777776E-03 -1.4627777777777776E-02
   3.1250000000000002E-03 -1.5349999999999999E-02
   3.6277777777777775E-03 -1.5905555555555555E-02
   3.8500000000000001E-03 -1.6072222222222224E-02
   4.3527777777777783E-03 -1.6461111111111110E-02
   5.0777777777777774E-03 -1.6847222222222222E-02
   5.5249999999999995E-03 -1.7125000000000001E-02
   6.0277777777777777E-03 -1.7402777777777777E-02
   6.5305555555555559E-03 -1.7624999999999998E-02
   7.0305555555555555E-03 -1.7958333333333333E-02
   7.3111111111111111E-03 -1.8291666666666664E-02
   7.5888888888888889E-03 -1.8458333333333334E-02
   8.1472222222222224E-03 -1.8624999999999999E-02
   8.7611111111111119E-03 -1.8736111111111110E-02
   9.4305555555555566E-03 -1.8902777777777779E-02
   1.0044444444444444E-02 -1.9125000000000000E-02
   1.0602777777777777E-02 -1.9291666666666665E-02
   1.1049999999999999E-02 -1.9402777777777779E-02
   1.1272222222222222E-02 -1.9569444444444445E-02
   1.2333333333333333E-02 -1.9791666666666666E-02
   1.3113888888888890E-02 -2.0013888888888890E-02
   1.3897222222222221E-02 -2.0347222222222225E-02
   1.4397222222222221E-02 -2.0566666666666664E-02
   1.5122222222222223E-02 -2.0733333333333333E-02
   1.5905555555555555E-02 -2.0955555555555554E-02
   1.6741666666666669E-02 -2.1122222222222223E-02
   1.7577777777777779E-02 -2.1288888888888888E-02
   1.8305555555555558E-02 -2.1455555555555554E-02
   1.9141666666666668E-02 -2.1733333333333334E-02
   1.9755555555555557E-02 -2.1955555555555555E-02
   2.0369444444444443E-02 -2.2122222222222224E-02
   2.0872222222222223E-02 -2.2344444444444445E-02
   2.1319444444444443E-02 -2.2733333333333335E-02
   2.1874999999999999E-02 -2.3066666666666666E-02
   2.2713888888888888E-02 -2.3288888888888890E-02
   2.3438888888888888E-02 -2.3288888888888890E-02
   2.3997222222222222E-02 -2.3288888888888890E-02
   2.4555555555555556E-02 -2.3344444444444445E-02
   2.5447222222222222E-02 -2.3455555555555556E-02
   2.6116666666666667E-02 -2.3566666666666666E-02
   2.7233333333333335E-02 -2.3844444444444446E-02
   2.8183333333333331E-02 -2.4011111111111108E-02
   2.9130555555555555E-02 -2.4230555555555554E-02
   2.9969444444444444E-02 -2.4397222222222223E-02
   3.0861111111111110E-02 -2.4508333333333333E-02
   3.1811111111111109E-02 -2.4674999999999999E-02
   3.2536111111111113E-02 -2.4841666666666665E-02
   3.3763888888888892E-02 -2.4841666666666665E-02
   3.4488888888888888E-02 -2.4897222222222223E-02
   3.5661111111111116E-02 -2.5119444444444444E-02
   3.6497222222222223E-02 -2.5230555555555555E-02
   3.7447222222222222E-02 -2.5286111111111110E-02
   3.8786111111111111E-02 -2.5452777777777779E-02
   3.9958333333333332E-02 -2.5563888888888889E-02
   4.0627777777777783E-02 -2.5563888888888889E-02
   4.1352777777777780E-02 -2.5675000000000000E-02
   4.2302777777777772E-02 -2.5841666666666666E-02
   4.3416666666666666E-02 -2.6008333333333335E-02
   4.4533333333333334E-02 -2.6119444444444445E-02
   4.5872222222222224E-02 -2.6286111111111111E-02
   4.7269444444444447E-02 -2.6397222222222225E-02
   4.8216666666666665E-02 -2.6452777777777780E-02
   4.8774999999999999E-02 -2.6452777777777780E-02
   4.9555555555555554E-02 -2.6508333333333335E-02
   5.0169444444444447E-02 -2.6619444444444446E-02
   5.0838888888888892E-02 -2.6730555555555556E-02
   5.1622222222222222E-02 -2.6786111111111111E-02
   5.2850000000000001E-02 -2.6897222222222225E-02
   5.3686111111111115E-02 -2.7008333333333336E-02
   5.4691666666666666E-02 -2.6952777777777780E-02
   5.5861111111111111E-02 -2.6952777777777780E-02
   5.7088888888888890E-02 -2.7119444444444443E-02
   5.7927777777777772E-02 -2.7286111111111108E-02
   5.8652777777777776E-02 -2.7397222222222222E-02
   6.0047222222222224E-02 -2.7397222222222222E-02
   6.1052777777777782E-02 -2.7452777777777777E-02
   6.2058333333333340E-02 -2.7508333333333333E-02
   6.2672222222222213E-02 -2.7619444444444443E-02
   6.4625000000000002E-02 -2.7838888888888889E-02
   6.5516666666666667E-02 -2.7949999999999999E-02
   6.6130555555555554E-02 -2.8005555555555554E-02
   6.6855555555555557E-02 -2.8061111111111110E-02
   6.8027777777777770E-02 -2.8116666666666665E-02
   6.8697222222222229E-02 -2.8116666666666665E-02
   6.9144444444444439E-02 -2.8116666666666665E-02
   7.0149999999999990E-02 -2.8172222222222223E-02
   7.0986111111111111E-02 -2.8227777777777779E-02
   7.2047222222222221E-02 -2.8283333333333334E-02
   7.2827777777777769E-02 -2.8338888888888889E-02
   7.3552777777777772E-02 -2.8338888888888889E-02
   7.3833333333333334E-02 -2.8394444444444444E-02
   7.4947222222222221E-02 -2.8394444444444444E-02
   7.5505555555555548E-02 -2.8338888888888889E-02
   7.6733333333333334E-02 -2.8561111111111110E-02
   7.7402777777777779E-02 -2.8672222222222224E-02
   7.8630555555555565E-02 -2.8672222222222224E-02
   7.9188888888888892E-02 -2.8783333333333334E-02
   7.9913888888888895E-02 -2.9061111111111110E-02
   8.1141666666666667E-02 -2.9061111111111110E-02
   8.1924999999999998E-02 -2.8894444444444445E-02
   8.2538888888888884E-02 -2.8894444444444445E-02
   8.3597222222222226E-02 -2.8950000000000000E-02
   8.4044444444444436E-02 -2.9005555555555555E-02
   8.4602777777777777E-02 -2.9227777777777780E-02
   8.5161111111111104E-02 -2.9394444444444445E-02
   8.6666666666666670E-02 -2.9505555555555556E-02
   8.7894444444444442E-02 -2.9561111111111111E-02
   8.9625000000000010E-02 -2.9505555555555556E-02
   9.0405555555555558E-02 -2.9616666666666666E-02
   9.1577777777777786E-02 -2.9616666666666666E-02
   9.2975000000000002E-02 -2.9727777777777780E-02
   9.3699999999999992E-02 -2.9783333333333335E-02
   9.4258333333333333E-02 -2.9838888888888890E-02
   9.5149999999999998E-02 -2.9950000000000001E-02
   9.6044444444444446E-02 -3.0172222222222225E-02
   9.6880555555555567E-02 -3.0283333333333336E-02
   9.7827777777777777E-02 -3.0283333333333336E-02
   9.8833333333333329E-02 -3.0283333333333336E-02
   9.9838888888888880E-02 -3.0283333333333336E-02
   0.1013444444444444     -3.0283333333333336E-02
   0.1023500000000000     -3.0338888888888891E-02
   0.1033527777777778     -3.0394444444444446E-02
   0.1046944444444445     -3.0450000000000001E-02
   0.1058666666666667     -3.0561111111111112E-02
   0.1074833333333333     -3.0672222222222226E-02
   0.1086000000000000     -3.0672222222222226E-02
   0.1096611111111111     -3.0672222222222226E-02
   0.1112222222222222     -3.0672222222222226E-02
   0.1118916666666667     -3.0727777777777781E-02
   0.1132305555555556     -3.0727777777777781E-02
   0.1146277777777778     -3.0783333333333336E-02
   0.1157416666666667     -3.0838888888888891E-02
   0.1162444444444444     -3.0838888888888891E-02
   0.1171388888888889     -3.0783333333333336E-02
   0.1180861111111111     -3.0894444444444447E-02
   0.1186444444444445     -3.1061111111111112E-02
   0.1195944444444444     -3.1227777777777781E-02
   0.1207666666666667     -3.1283333333333337E-02
   0.1216027777777778     -3.1283333333333337E-02
   0.1226638888888889     -3.1283333333333337E-02
   0.1237222222222222     -3.1283333333333337E-02
   0.1247277777777778     -3.1283333333333337E-02
   0.1253416666666667     -3.1283333333333337E-02
   0.1261777777777778     -3.1450000000000006E-02
   0.1267361111111111     -3.1669444444444445E-02
   0.1274611111111111     -3.1725000000000003E-02
   0.1282444444444444     -3.1669444444444445E-02
   0.1294166666666667     -3.1669444444444445E-02
   0.1309777777777778     -3.1780555555555555E-02
   0.1320388888888889     -3.1669444444444445E-02
   0.1333777777777778     -3.1725000000000003E-02
   0.1341583333333333     -3.1836111111111114E-02
   0.1349416666666667     -3.1947222222222224E-02
   0.1357777777777778     -3.2169444444444445E-02
   0.1367833333333333     -3.2336111111111107E-02
   0.1376194444444444     -3.2336111111111107E-02
   0.1385111111111111     -3.2224999999999997E-02
   0.1394611111111111     -3.2224999999999997E-02
   0.1401305555555555     -3.2336111111111107E-02
   0.1407444444444444     -3.2336111111111107E-02
   0.1416361111111111     -3.2391666666666666E-02
   0.1423638888888889     -3.2391666666666666E-02
   0.1431444444444444     -3.2447222222222218E-02
   0.1447638888888889     -3.2447222222222218E-02
   0.1462694444444445     -3.2502777777777776E-02
   0.1468833333333333     -3.2502777777777776E-02
   0.1476083333333333     -3.2558333333333328E-02
   0.1480555555555556     -3.2669444444444445E-02
   0.1487250000000000     -3.2836111111111108E-02
   0.1501750000000000     -3.2780555555555556E-02
   0.1510694444444445     -3.2780555555555556E-02
   0.1520722222222222     -3.2780555555555556E-02
   0.1528000000000000     -3.2836111111111108E-02
   0.1536916666666667     -3.2836111111111108E-02
   0.1538027777777778     -3.2891666666666666E-02
   0.1554222222222222     -3.2891666666666666E-02
   0.1567611111111111     -3.2891666666666666E-02
   0.1576527777777778     -3.3002777777777777E-02
   0.1582666666666667     -3.3113888888888887E-02
   0.1592166666666667     -3.3169444444444446E-02
   0.1598861111111111     -3.3169444444444446E-02
   0.1601083333333333     -3.3113888888888887E-02
   0.1603888888888889     -3.3113888888888887E-02
   0.1622305555555555     -3.3224999999999998E-02
   0.1631777777777778     -3.3336111111111108E-02
   0.1646305555555556     -3.3447222222222218E-02
   0.1659138888888889     -3.3502777777777777E-02
   0.1669166666666667     -3.3502777777777777E-02
   0.1684250000000000     -3.3558333333333329E-02
   0.1694277777777778     -3.3558333333333329E-02
   0.1700416666666667     -3.3780555555555557E-02
   0.1705444444444444     -3.3891666666666667E-02
   0.1717166666666667     -3.3947222222222219E-02
   0.1726666666666667     -3.3669444444444446E-02
   0.1731111111111111     -3.3669444444444446E-02
   0.1740611111111111     -3.3780555555555557E-02
   0.1750111111111111     -3.3947222222222219E-02
   0.1762944444444444     -3.4058333333333329E-02
   0.1775222222222222     -3.4169444444444447E-02
   0.1791388888888889     -3.4169444444444447E-02
   0.1800888888888889     -3.4224999999999998E-02
   0.1814833333333333     -3.4224999999999998E-02
   0.1826555555555555     -3.4280555555555557E-02
   0.1833250000000000     -3.4336111111111109E-02
   0.1853333333333333     -3.4336111111111109E-02
   0.1866722222222222     -3.4336111111111109E-02
   0.1874000000000000     -3.4336111111111109E-02
   0.1884583333333333     -3.4336111111111109E-02
   0.1894083333333333     -3.4669444444444447E-02
   0.1908583333333333     -3.4780555555555558E-02
   0.1913611111111111     -3.4669444444444447E-02
   0.1917527777777778     -3.4613888888888888E-02
   0.1927000000000000     -3.4836111111111109E-02
   0.1931472222222222     -3.4669444444444447E-02
   0.1934805555555555     -3.4558333333333330E-02
   0.1939833333333333     -3.4447222222222219E-02
   0.1940944444444445     -3.4447222222222219E-02
   0.1947083333333333     -3.4669444444444447E-02
   0.1953805555555556     -3.4836111111111109E-02
   0.1961055555555556     -3.4724999999999999E-02
   0.1966638888888889     -3.4613888888888888E-02
   0.1972194444444444     -3.4613888888888888E-02
   0.1976111111111111     -3.4669444444444447E-02
   0.1986722222222222     -3.4780555555555558E-02
   0.1993416666666667     -3.4947222222222220E-02
   0.2009027777777778     -3.5058333333333330E-02
   0.2016305555555556     -3.5113888888888889E-02
   0.2021305555555556     -3.5113888888888889E-02
   0.2034166666666667     -3.4947222222222220E-02
   0.2047555555555556     -3.5058333333333330E-02
   0.2055916666666667     -3.5169444444444448E-02
   0.2067638888888889     -3.5277777777777776E-02
   0.2076555555555556     -3.5277777777777776E-02
   0.2091638888888889     -3.5222222222222224E-02
   0.2103361111111111     -3.5222222222222224E-02
   0.2116194444444444     -3.5277777777777776E-02
   0.2131805555555556     -3.5333333333333335E-02
   0.2145222222222222     -3.5388888888888886E-02
   0.2152472222222222     -3.5444444444444445E-02
   0.2160833333333333     -3.5555555555555556E-02
   0.2185388888888889     -3.5833333333333335E-02
   0.2194305555555555     -3.5833333333333335E-02
   0.2202694444444445     -3.5888888888888887E-02
   0.2211611111111111     -3.6000000000000004E-02
   0.2218861111111111     -3.6000000000000004E-02
   0.2219444444444444     -3.6000000000000004E-02
   0.2232277777777777     -3.6166666666666666E-02
   0.2238972222222222     -3.6222222222222225E-02
   0.2249000000000000     -3.6277777777777777E-02
   0.2252361111111111     -3.6277777777777777E-02
   0.2266861111111111     -3.6277777777777777E-02
   0.2276916666666667     -3.6111111111111115E-02
   0.2285277777777778     -3.6111111111111115E-02
   0.2294777777777778     -3.6333333333333336E-02
   0.2302583333333333     -3.6500000000000005E-02
   0.2309277777777778     -3.6555555555555556E-02
   0.2315972222222222     -3.6277777777777777E-02
   0.2323777777777778     -3.6166666666666666E-02
   0.2337194444444445     -3.6388888888888887E-02
   0.2343888888888889     -3.6666666666666667E-02
   0.2358388888888889     -3.6666666666666667E-02
   0.2363416666666667     -3.6555555555555556E-02
   0.2371222222222222     -3.6555555555555556E-02
   0.2382944444444444     -3.6666666666666667E-02
   0.2396888888888889     -3.6777777777777777E-02
   0.2410861111111111     -3.6944444444444446E-02
   0.2424250000000000     -3.7055555555555557E-02
   0.2438750000000000     -3.7222222222222226E-02
