   8.0555555555555556E-04  3.4166666666666668E-03
   1.1111111111111112E-04  3.4166666666666668E-03
  -6.9444444444444447E-04  3.0833333333333333E-03
  -1.2777777777777779E-03  3.0000000000000001E-03
  -1.5833333333333333E-03  2.7777777777777779E-03
  -1.8888888888888890E-03  2.4722222222222220E-03
  -2.1111111111111109E-03  2.3888888888888887E-03
  -2.3611111111111111E-03  2.4722222222222220E-03
  -2.5277777777777777E-03  2.5555555555555557E-03
  -2.8888888888888888E-03  2.7777777777777779E-03
  -3.1111111111111114E-03  2.7777777777777779E-03
  -4.0555555555555553E-03  2.7500000000000003E-03
  -4.7222222222222223E-03  2.6111111111111109E-03
  -5.8055555555555551E-03  2.3333333333333335E-03
  -6.7222222222222223E-03  2.1388888888888890E-03
  -7.7777777777777784E-03  1.8611111111111111E-03
  -8.6666666666666663E-03  1.6944444444444444E-03
  -9.5555555555555550E-03  1.4444444444444444E-03
  -1.0388888888888888E-02  1.2777777777777779E-03
  -1.1305555555555555E-02  1.1388888888888889E-03
  -1.2277777777777778E-02  8.8888888888888893E-04
  -1.3277777777777777E-02  5.8333333333333338E-04
  -1.3805555555555555E-02  2.7777777777777778E-04
  -1.4611111111111111E-02 -2.7777777777777779E-05
  -1.5416666666666669E-02 -1.9444444444444446E-04
  -1.6138888888888887E-02 -3.6111111111111109E-04
  -1.7138888888888888E-02 -5.5555555555555558E-05
  -1.7833333333333333E-02 -2.7777777777777779E-05
  -1.8472222222222223E-02 -2.7777777777777779E-05
  -1.9222222222222220E-02 -1.1111111111111112E-04
  -2.0083333333333332E-02 -3.3333333333333332E-04
  -2.0583333333333332E-02 -4.7222222222222224E-04
  -2.1472222222222222E-02 -5.8333333333333338E-04
  -2.2222222222222223E-02 -1.0833333333333333E-03
  -2.2611111111111110E-02 -1.4722222222222222E-03
  -2.3305555555555555E-02 -1.9166666666666668E-03
  -2.4166666666666666E-02 -2.4444444444444444E-03
  -2.4916666666666667E-02 -2.7500000000000003E-03
  -2.5777777777777778E-02 -3.1666666666666666E-03
  -2.6499999999999999E-02 -3.4444444444444444E-03
  -2.7111111111111110E-02 -3.7777777777777779E-03
  -2.8000000000000001E-02 -4.3055555555555555E-03
  -2.8861111111111108E-02 -4.8055555555555551E-03
  -2.9611111111111112E-02 -5.2500000000000003E-03
  -3.0277777777777778E-02 -5.8611111111111112E-03
  -3.0916666666666665E-02 -6.9166666666666664E-03
  -3.1388888888888883E-02 -7.5000000000000006E-03
  -3.1944444444444442E-02 -8.1666666666666658E-03
  -3.2694444444444443E-02 -8.8055555555555561E-03
  -3.3444444444444443E-02 -9.5000000000000015E-03
  -3.4111111111111113E-02 -9.8333333333333328E-03
  -3.4611111111111113E-02 -1.0194444444444443E-02
  -3.5166666666666666E-02 -1.0305555555555556E-02
  -3.4583333333333334E-02 -1.0861111111111111E-02
  -3.4277777777777775E-02 -1.1027777777777779E-02
  -3.3916666666666671E-02 -1.1472222222222222E-02
  -3.3361111111111112E-02 -1.2638888888888889E-02
  -3.2638888888888891E-02 -1.3250000000000000E-02
  -3.1916666666666670E-02 -1.3833333333333333E-02
  -3.0722222222222224E-02 -1.4277777777777778E-02
  -2.9305555555555553E-02 -1.4805555555555556E-02
  -2.8166666666666666E-02 -1.5222222222222224E-02
  -2.6972222222222220E-02 -1.5861111111111111E-02
  -2.6222222222222220E-02 -1.6305555555555556E-02
  -2.5888888888888892E-02 -1.6555555555555556E-02
  -2.5444444444444447E-02 -1.6972222222222222E-02
  -2.5027777777777777E-02 -1.7333333333333333E-02
  -2.4694444444444446E-02 -1.8000000000000002E-02
  -2.4444444444444446E-02 -1.8666666666666668E-02
  -2.4027777777777776E-02 -1.9305555555555555E-02
  -2.3638888888888890E-02 -1.9916666666666666E-02
  -2.3138888888888889E-02 -2.0416666666666666E-02
  -2.2444444444444447E-02 -2.1027777777777777E-02
  -2.1444444444444447E-02 -2.1444444444444447E-02
  -2.0555555555555556E-02 -2.1500000000000002E-02
  -1.9833333333333331E-02 -2.1527777777777778E-02
  -1.9611111111111110E-02 -2.2194444444444447E-02
  -1.8805555555555558E-02 -2.3333333333333331E-02
  -1.8416666666666668E-02 -2.4083333333333332E-02
  -1.7777777777777778E-02 -2.4638888888888891E-02
  -1.7083333333333332E-02 -2.5194444444444446E-02
  -1.6083333333333331E-02 -2.5944444444444447E-02
  -1.5027777777777779E-02 -2.6416666666666665E-02
  -1.4138888888888888E-02 -2.6638888888888889E-02
  -1.2861111111111111E-02 -2.6694444444444444E-02
  -1.2055555555555555E-02 -2.6694444444444444E-02
  -1.1500000000000000E-02 -2.6638888888888889E-02
  -1.1444444444444445E-02 -2.6611111111111110E-02
  -1.0638888888888889E-02 -2.6916666666666665E-02
  -1.0111111111111111E-02 -2.7444444444444445E-02
  -9.0833333333333339E-03 -2.8361111111111108E-02
  -8.3333333333333332E-03 -2.9138888888888888E-02
  -7.6111111111111119E-03 -2.9749999999999999E-02
  -6.7499999999999999E-03 -3.0083333333333333E-02
  -5.7499999999999999E-03 -3.0388888888888892E-02
  -4.6111111111111110E-03 -3.0444444444444448E-02
  -3.9444444444444440E-03 -3.0416666666666665E-02
  -3.6111111111111114E-03 -3.0638888888888889E-02
  -2.7500000000000003E-03 -3.0777777777777779E-02
  -2.1111111111111109E-03 -3.0916666666666665E-02
  -1.4444444444444444E-03 -3.1250000000000000E-02
  -5.5555555555555556E-04 -3.1722222222222221E-02
   2.7777777777777779E-05 -3.1944444444444442E-02
   8.6111111111111110E-04 -3.2111111111111111E-02
   1.3611111111111111E-03 -3.2111111111111111E-02
   1.8055555555555557E-03 -3.2111111111111111E-02
   1.9444444444444446E-03 -3.2611111111111112E-02
   2.5000000000000001E-03 -3.3166666666666664E-02
   2.9166666666666664E-03 -3.3805555555555561E-02
   3.4444444444444444E-03 -3.4388888888888886E-02
   4.1111111111111105E-03 -3.4805555555555562E-02
   5.1944444444444442E-03 -3.5388888888888886E-02
   5.9722222222222225E-03 -3.5749999999999997E-02
   6.6666666666666662E-03 -3.6194444444444446E-02
   7.5277777777777782E-03 -3.6694444444444446E-02
   8.6111111111111110E-03 -3.7166666666666667E-02
   9.6666666666666654E-03 -3.7444444444444440E-02
   1.0916666666666667E-02 -3.7444444444444440E-02
   1.2194444444444445E-02 -3.7333333333333329E-02
   1.3194444444444444E-02 -3.7222222222222226E-02
   1.4027777777777778E-02 -3.6944444444444446E-02
   1.4777777777777779E-02 -3.6694444444444446E-02
   1.5666666666666666E-02 -3.6444444444444446E-02
   1.6694444444444442E-02 -3.6111111111111115E-02
   1.7750000000000002E-02 -3.5666666666666666E-02
   1.8555555555555558E-02 -3.4972222222222217E-02
   1.9166666666666665E-02 -3.4611111111111113E-02
   2.0361111111111111E-02 -3.4111111111111113E-02
   2.1388888888888888E-02 -3.4166666666666665E-02
   2.3027777777777775E-02 -3.4027777777777782E-02
   2.3777777777777776E-02 -3.3805555555555561E-02
   2.5027777777777777E-02 -3.3361111111111112E-02
   2.6333333333333334E-02 -3.2777777777777774E-02
   2.7472222222222221E-02 -3.2416666666666670E-02
   2.8666666666666667E-02 -3.2055555555555552E-02
   3.0388888888888892E-02 -3.1666666666666669E-02
   3.1250000000000000E-02 -3.1444444444444448E-02
   3.2111111111111111E-02 -3.1166666666666662E-02
   3.2527777777777780E-02 -3.1027777777777779E-02
   3.2833333333333332E-02 -3.1222222222222224E-02
   3.3333333333333333E-02 -3.2388888888888884E-02
   3.3500000000000002E-02 -3.2944444444444443E-02
   3.4194444444444444E-02 -3.3638888888888892E-02
   3.5083333333333327E-02 -3.4027777777777782E-02
   3.6472222222222218E-02 -3.4388888888888886E-02
   3.7888888888888889E-02 -3.4611111111111113E-02
   3.9388888888888890E-02 -3.4694444444444444E-02
   4.0555555555555553E-02 -3.4722222222222224E-02
   4.1694444444444444E-02 -3.4722222222222224E-02
   4.2611111111111113E-02 -3.4472222222222224E-02
   4.3916666666666666E-02 -3.4194444444444444E-02
   4.5527777777777778E-02 -3.3250000000000002E-02
   4.6111111111111117E-02 -3.3111111111111112E-02
   4.7972222222222222E-02 -3.2722222222222222E-02
   4.8888888888888891E-02 -3.2472222222222222E-02
   4.9777777777777782E-02 -3.2250000000000001E-02
   5.0416666666666665E-02 -3.2277777777777773E-02
   5.0749999999999997E-02 -3.2277777777777773E-02
   5.1527777777777777E-02 -3.2555555555555553E-02
   5.2305555555555557E-02 -3.3027777777777781E-02
   5.3111111111111109E-02 -3.3527777777777781E-02
   5.3749999999999999E-02 -3.3805555555555561E-02
   5.4638888888888890E-02 -3.4055555555555554E-02
   5.5361111111111111E-02 -3.4138888888888892E-02
   5.5638888888888891E-02 -3.4388888888888886E-02
   5.6166666666666663E-02 -3.5138888888888893E-02
   5.6611111111111105E-02 -3.5611111111111114E-02
   5.7083333333333340E-02 -3.5888888888888887E-02
   5.7777777777777782E-02 -3.6222222222222225E-02
   5.8638888888888893E-02 -3.6666666666666667E-02
   5.9555555555555556E-02 -3.6916666666666667E-02
   6.0777777777777785E-02 -3.6888888888888888E-02
   6.1499999999999999E-02 -3.6055555555555556E-02
   6.2833333333333338E-02 -3.5722222222222225E-02
   6.3472222222222222E-02 -3.5555555555555556E-02
   6.4638888888888885E-02 -3.5194444444444445E-02
   6.5638888888888886E-02 -3.4722222222222224E-02
   6.6694444444444445E-02 -3.4611111111111113E-02
   6.7194444444444446E-02 -3.4666666666666665E-02
   6.8194444444444446E-02 -3.4055555555555554E-02
   6.8861111111111109E-02 -3.3611111111111112E-02
   6.9305555555555565E-02 -3.3083333333333333E-02
   6.9305555555555565E-02 -3.3305555555555560E-02
   6.9416666666666668E-02 -3.4000000000000002E-02
   6.9583333333333330E-02 -3.4722222222222224E-02
   6.9944444444444434E-02 -3.5083333333333327E-02
   7.0833333333333331E-02 -3.5583333333333335E-02
   7.1499999999999994E-02 -3.5833333333333335E-02
   7.2388888888888892E-02 -3.6138888888888887E-02
   7.3805555555555555E-02 -3.6249999999999998E-02
   7.4138888888888893E-02 -3.6277777777777777E-02
   7.6027777777777777E-02 -3.6444444444444446E-02
   7.6444444444444440E-02 -3.6472222222222218E-02
   7.7666666666666676E-02 -3.6416666666666667E-02
   7.8944444444444442E-02 -3.5583333333333335E-02
   7.9361111111111118E-02 -3.5472222222222224E-02
   8.0166666666666664E-02 -3.5194444444444445E-02
   8.0805555555555547E-02 -3.4888888888888886E-02
   8.1611111111111106E-02 -3.4555555555555555E-02
   8.2166666666666666E-02 -3.4861111111111107E-02
   8.2722222222222211E-02 -3.5166666666666666E-02
   8.3388888888888887E-02 -3.5500000000000004E-02
   8.4000000000000005E-02 -3.6305555555555556E-02
   8.5083333333333344E-02 -3.6500000000000005E-02
   8.6249999999999993E-02 -3.6500000000000005E-02
   8.7444444444444450E-02 -3.6138888888888887E-02
   8.8638888888888878E-02 -3.5777777777777776E-02
   8.8972222222222216E-02 -3.5666666666666666E-02
   8.9777777777777790E-02 -3.5388888888888886E-02
   9.0833333333333335E-02 -3.5166666666666666E-02
   9.1333333333333322E-02 -3.5000000000000003E-02
   9.2222222222222219E-02 -3.4666666666666665E-02
   9.2944444444444441E-02 -3.4305555555555554E-02
   9.3305555555555558E-02 -3.4027777777777782E-02
   9.4972222222222222E-02 -3.3055555555555553E-02
   9.5472222222222222E-02 -3.3000000000000002E-02
   9.6388888888888885E-02 -3.3388888888888885E-02
   9.7555555555555562E-02 -3.3583333333333333E-02
   9.8638888888888887E-02 -3.3777777777777775E-02
   9.9888888888888888E-02 -3.3944444444444444E-02
   0.1008055555555556     -3.4027777777777782E-02
   0.1013611111111111     -3.4000000000000002E-02
   0.1020277777777778     -3.3777777777777775E-02
   0.1027222222222222     -3.3694444444444444E-02
   0.1028888888888889     -3.3666666666666664E-02
   0.1029444444444444     -3.3861111111111113E-02
   0.1033888888888889     -3.4472222222222224E-02
   0.1037500000000000     -3.4833333333333334E-02
   0.1043611111111111     -3.5333333333333335E-02
   0.1053055555555556     -3.5472222222222224E-02
   0.1063888888888889     -3.5000000000000003E-02
   0.1074444444444444     -3.4944444444444445E-02
   0.1080555555555556     -3.4555555555555555E-02
   0.1090833333333333     -3.4277777777777775E-02
   0.1097222222222222     -3.3944444444444444E-02
   0.1107777777777778     -3.3722222222222223E-02
   0.1118333333333333     -3.4000000000000002E-02
   0.1124722222222222     -3.3611111111111112E-02
   0.1128055555555555     -3.3333333333333333E-02
   0.1133055555555555     -3.3027777777777781E-02
   0.1133888888888889     -3.2972222222222222E-02
   0.1145555555555555     -3.3194444444444443E-02
   0.1153888888888889     -3.3277777777777774E-02
   0.1163055555555556     -3.2833333333333332E-02
   0.1170833333333333     -3.2361111111111111E-02
   0.1180000000000000     -3.1722222222222221E-02
   0.1187222222222222     -3.1444444444444448E-02
   0.1190833333333333     -3.1333333333333338E-02
   0.1191666666666667     -3.1611111111111111E-02
   0.1192222222222222     -3.2194444444444442E-02
   0.1192500000000000     -3.2888888888888884E-02
   0.1190555555555555     -3.3555555555555554E-02
   0.1188055555555556     -3.4027777777777782E-02
   0.1185277777777778     -3.4611111111111113E-02
   0.1185277777777778     -3.5388888888888886E-02
   0.1185277777777778     -3.6361111111111108E-02
   0.1187222222222222     -3.7166666666666667E-02
   0.1190555555555555     -3.7555555555555550E-02
   0.1196944444444445     -3.7888888888888889E-02
   0.1203888888888889     -3.8222222222222220E-02
   0.1210833333333333     -3.8527777777777779E-02
   0.1218333333333333     -3.8666666666666662E-02
   0.1231111111111111     -3.8666666666666662E-02
   0.1239722222222222     -3.8277777777777779E-02
   0.1246944444444444     -3.7972222222222220E-02
   0.1253055555555556     -3.7749999999999999E-02
   0.1261944444444444     -3.7472222222222219E-02
   0.1268055555555555     -3.7249999999999998E-02
   0.1276666666666667     -3.7000000000000005E-02
   0.1283611111111111     -3.7305555555555557E-02
   0.1289722222222222     -3.7249999999999998E-02
   0.1296666666666667     -3.6944444444444446E-02
   0.1303333333333333     -3.6749999999999998E-02
   0.1312222222222222     -3.6444444444444446E-02
   0.1323333333333333     -3.6166666666666666E-02
   0.1333333333333333     -3.5861111111111107E-02
   0.1343055555555556     -3.5138888888888893E-02
   0.1355833333333333     -3.5055555555555555E-02
   0.1367500000000000     -3.5194444444444445E-02
   0.1379166666666667     -3.5305555555555555E-02
   0.1390277777777778     -3.5388888888888886E-02
   0.1403611111111111     -3.5388888888888886E-02
   0.1412777777777778     -3.5111111111111114E-02
   0.1424166666666667     -3.4694444444444444E-02
   0.1430833333333333     -3.4444444444444444E-02
   0.1435833333333333     -3.4111111111111113E-02
   0.1443333333333333     -3.3472222222222223E-02
   0.1449166666666667     -3.4000000000000002E-02
   0.1459166666666667     -3.4361111111111113E-02
   0.1468888888888889     -3.4444444444444444E-02
   0.1476944444444445     -3.4555555555555555E-02
   0.1486111111111111     -3.4805555555555562E-02
   0.1500277777777778     -3.4972222222222217E-02
   0.1512777777777778     -3.4583333333333334E-02
   0.1527500000000000     -3.4694444444444444E-02
   0.1539166666666667     -3.4916666666666672E-02
   0.1555000000000000     -3.5083333333333327E-02
   0.1573611111111111     -3.4916666666666672E-02
   0.1583333333333333     -3.4500000000000003E-02
   0.1601388888888889     -3.3805555555555561E-02
   0.1608333333333333     -3.3611111111111112E-02
   0.1621666666666667     -3.3944444444444444E-02
   0.1634166666666667     -3.3972222222222223E-02
   0.1645555555555556     -3.3972222222222223E-02
   0.1656111111111111     -3.4027777777777782E-02
   0.1671388888888889     -3.3666666666666664E-02
   0.1683333333333333     -3.3694444444444444E-02
   0.1693888888888889     -3.3833333333333333E-02
   0.1702777777777778     -3.3972222222222223E-02
   0.1711388888888889     -3.4472222222222224E-02
   0.1718888888888889     -3.4833333333333334E-02
   0.1727222222222222     -3.5916666666666666E-02
   0.1733611111111111     -3.6138888888888887E-02
   0.1738055555555555     -3.6333333333333336E-02
   0.1744722222222222     -3.6611111111111115E-02
   0.1750277777777778     -3.7527777777777778E-02
   0.1753888888888889     -3.8638888888888889E-02
   0.1757222222222222     -3.9194444444444448E-02
   0.1761666666666667     -3.9777777777777773E-02
   0.1770833333333333     -4.0583333333333332E-02
   0.1780833333333333     -4.0750000000000001E-02
   0.1806111111111111     -4.0305555555555560E-02
   0.1820833333333333     -3.9944444444444442E-02
   0.1833333333333333     -3.9527777777777780E-02
   0.1845833333333333     -3.8305555555555558E-02
   0.1848055555555556     -3.8222222222222220E-02
   0.1861111111111111     -3.7305555555555557E-02
   0.1870555555555556     -3.6749999999999998E-02
   0.1880000000000000     -3.6249999999999998E-02
   0.1887500000000000     -3.5888888888888887E-02
   0.1895277777777778     -3.6333333333333336E-02
   0.1909166666666667     -3.6138888888888887E-02
   0.1917222222222222     -3.6027777777777777E-02
   0.1925833333333333     -3.5972222222222218E-02
   0.1936944444444444     -3.5972222222222218E-02
   0.1947777777777778     -3.5583333333333335E-02
   0.1955555555555556     -3.5527777777777776E-02
   0.1965555555555555     -3.5194444444444445E-02
   0.1976666666666667     -3.4805555555555562E-02
   0.1981111111111111     -3.4722222222222224E-02
   0.1994444444444444     -3.4583333333333334E-02
   0.2007222222222222     -3.5250000000000004E-02
   0.2018333333333333     -3.5638888888888887E-02
   0.2026666666666667     -3.5888888888888887E-02
   0.2043611111111111     -3.6249999999999998E-02
   0.2062777777777778     -3.6611111111111115E-02
   0.2072500000000000     -3.6666666666666667E-02
   0.2079444444444444     -3.6388888888888887E-02
   0.2083055555555555     -3.6055555555555556E-02
   0.2088055555555556     -3.5888888888888887E-02
   0.2099166666666667     -3.5888888888888887E-02
   0.2113611111111111     -3.5777777777777776E-02
   0.2126666666666667     -3.5222222222222224E-02
   0.2131666666666667     -3.5194444444444445E-02
   0.2146666666666667     -3.5194444444444445E-02
   0.2160555555555556     -3.5361111111111114E-02
   0.2170000000000000     -3.5527777777777776E-02
   0.2183333333333334     -3.6305555555555556E-02
   0.2190833333333334     -3.6388888888888887E-02
   0.2200555555555556     -3.6222222222222225E-02
   0.2205555555555555     -3.5888888888888887E-02
