   2.4499999999999999E-03  5.3944444444444448E-03
   2.3388888888888886E-03  4.6750000000000003E-03
   1.7805555555555556E-03  4.1222222222222224E-03
   1.3916666666666667E-03  3.7888888888888885E-03
   1.1111111111111111E-03  3.4583333333333332E-03
   7.7777777777777784E-04  3.2361111111111115E-03
   4.4444444444444447E-04  2.6277777777777779E-03
   1.0833333333333333E-04  2.1305555555555557E-03
  -1.1388888888888890E-04  1.7972222222222220E-03
  -2.8055555555555554E-04  1.5222222222222223E-03
  -4.4999999999999999E-04  1.1888888888888889E-03
  -7.8333333333333336E-04  9.1388888888888889E-04
  -9.5000000000000000E-04  6.3611111111111117E-04
  -1.2305555555555555E-03  2.7777777777777779E-05
  -1.3416666666666668E-03 -5.2499999999999997E-04
  -1.5083333333333333E-03 -8.5833333333333334E-04
  -1.8416666666666666E-03 -1.0777777777777778E-03
  -2.1777777777777776E-03 -1.4666666666666667E-03
  -2.4555555555555559E-03 -2.4055555555555553E-03
  -2.7333333333333333E-03 -3.0138888888888889E-03
  -2.6222222222222220E-03 -3.7333333333333333E-03
  -2.6777777777777776E-03 -4.4527777777777777E-03
  -2.7333333333333333E-03 -4.8416666666666669E-03
  -2.6777777777777776E-03 -5.5611111111111104E-03
  -2.6222222222222220E-03 -6.0027777777777770E-03
  -2.6222222222222220E-03 -6.6666666666666662E-03
  -2.5666666666666667E-03 -7.5499999999999994E-03
  -2.3444444444444446E-03 -8.5472222222222217E-03
  -2.0666666666666663E-03 -9.5972222222222223E-03
  -1.7861111111111109E-03 -1.0316666666666667E-02
  -1.7861111111111109E-03 -1.0650000000000000E-02
  -1.1166666666666666E-03 -1.1588888888888890E-02
  -5.6111111111111108E-04 -1.2308333333333333E-02
  -1.1388888888888890E-04 -1.3027777777777777E-02
   2.7500000000000002E-04 -1.3525000000000001E-02
   8.3333333333333328E-04 -1.4077777777777779E-02
   1.4472222222222221E-03 -1.4797222222222220E-02
   2.1722222222222225E-03 -1.5405555555555554E-02
   3.1749999999999999E-03 -1.6180555555555556E-02
   4.5694444444444446E-03 -1.7011111111111112E-02
   5.5722222222222223E-03 -1.7397222222222220E-02
   6.5750000000000001E-03 -1.7841666666666665E-02
   7.3555555555555553E-03 -1.8172222222222222E-02
   8.1361111111111113E-03 -1.8616666666666667E-02
   9.1388888888888891E-03 -1.8947222222222223E-02
   1.0200000000000001E-02 -1.9225000000000003E-02
   1.1369444444444444E-02 -1.9666666666666666E-02
   1.2316666666666667E-02 -1.9888888888888887E-02
   1.3266666666666668E-02 -2.0163888888888887E-02
   1.4602777777777777E-02 -2.0605555555555558E-02
   1.5552777777777776E-02 -2.0716666666666668E-02
   1.6777777777777777E-02 -2.1105555555555558E-02
   1.8116666666666666E-02 -2.1436111111111114E-02
   1.9230555555555556E-02 -2.1602777777777776E-02
   2.0066666666666667E-02 -2.1769444444444442E-02
   2.1294444444444442E-02 -2.2099999999999998E-02
   2.2408333333333332E-02 -2.2433333333333333E-02
   2.3580555555555556E-02 -2.2819444444444444E-02
   2.4136111111111112E-02 -2.2875000000000000E-02
   2.4694444444444446E-02 -2.2930555555555555E-02
   2.5922222222222221E-02 -2.3041666666666669E-02
   2.6869444444444446E-02 -2.3152777777777779E-02
   2.7594444444444442E-02 -2.3316666666666666E-02
   2.8263888888888890E-02 -2.3538888888888890E-02
   2.8875000000000001E-02 -2.3816666666666667E-02
   2.9936111111111115E-02 -2.3869444444444443E-02
   3.1049999999999998E-02 -2.4147222222222223E-02
   3.1663888888888887E-02 -2.4258333333333333E-02
   3.2163888888888888E-02 -2.4424999999999999E-02
   3.3169444444444446E-02 -2.4533333333333334E-02
   3.4005555555555553E-02 -2.4533333333333334E-02
   3.4730555555555556E-02 -2.4533333333333334E-02
   3.5119444444444446E-02 -2.4644444444444445E-02
   3.6122222222222222E-02 -2.4811111111111110E-02
   3.6736111111111108E-02 -2.4922222222222221E-02
   3.7461111111111112E-02 -2.5033333333333335E-02
   3.8519444444444446E-02 -2.4977777777777779E-02
   3.9300000000000002E-02 -2.5088888888888890E-02
   3.9747222222222225E-02 -2.5088888888888890E-02
   4.0694444444444450E-02 -2.5197222222222222E-02
   4.1308333333333329E-02 -2.5308333333333335E-02
   4.2591666666666667E-02 -2.5475000000000001E-02
   4.3091666666666667E-02 -2.5530555555555556E-02
   4.3872222222222229E-02 -2.5641666666666667E-02
   4.4375000000000005E-02 -2.5697222222222222E-02
   4.4933333333333332E-02 -2.5916666666666668E-02
   4.5936111111111108E-02 -2.6027777777777778E-02
   4.6772222222222222E-02 -2.5972222222222223E-02
   4.7552777777777777E-02 -2.6027777777777778E-02
   4.9336111111111108E-02 -2.6027777777777778E-02
   5.0283333333333333E-02 -2.6138888888888889E-02
   5.1677777777777781E-02 -2.6249999999999999E-02
   5.2850000000000001E-02 -2.6361111111111109E-02
   5.4241666666666667E-02 -2.6416666666666665E-02
   5.5302777777777777E-02 -2.6472222222222220E-02
   5.6138888888888884E-02 -2.6691666666666666E-02
   5.6694444444444443E-02 -2.6802777777777776E-02
   5.7363888888888895E-02 -2.6691666666666666E-02
   5.8144444444444443E-02 -2.6636111111111110E-02
   5.8647222222222219E-02 -2.6747222222222221E-02
   5.9316666666666670E-02 -2.7080555555555556E-02
   5.9816666666666664E-02 -2.6913888888888890E-02
   6.0652777777777778E-02 -2.6747222222222221E-02
   6.1433333333333326E-02 -2.6802777777777776E-02
   6.2102777777777778E-02 -2.6858333333333331E-02
   6.2605555555555553E-02 -2.6858333333333331E-02
   6.3274999999999998E-02 -2.7025000000000000E-02
   6.3719444444444440E-02 -2.6969444444444445E-02
   6.4666666666666664E-02 -2.7025000000000000E-02
   6.5894444444444436E-02 -2.7080555555555556E-02
   6.7958333333333329E-02 -2.7133333333333332E-02
   6.8180555555555550E-02 -2.7133333333333332E-02
   6.9127777777777774E-02 -2.7355555555555557E-02
   6.9908333333333336E-02 -2.7522222222222222E-02
   7.0577777777777781E-02 -2.7522222222222222E-02
   7.1302777777777770E-02 -2.7577777777777777E-02
   7.2305555555555553E-02 -2.7633333333333333E-02
   7.3419444444444440E-02 -2.7744444444444447E-02
   7.4033333333333340E-02 -2.7797222222222220E-02
   7.5427777777777774E-02 -2.7744444444444447E-02
   7.6430555555555557E-02 -2.7744444444444447E-02
   7.7547222222222226E-02 -2.7852777777777775E-02
   7.8272222222222229E-02 -2.7908333333333330E-02
   7.9108333333333336E-02 -2.7963888888888885E-02
   7.9833333333333339E-02 -2.7963888888888885E-02
   8.1002777777777785E-02 -2.7963888888888885E-02
   8.1449999999999995E-02 -2.8074999999999999E-02
   8.2397222222222219E-02 -2.8516666666666666E-02
   8.3400000000000002E-02 -2.8627777777777776E-02
   8.4236111111111123E-02 -2.8627777777777776E-02
   8.5630555555555557E-02 -2.8627777777777776E-02
   8.6911111111111106E-02 -2.8850000000000001E-02
   8.8194444444444436E-02 -2.8905555555555556E-02
   8.9588888888888885E-02 -2.8961111111111111E-02
   9.0536111111111109E-02 -2.9016666666666666E-02
   9.1819444444444440E-02 -2.9016666666666666E-02
   9.2600000000000002E-02 -2.9072222222222222E-02
   9.3713888888888888E-02 -2.9180555555555557E-02
   9.5330555555555557E-02 -2.9236111111111112E-02
   9.7169444444444447E-02 -2.9402777777777778E-02
   9.8619444444444440E-02 -2.9402777777777778E-02
   9.9791666666666667E-02 -2.9513888888888888E-02
   0.1009611111111111     -2.9624999999999999E-02
   0.1020194444444444     -2.9788888888888889E-02
   0.1031361111111111     -2.9955555555555555E-02
   0.1039722222222222     -2.9955555555555555E-02
   0.1050305555555556     -2.9899999999999999E-02
   0.1062027777777778     -3.0011111111111113E-02
   0.1075972222222222     -3.0066666666666669E-02
   0.1089888888888889     -3.0122222222222224E-02
   0.1101055555555556     -3.0177777777777779E-02
   0.1113861111111111     -3.0288888888888890E-02
   0.1123333333333333     -3.0397222222222225E-02
   0.1137833333333333     -3.0563888888888890E-02
   0.1154000000000000     -3.0675000000000001E-02
   0.1168500000000000     -3.0730555555555556E-02
   0.1181333333333333     -3.0786111111111111E-02
   0.1190805555555556     -3.0841666666666670E-02
   0.1202500000000000     -3.0897222222222225E-02
   0.1212555555555555     -3.0952777777777780E-02
   0.1228722222222222     -3.0786111111111111E-02
   0.1242666666666667     -3.0786111111111111E-02
   0.1250472222222222     -3.0730555555555556E-02
   0.1253250000000000     -3.1116666666666667E-02
   0.1261611111111111     -3.1561111111111116E-02
   0.1269416666666666     -3.1394444444444447E-02
   0.1278333333333334     -3.1227777777777781E-02
   0.1292277777777778     -3.1283333333333337E-02
   0.1301750000000000     -3.1394444444444447E-02
   0.1320138888888889     -3.1561111111111116E-02
   0.1326277777777778     -3.1616666666666661E-02
   0.1344111111111111     -3.1672222222222227E-02
   0.1356944444444445     -3.1672222222222227E-02
   0.1369194444444445     -3.1891666666666665E-02
   0.1390388888888889     -3.1725000000000003E-02
   0.1407666666666667     -3.1338888888888888E-02
