   2.4499999999999999E-03  4.5055555555555560E-03
   2.1138888888888891E-03  4.3944444444444447E-03
   1.8916666666666665E-03  4.0638888888888895E-03
   1.5583333333333332E-03  3.7888888888888885E-03
   1.2222222222222222E-03  3.5111111111111116E-03
   1.0555555555555555E-03  3.2333333333333333E-03
   7.2222222222222219E-04  3.0138888888888889E-03
   5.0000000000000001E-04  2.8472222222222219E-03
   2.7500000000000002E-04  2.5166666666666666E-03
   5.2777777777777777E-05  2.1277777777777779E-03
  -2.7777777777777779E-06  1.6861111111111111E-03
  -1.1388888888888890E-04  1.2999999999999999E-03
  -3.9166666666666668E-04  9.6666666666666656E-04
  -8.3888888888888891E-04  3.5833333333333333E-04
  -1.0611111111111110E-03 -8.3333333333333331E-05
  -1.2277777777777779E-03 -6.3611111111111117E-04
  -1.3388888888888888E-03 -1.0777777777777778E-03
  -1.3944444444444445E-03 -1.2999999999999999E-03
  -1.5638888888888890E-03 -1.8527777777777776E-03
  -1.7305555555555555E-03 -2.1833333333333336E-03
  -1.8972222222222222E-03 -2.6277777777777779E-03
  -1.7861111111111109E-03 -3.0138888888888889E-03
  -1.8416666666666666E-03 -3.5666666666666663E-03
  -2.0083333333333333E-03 -3.7888888888888885E-03
  -2.1194444444444446E-03 -4.0638888888888895E-03
  -2.0638888888888890E-03 -4.3944444444444447E-03
  -1.8416666666666666E-03 -4.8944444444444443E-03
  -1.8416666666666666E-03 -5.2805555555555557E-03
  -1.9527777777777779E-03 -5.5027777777777774E-03
  -2.0638888888888890E-03 -5.8333333333333327E-03
  -2.1194444444444446E-03 -6.4416666666666667E-03
  -2.0083333333333333E-03 -7.1055555555555559E-03
  -1.8416666666666666E-03 -8.0444444444444443E-03
  -1.7305555555555555E-03 -8.8194444444444440E-03
  -1.5638888888888890E-03 -9.5388888888888884E-03
  -1.2833333333333334E-03 -1.0147222222222222E-02
  -1.0611111111111110E-03 -1.0811111111111112E-02
  -1.0611111111111110E-03 -1.0975000000000000E-02
  -5.0277777777777777E-04 -1.1694444444444445E-02
   1.0833333333333333E-04 -1.2358333333333334E-02
   3.8888888888888892E-04 -1.2688888888888888E-02
   8.3333333333333328E-04 -1.3241666666666667E-02
   1.5583333333333332E-03 -1.3905555555555556E-02
   2.0583333333333335E-03 -1.4458333333333332E-02
   2.5055555555555556E-03 -1.4847222222222222E-02
   3.2305555555555555E-03 -1.5455555555555556E-02
   3.9527777777777781E-03 -1.5897222222222222E-02
   4.5111111111111107E-03 -1.6338888888888889E-02
   5.2916666666666667E-03 -1.6836111111111111E-02
   5.9027777777777776E-03 -1.7113888888888887E-02
   7.1305555555555549E-03 -1.7722222222222223E-02
   8.0222222222222223E-03 -1.8052777777777779E-02
   9.3027777777777779E-03 -1.8605555555555556E-02
   9.8611111111111104E-03 -1.8772222222222221E-02
   1.0863888888888888E-02 -1.9158333333333333E-02
   1.1811111111111113E-02 -8.0477777777777773E-02
   1.2536111111111111E-02 -1.9711111111111110E-02
   1.3372222222222223E-02 -1.9988888888888889E-02
   1.4374999999999999E-02 -2.0155555555555555E-02
   1.5266666666666666E-02 -2.0319444444444446E-02
   1.5822222222222224E-02 -2.0430555555555556E-02
   1.6658333333333334E-02 -2.0541666666666666E-02
   1.7438888888888889E-02 -2.0763888888888891E-02
   1.8108333333333334E-02 -2.0927777777777778E-02
   1.9111111111111110E-02 -2.1316666666666664E-02
   1.9836111111111110E-02 -2.1591666666666665E-02
   2.0669444444444445E-02 -2.1758333333333334E-02
   2.1450000000000000E-02 -2.1977777777777777E-02
   2.2230555555555555E-02 -2.2088888888888891E-02
   2.3513888888888890E-02 -2.2255555555555556E-02
   2.4125000000000001E-02 -2.2366666666666667E-02
   2.5294444444444442E-02 -2.2697222222222223E-02
   2.6241666666666667E-02 -2.2919444444444444E-02
   2.7413888888888890E-02 -2.3138888888888889E-02
   2.8916666666666663E-02 -2.3416666666666665E-02
   2.9697222222222222E-02 -2.3472222222222221E-02
   3.0755555555555553E-02 -2.3638888888888890E-02
   3.1983333333333336E-02 -2.3858333333333332E-02
   3.2649999999999998E-02 -2.3913888888888887E-02
   3.3375000000000002E-02 -2.4025000000000001E-02
   3.5772222222222226E-02 -2.4411111111111113E-02
   3.6941666666666671E-02 -2.4466666666666668E-02
   3.8336111111111112E-02 -2.4577777777777778E-02
   4.0005555555555551E-02 -2.4855555555555558E-02
