   2.2250000000000000E-03  4.4055555555555549E-03
   1.7250000000000000E-03  4.4611111111111110E-03
   1.1694444444444443E-03  4.4611111111111110E-03
   8.3333333333333328E-04  4.1833333333333340E-03
   3.8888888888888892E-04  3.8500000000000001E-03
   0.0000000000000000E+00  3.6277777777777775E-03
  -2.7777777777777778E-04  3.2972222222222222E-03
  -7.7777777777777784E-04  2.8527777777777779E-03
  -1.0583333333333334E-03  2.5750000000000000E-03
  -1.2805555555555556E-03  2.1333333333333330E-03
  -1.3361111111111110E-03  1.7444444444444443E-03
  -1.3361111111111110E-03  1.4138888888888890E-03
  -1.3916666666666667E-03  9.6944444444444443E-04
  -1.6138888888888889E-03  2.5000000000000001E-04
  -1.8916666666666665E-03 -3.6111111111111109E-04
  -2.0027777777777778E-03 -9.6944444444444443E-04
  -2.1694444444444443E-03 -1.5249999999999999E-03
  -2.2250000000000000E-03 -2.2444444444444443E-03
  -2.3361111111111109E-03 -3.0194444444444444E-03
  -2.3361111111111109E-03 -3.9055555555555558E-03
  -2.4472222222222222E-03 -4.4611111111111110E-03
  -2.5027777777777778E-03 -5.2361111111111115E-03
  -2.5027777777777778E-03 -5.8999999999999999E-03
  -2.3916666666666665E-03 -6.5111111111111107E-03
  -2.2805555555555556E-03 -7.1194444444444439E-03
  -2.1694444444444443E-03 -7.7833333333333331E-03
  -1.8361111111111113E-03 -9.4472222222222232E-03
  -1.6694444444444445E-03 -1.0555555555555556E-02
  -1.4472222222222221E-03 -1.0997222222222221E-02
  -1.0027777777777778E-03 -1.1716666666666667E-02
  -7.2222222222222219E-04 -1.2327777777777778E-02
   0.0000000000000000E+00 -1.3158333333333334E-02
   5.0000000000000001E-04 -1.3711111111111111E-02
   1.3361111111111110E-03 -1.4544444444444443E-02
   2.3916666666666665E-03 -1.5597222222222222E-02
   3.3388888888888891E-03 -1.6150000000000001E-02
   4.7305555555555556E-03 -1.7036111111111110E-02
   5.8972222222222221E-03 -1.7755555555555556E-02
   6.8444444444444447E-03 -1.8366666666666667E-02
   8.3472222222222212E-03 -1.8919444444444447E-02
   9.2916666666666668E-03 -1.9308333333333334E-02
   1.0683333333333333E-02 -1.9697222222222220E-02
   1.1794444444444444E-02 -2.0027777777777776E-02
   1.2574999999999999E-02 -2.0305555555555556E-02
   1.3686111111111112E-02 -2.0694444444444446E-02
   1.4744444444444445E-02 -2.0969444444444443E-02
   1.6136111111111111E-02 -2.1302777777777778E-02
   1.7580555555555558E-02 -2.1580555555555558E-02
   1.8916666666666668E-02 -2.1855555555555559E-02
   1.9586111111111110E-02 -2.1966666666666666E-02
   2.0641666666666666E-02 -2.2411111111111111E-02
   2.1644444444444445E-02 -2.2797222222222222E-02
   2.2700000000000001E-02 -2.2963888888888888E-02
   2.3536111111111112E-02 -2.2963888888888888E-02
   2.4202777777777778E-02 -2.2963888888888888E-02
   2.5038888888888888E-02 -2.3186111111111112E-02
   2.5983333333333334E-02 -2.3352777777777778E-02
   2.6538888888888890E-02 -2.3630555555555557E-02
   2.7319444444444445E-02 -2.3905555555555555E-02
   2.7875000000000000E-02 -2.4127777777777779E-02
   2.8541666666666670E-02 -2.4405555555555555E-02
   2.9155555555555560E-02 -2.4350000000000000E-02
   2.9933333333333329E-02 -2.4127777777777779E-02
   3.0824999999999998E-02 -2.4350000000000000E-02
   3.2158333333333330E-02 -2.4627777777777780E-02
   3.2269444444444441E-02 -2.4683333333333331E-02
   3.3994444444444445E-02 -2.5013888888888888E-02
   3.5052777777777780E-02 -2.5124999999999998E-02
   3.7333333333333329E-02 -2.5513888888888888E-02
   3.9113888888888892E-02 -2.5513888888888888E-02
   4.0561111111111110E-02 -2.5736111111111112E-02
   4.2119444444444445E-02 -2.5899999999999999E-02
   4.3844444444444443E-02 -2.6233333333333334E-02
   4.5122222222222223E-02 -2.6233333333333334E-02
   4.6791666666666662E-02 -2.6288888888888889E-02
   4.8516666666666666E-02 -2.6400000000000000E-02
   5.1077777777777778E-02 -2.6566666666666669E-02
   5.2633333333333338E-02 -2.6733333333333335E-02
   5.4750000000000000E-02 -2.6786111111111111E-02
   5.6863888888888887E-02 -2.6952777777777780E-02
   5.8477777777777774E-02 -2.7008333333333336E-02
   5.9700000000000003E-02 -2.7119444444444443E-02
   6.1369444444444442E-02 -2.7230555555555553E-02
   6.2483333333333335E-02 -2.7397222222222222E-02
   6.4319444444444443E-02 -2.7619444444444443E-02
   6.6266666666666668E-02 -2.7730555555555553E-02
   6.8158333333333335E-02 -2.8005555555555554E-02
   7.0438888888888884E-02 -2.8227777777777779E-02
   7.2330555555555551E-02 -2.8561111111111110E-02
   7.3499999999999996E-02 -2.8338888888888889E-02
   7.4888888888888880E-02 -2.8116666666666665E-02
   7.5891666666666663E-02 -2.7783333333333333E-02
