   6.3027777777777778E-03  9.1055555555555542E-03
   5.9111111111111109E-03  8.6055555555555555E-03
   5.4666666666666665E-03  8.2749999999999994E-03
   4.9083333333333331E-03  7.9416666666666663E-03
   4.4611111111111110E-03  7.6666666666666671E-03
   4.0138888888888889E-03  7.5000000000000006E-03
   3.6250000000000002E-03  6.9472222222222218E-03
   3.2333333333333333E-03  6.7250000000000001E-03
   2.8416666666666668E-03  6.5027777777777775E-03
   2.2833333333333334E-03  6.0611111111111109E-03
   2.0055555555555556E-03  5.6722222222222217E-03
   1.6694444444444445E-03  5.0638888888888886E-03
   1.3916666666666667E-03  4.6222222222222220E-03
   1.1694444444444443E-03  4.0694444444444441E-03
   1.0000000000000000E-03  3.6250000000000002E-03
   7.7777777777777784E-04  3.1833333333333332E-03
   6.1111111111111110E-04  2.9611111111111110E-03
   2.1944444444444447E-04  2.9055555555555553E-03
  -6.7222222222222217E-04  2.7388888888888888E-03
  -9.5277777777777765E-04  2.5750000000000000E-03
  -1.6777777777777778E-03  2.2972222222222222E-03
  -2.2361111111111110E-03  1.9638888888888887E-03
  -3.3527777777777779E-03  1.4111111111111110E-03
  -4.1333333333333326E-03  8.5833333333333334E-04
  -4.9694444444444447E-03  3.6111111111111109E-04
  -5.6388888888888895E-03 -1.3888888888888889E-04
  -6.3666666666666663E-03 -7.4722222222222225E-04
  -6.8666666666666668E-03 -1.1888888888888889E-03
  -7.2583333333333328E-03 -1.6888888888888889E-03
  -7.2583333333333328E-03 -2.1861111111111113E-03
  -6.9805555555555558E-03 -2.8500000000000001E-03
  -6.9805555555555558E-03 -3.6805555555555558E-03
  -7.2027777777777767E-03 -4.2888888888888890E-03
  -7.1472222222222215E-03 -5.0083333333333334E-03
  -6.8111111111111115E-03 -5.5083333333333338E-03
  -6.8111111111111115E-03 -6.2277777777777783E-03
  -6.8666666666666668E-03 -6.6694444444444449E-03
  -6.6444444444444441E-03 -7.3888888888888893E-03
  -6.5888888888888889E-03 -8.1638888888888889E-03
  -6.6444444444444441E-03 -9.1055555555555542E-03
  -6.4777777777777776E-03 -1.0100000000000000E-02
  -6.1972222222222220E-03 -1.0986111111111111E-02
  -5.5833333333333334E-03 -1.2094444444444444E-02
  -5.1388888888888890E-03 -1.3033333333333334E-02
  -4.5805555555555556E-03 -1.3752777777777777E-02
  -3.2416666666666666E-03 -1.5636111111111111E-02
  -2.2361111111111110E-03 -1.6355555555555554E-02
  -1.6777777777777778E-03 -1.6741666666666669E-02
  -1.1749999999999998E-03 -1.7130555555555555E-02
  -1.7222222222222221E-04 -1.7794444444444443E-02
   1.1111111111111111E-03 -1.8569444444444444E-02
   2.3388888888888886E-03 -1.8900000000000000E-02
   4.2388888888888893E-03 -1.9566666666666666E-02
   5.2416666666666670E-03 -1.9952777777777778E-02
   6.3027777777777778E-03 -2.0394444444444444E-02
   7.5305555555555560E-03 -2.0838888888888889E-02
   8.3666666666666681E-03 -2.1005555555555555E-02
   9.3166666666666658E-03 -2.1225000000000001E-02
   1.0822222222222223E-02 -2.1888888888888888E-02
   1.1716666666666667E-02 -2.2055555555555557E-02
   1.2330555555555556E-02 -2.2166666666666668E-02
   1.2944444444444446E-02 -2.2333333333333334E-02
   1.3724999999999999E-02 -2.2719444444444445E-02
   1.4561111111111111E-02 -2.2886111111111111E-02
   1.5677777777777777E-02 -2.3052777777777776E-02
   1.6458333333333335E-02 -2.3163888888888887E-02
   1.7241666666666669E-02 -2.3438888888888888E-02
   1.8133333333333335E-02 -2.3716666666666667E-02
   1.9138888888888886E-02 -2.3883333333333333E-02
   1.9808333333333331E-02 -2.4213888888888889E-02
   2.0533333333333334E-02 -2.4324999999999999E-02
   2.1258333333333334E-02 -2.4380555555555558E-02
   2.2094444444444444E-02 -2.4491666666666669E-02
   2.2597222222222223E-02 -2.4658333333333334E-02
   2.3380555555555557E-02 -2.4877777777777776E-02
   2.4663888888888888E-02 -2.4822222222222221E-02
   2.5388888888888891E-02 -2.4877777777777776E-02
   2.6280555555555557E-02 -2.5099999999999997E-02
   2.7397222222222222E-02 -2.5266666666666666E-02
   2.8288888888888888E-02 -2.5322222222222222E-02
   2.9350000000000001E-02 -2.5433333333333332E-02
   3.0355555555555556E-02 -2.5708333333333333E-02
   3.1080555555555556E-02 -2.5874999999999999E-02
   3.2030555555555555E-02 -2.5930555555555554E-02
   3.2866666666666669E-02 -2.5930555555555554E-02
   3.3647222222222224E-02 -2.6041666666666668E-02
   3.4541666666666665E-02 -2.6041666666666668E-02
   3.5377777777777779E-02 -2.6041666666666668E-02
   3.6102777777777782E-02 -2.6316666666666669E-02
   3.7833333333333337E-02 -2.6483333333333334E-02
   3.9283333333333337E-02 -2.6316666666666669E-02
   4.0122222222222219E-02 -2.6316666666666669E-02
   4.1405555555555557E-02 -2.6538888888888890E-02
   4.2911111111111108E-02 -2.6650000000000000E-02
   4.3916666666666666E-02 -2.6650000000000000E-02
   4.5088888888888887E-02 -2.6927777777777780E-02
   4.6036111111111111E-02 -2.7202777777777777E-02
   4.6594444444444445E-02 -2.7369444444444443E-02
   4.7711111111111114E-02 -2.7702777777777778E-02
   4.8883333333333334E-02 -2.7536111111111108E-02
   4.9386111111111110E-02 -2.7369444444444443E-02
   4.9944444444444444E-02 -2.7369444444444443E-02
   5.1338888888888885E-02 -2.7424999999999998E-02
   5.2511111111111113E-02 -2.7536111111111108E-02
   5.3794444444444443E-02 -2.7702777777777778E-02
   5.4630555555555550E-02 -2.7702777777777778E-02
   5.5747222222222219E-02 -2.7647222222222222E-02
   5.6305555555555560E-02 -2.7977777777777782E-02
   5.6919444444444446E-02 -2.7977777777777782E-02
   5.7866666666666670E-02 -2.7922222222222223E-02
   5.9375000000000004E-02 -2.8144444444444448E-02
   6.0266666666666663E-02 -2.8144444444444448E-02
   6.0825000000000004E-02 -2.8586111111111107E-02
   6.1719444444444438E-02 -2.8697222222222221E-02
   6.2219444444444445E-02 -2.8477777777777775E-02
   6.2833333333333338E-02 -2.8088888888888892E-02
   6.3838888888888889E-02 -2.7977777777777782E-02
   6.4286111111111113E-02 -2.8200000000000003E-02
   6.4899999999999999E-02 -2.8641666666666662E-02
   6.5513888888888885E-02 -2.8974999999999997E-02
   6.6127777777777771E-02 -2.9252777777777777E-02
   6.7074999999999996E-02 -2.9197222222222222E-02
   6.7913888888888885E-02 -2.8863888888888887E-02
   6.8358333333333340E-02 -2.8530555555555552E-02
   6.8972222222222226E-02 -2.8366666666666669E-02
   6.9475000000000009E-02 -2.8863888888888887E-02
   7.0088888888888895E-02 -2.9305555555555553E-02
   7.0702777777777781E-02 -2.9416666666666664E-02
   7.1763888888888891E-02 -2.9361111111111109E-02
   7.2599999999999998E-02 -2.9252777777777777E-02
   7.3325000000000001E-02 -2.9252777777777777E-02
   7.4386111111111111E-02 -2.9416666666666664E-02
   7.5166666666666659E-02 -2.9416666666666664E-02
   7.6005555555555562E-02 -2.9361111111111109E-02
   7.7177777777777776E-02 -2.9361111111111109E-02
   7.8461111111111120E-02 -2.9416666666666664E-02
   7.9297222222222227E-02 -2.9861111111111109E-02
   8.0191666666666661E-02 -2.9805555555555554E-02
   8.0972222222222223E-02 -2.9197222222222222E-02
   8.1641666666666668E-02 -2.9527777777777778E-02
   8.2199999999999995E-02 -2.9805555555555554E-02
   8.2813888888888895E-02 -2.9972222222222220E-02
   8.3483333333333326E-02 -2.9972222222222220E-02
   8.4263888888888888E-02 -2.9805555555555554E-02
   8.5491666666666674E-02 -2.9638888888888888E-02
   8.6386111111111108E-02 -2.9583333333333333E-02
   8.7333333333333332E-02 -2.9583333333333333E-02
   8.7947222222222232E-02 -2.9749999999999999E-02
   8.8783333333333339E-02 -3.0025000000000000E-02
   8.9008333333333328E-02 -3.0025000000000000E-02
   9.0069444444444452E-02 -2.9916666666666664E-02
   9.0569444444444439E-02 -3.0025000000000000E-02
   9.1238888888888897E-02 -3.0302777777777776E-02
   9.2466666666666669E-02 -3.0247222222222220E-02
   9.3194444444444441E-02 -3.0080555555555555E-02
   9.4252777777777783E-02 -3.0302777777777776E-02
   9.4980555555555554E-02 -3.0302777777777776E-02
   9.5705555555555558E-02 -3.0302777777777776E-02
   9.6430555555555547E-02 -3.0855555555555556E-02
   9.6819444444444444E-02 -3.0855555555555556E-02
   9.7491666666666671E-02 -3.0691666666666666E-02
   9.7991666666666657E-02 -3.0413888888888890E-02
   9.8941666666666664E-02 -3.0358333333333334E-02
   9.9555555555555564E-02 -3.0358333333333334E-02
   0.1008388888888889     -3.0580555555555555E-02
   0.1014527777777778     -3.0911111111111111E-02
   0.1025138888888889     -3.0911111111111111E-02
   0.1031833333333333     -3.0636111111111110E-02
   0.1046333333333333     -3.1133333333333332E-02
   0.1046333333333333     -3.1188888888888891E-02
   0.1059722222222222     -3.1244444444444446E-02
   0.1068111111111111     -3.1133333333333332E-02
   0.1075361111111111     -3.1077777777777777E-02
   0.1085972222222222     -3.1022222222222222E-02
   0.1097111111111111     -3.0966666666666667E-02
   0.1107722222222222     -3.0966666666666667E-02
   0.1114416666666667     -3.0966666666666667E-02
   0.1118888888888889     -3.1077777777777777E-02
   0.1132833333333333     -3.1244444444444446E-02
   0.1144000000000000     -3.1411111111111112E-02
   0.1156833333333333     -3.1466666666666671E-02
   0.1165194444444445     -3.1411111111111112E-02
   0.1173583333333333     -3.1519444444444447E-02
   0.1185305555555556     -3.1574999999999999E-02
   0.1200916666666667     -3.1686111111111109E-02
   0.1214305555555556     -3.1686111111111109E-02
   0.1217666666666667     -3.1686111111111109E-02
   0.1228833333333333     -3.1797222222222227E-02
   0.1234416666666667     -3.1797222222222227E-02
   0.1246138888888889     -3.1852777777777778E-02
   0.1257277777777778     -3.2186111111111110E-02
   0.1263416666666667     -3.2294444444444445E-02
   0.1270666666666667     -3.2294444444444445E-02
   0.1286305555555556     -3.2294444444444445E-02
   0.1297472222222222     -3.2238888888888893E-02
   0.1306944444444444     -3.2238888888888893E-02
   0.1320361111111111     -3.2186111111111110E-02
   0.1333194444444444     -3.2238888888888893E-02
   0.1344333333333333     -3.2405555555555556E-02
   0.1356611111111111     -3.2516666666666666E-02
   0.1368333333333333     -3.2516666666666666E-02
   0.1376722222222222     -3.2516666666666666E-02
   0.1390111111111111     -3.2627777777777783E-02
   0.1403500000000000     -3.2627777777777783E-02
   0.1410194444444444     -3.2461111111111114E-02
   0.1419138888888889     -3.2130555555555558E-02
   0.1425833333333333     -3.2074999999999999E-02
   0.1431416666666667     -3.2074999999999999E-02
   0.1447027777777778     -3.2238888888888893E-02
   0.1456527777777778     -3.2627777777777783E-02
   0.1462111111111111     -3.2683333333333335E-02
   0.1469916666666667     -3.2627777777777783E-02
   0.1473805555555555     -3.2572222222222225E-02
   0.1482750000000000     -3.3124999999999995E-02
   0.1487777777777778     -3.3124999999999995E-02
   0.1500611111111111     -3.2961111111111108E-02
   0.1509527777777778     -3.2961111111111108E-02
   0.1520138888888889     -3.2961111111111108E-02
   0.1521250000000000     -3.2961111111111108E-02
   0.1535194444444444     -3.3069444444444450E-02
   0.1543583333333333     -3.3124999999999995E-02
   0.1554166666666666     -3.3124999999999995E-02
   0.1573138888888889     -3.3069444444444450E-02
   0.1584305555555555     -3.2961111111111108E-02
   0.1589888888888889     -3.2905555555555556E-02
   0.1609416666666666     -3.2850000000000004E-02
   0.1628972222222222     -3.2961111111111108E-02
   0.1640111111111111     -3.2961111111111108E-02
   0.1645138888888889     -3.2905555555555556E-02
   0.1652388888888889     -3.3069444444444450E-02
   0.1656305555555556     -3.3291666666666671E-02
   0.1663000000000000     -3.3569444444444443E-02
   0.1677500000000000     -3.4066666666666662E-02
   0.1685888888888889     -3.4177777777777779E-02
   0.1708194444444444     -3.4344444444444441E-02
   0.1719361111111111     -3.4344444444444441E-02
   0.1727750000000000     -3.4122222222222220E-02
   0.1734444444444444     -3.3955555555555551E-02
   0.1740027777777778     -3.3733333333333330E-02
   0.1754527777777778     -3.3458333333333333E-02
   0.1757861111111111     -3.3513888888888885E-02
   0.1767916666666667     -3.3844444444444441E-02
   0.1775722222222222     -3.3844444444444441E-02
   0.1784666666666667     -3.3900000000000000E-02
   0.1798611111111111     -3.4452777777777777E-02
   0.1810888888888889     -3.5394444444444444E-02
   0.1823722222222222     -3.5783333333333334E-02
   0.1839361111111111     -3.5783333333333334E-02
   0.1862777777777778     -3.5450000000000002E-02
   0.1874500000000000     -3.5227777777777775E-02
   0.1886222222222222     -3.4897222222222218E-02
   0.1900166666666667     -3.4619444444444446E-02
   0.1916361111111111     -3.4674999999999997E-02
   0.1926416666666667     -3.4730555555555556E-02
   0.1934222222222222     -3.4508333333333335E-02
   0.1940916666666667     -3.4288888888888890E-02
   0.1949277777777778     -3.4400000000000000E-02
   0.1954305555555556     -3.4563888888888887E-02
   0.1959888888888889     -3.4897222222222218E-02
   0.1968833333333333     -3.4841666666666667E-02
   0.1981111111111111     -3.4619444444444446E-02
   0.1991694444444444     -3.4508333333333335E-02
   0.1996166666666667     -3.4452777777777777E-02
   0.2005666666666667     -3.4508333333333335E-02
   0.2014583333333334     -3.4897222222222218E-02
   0.2020166666666666     -3.5227777777777775E-02
   0.2026861111111111     -3.5227777777777775E-02
   0.2036916666666667     -3.5227777777777775E-02
   0.2050305555555555     -3.5227777777777775E-02
   0.2058666666666667     -3.5227777777777775E-02
   0.2067611111111111     -3.5227777777777775E-02
   0.2070388888888889     -3.5227777777777775E-02
   0.2082666666666667     -3.5338888888888892E-02
   0.2092722222222222     -3.5450000000000002E-02
   0.2101638888888889     -3.5505555555555554E-02
   0.2116138888888889     -3.5616666666666665E-02
   0.2129555555555556     -3.5672222222222223E-02
   0.2138472222222222     -3.5672222222222223E-02
   0.2154666666666667     -3.5672222222222223E-02
   0.2167500000000000     -3.5672222222222223E-02
   0.2184222222222222     -3.5783333333333334E-02
   0.2195944444444445     -3.5727777777777775E-02
   0.2207666666666667     -3.5616666666666665E-02
   0.2220500000000000     -3.5672222222222223E-02
   0.2233333333333333     -3.5727777777777775E-02
   0.2247305555555555     -3.5783333333333334E-02
   0.2261805555555556     -3.5894444444444444E-02
   0.2278000000000000     -3.5894444444444444E-02
   0.2291388888888889     -3.6169444444444449E-02
   0.2312027777777778     -3.6447222222222221E-02
   0.2326555555555556     -3.6558333333333332E-02
   0.2339944444444444     -3.6669444444444449E-02
   0.2356111111111111     -3.6777777777777777E-02
   0.2369527777777778     -3.6722222222222226E-02
   0.2387361111111111     -3.6833333333333336E-02
   0.2395194444444445     -3.6833333333333336E-02
   0.2407472222222222     -3.6833333333333336E-02
   0.2419750000000000     -3.6833333333333336E-02
   0.2432583333333334     -3.7000000000000005E-02
   0.2453222222222222     -3.7277777777777778E-02
   0.2470527777777778     -3.7000000000000005E-02
   0.2482805555555556     -3.6613888888888890E-02
   0.2492277777777778     -3.6113888888888890E-02
