   5.3499999999999997E-03  8.2583333333333328E-03
   4.9027777777777776E-03  7.9805555555555550E-03
   4.3444444444444450E-03  7.5361111111111106E-03
   4.0111111111111111E-03  7.2055555555555562E-03
   3.5638888888888890E-03  6.9277777777777784E-03
   3.2305555555555555E-03  6.8166666666666671E-03
   2.8416666666666668E-03  6.6499999999999997E-03
   2.6166666666666669E-03  6.3166666666666666E-03
   2.2277777777777777E-03  5.7638888888888887E-03
   1.8361111111111113E-03  5.0972222222222217E-03
   1.5027777777777778E-03  4.4888888888888886E-03
   1.2222222222222222E-03  3.8249999999999998E-03
   9.4444444444444448E-04  3.5472222222222224E-03
   6.6666666666666664E-04  3.3249999999999998E-03
   2.1944444444444447E-04  2.9361111111111111E-03
  -1.1388888888888890E-04  2.6055555555555554E-03
  -4.4999999999999999E-04  2.3833333333333332E-03
  -9.5000000000000000E-04  2.2166666666666667E-03
  -1.5083333333333333E-03  2.0500000000000002E-03
  -2.1222222222222220E-03  1.8277777777777778E-03
  -2.6777777777777776E-03  1.6611111111111110E-03
  -3.3472222222222219E-03  1.4416666666666666E-03
  -3.9055555555555558E-03  1.2194444444444444E-03
  -4.5750000000000001E-03  8.3055555555555552E-04
  -5.0749999999999997E-03  5.0000000000000001E-04
  -6.1361111111111113E-03 -2.7777777777777778E-04
  -6.5805555555555556E-03 -6.6388888888888888E-04
  -6.9166666666666664E-03 -1.1638888888888888E-03
  -7.0833333333333338E-03 -1.6638888888888890E-03
  -6.9166666666666664E-03 -2.2166666666666667E-03
  -6.6361111111111109E-03 -2.7722222222222224E-03
  -6.3027777777777778E-03 -3.2138888888888890E-03
  -6.2472222222222217E-03 -3.9888888888888890E-03
  -6.1916666666666665E-03 -4.5999999999999999E-03
  -6.0250000000000000E-03 -5.7083333333333326E-03
  -5.9111111111111109E-03 -6.2611111111111105E-03
  -5.7444444444444444E-03 -6.7611111111111110E-03
  -5.5777777777777779E-03 -7.4805555555555554E-03
  -5.4666666666666665E-03 -8.5888888888888890E-03
  -5.3555555555555552E-03 -9.5305555555555560E-03
  -5.1888888888888887E-03 -1.0308333333333333E-02
  -5.0749999999999997E-03 -1.1194444444444444E-02
  -4.5750000000000001E-03 -1.2080555555555556E-02
  -4.2388888888888893E-03 -1.2691666666666665E-02
  -3.6833333333333332E-03 -1.3466666666666667E-02
  -3.1250000000000002E-03 -1.4186111111111113E-02
  -2.3444444444444446E-03 -1.4963888888888888E-02
  -2.1222222222222220E-03 -1.5127777777777776E-02
  -1.3972222222222222E-03 -1.5738888888888889E-02
  -2.2499999999999999E-04 -1.6569444444444446E-02
   1.0000000000000000E-03 -1.7511111111111109E-02
   2.4499999999999999E-03 -1.8177777777777779E-02
   3.7888888888888885E-03 -1.8675000000000001E-02
   5.4055555555555558E-03 -1.9286111111111112E-02
   6.7416666666666666E-03 -1.9894444444444444E-02
   7.4666666666666666E-03 -2.0172222222222220E-02
   8.9166666666666665E-03 -2.0669444444444445E-02
   1.0366666666666666E-02 -2.1002777777777776E-02
   1.1536111111111112E-02 -2.1280555555555556E-02
   1.3322222222222223E-02 -2.1888888888888888E-02
   1.4158333333333335E-02 -2.2111111111111113E-02
   1.5105555555555554E-02 -2.2333333333333334E-02
   1.6108333333333332E-02 -2.2555555555555558E-02
   1.6888888888888887E-02 -2.2722222222222220E-02
   1.7447222222222222E-02 -2.2997222222222221E-02
   1.8005555555555556E-02 -2.3219444444444445E-02
   1.8394444444444446E-02 -2.3219444444444445E-02
   1.9063888888888891E-02 -2.2997222222222221E-02
   1.9733333333333335E-02 -2.2941666666666666E-02
   2.0011111111111111E-02 -2.3108333333333331E-02
   2.0513888888888891E-02 -2.3330555555555556E-02
   2.1627777777777777E-02 -2.3441666666666666E-02
   2.2241666666666667E-02 -2.3663888888888887E-02
   2.2855555555555556E-02 -2.3994444444444443E-02
   2.3636111111111111E-02 -2.4383333333333333E-02
   2.4136111111111112E-02 -2.4327777777777778E-02
   2.4861111111111112E-02 -2.4161111111111112E-02
   2.5752777777777777E-02 -2.4105555555555557E-02
   2.6422222222222222E-02 -2.4438888888888888E-02
   2.6980555555555556E-02 -2.4661111111111113E-02
   2.7483333333333332E-02 -2.4716666666666668E-02
   2.7927777777777781E-02 -2.4716666666666668E-02
   2.8541666666666670E-02 -2.4550000000000002E-02
   2.8986111111111115E-02 -2.4661111111111113E-02
   2.9433333333333336E-02 -2.4938888888888889E-02
   3.0158333333333336E-02 -2.5213888888888886E-02
   3.0772222222222225E-02 -2.5158333333333331E-02
   3.1552777777777777E-02 -2.4994444444444444E-02
   3.2388888888888884E-02 -2.4994444444444444E-02
   3.3113888888888887E-02 -2.5047222222222221E-02
   3.3894444444444442E-02 -2.5269444444444442E-02
   3.4394444444444443E-02 -2.5491666666666666E-02
   3.5622222222222222E-02 -2.5491666666666666E-02
   3.6847222222222226E-02 -2.5547222222222221E-02
   3.7797222222222225E-02 -2.5602777777777776E-02
   3.9077777777777781E-02 -2.5769444444444442E-02
   3.9913888888888888E-02 -2.5825000000000001E-02
   4.0694444444444450E-02 -2.5880555555555556E-02
   4.1363888888888894E-02 -2.5991666666666666E-02
   4.2366666666666664E-02 -2.6102777777777777E-02
   4.3483333333333332E-02 -2.6155555555555557E-02
   4.4597222222222226E-02 -2.6266666666666667E-02
   4.5433333333333339E-02 -2.6377777777777778E-02
   4.5880555555555556E-02 -2.6488888888888888E-02
   4.7830555555555557E-02 -2.6711111111111113E-02
   4.9058333333333336E-02 -2.6711111111111113E-02
   5.2569444444444446E-02 -2.6877777777777778E-02
   5.4019444444444446E-02 -2.7099999999999999E-02
   5.5636111111111108E-02 -2.7211111111111113E-02
   5.7308333333333329E-02 -2.7263888888888890E-02
   5.8758333333333329E-02 -2.7375000000000000E-02
   5.9372222222222222E-02 -2.7541666666666669E-02
   6.0708333333333336E-02 -2.7819444444444445E-02
   6.1266666666666664E-02 -2.7875000000000000E-02
   6.2772222222222215E-02 -2.8263888888888890E-02
   6.4333333333333326E-02 -2.8594444444444447E-02
   6.5894444444444436E-02 -2.8705555555555557E-02
   6.6563888888888895E-02 -2.8427777777777781E-02
   6.7566666666666664E-02 -2.7875000000000000E-02
   6.8291666666666667E-02 -2.7986111111111114E-02
   6.9072222222222229E-02 -2.8319444444444446E-02
   6.9963888888888881E-02 -2.8319444444444446E-02
   7.1022222222222223E-02 -2.8097222222222225E-02
   7.2416666666666671E-02 -2.8263888888888890E-02
   7.3811111111111105E-02 -2.8594444444444447E-02
   7.4702777777777785E-02 -2.8594444444444447E-02
   7.5483333333333333E-02 -2.8650000000000002E-02
   7.7266666666666664E-02 -2.8816666666666671E-02
   7.8383333333333333E-02 -2.8927777777777781E-02
   7.9833333333333339E-02 -2.9094444444444447E-02
   8.0947222222222226E-02 -2.9149999999999995E-02
   8.2563888888888895E-02 -2.9316666666666664E-02
   8.4458333333333344E-02 -2.9427777777777775E-02
   8.6355555555555560E-02 -2.9591666666666665E-02
   8.7749999999999995E-02 -2.9702777777777776E-02
   8.9141666666666661E-02 -2.9813888888888886E-02
   9.0147222222222212E-02 -2.9869444444444442E-02
   9.0591666666666668E-02 -2.9869444444444442E-02
   9.2097222222222219E-02 -2.9813888888888886E-02
   9.3436111111111109E-02 -2.9813888888888886E-02
   9.4661111111111113E-02 -2.9813888888888886E-02
   9.6111111111111105E-02 -2.9869444444444442E-02
   9.7950000000000009E-02 -3.0036111111111111E-02
   9.9344444444444444E-02 -3.0147222222222221E-02
   0.1010166666666667     -3.0258333333333332E-02
   0.1028000000000000     -3.0258333333333332E-02
   0.1034694444444444     -3.0313888888888887E-02
   0.1050305555555556     -3.0480555555555552E-02
   0.1063138888888889     -3.0644444444444443E-02
   0.1070388888888889     -3.0699999999999998E-02
   0.1083194444444444     -3.0811111111111109E-02
   0.1097138888888889     -3.0922222222222222E-02
   0.1103277777777778     -3.0811111111111109E-02
   0.1113861111111111     -3.0699999999999998E-02
   0.1122222222222222     -3.0755555555555553E-02
   0.1132833333333333     -3.0811111111111109E-02
   0.1147888888888889     -3.0644444444444443E-02
   0.1156805555555556     -3.0644444444444443E-02
   0.1170166666666667     -3.0866666666666667E-02
   0.1177972222222222     -3.0922222222222222E-02
   0.1191916666666667     -3.1255555555555557E-02
   0.1199722222222222     -3.1255555555555557E-02
   0.1209194444444445     -3.1199999999999999E-02
   0.1218694444444444     -3.0977777777777778E-02
   0.1230944444444445     -3.0977777777777778E-02
   0.1238194444444444     -3.1088888888888888E-02
   0.1248777777777778     -3.1199999999999999E-02
   0.1255472222222222     -3.1199999999999999E-02
   0.1261611111111111     -3.1422222222222219E-02
   0.1268861111111111     -3.1644444444444447E-02
   0.1278333333333334     -3.1697222222222224E-02
   0.1285027777777778     -3.1644444444444447E-02
   0.1300083333333333     -3.1588888888888889E-02
   0.1310666666666667     -3.1588888888888889E-02
   0.1319583333333333     -3.1752777777777776E-02
   0.1327944444444444     -3.1808333333333334E-02
   0.1336861111111111     -3.1919444444444445E-02
   0.1350250000000000     -3.1975000000000003E-02
   0.1366416666666667     -3.2086111111111114E-02
   0.1378138888888889     -3.2086111111111114E-02
   0.1389833333333333     -3.1975000000000003E-02
   0.1398750000000000     -3.1863888888888886E-02
   0.1411583333333333     -3.1863888888888886E-02
   0.1424388888888889     -3.2030555555555555E-02
   0.1436666666666667     -3.2197222222222224E-02
   0.1447805555555556     -3.2197222222222224E-02
   0.1461194444444444     -3.2252777777777776E-02
   0.1475138888888889     -3.2419444444444445E-02
   0.1494083333333333     -3.2475000000000004E-02
   0.1507472222222222     -3.2586111111111114E-02
   0.1517500000000000     -3.2586111111111114E-02
   0.1527527777777778     -3.2641666666666666E-02
   0.1544277777777778     -3.2805555555555560E-02
   0.1562666666666667     -3.2861111111111112E-02
   0.1579944444444444     -3.2861111111111112E-02
   0.1589972222222222     -3.2861111111111112E-02
   0.1596111111111111     -3.2916666666666670E-02
   0.1613388888888889     -3.3027777777777781E-02
   0.1627333333333333     -3.3138888888888891E-02
   0.1644611111111111     -3.3138888888888891E-02
   0.1656333333333333     -3.3027777777777781E-02
   0.1665805555555556     -3.2972222222222222E-02
   0.1674722222222222     -3.3138888888888891E-02
   0.1685861111111111     -3.3250000000000002E-02
   0.1696472222222222     -3.3361111111111112E-02
   0.1715416666666666     -3.3416666666666671E-02
   0.1726000000000000     -3.3361111111111112E-02
   0.1734944444444445     -3.3305555555555560E-02
   0.1741055555555556     -3.3527777777777781E-02
   0.1747194444444445     -3.3638888888888892E-02
   0.1752777777777778     -3.3638888888888892E-02
   0.1765027777777778     -3.3969444444444448E-02
   0.1771722222222222     -3.4191666666666669E-02
   0.1789000000000000     -3.3861111111111113E-02
   0.1792916666666667     -3.3583333333333333E-02
   0.1802388888888889     -3.3416666666666671E-02
   0.1809638888888889     -3.3472222222222223E-02
   0.1822472222222222     -3.3527777777777781E-02
   0.1829138888888889     -3.4080555555555558E-02
   0.1835277777777778     -3.4191666666666669E-02
   0.1841972222222222     -3.4136111111111110E-02
   0.1854250000000000     -3.4136111111111110E-02
   0.1864277777777778     -3.4358333333333331E-02
   0.1875416666666667     -3.4413888888888890E-02
   0.1892138888888889     -3.4691666666666662E-02
   0.1897722222222222     -3.4691666666666662E-02
   0.1906083333333334     -3.4525000000000000E-02
   0.1916111111111111     -3.4469444444444441E-02
   0.1923916666666667     -3.4802777777777773E-02
   0.1931166666666667     -3.4358333333333331E-02
   0.1943444444444444     -3.4802777777777773E-02
   0.1949583333333333     -3.4802777777777773E-02
   0.1956250000000000     -3.4802777777777773E-02
   0.1971861111111111     -3.4913888888888883E-02
   0.1986361111111111     -3.4969444444444449E-02
   0.1991944444444445     -3.4858333333333338E-02
   0.2004194444444444     -3.4469444444444441E-02
   0.2012000000000000     -3.4525000000000000E-02
   0.2021500000000000     -3.4580555555555552E-02
   0.2031527777777778     -3.4636111111111118E-02
   0.2046583333333333     -3.4802777777777773E-02
   0.2061638888888889     -3.4802777777777773E-02
   0.2070000000000000     -3.4747222222222228E-02
   0.2077250000000000     -3.4525000000000000E-02
   0.2090611111111111     -3.4469444444444441E-02
   0.2101777777777778     -3.4580555555555552E-02
   0.2107333333333333     -3.4691666666666662E-02
   0.2119055555555556     -3.5133333333333329E-02
   0.2133000000000000     -3.5244444444444439E-02
   0.2143027777777778     -3.5133333333333329E-02
   0.2149722222222222     -3.5077777777777777E-02
   0.2156972222222222     -3.5077777777777777E-02
   0.2163083333333333     -3.5077777777777777E-02
   0.2173138888888889     -3.5244444444444439E-02
   0.2184277777777778     -3.5522222222222219E-02
   0.2192638888888889     -3.5577777777777778E-02
   0.2202111111111111     -3.5411111111111108E-02
   0.2209361111111111     -3.5299999999999998E-02
   0.2221638888888889     -3.5188888888888888E-02
   0.2230555555555555     -3.5244444444444439E-02
   0.2243944444444445     -3.5355555555555557E-02
   0.2258416666666667     -3.5577777777777778E-02
   0.2262333333333333     -3.5633333333333329E-02
   0.2271805555555556     -3.5688888888888888E-02
   0.2285750000000000     -3.5688888888888888E-02
   0.2292444444444445     -3.5522222222222219E-02
   0.2300805555555555     -3.5522222222222219E-02
   0.2304138888888889     -3.5522222222222219E-02
   0.2309166666666667     -3.5522222222222219E-02
   0.2323666666666667     -3.5522222222222219E-02
   0.2336472222222222     -3.5577777777777778E-02
   0.2349861111111111     -3.5744444444444440E-02
   0.2357111111111111     -3.5966666666666668E-02
   0.2366027777777778     -3.6297222222222224E-02
   0.2375500000000000     -3.6519444444444445E-02
   0.2387222222222222     -3.6519444444444445E-02
   0.2401138888888889     -3.6241666666666665E-02
   0.2407833333333333     -3.6241666666666665E-02
   0.2419555555555556     -3.6352777777777776E-02
   0.2431250000000000     -3.7074999999999997E-02
   0.2441305555555556     -3.7019444444444445E-02
   0.2448527777777778     -3.6797222222222224E-02
   0.2454666666666667     -3.6686111111111114E-02
   0.2467500000000000     -3.6630555555555555E-02
   0.2481444444444444     -3.7074999999999997E-02
   0.2494805555555555     -3.7683333333333333E-02
   0.2508194444444445     -3.7905555555555553E-02
