   2.0555555555555553E-03  6.5277777777777773E-03
   1.6388888888888887E-03  6.2777777777777780E-03
   1.2500000000000000E-03  6.0277777777777777E-03
   7.2222222222222219E-04  5.6944444444444438E-03
   5.0000000000000001E-04  5.3888888888888892E-03
   3.8888888888888892E-04  4.8055555555555551E-03
   3.3333333333333332E-04  4.4444444444444444E-03
   3.0555555555555555E-04  4.1666666666666666E-03
  -3.0555555555555555E-04  4.1388888888888890E-03
  -8.8888888888888893E-04  4.1388888888888890E-03
  -1.7222222222222222E-03  4.1666666666666666E-03
  -2.4444444444444444E-03  4.3888888888888892E-03
  -3.3611111111111112E-03  4.4166666666666668E-03
  -4.2777777777777779E-03  4.4166666666666668E-03
  -4.9166666666666664E-03  4.3333333333333331E-03
  -5.6666666666666662E-03  4.0555555555555553E-03
  -6.3333333333333332E-03  3.9166666666666664E-03
  -7.2222222222222228E-03  3.6944444444444446E-03
  -7.9444444444444432E-03  3.3888888888888888E-03
  -8.7777777777777784E-03  3.3055555555555555E-03
  -9.6944444444444430E-03  2.9722222222222220E-03
  -1.0777777777777778E-02  2.5277777777777777E-03
  -1.1250000000000001E-02  2.0833333333333333E-03
  -1.1777777777777778E-02  1.4722222222222222E-03
  -1.2388888888888889E-02  1.0000000000000000E-03
  -1.2833333333333334E-02  7.5000000000000002E-04
  -1.3361111111111110E-02  4.4444444444444447E-04
  -1.3916666666666667E-02  4.1666666666666664E-04
  -1.4222222222222223E-02  4.1666666666666664E-04
  -1.4861111111111111E-02  2.2222222222222223E-04
  -1.5805555555555555E-02  5.5555555555555558E-05
  -1.6638888888888887E-02 -5.5555555555555558E-05
  -1.7388888888888888E-02 -1.3888888888888889E-04
  -1.8000000000000002E-02 -1.9444444444444446E-04
  -1.8527777777777778E-02 -4.4444444444444447E-04
  -1.9333333333333331E-02 -8.0555555555555556E-04
  -1.9861111111111111E-02 -1.0555555555555555E-03
  -2.0638888888888887E-02 -1.2777777777777779E-03
  -2.1305555555555557E-02 -1.4722222222222222E-03
  -2.2027777777777778E-02 -1.6944444444444444E-03
  -2.2777777777777775E-02 -2.0833333333333333E-03
  -2.3305555555555555E-02 -2.4166666666666664E-03
  -2.3833333333333331E-02 -2.6944444444444446E-03
  -2.4444444444444446E-02 -3.0277777777777777E-03
  -2.4972222222222222E-02 -3.2777777777777775E-03
  -2.5527777777777778E-02 -3.6111111111111114E-03
  -2.6194444444444444E-02 -3.8888888888888892E-03
  -2.6916666666666665E-02 -4.1944444444444442E-03
  -2.7500000000000000E-02 -4.3888888888888892E-03
  -2.7777777777777776E-02 -4.5555555555555557E-03
  -2.7888888888888890E-02 -5.4722222222222221E-03
  -2.7888888888888890E-02 -6.1111111111111114E-03
  -2.7888888888888890E-02 -6.6944444444444438E-03
  -2.7527777777777776E-02 -7.3888888888888893E-03
  -2.7194444444444445E-02 -7.8888888888888880E-03
  -2.6833333333333334E-02 -8.3333333333333332E-03
  -2.6361111111111109E-02 -8.8611111111111113E-03
  -2.5944444444444447E-02 -9.4166666666666669E-03
  -2.5222222222222222E-02 -1.0222222222222223E-02
  -2.4750000000000001E-02 -1.0916666666666667E-02
  -2.4222222222222221E-02 -1.1750000000000000E-02
  -2.3833333333333331E-02 -1.2444444444444445E-02
  -2.3250000000000000E-02 -1.3638888888888888E-02
  -2.2861111111111110E-02 -1.4388888888888889E-02
  -2.2500000000000003E-02 -1.5027777777777779E-02
  -2.2166666666666668E-02 -1.5916666666666666E-02
  -2.2055555555555557E-02 -1.6416666666666666E-02
  -2.2000000000000002E-02 -1.7111111111111112E-02
  -2.1972222222222223E-02 -1.7805555555555557E-02
  -2.1972222222222223E-02 -1.8388888888888889E-02
  -2.1972222222222223E-02 -1.8916666666666668E-02
  -2.1972222222222223E-02 -1.9500000000000000E-02
  -2.1888888888888888E-02 -2.0277777777777777E-02
  -2.1555555555555557E-02 -2.0750000000000001E-02
  -2.0944444444444446E-02 -2.1305555555555557E-02
  -2.0055555555555556E-02 -2.1750000000000002E-02
  -1.8888888888888889E-02 -2.2250000000000002E-02
  -1.7611111111111112E-02 -2.2805555555555555E-02
  -1.6361111111111111E-02 -2.3166666666666665E-02
  -1.5638888888888886E-02 -2.3500000000000000E-02
  -1.5027777777777779E-02 -2.3666666666666666E-02
  -1.3777777777777778E-02 -2.4055555555555556E-02
  -1.2916666666666667E-02 -2.4305555555555556E-02
  -1.1666666666666665E-02 -2.4722222222222222E-02
  -1.0583333333333333E-02 -2.4972222222222222E-02
  -9.6944444444444430E-03 -2.5000000000000001E-02
  -8.8888888888888889E-03 -2.4972222222222222E-02
  -8.1944444444444434E-03 -2.5194444444444446E-02
  -7.7777777777777784E-03 -2.5500000000000002E-02
  -6.8611111111111112E-03 -2.5666666666666667E-02
  -5.9166666666666664E-03 -2.5722222222222223E-02
  -5.3333333333333332E-03 -2.5750000000000002E-02
  -4.9166666666666664E-03 -2.5805555555555557E-02
  -4.2222222222222218E-03 -2.6249999999999999E-02
  -3.3611111111111112E-03 -2.6777777777777775E-02
  -2.3055555555555555E-03 -2.7000000000000000E-02
  -1.4444444444444444E-03 -2.7055555555555555E-02
  -9.7222222222222230E-04 -2.7277777777777776E-02
  -1.6666666666666666E-04 -2.7305555555555555E-02
   6.1111111111111110E-04 -2.7416666666666666E-02
   1.3333333333333333E-03 -2.7638888888888890E-02
   2.2500000000000003E-03 -2.7916666666666663E-02
   2.9444444444444444E-03 -2.8111111111111111E-02
   3.5000000000000001E-03 -2.8249999999999997E-02
   3.9722222222222216E-03 -2.8444444444444446E-02
   4.6388888888888894E-03 -2.9027777777777777E-02
   5.5000000000000005E-03 -2.9500000000000002E-02
   6.3055555555555556E-03 -2.9805555555555554E-02
   7.2500000000000004E-03 -3.0222222222222223E-02
   7.9444444444444432E-03 -3.0694444444444444E-02
   8.7777777777777784E-03 -3.0972222222222220E-02
   9.8333333333333328E-03 -3.1277777777777772E-02
   1.0722222222222223E-02 -3.1305555555555559E-02
   1.1444444444444445E-02 -3.1111111111111114E-02
   1.2638888888888889E-02 -3.0722222222222224E-02
   1.3305555555555555E-02 -3.0500000000000003E-02
   1.4083333333333333E-02 -3.0222222222222223E-02
   1.3916666666666667E-02 -3.0527777777777779E-02
   1.3861111111111111E-02 -3.0833333333333338E-02
   1.4194444444444445E-02 -3.1388888888888883E-02
   1.4944444444444446E-02 -3.1833333333333332E-02
   1.5527777777777779E-02 -3.2222222222222222E-02
   1.6194444444444442E-02 -3.2527777777777780E-02
   1.6916666666666667E-02 -3.2611111111111112E-02
   1.7861111111111112E-02 -3.2638888888888891E-02
   1.8527777777777778E-02 -3.2388888888888884E-02
   1.9055555555555558E-02 -3.2138888888888890E-02
   1.9944444444444445E-02 -3.1861111111111111E-02
   2.0555555555555556E-02 -3.1638888888888890E-02
   2.1111111111111112E-02 -3.1222222222222224E-02
   2.1694444444444447E-02 -3.0805555555555555E-02
   2.2416666666666668E-02 -3.0416666666666665E-02
   2.2944444444444444E-02 -2.9805555555555554E-02
   2.3583333333333331E-02 -2.9388888888888891E-02
   2.4277777777777777E-02 -2.8972222222222219E-02
   2.5000000000000001E-02 -2.9166666666666667E-02
   2.5888888888888892E-02 -2.9166666666666667E-02
   2.6749999999999999E-02 -2.9166666666666667E-02
   2.7638888888888890E-02 -2.8861111111111108E-02
   2.8388888888888891E-02 -2.8611111111111111E-02
   2.8749999999999998E-02 -2.9361111111111109E-02
   2.9388888888888891E-02 -2.9666666666666668E-02
   3.0361111111111110E-02 -3.0027777777777778E-02
   3.1527777777777780E-02 -3.0166666666666668E-02
   3.2333333333333332E-02 -3.0166666666666668E-02
   3.3055555555555553E-02 -3.0166666666666668E-02
   3.3555555555555554E-02 -3.0166666666666668E-02
   3.4305555555555554E-02 -3.0361111111111110E-02
   3.5027777777777783E-02 -3.0416666666666665E-02
   3.5666666666666666E-02 -3.0194444444444444E-02
   3.6361111111111108E-02 -3.0222222222222223E-02
   3.7222222222222226E-02 -3.0694444444444444E-02
   3.7916666666666668E-02 -3.1222222222222224E-02
   3.8583333333333331E-02 -3.1472222222222221E-02
   3.9388888888888890E-02 -3.1638888888888890E-02
   3.9888888888888890E-02 -3.1527777777777780E-02
   4.0500000000000001E-02 -3.1333333333333338E-02
   4.1305555555555561E-02 -3.1166666666666662E-02
   4.2277777777777775E-02 -3.1138888888888890E-02
   4.3194444444444452E-02 -3.1166666666666662E-02
   4.4000000000000004E-02 -3.1333333333333338E-02
   4.4805555555555557E-02 -3.1583333333333331E-02
   4.5749999999999999E-02 -3.1666666666666669E-02
   4.6861111111111110E-02 -3.1472222222222221E-02
   4.7611111111111111E-02 -3.1388888888888883E-02
   4.8749999999999995E-02 -3.1444444444444448E-02
   4.9583333333333340E-02 -3.1638888888888890E-02
   5.0527777777777776E-02 -3.1916666666666670E-02
   5.1249999999999997E-02 -3.2166666666666663E-02
   5.1583333333333335E-02 -3.2416666666666670E-02
   5.1944444444444446E-02 -3.2722222222222222E-02
   5.2194444444444446E-02 -3.2944444444444443E-02
   5.3166666666666668E-02 -3.3194444444444443E-02
   5.4138888888888882E-02 -3.3361111111111112E-02
   5.4916666666666662E-02 -3.3555555555555554E-02
   5.5166666666666669E-02 -3.3861111111111113E-02
   5.5555555555555552E-02 -3.4111111111111113E-02
   5.5916666666666663E-02 -3.4500000000000003E-02
   5.6444444444444443E-02 -3.4861111111111107E-02
   5.7138888888888885E-02 -3.5055555555555555E-02
   5.7916666666666665E-02 -3.5000000000000003E-02
   5.8638888888888893E-02 -3.4972222222222217E-02
   5.9138888888888887E-02 -3.4972222222222217E-02
   5.9416666666666673E-02 -3.4388888888888886E-02
   6.0166666666666667E-02 -3.3833333333333333E-02
   6.0944444444444440E-02 -3.3416666666666671E-02
   6.1416666666666661E-02 -3.3166666666666664E-02
   6.2333333333333324E-02 -3.3055555555555553E-02
   6.3444444444444442E-02 -3.2972222222222222E-02
   6.4472222222222222E-02 -3.2944444444444443E-02
   6.5361111111111106E-02 -3.2944444444444443E-02
   6.5611111111111120E-02 -3.3361111111111112E-02
   6.5805555555555548E-02 -3.3750000000000002E-02
   6.6138888888888900E-02 -3.4250000000000003E-02
   6.6694444444444445E-02 -3.4861111111111107E-02
   6.7166666666666666E-02 -3.5250000000000004E-02
   6.7777777777777770E-02 -3.5555555555555556E-02
   6.8416666666666667E-02 -3.5861111111111107E-02
   6.8805555555555550E-02 -3.6000000000000004E-02
   6.9222222222222227E-02 -3.6166666666666666E-02
   7.0111111111111110E-02 -3.6000000000000004E-02
   7.1027777777777773E-02 -3.5694444444444445E-02
   7.1694444444444450E-02 -3.5250000000000004E-02
   7.3083333333333333E-02 -3.4777777777777776E-02
   7.3583333333333334E-02 -3.4250000000000003E-02
   7.4333333333333335E-02 -3.3833333333333333E-02
   7.4916666666666673E-02 -3.3500000000000002E-02
   7.5666666666666674E-02 -3.3638888888888892E-02
   7.6499999999999999E-02 -3.3888888888888885E-02
   7.7277777777777779E-02 -3.4055555555555554E-02
   7.7916666666666676E-02 -3.4027777777777782E-02
   7.8527777777777780E-02 -3.3833333333333333E-02
   7.9444444444444443E-02 -3.3861111111111113E-02
   8.0194444444444443E-02 -3.3972222222222223E-02
   8.1111111111111106E-02 -3.3944444444444444E-02
   8.2000000000000003E-02 -3.3888888888888885E-02
   8.2583333333333328E-02 -3.3666666666666664E-02
   8.3222222222222225E-02 -3.3305555555555560E-02
   8.3805555555555550E-02 -3.3138888888888891E-02
   8.4472222222222226E-02 -3.3111111111111112E-02
   8.5277777777777772E-02 -3.3333333333333333E-02
   8.5750000000000007E-02 -3.3666666666666664E-02
   8.6277777777777773E-02 -3.4055555555555554E-02
   8.6916666666666670E-02 -3.4361111111111113E-02
   8.8138888888888892E-02 -3.4611111111111113E-02
   8.8638888888888878E-02 -3.4694444444444444E-02
   8.9055555555555554E-02 -3.4833333333333334E-02
   8.9388888888888893E-02 -3.5083333333333327E-02
   8.9749999999999996E-02 -3.5444444444444445E-02
   9.0138888888888893E-02 -3.5749999999999997E-02
   9.0694444444444453E-02 -3.5833333333333335E-02
   9.0888888888888894E-02 -3.5694444444444445E-02
   9.1916666666666674E-02 -3.5277777777777776E-02
   9.2416666666666661E-02 -3.4972222222222217E-02
   9.2666666666666661E-02 -3.4638888888888886E-02
   9.2694444444444454E-02 -3.4416666666666665E-02
   9.3361111111111103E-02 -3.4138888888888892E-02
   9.4194444444444442E-02 -3.3916666666666671E-02
   9.5000000000000001E-02 -3.3638888888888892E-02
   9.5416666666666664E-02 -3.3500000000000002E-02
   9.6250000000000002E-02 -3.3333333333333333E-02
   9.7083333333333341E-02 -3.3138888888888891E-02
   9.8222222222222225E-02 -3.2805555555555560E-02
   9.8638888888888887E-02 -3.2750000000000001E-02
   9.9361111111111108E-02 -3.2833333333333332E-02
   0.1001944444444444     -3.2972222222222222E-02
   0.1006666666666667     -3.2972222222222222E-02
   0.1013611111111111     -3.2861111111111112E-02
   0.1023888888888889     -3.2805555555555560E-02
   0.1031111111111111     -3.2416666666666670E-02
   0.1035833333333333     -3.2000000000000001E-02
   0.1040555555555556     -3.1916666666666670E-02
   0.1050277777777778     -3.1777777777777773E-02
   0.1057777777777778     -3.1916666666666670E-02
   0.1063888888888889     -3.2111111111111111E-02
   0.1071388888888889     -3.2194444444444442E-02
   0.1078611111111111     -3.2583333333333332E-02
   0.1087500000000000     -3.3000000000000002E-02
   0.1092777777777778     -3.3416666666666671E-02
   0.1095555555555556     -3.3750000000000002E-02
   0.1098055555555555     -3.4000000000000002E-02
   0.1104722222222222     -3.4194444444444444E-02
   0.1110277777777778     -3.4388888888888886E-02
   0.1118611111111111     -3.5055555555555555E-02
   0.1120833333333333     -3.5333333333333335E-02
   0.1123888888888889     -3.5527777777777776E-02
   0.1126944444444445     -3.5777777777777776E-02
   0.1129166666666667     -3.5972222222222218E-02
   0.1145555555555555     -3.5833333333333335E-02
   0.1150000000000000     -3.6277777777777777E-02
   0.1158888888888889     -3.6027777777777777E-02
   0.1165833333333333     -3.5638888888888887E-02
   0.1174722222222222     -3.5166666666666666E-02
   0.1182222222222222     -3.4777777777777776E-02
   0.1188611111111111     -3.4138888888888892E-02
   0.1196944444444445     -3.3611111111111112E-02
   0.1202500000000000     -3.2972222222222222E-02
   0.1212222222222222     -3.2638888888888891E-02
   0.1224166666666667     -3.2444444444444442E-02
   0.1236388888888889     -3.2472222222222222E-02
   0.1246388888888889     -3.2666666666666663E-02
   0.1256666666666667     -3.2805555555555560E-02
   0.1265555555555556     -3.2722222222222222E-02
   0.1270555555555556     -3.2444444444444442E-02
   0.1276666666666667     -3.2222222222222222E-02
   0.1284722222222222     -3.2222222222222222E-02
   0.1288611111111111     -3.2333333333333332E-02
   0.1294722222222222     -3.2750000000000001E-02
   0.1305000000000000     -3.3250000000000002E-02
   0.1310833333333333     -3.3500000000000002E-02
   0.1316111111111111     -3.4194444444444444E-02
   0.1320000000000000     -3.4472222222222224E-02
   0.1326111111111111     -3.4500000000000003E-02
   0.1333333333333333     -3.4277777777777775E-02
   0.1339166666666667     -3.3805555555555561E-02
   0.1344722222222222     -3.3388888888888885E-02
   0.1348333333333333     -3.3333333333333333E-02
   0.1352222222222222     -3.4111111111111113E-02
   0.1358055555555556     -3.4444444444444444E-02
   0.1361944444444445     -3.4944444444444445E-02
   0.1365555555555556     -3.5333333333333335E-02
   0.1368888888888889     -3.5694444444444445E-02
   0.1373611111111111     -3.5361111111111114E-02
   0.1382500000000000     -3.5472222222222224E-02
   0.1389722222222222     -3.5500000000000004E-02
   0.1398055555555556     -3.5027777777777783E-02
   0.1409444444444444     -3.4555555555555555E-02
   0.1417500000000000     -3.4138888888888892E-02
   0.1426111111111111     -3.3861111111111113E-02
   0.1433333333333333     -3.3638888888888892E-02
   0.1440277777777778     -3.3500000000000002E-02
   0.1446944444444444     -3.3500000000000002E-02
   0.1459722222222222     -3.3472222222222223E-02
   0.1471388888888889     -3.3472222222222223E-02
   0.1485000000000000     -3.3722222222222223E-02
   0.1500277777777778     -3.3694444444444444E-02
   0.1510000000000000     -3.3694444444444444E-02
   0.1525277777777778     -3.3527777777777781E-02
   0.1533333333333333     -3.3305555555555560E-02
   0.1542222222222222     -3.2944444444444443E-02
   0.1555833333333333     -3.2805555555555560E-02
   0.1572777777777778     -3.2750000000000001E-02
   0.1580000000000000     -3.2750000000000001E-02
   0.1592500000000000     -3.2750000000000001E-02
   0.1601388888888889     -3.2777777777777774E-02
   0.1610000000000000     -3.2833333333333332E-02
   0.1621388888888889     -3.2916666666666670E-02
   0.1627777777777778     -3.2916666666666670E-02
   0.1636666666666667     -3.2861111111111112E-02
   0.1642222222222222     -3.2805555555555560E-02
   0.1651111111111111     -3.2972222222222222E-02
   0.1653611111111111     -3.3222222222222222E-02
   0.1668611111111111     -3.3416666666666671E-02
   0.1678055555555556     -3.3500000000000002E-02
   0.1685555555555555     -3.3611111111111112E-02
   0.1695277777777778     -3.3777777777777775E-02
   0.1701944444444444     -3.3833333333333333E-02
   0.1706111111111111     -3.3833333333333333E-02
   0.1715277777777778     -3.3750000000000002E-02
   0.1726111111111111     -3.3805555555555561E-02
   0.1736944444444445     -3.4000000000000002E-02
   0.1743333333333333     -3.4333333333333334E-02
   0.1747500000000000     -3.4638888888888886E-02
   0.1754444444444444     -3.4888888888888886E-02
   0.1766111111111111     -3.5833333333333335E-02
   0.1772777777777778     -3.5833333333333335E-02
   0.1779722222222222     -3.5472222222222224E-02
   0.1788333333333333     -3.4972222222222217E-02
   0.1796111111111111     -3.4861111111111107E-02
   0.1802777777777778     -3.4694444444444444E-02
   0.1808055555555556     -3.4500000000000003E-02
   0.1821111111111111     -3.3666666666666664E-02
   0.1838611111111111     -3.3611111111111112E-02
   0.1853333333333333     -3.3583333333333333E-02
   0.1865833333333333     -3.3555555555555554E-02
   0.1874166666666667     -3.3722222222222223E-02
   0.1883055555555556     -3.4555555555555555E-02
   0.1893888888888889     -3.4611111111111113E-02
   0.1902222222222222     -3.4527777777777775E-02
   0.1915555555555556     -3.4500000000000003E-02
   0.1927500000000000     -3.4527777777777775E-02
   0.1935277777777778     -3.4722222222222224E-02
   0.1944722222222222     -3.5194444444444445E-02
   0.1952222222222222     -3.5611111111111114E-02
   0.1963333333333333     -3.5916666666666666E-02
   0.1974722222222222     -3.5972222222222218E-02
   0.1984722222222222     -3.5916666666666666E-02
   0.1993611111111111     -3.4833333333333334E-02
   0.2006111111111111     -3.4694444444444444E-02
   0.2015833333333333     -3.4638888888888886E-02
   0.2025000000000000     -3.4749999999999996E-02
   0.2034166666666667     -3.5000000000000003E-02
   0.2039444444444444     -3.5333333333333335E-02
   0.2046111111111111     -3.6249999999999998E-02
   0.2054722222222222     -3.6249999999999998E-02
   0.2061666666666667     -3.5888888888888887E-02
   0.2071111111111111     -3.5472222222222224E-02
   0.2074166666666667     -3.5444444444444445E-02
   0.2078611111111111     -3.5388888888888886E-02
   0.2097222222222222     -3.5250000000000004E-02
   0.2110555555555556     -3.5277777777777776E-02
   0.2122777777777778     -3.5305555555555555E-02
   0.2139444444444444     -3.5416666666666666E-02
   0.2150000000000000     -3.5444444444444445E-02
   0.2170833333333333     -3.4944444444444445E-02
   0.2180277777777778     -3.5166666666666666E-02
   0.2198055555555556     -3.5416666666666666E-02
   0.2206666666666667     -3.5444444444444445E-02
   0.2223333333333333     -3.6194444444444446E-02
   0.2229722222222222     -3.6222222222222225E-02
   0.2241944444444444     -3.6333333333333336E-02
   0.2250000000000000     -3.6416666666666667E-02
   0.2258611111111111     -3.6555555555555556E-02
   0.2273055555555555     -3.7000000000000005E-02
   0.2281944444444444     -3.7388888888888888E-02
   0.2288611111111111     -3.7638888888888888E-02
   0.2295555555555555     -3.7805555555555558E-02
   0.2311388888888889     -3.8194444444444448E-02
   0.2322500000000000     -3.8249999999999999E-02
   0.2336388888888889     -3.7916666666666668E-02
   0.2350000000000000     -3.7833333333333337E-02
   0.2363333333333333     -3.7555555555555550E-02
   0.2379166666666667     -3.7111111111111116E-02
   0.2390000000000000     -3.7555555555555550E-02
   0.2402500000000000     -3.7416666666666668E-02
   0.2413333333333333     -3.7166666666666667E-02
   0.2426666666666667     -3.7027777777777778E-02
   0.2446388888888889     -3.6388888888888887E-02
   0.2464166666666667     -3.6361111111111108E-02
   0.2469166666666666     -3.6500000000000005E-02
   0.2480833333333334     -3.6749999999999998E-02
   0.2489722222222222     -3.6777777777777777E-02
   0.2497500000000000     -3.6500000000000005E-02
   0.2501388888888889     -3.6111111111111115E-02
   0.2505833333333334     -3.5472222222222224E-02
