  -3.9722222222222220E-04 -3.1000000000000003E-03
  -8.4722222222222219E-04 -3.3777777777777777E-03
  -1.2388888888888890E-03 -3.5444444444444442E-03
  -1.7416666666666668E-03 -3.7638888888888891E-03
  -2.0222222222222221E-03 -4.0416666666666665E-03
  -2.4694444444444447E-03 -4.3722222222222227E-03
  -2.7500000000000003E-03 -4.9277777777777775E-03
  -3.0277777777777777E-03 -5.4805555555555554E-03
  -3.0277777777777777E-03 -6.0333333333333333E-03
  -3.3083333333333333E-03 -6.7000000000000002E-03
  -3.4777777777777780E-03 -7.1972222222222220E-03
  -3.7000000000000002E-03 -7.6944444444444447E-03
  -3.8694444444444445E-03 -8.1944444444444434E-03
  -3.7000000000000002E-03 -8.9138888888888896E-03
  -3.4194444444444446E-03 -9.3555555555555545E-03
  -2.8055555555555559E-03 -1.0186111111111111E-02
  -2.3583333333333334E-03 -1.0686111111111112E-02
  -2.0222222222222221E-03 -1.0961111111111111E-02
  -1.7972222222222220E-03 -1.1569444444444445E-02
  -1.7416666666666668E-03 -1.1902777777777778E-02
  -1.6305555555555557E-03 -1.2236111111111111E-02
  -1.0694444444444445E-03 -1.2733333333333333E-02
  -5.1111111111111105E-04 -1.3174999999999999E-02
  -2.3055555555555557E-04 -1.3397222222222222E-02
   3.8611111111111111E-04 -1.3730555555555557E-02
   7.2222222222222219E-04 -1.3949999999999999E-02
   1.1694444444444443E-03 -1.4449999999999999E-02
   1.5055555555555556E-03 -1.4780555555555555E-02
   2.0083333333333333E-03 -1.5280555555555556E-02
   2.4000000000000002E-03 -1.5611111111111112E-02
   3.0166666666666666E-03 -1.6000000000000000E-02
   3.4083333333333335E-03 -1.6330555555555556E-02
   4.0249999999999999E-03 -1.6719444444444443E-02
   4.4722222222222221E-03 -1.7052777777777778E-02
   4.9750000000000003E-03 -1.7272222222222224E-02
   5.6472222222222227E-03 -1.7605555555555555E-02
   6.0944444444444449E-03 -1.7827777777777779E-02
   6.4861111111111118E-03 -1.8102777777777777E-02
   7.1583333333333325E-03 -1.8491666666666667E-02
   7.9972222222222215E-03 -1.8877777777777778E-02
   8.6138888888888879E-03 -1.9155555555555554E-02
   9.5083333333333339E-03 -1.9486111111111110E-02
   1.0069444444444443E-02 -1.9763888888888890E-02
   1.1022222222222221E-02 -2.0097222222222225E-02
   1.1525000000000001E-02 -2.0316666666666667E-02
   1.2308333333333333E-02 -2.0483333333333336E-02
   1.3261111111111111E-02 -2.0816666666666664E-02
   1.4044444444444446E-02 -2.1036111111111110E-02
   1.4994444444444442E-02 -2.1369444444444444E-02
   1.5386111111111109E-02 -2.1425000000000000E-02
   1.6227777777777778E-02 -2.1702777777777779E-02
   1.7177777777777778E-02 -2.1922222222222221E-02
   1.8241666666666666E-02 -2.2144444444444446E-02
   1.9361111111111110E-02 -2.2200000000000001E-02
   2.0591666666666664E-02 -2.2366666666666667E-02
   2.1655555555555553E-02 -2.2533333333333336E-02
   2.2663888888888886E-02 -2.2808333333333333E-02
   2.3894444444444444E-02 -2.3030555555555554E-02
   2.4341666666666664E-02 -2.3141666666666665E-02
   2.5463888888888887E-02 -2.3363888888888889E-02
   2.6247222222222220E-02 -2.3472222222222221E-02
   2.6916666666666665E-02 -2.3527777777777776E-02
   2.8094444444444446E-02 -2.3805555555555555E-02
   2.9044444444444446E-02 -2.3972222222222221E-02
   2.9997222222222224E-02 -2.4138888888888890E-02
   3.0891666666666668E-02 -2.4247222222222222E-02
   3.2066666666666667E-02 -2.4358333333333333E-02
   3.3466666666666672E-02 -2.4413888888888888E-02
   3.4586111111111116E-02 -2.4580555555555557E-02
   3.5483333333333339E-02 -2.4691666666666667E-02
   3.7050000000000000E-02 -2.4913888888888888E-02
   3.8449999999999998E-02 -2.5077777777777779E-02
   3.9511111111111115E-02 -2.5188888888888889E-02
   4.0799999999999996E-02 -2.5244444444444444E-02
   4.1750000000000002E-02 -2.5411111111111110E-02
   4.2591666666666667E-02 -2.5522222222222220E-02
   4.3149999999999994E-02 -2.5633333333333331E-02
   4.4324999999999996E-02 -2.5744444444444445E-02
   4.5949999999999998E-02 -2.5800000000000000E-02
   4.6958333333333338E-02 -2.5852777777777777E-02
   4.7741666666666668E-02 -2.5852777777777777E-02
   4.8691666666666661E-02 -2.5852777777777777E-02
   4.9419444444444446E-02 -2.5908333333333332E-02
   5.0202777777777784E-02 -2.5963888888888887E-02
   5.1602777777777775E-02 -2.6130555555555556E-02
   5.2891666666666670E-02 -2.6186111111111111E-02
   5.4402777777777772E-02 -2.6241666666666667E-02
   5.5577777777777775E-02 -2.6297222222222222E-02
   5.6416666666666671E-02 -2.6352777777777777E-02
   5.7872222222222228E-02 -2.6408333333333332E-02
   5.8880555555555554E-02 -2.6519444444444443E-02
   5.9719444444444450E-02 -2.6575000000000001E-02
   6.1063888888888890E-02 -2.6683333333333333E-02
   6.2461111111111113E-02 -2.6794444444444444E-02
   6.3694444444444442E-02 -2.6905555555555558E-02
   6.5372222222222220E-02 -2.6961111111111113E-02
   6.6883333333333336E-02 -2.7016666666666668E-02
   6.8283333333333335E-02 -2.7072222222222223E-02
   6.9458333333333330E-02 -2.7072222222222223E-02
   7.0802777777777784E-02 -2.7016666666666668E-02
   7.1361111111111111E-02 -2.7016666666666668E-02
   7.2650000000000006E-02 -2.6794444444444444E-02
