  -8.3611111111111104E-04 -2.3805555555555555E-03
  -1.2250000000000000E-03 -2.9333333333333334E-03
  -3.5055555555555556E-03 -4.3722222222222227E-03
  -4.1194444444444438E-03 -4.9250000000000006E-03
  -4.6194444444444442E-03 -5.4777777777777776E-03
  -5.3416666666666664E-03 -6.1416666666666668E-03
  -6.1222222222222225E-03 -6.9166666666666664E-03
  -6.7333333333333334E-03 -7.5249999999999996E-03
  -7.2333333333333338E-03 -8.0777777777777775E-03
  -7.6805555555555559E-03 -8.5777777777777779E-03
  -8.1805555555555555E-03 -9.0749999999999997E-03
  -8.5138888888888885E-03 -9.5166666666666663E-03
  -8.9027777777777786E-03 -9.9611111111111098E-03
  -9.4611111111111111E-03 -1.0236111111111111E-02
  -1.0127777777777777E-02 -1.0625000000000001E-02
  -1.0905555555555555E-02 -1.1011111111111110E-02
  -1.1741666666666668E-02 -1.1455555555555556E-02
  -1.2519444444444444E-02 -1.1786111111111112E-02
  -1.3019444444444445E-02 -1.2172222222222221E-02
  -1.3411111111111111E-02 -1.2672222222222222E-02
  -1.3188888888888889E-02 -1.3391666666666666E-02
  -1.2630555555555555E-02 -1.4166666666666668E-02
  -1.1963888888888890E-02 -1.4608333333333334E-02
  -1.1072222222222223E-02 -1.5049999999999999E-02
  -1.0238888888888888E-02 -1.5327777777777777E-02
  -9.2361111111111116E-03 -1.5605555555555555E-02
  -8.1250000000000003E-03 -1.5550000000000000E-02
  -7.5111111111111108E-03 -1.5272222222222222E-02
  -7.0111111111111112E-03 -1.4994444444444442E-02
  -6.3999999999999994E-03 -1.4775000000000002E-02
  -5.7333333333333333E-03 -1.4719444444444445E-02
  -5.0638888888888886E-03 -1.5049999999999999E-02
  -4.7305555555555556E-03 -1.5494444444444443E-02
  -4.0083333333333334E-03 -1.6269444444444444E-02
  -3.0611111111111112E-03 -1.6600000000000000E-02
  -2.2277777777777777E-03 -1.6711111111111111E-02
  -1.3916666666666667E-03 -1.7152777777777781E-02
  -5.0277777777777777E-04 -1.7652777777777778E-02
   2.2222222222222223E-04 -1.8149999999999999E-02
   1.2777777777777779E-03 -1.8758333333333335E-02
   2.3361111111111109E-03 -1.9422222222222223E-02
   3.2805555555555557E-03 -1.9863888888888889E-02
   3.8388888888888886E-03 -2.0252777777777776E-02
   4.1166666666666669E-03 -2.0527777777777777E-02
   4.7277777777777778E-03 -2.1358333333333333E-02
   5.3388888888888895E-03 -2.1802777777777779E-02
   5.7861111111111117E-03 -2.2022222222222221E-02
   7.2305555555555552E-03 -2.2630555555555557E-02
   8.1777777777777769E-03 -2.3019444444444443E-02
   9.7361111111111103E-03 -2.3405555555555554E-02
   1.0847222222222223E-02 -2.3461111111111113E-02
   1.1461111111111111E-02 -2.3294444444444444E-02
   1.2016666666666667E-02 -2.3019444444444443E-02
   1.2794444444444445E-02 -2.2797222222222222E-02
   1.3741666666666666E-02 -2.2686111111111112E-02
   1.4352777777777779E-02 -2.2741666666666667E-02
   1.5077777777777777E-02 -2.2741666666666667E-02
   1.5855555555555553E-02 -2.2852777777777777E-02
   1.6466666666666668E-02 -2.3019444444444443E-02
   1.7191666666666668E-02 -2.3349999999999999E-02
   1.7913888888888889E-02 -2.3683333333333334E-02
   1.8916666666666668E-02 -2.3961111111111114E-02
   1.9694444444444445E-02 -2.3850000000000000E-02
   2.0530555555555555E-02 -2.3516666666666668E-02
   2.0975000000000001E-02 -2.3850000000000000E-02
   2.1752777777777777E-02 -2.4402777777777777E-02
   2.2588888888888891E-02 -2.4844444444444443E-02
   2.3755555555555554E-02 -2.5011111111111109E-02
   2.5091666666666665E-02 -2.4624999999999998E-02
   2.5591666666666665E-02 -2.4402777777777777E-02
   2.6594444444444445E-02 -2.4624999999999998E-02
   2.7819444444444445E-02 -2.4733333333333333E-02
   2.8819444444444446E-02 -2.4513888888888887E-02
   2.9375000000000002E-02 -2.4180555555555556E-02
   3.0155555555555554E-02 -2.3850000000000000E-02
   3.1211111111111110E-02 -2.3738888888888889E-02
   3.1991666666666668E-02 -2.3683333333333334E-02
   3.2825000000000000E-02 -2.3794444444444444E-02
   3.3327777777777776E-02 -2.4125000000000001E-02
   3.4161111111111114E-02 -2.4569444444444442E-02
   3.5386111111111111E-02 -2.4844444444444443E-02
   3.5663888888888891E-02 -2.4844444444444443E-02
   3.6275000000000002E-02 -2.5122222222222223E-02
   3.6944444444444446E-02 -2.5508333333333334E-02
   3.7722222222222226E-02 -2.5730555555555555E-02
   3.8722222222222227E-02 -2.5786111111111110E-02
   3.9447222222222217E-02 -2.5675000000000000E-02
   4.0280555555555556E-02 -2.5508333333333334E-02
   4.1172222222222221E-02 -2.5508333333333334E-02
   4.1727777777777780E-02 -2.5619444444444445E-02
   4.2563888888888887E-02 -2.5841666666666666E-02
   4.3897222222222226E-02 -2.5841666666666666E-02
   4.4677777777777782E-02 -2.5675000000000000E-02
   4.5288888888888885E-02 -2.5452777777777779E-02
   4.6011111111111114E-02 -2.5344444444444444E-02
   4.8072222222222218E-02 -2.5508333333333334E-02
   4.9794444444444447E-02 -2.5563888888888889E-02
   5.0963888888888892E-02 -2.5675000000000000E-02
   5.2244444444444448E-02 -2.5952777777777779E-02
   5.3133333333333331E-02 -2.6116666666666667E-02
   5.4191666666666666E-02 -2.6283333333333336E-02
   5.5191666666666667E-02 -2.6338888888888891E-02
   5.6083333333333339E-02 -2.6450000000000001E-02
   5.6972222222222230E-02 -2.6505555555555557E-02
   5.7697222222222226E-02 -2.6672222222222222E-02
   5.8919444444444448E-02 -2.6947222222222220E-02
   5.9922222222222224E-02 -2.7002777777777778E-02
   6.1091666666666669E-02 -2.6836111111111109E-02
   6.1647222222222221E-02 -2.6836111111111109E-02
   6.2536111111111112E-02 -2.7058333333333334E-02
   6.3761111111111102E-02 -2.7113888888888889E-02
   6.4483333333333337E-02 -2.6947222222222220E-02
   6.5208333333333340E-02 -2.6780555555555554E-02
   6.6208333333333341E-02 -2.6672222222222222E-02
   6.7155555555555566E-02 -2.6672222222222222E-02
   6.8155555555555553E-02 -2.6672222222222222E-02
   6.8936111111111115E-02 -2.6780555555555554E-02
   6.9658333333333322E-02 -2.6947222222222220E-02
   7.0605555555555546E-02 -2.7336111111111110E-02
   7.1161111111111106E-02 -2.7500000000000000E-02
   7.1772222222222223E-02 -2.7169444444444444E-02
   7.2386111111111109E-02 -2.7002777777777778E-02
   7.3497222222222228E-02 -2.7224999999999999E-02
   7.4555555555555555E-02 -2.7336111111111110E-02
   7.5444444444444453E-02 -2.7336111111111110E-02
   7.6169444444444442E-02 -2.7224999999999999E-02
   7.7058333333333326E-02 -2.7336111111111110E-02
   7.7783333333333343E-02 -2.7500000000000000E-02
   7.8727777777777785E-02 -2.7555555555555555E-02
   7.9338888888888889E-02 -2.7555555555555555E-02
   8.0341666666666672E-02 -2.7611111111111111E-02
   8.1174999999999997E-02 -2.8163888888888891E-02
   8.1844444444444442E-02 -2.8441666666666667E-02
   8.2455555555555560E-02 -2.8386111111111112E-02
   8.3177777777777767E-02 -2.8163888888888891E-02
   8.4180555555555550E-02 -2.8497222222222222E-02
   8.5127777777777774E-02 -2.8827777777777779E-02
   8.6405555555555555E-02 -2.8827777777777779E-02
   8.6794444444444452E-02 -2.8608333333333333E-02
   8.7686111111111104E-02 -2.8000000000000001E-02
   8.8075000000000001E-02 -2.7611111111111111E-02
