   1.5008333333333334E-02  1.2413888888888889E-02
   1.4616666666666667E-02  1.2688888888888888E-02
   1.4227777777777777E-02  1.2744444444444444E-02
   1.3613888888888889E-02  1.2799999999999999E-02
   1.3222222222222222E-02  1.2855555555555556E-02
   1.2775000000000000E-02  1.3297222222222222E-02
   1.2552777777777779E-02  1.3241666666666667E-02
   1.1994444444444445E-02  1.3186111111111112E-02
   1.1325000000000000E-02  1.3133333333333334E-02
   1.1158333333333333E-02  1.2525000000000001E-02
   1.1047222222222222E-02  1.2191666666666667E-02
   1.0711111111111110E-02  1.1972222222222223E-02
   1.0375000000000001E-02  1.1750000000000000E-02
   9.9305555555555553E-03  1.1583333333333333E-02
   9.3722222222222210E-03  1.1583333333333333E-02
   9.1472222222222215E-03  1.1416666666666665E-02
   8.5916666666666676E-03  1.0863888888888888E-02
   8.2555555555555559E-03  1.0422222222222222E-02
   7.9777777777777781E-03  1.0255555555555554E-02
   7.4194444444444447E-03  1.0202777777777778E-02
   6.5805555555555556E-03  1.0091666666666667E-02
   5.9111111111111109E-03  9.8138888888888894E-03
   5.5777777777777779E-03  9.4277777777777780E-03
   5.1861111111111110E-03  8.9861111111111114E-03
   4.9638888888888892E-03  8.5972222222222214E-03
   4.4611111111111110E-03  8.2666666666666652E-03
   3.6805555555555558E-03  8.1000000000000013E-03
   3.0666666666666668E-03  8.0444444444444443E-03
   2.3972222222222225E-03  8.1555555555555565E-03
   1.8944444444444443E-03  8.2111111111111100E-03
   1.0555555555555555E-03  8.2111111111111100E-03
   4.9722222222222225E-04  8.2111111111111100E-03
   1.6388888888888887E-04  8.1000000000000013E-03
  -2.2777777777777781E-04  7.7694444444444443E-03
  -5.8333333333333333E-05  7.3249999999999999E-03
   7.2222222222222219E-04  6.8833333333333333E-03
   1.2805555555555556E-03  6.6638888888888893E-03
   1.6694444444444445E-03  6.4972222222222219E-03
   1.5027777777777778E-03  6.2194444444444441E-03
   8.8888888888888893E-04  6.2194444444444441E-03
   1.6388888888888887E-04  6.5527777777777780E-03
  -8.9722222222222232E-04  6.7722222222222220E-03
  -1.5666666666666667E-03  6.8277777777777772E-03
  -2.5722222222222223E-03  6.8277777777777772E-03
  -3.0722222222222223E-03  6.8277777777777772E-03
  -3.2972222222222222E-03  6.8833333333333333E-03
  -3.7972222222222218E-03  6.5527777777777780E-03
  -4.1333333333333326E-03  6.0555555555555553E-03
  -4.4111111111111113E-03  5.6111111111111119E-03
  -4.6916666666666669E-03  5.3361111111111109E-03
  -4.9138888888888886E-03  4.8388888888888891E-03
  -4.8027777777777773E-03  3.7888888888888885E-03
  -4.5249999999999995E-03  2.6805555555555558E-03
  -4.3555555555555552E-03  2.0194444444444444E-03
  -4.1333333333333326E-03  1.4111111111111110E-03
  -3.6861111111111114E-03  5.2499999999999997E-04
  -3.8555555555555556E-03  2.7777777777777779E-05
  -3.7972222222222218E-03 -4.1388888888888888E-04
  -3.3527777777777779E-03 -1.2999999999999999E-03
  -3.3527777777777779E-03 -1.6861111111111111E-03
  -3.3527777777777779E-03 -2.4055555555555553E-03
  -3.2416666666666666E-03 -3.0694444444444445E-03
  -2.9611111111111110E-03 -3.5666666666666663E-03
  -2.8500000000000001E-03 -3.9527777777777781E-03
  -2.5138888888888889E-03 -4.6166666666666665E-03
  -2.6277777777777779E-03 -4.9499999999999995E-03
  -2.9055555555555553E-03 -5.4472222222222222E-03
  -3.0722222222222223E-03 -6.2749999999999993E-03
  -3.1277777777777779E-03 -7.1611111111111103E-03
  -3.1861111111111109E-03 -7.9888888888888891E-03
  -2.9055555555555553E-03 -8.5416666666666662E-03
  -2.6833333333333336E-03 -9.0416666666666666E-03
  -2.6277777777777779E-03 -9.9249999999999998E-03
  -2.4027777777777776E-03 -1.0588888888888889E-02
  -2.1805555555555554E-03 -1.0919444444444445E-02
  -2.1805555555555554E-03 -1.1472222222222222E-02
  -1.9000000000000000E-03 -1.2080555555555556E-02
  -1.3444444444444443E-03 -1.2413888888888889E-02
  -9.5277777777777765E-04 -1.2688888888888888E-02
  -5.6111111111111108E-04 -1.2911111111111111E-02
  -3.9444444444444444E-04 -1.3575000000000000E-02
  -4.4999999999999999E-04 -1.4736111111111110E-02
  -8.9722222222222232E-04 -1.5344444444444445E-02
  -1.2305555555555555E-03 -1.5675000000000001E-02
  -1.7333333333333333E-03 -1.6227777777777778E-02
  -2.0138888888888888E-03 -1.6780555555555556E-02
  -2.2361111111111110E-03 -1.7611111111111112E-02
  -2.1250000000000002E-03 -1.8275000000000000E-02
  -1.6777777777777778E-03 -1.8883333333333332E-02
  -1.1749999999999998E-03 -1.9380555555555554E-02
  -3.3888888888888890E-04 -1.9655555555555555E-02
   7.7777777777777784E-04 -1.9547222222222223E-02
   1.6138888888888889E-03 -1.9047222222222222E-02
   1.9499999999999999E-03 -1.8827777777777777E-02
   2.5638888888888886E-03 -1.8108333333333334E-02
   3.0666666666666668E-03 -1.7444444444444443E-02
   3.2888888888888889E-03 -1.7058333333333332E-02
   3.5111111111111116E-03 -1.7833333333333333E-02
   3.9583333333333328E-03 -1.8386111111111113E-02
   4.5722222222222223E-03 -1.8549999999999997E-02
   5.4666666666666665E-03 -1.8661111111111111E-02
   6.5249999999999996E-03 -1.8772222222222221E-02
   6.8055555555555551E-03 -1.8883333333333332E-02
   7.5305555555555560E-03 -1.9269444444444443E-02
   7.9194444444444442E-03 -1.9599999999999999E-02
   8.7027777777777780E-03 -1.9655555555555555E-02
   8.9805555555555541E-03 -1.9599999999999999E-02
   9.5388888888888884E-03 -1.9933333333333334E-02
   1.0041666666666666E-02 -2.0100000000000000E-02
   1.0877777777777778E-02 -2.0208333333333335E-02
   1.1547222222222223E-02 -2.0319444444444446E-02
   1.1883333333333334E-02 -2.0816666666666664E-02
   1.2050000000000000E-02 -2.1536111111111110E-02
   1.2944444444444446E-02 -2.1369444444444444E-02
   1.3780555555555555E-02 -2.1205555555555554E-02
   1.4952777777777778E-02 -2.0927777777777778E-02
   1.5622222222222223E-02 -2.0708333333333336E-02
   1.5900000000000001E-02 -2.1536111111111110E-02
   1.6458333333333335E-02 -2.2530555555555557E-02
   1.7408333333333335E-02 -2.3030555555555554E-02
   1.8525000000000000E-02 -2.3194444444444445E-02
   2.0086111111111110E-02 -2.3250000000000000E-02
   2.1313888888888889E-02 -2.3472222222222221E-02
   2.2988888888888889E-02 -2.3472222222222221E-02
   2.3936111111111113E-02 -2.3250000000000000E-02
   2.5388888888888891E-02 -2.2641666666666668E-02
