   4.2444444444444439E-03  7.6388888888888895E-03
   3.6861111111111114E-03  7.8055555555555560E-03
   3.6305555555555557E-03  7.8611111111111104E-03
   3.0138888888888889E-03  8.0833333333333330E-03
   2.6222222222222220E-03  8.1944444444444434E-03
   2.1194444444444446E-03  8.3055555555555556E-03
   1.5055555555555556E-03  8.3055555555555556E-03
   8.8888888888888893E-04  8.1944444444444434E-03
   4.9999999999999996E-05  8.1944444444444434E-03
  -5.6388888888888884E-04  8.3583333333333339E-03
  -1.0111111111111111E-03  8.3583333333333339E-03
  -1.5722222222222223E-03  8.3055555555555556E-03
  -2.2416666666666665E-03  8.3583333333333339E-03
  -2.5777777777777778E-03  8.4138888888888892E-03
  -3.4722222222222220E-03  8.5249999999999996E-03
  -4.1444444444444445E-03  8.5805555555555565E-03
  -4.6472222222222227E-03  8.6361111111111118E-03
  -5.3750000000000004E-03  8.6916666666666670E-03
  -5.9888888888888891E-03  8.7472222222222222E-03
  -6.8833333333333333E-03  8.8583333333333344E-03
  -7.9472222222222236E-03  8.8583333333333344E-03
  -8.8972222222222213E-03  8.8583333333333344E-03
  -9.8472222222222225E-03  8.6916666666666670E-03
  -1.0461111111111110E-02  8.5249999999999996E-03
  -1.0966666666666666E-02  8.2500000000000004E-03
  -1.0797222222222222E-02  7.6944444444444447E-03
  -1.0461111111111110E-02  7.1416666666666668E-03
  -1.0013888888888888E-02  6.7000000000000002E-03
  -9.4555555555555556E-03  6.1444444444444446E-03
  -9.0638888888888887E-03  5.9249999999999997E-03
  -7.8888888888888880E-03  5.3694444444444440E-03
  -7.4972222222222211E-03  5.1500000000000001E-03
  -6.8277777777777772E-03  4.9277777777777775E-03
  -6.0999999999999995E-03  4.5388888888888883E-03
  -5.4305555555555557E-03  4.0972222222222217E-03
  -4.9250000000000006E-03  3.7083333333333334E-03
  -4.3111111111111110E-03  3.2111111111111108E-03
  -3.8638888888888889E-03  2.9333333333333334E-03
  -3.0805555555555556E-03  2.4916666666666668E-03
  -2.8000000000000000E-03  2.3249999999999998E-03
  -2.1305555555555557E-03  1.8833333333333332E-03
  -1.8500000000000001E-03  1.7166666666666667E-03
  -1.8500000000000001E-03  1.3277777777777778E-03
  -2.6888888888888887E-03  4.9722222222222225E-04
  -2.9694444444444443E-03 -5.5555555555555558E-05
  -3.2500000000000003E-03 -7.1944444444444443E-04
  -3.4722222222222220E-03 -1.6055555555555554E-03
  -3.6388888888888890E-03 -2.3805555555555555E-03
  -3.6388888888888890E-03 -2.8777777777777777E-03
  -3.5277777777777777E-03 -4.0972222222222217E-03
  -3.1361111111111112E-03 -4.6499999999999996E-03
  -2.7444444444444443E-03 -5.1500000000000001E-03
  -2.4111111111111113E-03 -5.7027777777777780E-03
  -2.7444444444444443E-03 -6.1444444444444446E-03
  -2.9694444444444443E-03 -6.8083333333333338E-03
  -2.9694444444444443E-03 -7.4749999999999999E-03
  -2.9694444444444443E-03 -8.2500000000000004E-03
  -2.6333333333333330E-03 -9.2444444444444440E-03
  -2.2972222222222222E-03 -9.8555555555555549E-03
  -1.9638888888888887E-03 -1.0630555555555555E-02
  -2.4666666666666669E-03 -1.1183333333333333E-02
  -2.8000000000000000E-03 -1.1625000000000000E-02
  -2.9694444444444443E-03 -1.2069444444444445E-02
  -3.5277777777777777E-03 -1.2455555555555557E-02
  -3.9750000000000002E-03 -1.2844444444444443E-02
  -4.3111111111111110E-03 -1.3286111111111111E-02
  -4.3666666666666671E-03 -1.4061111111111111E-02
  -4.5361111111111114E-03 -1.4780555555555555E-02
  -4.7027777777777779E-03 -1.5611111111111112E-02
  -4.9833333333333335E-03 -1.6830555555555557E-02
  -5.0944444444444448E-03 -1.7383333333333334E-02
  -5.4305555555555557E-03 -1.8602777777777777E-02
  -5.6527777777777774E-03 -1.9433333333333334E-02
  -4.6472222222222227E-03 -1.9541666666666666E-02
  -3.9750000000000002E-03 -1.9377777777777778E-02
  -3.5277777777777777E-03 -1.9211111111111109E-02
  -3.1916666666666669E-03 -1.8988888888888888E-02
  -2.5777777777777778E-03 -1.8547222222222222E-02
  -1.8500000000000001E-03 -1.8102777777777777E-02
  -1.2361111111111110E-03 -1.7827777777777779E-02
  -8.4444444444444443E-04 -1.7716666666666669E-02
  -2.2777777777777781E-04 -1.7661111111111114E-02
   5.5277777777777779E-04 -1.7438888888888889E-02
   1.0583333333333334E-03 -1.7216666666666668E-02
   1.4472222222222221E-03 -1.7052777777777778E-02
   2.0083333333333333E-03 -1.7161111111111113E-02
   2.9583333333333332E-03 -1.7327777777777779E-02
   3.7416666666666661E-03 -1.7383333333333334E-02
   4.5249999999999995E-03 -1.7494444444444444E-02
   5.3055555555555555E-03 -1.7494444444444444E-02
   5.1944444444444442E-03 -1.8158333333333332E-02
   4.6361111111111108E-03 -1.8766666666666668E-02
   4.3000000000000000E-03 -1.9099999999999999E-02
   4.8583333333333334E-03 -1.9266666666666668E-02
   6.0888888888888893E-03 -1.9541666666666666E-02
   6.9833333333333336E-03 -1.9652777777777779E-02
   7.9916666666666678E-03 -1.9708333333333335E-02
   9.5000000000000015E-03 -1.9652777777777779E-02
   1.0394444444444444E-02 -1.9652777777777779E-02
   1.1513888888888888E-02 -1.9652777777777779E-02
   1.2966666666666666E-02 -1.9819444444444445E-02
   1.3527777777777777E-02 -1.9875000000000000E-02
   1.4644444444444444E-02 -1.9930555555555556E-02
   1.5538888888888889E-02 -2.0097222222222225E-02
   1.5652777777777779E-02 -2.0372222222222222E-02
   1.6322222222222224E-02 -2.0538888888888888E-02
   1.7386111111111113E-02 -2.0649999999999998E-02
   1.7777777777777778E-02 -2.0761111111111109E-02
   1.8225000000000002E-02 -2.0927777777777778E-02
   1.8169444444444446E-02 -2.1647222222222220E-02
   1.7888888888888888E-02 -2.1977777777777777E-02
   1.7888888888888888E-02 -2.2088888888888891E-02
   1.8783333333333332E-02 -2.2366666666666667E-02
   1.9511111111111111E-02 -2.2366666666666667E-02
   2.0180555555555556E-02 -2.2311111111111111E-02
   2.1188888888888889E-02 -2.2033333333333335E-02
   2.1802777777777779E-02 -2.1702777777777779E-02
   2.2083333333333333E-02 -2.1591666666666665E-02
   2.2641666666666668E-02 -2.1369444444444444E-02
