   4.2916666666666667E-03  6.3361111111111109E-03
   3.6222222222222220E-03  6.6138888888888888E-03
   3.0083333333333333E-03  6.7250000000000001E-03
   2.3944444444444443E-03  6.8916666666666666E-03
   1.5027777777777778E-03  6.9472222222222218E-03
   5.5555555555555556E-04  6.8361111111111114E-03
  -5.6111111111111108E-04  6.6138888888888888E-03
  -1.6222222222222222E-03  6.3916666666666670E-03
  -2.2888888888888889E-03  6.1722222222222222E-03
  -2.8472222222222219E-03  5.8944444444444443E-03
  -3.4611111111111110E-03  5.6722222222222217E-03
  -4.0749999999999996E-03  5.6722222222222217E-03
  -4.7444444444444444E-03  5.6166666666666665E-03
  -5.5249999999999995E-03  5.3416666666666664E-03
  -6.0277777777777777E-03  5.1194444444444438E-03
  -6.5861111111111112E-03  4.7888888888888885E-03
  -7.1999999999999998E-03  4.3444444444444450E-03
  -7.7000000000000002E-03  3.8472222222222224E-03
  -8.1472222222222224E-03  3.1277777777777779E-03
  -8.4805555555555554E-03  2.3527777777777779E-03
  -8.4805555555555554E-03  1.4666666666666667E-03
  -8.3138888888888898E-03  7.4722222222222225E-04
  -7.7555555555555555E-03 -5.8055555555555551E-04
  -7.4222222222222224E-03 -1.4666666666666667E-03
  -7.0305555555555555E-03 -1.9083333333333333E-03
  -6.0833333333333330E-03 -2.3527777777777779E-03
  -5.4138888888888882E-03 -2.7944444444444444E-03
  -5.0805555555555560E-03 -3.0722222222222223E-03
  -4.8000000000000004E-03 -3.4027777777777776E-03
  -4.6888888888888891E-03 -4.1777777777777777E-03
  -4.2416666666666670E-03 -4.8972222222222229E-03
  -3.8527777777777775E-03 -5.1749999999999999E-03
  -3.5722222222222219E-03 -5.5611111111111104E-03
  -3.2944444444444445E-03 -6.1722222222222222E-03
  -3.0722222222222223E-03 -6.5583333333333335E-03
  -2.9027777777777776E-03 -6.9472222222222218E-03
  -3.0722222222222223E-03 -7.6111111111111119E-03
  -3.6861111111111114E-03 -8.2749999999999994E-03
  -3.9638888888888883E-03 -8.7166666666666677E-03
  -4.0749999999999996E-03 -9.5472222222222226E-03
  -4.0194444444444444E-03 -1.0211111111111110E-02
  -3.9083333333333331E-03 -1.0711111111111110E-02
  -3.7416666666666661E-03 -1.1208333333333334E-02
  -3.6277777777777775E-03 -1.1650000000000001E-02
  -3.5722222222222219E-03 -1.2369444444444443E-02
  -3.5722222222222219E-03 -1.2647222222222221E-02
  -3.9638888888888883E-03 -1.3088888888888889E-02
  -4.3527777777777783E-03 -1.3477777777777778E-02
  -4.9111111111111118E-03 -1.4086111111111112E-02
  -4.8000000000000004E-03 -1.5083333333333334E-02
  -4.8000000000000004E-03 -1.5691666666666666E-02
  -4.3527777777777783E-03 -1.6411111111111112E-02
  -3.9083333333333331E-03 -1.6963888888888889E-02
  -3.2944444444444445E-03 -1.7516666666666666E-02
  -2.9583333333333332E-03 -1.7849999999999998E-02
  -2.6250000000000002E-03 -1.8291666666666664E-02
  -2.3472222222222223E-03 -1.8624999999999999E-02
  -1.8444444444444446E-03 -1.8847222222222224E-02
  -8.3888888888888891E-04 -1.8900000000000000E-02
  -4.4999999999999999E-04 -1.8847222222222224E-02
   2.1944444444444447E-04 -1.8569444444444444E-02
   5.5555555555555556E-04 -1.8402777777777778E-02
   8.8888888888888893E-04 -1.8072222222222222E-02
   1.1111111111111111E-03 -1.8127777777777777E-02
   1.6138888888888889E-03 -1.8180555555555554E-02
   2.6749999999999999E-03 -1.8236111111111109E-02
   3.1749999999999999E-03 -1.8072222222222222E-02
   3.9583333333333328E-03 -1.7516666666666666E-02
   4.3472222222222219E-03 -1.7352777777777779E-02
   4.6250000000000006E-03 -1.7352777777777779E-02
   5.4638888888888897E-03 -1.7297222222222224E-02
   5.9083333333333331E-03 -1.7572222222222225E-02
   6.3000000000000000E-03 -1.7794444444444443E-02
   7.0250000000000000E-03 -1.8016666666666667E-02
   7.7500000000000008E-03 -1.8072222222222222E-02
   8.5305555555555551E-03 -1.7849999999999998E-02
   8.8666666666666668E-03 -1.7683333333333336E-02
   9.4777777777777777E-03 -1.7352777777777779E-02
