   5.2277777777777782E-03  7.4777777777777776E-03
   5.0055555555555556E-03  7.0333333333333324E-03
   4.6166666666666665E-03  6.7583333333333332E-03
   4.3388888888888887E-03  6.8138888888888884E-03
   3.7277777777777782E-03  7.0333333333333324E-03
   3.3361111111111109E-03  7.2555555555555550E-03
   2.6138888888888891E-03  7.3111111111111111E-03
   2.1138888888888891E-03  7.1444444444444437E-03
   1.5555555555555557E-03  7.0888888888888885E-03
   8.3333333333333328E-04  7.0333333333333324E-03
   1.6666666666666666E-04  6.8694444444444445E-03
  -5.5833333333333332E-04  6.6472222222222228E-03
  -8.9166666666666658E-04  6.3138888888888888E-03
  -1.2250000000000000E-03  5.8722222222222223E-03
  -1.6138888888888889E-03  5.6499999999999996E-03
  -2.5611111111111112E-03  5.5388888888888883E-03
  -2.9499999999999999E-03  5.4833333333333331E-03
  -3.5055555555555556E-03  5.3722222222222218E-03
  -3.8972222222222225E-03  4.8194444444444439E-03
  -4.1194444444444438E-03  5.5388888888888883E-03
  -4.3972222222222225E-03  5.6499999999999996E-03
  -4.8416666666666669E-03  5.8166666666666670E-03
  -5.5638888888888891E-03  5.8166666666666670E-03
  -5.8444444444444446E-03  5.6499999999999996E-03
  -6.2333333333333329E-03  5.3166666666666666E-03
  -7.0111111111111112E-03  4.7083333333333335E-03
  -7.1777777777777786E-03  4.5416666666666669E-03
  -7.5111111111111108E-03  3.6555555555555556E-03
  -7.7361111111111120E-03  3.2138888888888890E-03
  -7.5694444444444446E-03  2.3805555555555555E-03
  -7.2333333333333338E-03  1.6611111111111110E-03
  -7.0666666666666673E-03  1.2194444444444444E-03
  -6.6222222222222221E-03  4.9722222222222225E-04
  -6.2333333333333329E-03 -5.5555555555555558E-05
  -5.6194444444444443E-03 -6.0833333333333334E-04
  -4.7861111111111116E-03 -1.0527777777777779E-03
  -4.2305555555555551E-03 -1.2194444444444444E-03
  -3.6166666666666669E-03 -1.4388888888888889E-03
  -4.0638888888888895E-03 -1.9944444444444445E-03
  -4.3416666666666664E-03 -2.8249999999999998E-03
  -4.2861111111111112E-03 -3.3222222222222221E-03
  -3.8416666666666668E-03 -4.0444444444444443E-03
  -3.3388888888888891E-03 -4.8194444444444439E-03
  -2.8388888888888891E-03 -5.3722222222222218E-03
  -2.6722222222222221E-03 -5.5944444444444444E-03
  -2.5611111111111112E-03 -5.9833333333333336E-03
  -2.5055555555555556E-03 -6.1472222222222223E-03
  -3.3944444444444447E-03 -6.8694444444444445E-03
  -3.3388888888888891E-03 -7.3666666666666663E-03
  -3.3944444444444447E-03 -8.2527777777777773E-03
  -3.3388888888888891E-03 -9.1944444444444443E-03
  -3.2833333333333334E-03 -9.9138888888888888E-03
  -3.3388888888888891E-03 -1.0525000000000000E-02
  -3.3944444444444447E-03 -1.0966666666666666E-02
  -3.4499999999999999E-03 -1.1630555555555555E-02
  -3.3944444444444447E-03 -1.2408333333333334E-02
  -3.3944444444444447E-03 -1.2738888888888890E-02
  -3.6722222222222226E-03 -1.3350000000000001E-02
  -3.8972222222222225E-03 -1.4069444444444443E-02
  -4.1194444444444438E-03 -1.4455555555555555E-02
  -4.2861111111111112E-03 -1.5177777777777778E-02
  -4.5083333333333329E-03 -1.5897222222222222E-02
  -4.5638888888888890E-03 -1.6838888888888889E-02
  -4.5638888888888890E-03 -1.7336111111111111E-02
  -4.4527777777777777E-03 -1.7725000000000001E-02
  -4.0083333333333334E-03 -1.8058333333333332E-02
  -3.2277777777777778E-03 -1.8277777777777778E-02
  -2.7833333333333334E-03 -1.8388888888888889E-02
  -2.0055555555555556E-03 -1.8500000000000003E-02
  -1.8361111111111113E-03 -1.8388888888888889E-02
  -1.6138888888888889E-03 -1.8166666666666668E-02
  -1.2250000000000000E-03 -1.7669444444444446E-02
  -7.2500000000000006E-04 -1.7780555555555556E-02
   3.3333333333333332E-04 -1.8111111111111113E-02
   1.1111111111111111E-03 -1.8555555555555558E-02
   1.5555555555555557E-03 -1.8333333333333333E-02
   1.8361111111111113E-03 -1.8058333333333332E-02
   2.3916666666666665E-03 -1.7336111111111111E-02
   2.5027777777777778E-03 -1.7280555555555556E-02
   3.0027777777777778E-03 -1.7225000000000001E-02
   3.3916666666666665E-03 -1.7169444444444446E-02
   3.7833333333333330E-03 -1.7225000000000001E-02
   4.3944444444444447E-03 -1.7280555555555556E-02
   5.1722222222222222E-03 -1.7005555555555555E-02
   6.0083333333333334E-03 -1.6672222222222220E-02
   6.5083333333333339E-03 -1.6561111111111110E-02
   6.9527777777777782E-03 -1.6338888888888889E-02
   7.4555555555555564E-03 -1.6175000000000002E-02
