   2.9000000000000002E-03  6.8916666666666666E-03
   2.7305555555555555E-03  6.6138888888888888E-03
   2.4527777777777777E-03  6.4472222222222222E-03
   1.6138888888888889E-03  6.4472222222222222E-03
   1.0000000000000000E-03  6.6138888888888888E-03
   5.2777777777777777E-05  6.7250000000000001E-03
  -1.0083333333333333E-03  6.5027777777777775E-03
  -1.7916666666666667E-03  6.2277777777777783E-03
  -2.6277777777777779E-03  5.9500000000000004E-03
  -3.2416666666666666E-03  5.9500000000000004E-03
  -4.0805555555555560E-03  5.8944444444444443E-03
  -4.5833333333333334E-03  5.7833333333333330E-03
  -5.1416666666666659E-03  5.7833333333333330E-03
  -5.8111111111111106E-03  5.8944444444444443E-03
  -6.7055555555555557E-03  5.7277777777777778E-03
  -7.2638888888888892E-03  5.3972222222222225E-03
  -8.3222222222222222E-03  4.9527777777777773E-03
  -9.2722222222222216E-03  4.6222222222222220E-03
  -1.0222222222222223E-02  4.3444444444444450E-03
  -1.1227777777777777E-02  4.1222222222222224E-03
  -1.2063888888888890E-02  4.1222222222222224E-03
  -1.2791666666666666E-02  4.1777777777777777E-03
  -1.3627777777777777E-02  4.1222222222222224E-03
  -1.4130555555555556E-02  3.9027777777777780E-03
  -1.4744444444444445E-02  3.7916666666666671E-03
  -1.5358333333333331E-02  3.7916666666666671E-03
  -1.6083333333333331E-02  3.7361111111111115E-03
  -1.7033333333333331E-02  3.6250000000000002E-03
  -1.7816666666666665E-02  3.2944444444444445E-03
  -1.8597222222222223E-02  2.7944444444444444E-03
  -1.9211111111111109E-02  2.4638888888888887E-03
  -1.8933333333333333E-02  2.0750000000000000E-03
  -1.8597222222222223E-02  1.7444444444444443E-03
  -1.8094444444444444E-02  1.2444444444444445E-03
  -1.7369444444444444E-02  6.3611111111111117E-04
  -1.6811111111111110E-02  2.5000000000000001E-04
  -1.6363888888888886E-02 -2.7777777777777779E-05
  -1.5694444444444441E-02 -3.0555555555555555E-04
  -1.5136111111111112E-02 -6.3611111111111117E-04
  -1.4522222222222223E-02 -1.0250000000000001E-03
  -1.3738888888888889E-02 -1.4111111111111110E-03
  -1.3013888888888889E-02 -1.5777777777777778E-03
  -1.2175000000000000E-02 -1.7444444444444443E-03
  -1.1394444444444445E-02 -2.0194444444444444E-03
  -1.0333333333333333E-02 -2.4083333333333335E-03
  -9.9416666666666664E-03 -2.3527777777777779E-03
  -9.4972222222222211E-03 -2.1305555555555557E-03
  -8.6027777777777769E-03 -2.1305555555555557E-03
  -7.8777777777777787E-03 -2.2416666666666665E-03
  -7.3750000000000005E-03 -2.2972222222222222E-03
  -7.2638888888888892E-03 -2.3527777777777779E-03
  -7.0388888888888897E-03 -2.8500000000000001E-03
  -7.2055555555555562E-03 -3.5694444444444445E-03
  -7.4861111111111118E-03 -3.9583333333333328E-03
  -7.4861111111111118E-03 -4.2888888888888890E-03
  -7.2055555555555562E-03 -4.8416666666666669E-03
  -6.6472222222222228E-03 -5.5083333333333338E-03
  -5.7555555555555554E-03 -6.0055555555555556E-03
  -5.5888888888888889E-03 -6.2277777777777783E-03
  -6.2027777777777775E-03 -6.8361111111111114E-03
  -6.5916666666666667E-03 -7.3333333333333341E-03
  -7.1500000000000001E-03 -8.5500000000000003E-03
  -6.9833333333333336E-03 -9.2166666666666664E-03
  -6.7611111111111110E-03 -9.8250000000000004E-03
  -6.7611111111111110E-03 -1.0155555555555555E-02
  -7.7083333333333344E-03 -1.0488888888888888E-02
  -8.4916666666666682E-03 -1.0875000000000001E-02
  -9.1055555555555542E-03 -1.1319444444444444E-02
  -9.8861111111111111E-03 -1.1594444444444444E-02
  -1.0613888888888888E-02 -1.1983333333333334E-02
  -1.1116666666666667E-02 -1.2369444444444443E-02
  -1.1505555555555555E-02 -1.2647222222222221E-02
  -1.2233333333333334E-02 -1.3366666666666667E-02
  -1.2791666666666666E-02 -1.4141666666666667E-02
  -1.3180555555555555E-02 -1.5302777777777776E-02
  -1.3236111111111110E-02 -1.6299999999999999E-02
  -1.2791666666666666E-02 -1.6686111111111110E-02
  -1.2344444444444444E-02 -1.7297222222222224E-02
  -1.2344444444444444E-02 -1.7794444444444443E-02
  -1.2288888888888889E-02 -1.8402777777777778E-02
  -1.1897222222222222E-02 -1.8180555555555554E-02
  -1.1283333333333333E-02 -1.8236111111111109E-02
  -1.0669444444444445E-02 -1.8569444444444444E-02
  -9.7194444444444437E-03 -1.8791666666666665E-02
  -8.9388888888888886E-03 -1.8791666666666665E-02
  -8.5472222222222217E-03 -1.8955555555555555E-02
  -8.2111111111111100E-03 -1.9122222222222221E-02
  -7.4861111111111118E-03 -1.9400000000000001E-02
  -6.6472222222222228E-03 -1.9400000000000001E-02
  -5.9222222222222220E-03 -1.8900000000000000E-02
  -5.5888888888888889E-03 -1.8402777777777778E-02
  -5.0861111111111116E-03 -1.8569444444444444E-02
  -4.7500000000000007E-03 -1.8736111111111110E-02
  -4.1361111111111112E-03 -1.9122222222222221E-02
  -3.3555555555555556E-03 -1.9344444444444445E-02
  -2.6833333333333336E-03 -1.9177777777777780E-02
  -2.0694444444444445E-03 -1.8624999999999999E-02
  -1.0083333333333333E-03 -1.7738888888888887E-02
  -7.8611111111111113E-04 -1.7297222222222224E-02
  -3.9444444444444444E-04 -1.6633333333333333E-02
  -5.5555555555555558E-06 -1.6633333333333333E-02
   8.8888888888888893E-04 -1.6908333333333334E-02
   2.1722222222222225E-03 -1.7186111111111110E-02
   3.5694444444444445E-03 -1.6963888888888889E-02
   4.2388888888888893E-03 -1.6466666666666668E-02
   5.1333333333333335E-03 -1.6077777777777778E-02
   5.6361111111111108E-03 -1.5966666666666667E-02
   6.3055555555555556E-03 -1.5580555555555554E-02
