   4.8527777777777779E-03  8.1083333333333337E-03
   4.6305555555555553E-03  7.8305555555555559E-03
   4.1277777777777780E-03  7.4972222222222211E-03
   3.5138888888888889E-03  7.2194444444444450E-03
   3.0111111111111111E-03  7.1638888888888898E-03
   2.7888888888888889E-03  7.1638888888888898E-03
   2.2861111111111112E-03  7.1638888888888898E-03
   1.5611111111111112E-03  7.0527777777777785E-03
   8.9166666666666658E-04  6.8305555555555559E-03
   4.4722222222222223E-04  6.6638888888888893E-03
  -1.6666666666666666E-04  6.5527777777777780E-03
  -7.8055555555555560E-04  6.3861111111111106E-03
  -1.3388888888888888E-03  6.0527777777777785E-03
  -1.7277777777777777E-03  5.7749999999999998E-03
  -2.1194444444444446E-03  5.4972222222222219E-03
  -2.6777777777777776E-03  5.5527777777777780E-03
  -3.1222222222222224E-03  5.7749999999999998E-03
  -4.1277777777777780E-03  5.8305555555555558E-03
  -4.6861111111111105E-03  5.6083333333333332E-03
  -5.1861111111111110E-03  5.3305555555555554E-03
  -5.7444444444444444E-03  5.6638888888888884E-03
  -6.1361111111111113E-03  5.9416666666666671E-03
  -6.8055555555555551E-03  6.3305555555555554E-03
  -7.5305555555555560E-03  6.6083333333333332E-03
  -8.0888888888888885E-03  6.6638888888888893E-03
  -8.5333333333333320E-03  6.6638888888888893E-03
  -9.6499999999999989E-03  6.6638888888888893E-03
  -1.0597222222222223E-02  6.2749999999999993E-03
  -1.1602777777777778E-02  5.7194444444444445E-03
  -1.2605555555555556E-02  5.2194444444444450E-03
  -1.3386111111111111E-02  5.2750000000000002E-03
  -1.4111111111111111E-02  5.6083333333333332E-03
  -1.4891666666666668E-02  6.1083333333333337E-03
  -1.5730555555555557E-02  6.1083333333333337E-03
  -1.6622222222222222E-02  5.5527777777777780E-03
  -1.7236111111111112E-02  4.9416666666666671E-03
  -1.7680555555555554E-02  4.2194444444444449E-03
  -1.7458333333333333E-02  3.5527777777777780E-03
  -1.6788888888888891E-02  2.8861111111111114E-03
  -1.6344444444444446E-02  2.2222222222222222E-03
  -1.5616666666666668E-02  1.4444444444444444E-03
  -1.5005555555555557E-02  9.4444444444444448E-04
  -1.4502777777777778E-02  7.7777777777777784E-04
  -1.3555555555555555E-02  4.4444444444444447E-04
  -1.2716666666666666E-02  5.5555555555555558E-05
  -1.2216666666666667E-02 -1.6666666666666666E-04
  -1.1433333333333334E-02 -4.4444444444444447E-04
  -1.0708333333333334E-02 -7.7777777777777784E-04
  -9.5944444444444436E-03 -1.2222222222222222E-03
  -8.9249999999999989E-03 -1.6111111111111111E-03
  -8.1444444444444455E-03 -1.8888888888888890E-03
  -7.5861111111111112E-03 -2.0555555555555553E-03
  -7.4749999999999999E-03 -2.1111111111111109E-03
  -7.3083333333333333E-03 -3.1083333333333332E-03
  -7.0277777777777778E-03 -3.8305555555555554E-03
  -6.7499999999999999E-03 -4.3305555555555562E-03
  -6.5249999999999996E-03 -4.9416666666666671E-03
  -6.1361111111111113E-03 -5.7194444444444445E-03
  -5.8000000000000005E-03 -6.0527777777777785E-03
  -5.4111111111111113E-03 -6.4416666666666667E-03
  -5.8555555555555548E-03 -6.9416666666666672E-03
  -6.1361111111111113E-03 -7.7749999999999998E-03
  -6.4138888888888891E-03 -8.5500000000000003E-03
  -6.6388888888888886E-03 -9.2166666666666664E-03
  -6.6388888888888886E-03 -9.9388888888888895E-03
  -6.6944444444444438E-03 -1.0383333333333335E-02
  -7.1944444444444443E-03 -1.0661111111111111E-02
  -7.7527777777777786E-03 -1.0883333333333333E-02
  -8.3111111111111111E-03 -1.0994444444444444E-02
  -8.7027777777777780E-03 -1.1216666666666666E-02
  -9.2583333333333337E-03 -1.1605555555555556E-02
  -9.8166666666666662E-03 -1.2161111111111112E-02
  -1.0430555555555556E-02 -1.2605555555555556E-02
  -1.1100000000000000E-02 -1.3161111111111111E-02
  -1.1658333333333333E-02 -1.3438888888888889E-02
  -1.2327777777777778E-02 -1.3716666666666667E-02
  -1.2827777777777778E-02 -1.4158333333333335E-02
  -1.3163888888888888E-02 -1.4824999999999998E-02
  -1.3666666666666667E-02 -1.5491666666666666E-02
  -1.4222222222222223E-02 -1.5991666666666668E-02
  -1.4836111111111112E-02 -1.6825000000000000E-02
  -1.5005555555555557E-02 -1.7880555555555556E-02
  -1.4447222222222222E-02 -1.8769444444444443E-02
  -1.3611111111111110E-02 -1.9491666666666668E-02
  -1.2661111111111111E-02 -1.9933333333333334E-02
  -1.1266666666666668E-02 -2.0211111111111110E-02
  -9.8722222222222215E-03 -2.0433333333333335E-02
  -8.4777777777777785E-03 -2.0933333333333335E-02
  -8.1444444444444455E-03 -2.0988888888888890E-02
  -7.4749999999999999E-03 -2.0766666666666669E-02
  -7.1388888888888891E-03 -2.0766666666666669E-02
  -6.1361111111111113E-03 -2.0877777777777780E-02
  -5.8000000000000005E-03 -2.0822222222222225E-02
  -5.4666666666666665E-03 -2.0655555555555555E-02
  -4.6305555555555553E-03 -2.0655555555555555E-02
  -4.4055555555555549E-03 -2.0600000000000000E-02
  -3.7916666666666671E-03 -2.0155555555555555E-02
  -3.4027777777777776E-03 -2.0211111111111110E-02
  -1.8416666666666666E-03 -2.0155555555555555E-02
  -8.3611111111111104E-04 -1.9655555555555555E-02
  -2.2222222222222223E-04 -1.9102777777777778E-02
   3.9166666666666668E-04 -1.7991666666666670E-02
   6.1388888888888897E-04 -1.7380555555555555E-02
   1.2277777777777779E-03 -1.7269444444444445E-02
   2.4555555555555559E-03 -1.7102777777777779E-02
   3.7916666666666671E-03 -1.6991666666666669E-02
   4.6305555555555553E-03 -1.6602777777777779E-02
   5.3000000000000000E-03 -1.6158333333333334E-02
   5.9694444444444448E-03 -1.5824999999999999E-02
   6.3027777777777778E-03 -1.5602777777777778E-02
