   1.8222222222222223E-02  1.4138888888888888E-02
   1.7888888888888888E-02  1.4138888888888888E-02
   1.7611111111111112E-02  1.3777777777777778E-02
   1.7416666666666667E-02  1.3638888888888888E-02
   1.7083333333333332E-02  1.3416666666666667E-02
   1.6750000000000001E-02  1.3333333333333332E-02
   1.6222222222222221E-02  1.3166666666666667E-02
   1.5388888888888889E-02  1.3083333333333332E-02
   1.4861111111111111E-02  1.3000000000000001E-02
   1.3833333333333333E-02  1.2805555555555556E-02
   1.3277777777777777E-02  1.2527777777777778E-02
   1.2583333333333334E-02  1.2138888888888888E-02
   1.1916666666666666E-02  1.1805555555555555E-02
   1.1250000000000001E-02  1.1583333333333333E-02
   1.0777777777777778E-02  1.1388888888888888E-02
   1.0472222222222223E-02  1.1083333333333334E-02
   1.0166666666666666E-02  1.0777777777777778E-02
   9.8611111111111104E-03  1.0500000000000001E-02
   9.3055555555555565E-03  1.0305555555555556E-02
   8.6944444444444439E-03  1.0027777777777778E-02
   7.9166666666666656E-03  9.8333333333333328E-03
   7.2500000000000004E-03  9.5000000000000015E-03
   6.7222222222222223E-03  9.2500000000000013E-03
   6.3333333333333332E-03  9.1111111111111115E-03
   5.6944444444444438E-03  8.9166666666666665E-03
   5.1388888888888890E-03  8.5555555555555558E-03
   4.7777777777777775E-03  8.3888888888888884E-03
   4.4722222222222221E-03  8.2222222222222210E-03
   4.0833333333333329E-03  8.2777777777777780E-03
   3.8611111111111116E-03  8.0277777777777778E-03
   3.3888888888888888E-03  7.4166666666666669E-03
   3.0277777777777777E-03  6.8888888888888888E-03
   2.6111111111111109E-03  6.3611111111111117E-03
   2.0277777777777777E-03  5.6944444444444438E-03
   1.6388888888888887E-03  5.1944444444444442E-03
   1.0555555555555555E-03  4.4722222222222221E-03
   4.7222222222222224E-04  3.5000000000000001E-03
   0.0000000000000000E+00  2.7777777777777779E-03
  -4.7222222222222224E-04  1.9166666666666668E-03
  -4.1666666666666664E-04  1.2500000000000000E-03
  -7.5000000000000002E-04  7.2222222222222219E-04
  -9.7222222222222230E-04  0.0000000000000000E+00
  -1.2222222222222222E-03 -5.2777777777777773E-04
  -1.3611111111111111E-03 -8.0555555555555556E-04
  -1.5000000000000000E-03 -1.3055555555555555E-03
  -1.5833333333333333E-03 -1.8888888888888890E-03
  -1.6111111111111111E-03 -2.2500000000000003E-03
  -1.6666666666666666E-03 -3.1111111111111114E-03
  -1.6666666666666666E-03 -3.7500000000000003E-03
  -1.6111111111111111E-03 -4.6388888888888894E-03
  -1.7222222222222222E-03 -5.4166666666666669E-03
  -1.5833333333333333E-03 -6.3333333333333332E-03
  -1.4444444444444444E-03 -7.1388888888888891E-03
  -1.3611111111111111E-03 -7.8055555555555560E-03
  -1.0833333333333333E-03 -8.3611111111111108E-03
  -7.7777777777777784E-04 -9.1111111111111115E-03
  -4.4444444444444447E-04 -9.6666666666666654E-03
  -1.3888888888888889E-04 -1.0333333333333333E-02
   3.8888888888888892E-04 -1.1055555555555556E-02
   8.0555555555555556E-04 -1.1305555555555555E-02
   1.4444444444444444E-03 -1.1861111111111110E-02
   2.1388888888888890E-03 -1.2333333333333333E-02
   2.7222222222222222E-03 -1.2694444444444446E-02
   3.3055555555555555E-03 -1.3277777777777777E-02
   3.9166666666666664E-03 -1.3722222222222222E-02
   4.5555555555555557E-03 -1.4722222222222223E-02
   4.8888888888888888E-03 -1.4944444444444446E-02
   5.2222222222222218E-03 -1.5222222222222224E-02
   5.5555555555555558E-03 -1.5555555555555557E-02
   6.3333333333333332E-03 -1.5972222222222221E-02
   7.0833333333333338E-03 -1.6333333333333332E-02
   7.8055555555555560E-03 -1.6611111111111111E-02
   8.5555555555555558E-03 -1.6833333333333332E-02
   9.1111111111111115E-03 -1.7000000000000001E-02
   9.8888888888888880E-03 -1.7222222222222222E-02
   1.0805555555555556E-02 -1.7555555555555557E-02
   1.1361111111111110E-02 -1.7750000000000002E-02
   1.2527777777777778E-02 -1.8166666666666668E-02
   1.3333333333333332E-02 -1.8333333333333333E-02
   1.4333333333333333E-02 -1.8611111111111113E-02
   1.4861111111111111E-02 -1.8694444444444444E-02
   1.5472222222222224E-02 -1.8861111111111113E-02
   1.6611111111111111E-02 -1.9027777777777779E-02
   1.7166666666666667E-02 -1.9222222222222220E-02
   1.7916666666666668E-02 -1.9583333333333331E-02
   1.8055555555555557E-02 -1.9611111111111110E-02
   1.8916666666666668E-02 -1.9861111111111111E-02
   1.9944444444444445E-02 -2.1027777777777777E-02
   2.0750000000000001E-02 -2.1138888888888888E-02
   2.1777777777777778E-02 -2.1361111111111112E-02
   2.2388888888888889E-02 -2.1444444444444447E-02
   2.3527777777777776E-02 -2.1694444444444447E-02
   2.4027777777777776E-02 -2.1805555555555557E-02
   2.4583333333333332E-02 -2.2027777777777778E-02
   2.5222222222222222E-02 -2.2222222222222223E-02
   2.6027777777777778E-02 -2.2361111111111113E-02
   2.7000000000000000E-02 -2.2250000000000002E-02
   2.7500000000000000E-02 -2.2277777777777778E-02
   2.8444444444444446E-02 -2.2333333333333334E-02
   2.9472222222222219E-02 -2.2611111111111110E-02
   2.9500000000000002E-02 -2.2666666666666665E-02
   3.0750000000000000E-02 -2.2944444444444444E-02
   3.1416666666666669E-02 -2.3083333333333331E-02
   3.2527777777777780E-02 -2.3250000000000000E-02
   3.3555555555555554E-02 -2.3527777777777776E-02
   3.4055555555555554E-02 -2.3638888888888890E-02
   3.4500000000000003E-02 -2.3638888888888890E-02
   3.5277777777777776E-02 -2.3583333333333331E-02
