   4.5277777777777781E-03  6.5000000000000006E-03
   4.3333333333333331E-03  6.7222222222222223E-03
   4.1111111111111105E-03  6.8888888888888888E-03
   3.9444444444444440E-03  7.1666666666666667E-03
   3.7222222222222223E-03  7.3611111111111117E-03
   3.2777777777777775E-03  7.1388888888888891E-03
   3.1944444444444446E-03  6.9722222222222225E-03
   3.0555555555555557E-03  6.7777777777777775E-03
   2.7500000000000003E-03  7.0000000000000001E-03
   2.4166666666666664E-03  7.3333333333333341E-03
   2.0833333333333333E-03  7.4722222222222230E-03
   1.6666666666666666E-03  7.5000000000000006E-03
   1.2777777777777779E-03  7.4444444444444445E-03
   8.8888888888888893E-04  7.3055555555555556E-03
   5.2777777777777773E-04  6.9722222222222225E-03
   4.1666666666666664E-04  6.8888888888888888E-03
   4.7222222222222224E-04  6.1666666666666667E-03
   6.3888888888888893E-04  5.6388888888888895E-03
   9.7222222222222230E-04  5.1666666666666666E-03
   9.7222222222222230E-04  4.8055555555555551E-03
   1.0277777777777776E-03  4.5000000000000005E-03
   7.2222222222222219E-04  4.0277777777777777E-03
   5.5555555555555556E-04  3.7777777777777779E-03
   2.7777777777777779E-05  3.2222222222222222E-03
  -3.3333333333333332E-04  2.5555555555555557E-03
  -8.8888888888888893E-04  1.5000000000000000E-03
  -9.1666666666666676E-04  1.0277777777777776E-03
  -1.1388888888888889E-03  4.1666666666666664E-04
  -1.3333333333333333E-03 -8.3333333333333331E-05
  -1.5555555555555557E-03 -5.0000000000000001E-04
  -1.9166666666666668E-03 -1.0000000000000000E-03
  -2.0555555555555553E-03 -1.4166666666666666E-03
  -2.2500000000000003E-03 -1.8611111111111111E-03
  -2.6944444444444446E-03 -2.9166666666666664E-03
  -2.8333333333333331E-03 -3.3333333333333331E-03
  -2.8333333333333331E-03 -4.0277777777777777E-03
  -2.6388888888888890E-03 -4.3888888888888892E-03
  -2.4444444444444444E-03 -5.0555555555555553E-03
  -2.2777777777777779E-03 -5.8055555555555551E-03
  -2.2777777777777779E-03 -6.5833333333333334E-03
  -2.2500000000000003E-03 -7.2777777777777780E-03
  -2.0833333333333333E-03 -8.1944444444444434E-03
  -1.8611111111111111E-03 -8.9166666666666665E-03
  -1.4722222222222222E-03 -9.6944444444444430E-03
  -1.4444444444444444E-03 -1.0000000000000000E-02
  -1.2222222222222222E-03 -1.0666666666666666E-02
  -6.9444444444444447E-04 -1.1333333333333332E-02
  -2.5000000000000001E-04 -1.1916666666666666E-02
   2.2222222222222223E-04 -1.2472222222222223E-02
   5.2777777777777773E-04 -1.2833333333333334E-02
   9.7222222222222230E-04 -1.3361111111111110E-02
   1.4722222222222222E-03 -1.3833333333333333E-02
   1.9166666666666668E-03 -1.4277777777777778E-02
   2.6111111111111109E-03 -1.5222222222222224E-02
   2.8055555555555559E-03 -1.5333333333333334E-02
   3.0277777777777777E-03 -1.5666666666666666E-02
   3.6111111111111114E-03 -1.6277777777777776E-02
   4.3611111111111107E-03 -1.6694444444444442E-02
   5.3611111111111116E-03 -1.7222222222222222E-02
   6.0277777777777777E-03 -1.7805555555555557E-02
   6.5000000000000006E-03 -1.8361111111111113E-02
   6.8611111111111112E-03 -1.8750000000000003E-02
   7.1666666666666667E-03 -1.9194444444444445E-02
   7.5833333333333343E-03 -1.9694444444444445E-02
   7.9444444444444432E-03 -2.0000000000000000E-02
   8.5000000000000006E-03 -2.0555555555555556E-02
   9.0555555555555563E-03 -2.0833333333333332E-02
   9.6944444444444430E-03 -2.1111111111111112E-02
   1.0138888888888888E-02 -2.1388888888888888E-02
   1.0388888888888888E-02 -2.1444444444444447E-02
   1.1055555555555556E-02 -2.1472222222222222E-02
   1.1777777777777778E-02 -2.1472222222222222E-02
   1.2277777777777778E-02 -2.1444444444444447E-02
   1.2916666666666667E-02 -2.1444444444444447E-02
   1.3944444444444445E-02 -2.1500000000000002E-02
   1.5305555555555557E-02 -2.1916666666666668E-02
   1.6527777777777777E-02 -2.2194444444444447E-02
   1.7472222222222222E-02 -2.2444444444444447E-02
   1.8583333333333334E-02 -2.2777777777777775E-02
   1.9638888888888886E-02 -2.3111111111111110E-02
   2.0472222222222222E-02 -2.3333333333333331E-02
   2.1416666666666667E-02 -2.3722222222222221E-02
   2.2444444444444447E-02 -2.3916666666666666E-02
   2.3388888888888890E-02 -2.4166666666666666E-02
   2.4194444444444446E-02 -2.4333333333333332E-02
   2.4611111111111111E-02 -2.4361111111111111E-02
   2.4944444444444446E-02 -2.4361111111111111E-02
   2.5416666666666667E-02 -2.4388888888888891E-02
   2.5888888888888892E-02 -2.4500000000000001E-02
   2.6194444444444444E-02 -2.4611111111111111E-02
   2.6833333333333334E-02 -2.4805555555555556E-02
   2.7555555555555555E-02 -2.4944444444444446E-02
   2.8277777777777777E-02 -2.5027777777777777E-02
   2.8972222222222219E-02 -2.5027777777777777E-02
   2.9583333333333333E-02 -2.5138888888888891E-02
   3.0666666666666668E-02 -2.5388888888888891E-02
   3.1750000000000000E-02 -2.5722222222222223E-02
   3.2444444444444442E-02 -2.5750000000000002E-02
   3.3222222222222222E-02 -2.4888888888888891E-02
   3.4138888888888892E-02 -2.4888888888888891E-02
   3.4777777777777776E-02 -2.4972222222222222E-02
   3.6249999999999998E-02 -2.5305555555555557E-02
   3.7027777777777778E-02 -2.5444444444444447E-02
   3.7777777777777771E-02 -2.5722222222222223E-02
   3.8555555555555551E-02 -2.5888888888888892E-02
   3.9555555555555552E-02 -2.6194444444444444E-02
   4.0500000000000001E-02 -2.7222222222222221E-02
   4.1055555555555553E-02 -2.7833333333333335E-02
   4.1777777777777775E-02 -2.7972222222222218E-02
   4.2166666666666665E-02 -2.7972222222222218E-02
   4.2472222222222217E-02 -2.7833333333333335E-02
   4.2777777777777776E-02 -2.7638888888888890E-02
   4.3166666666666666E-02 -2.7555555555555555E-02
   4.3805555555555556E-02 -2.7472222222222221E-02
   4.4277777777777777E-02 -2.7444444444444445E-02
   4.4916666666666667E-02 -2.7583333333333335E-02
   4.5388888888888888E-02 -2.7777777777777776E-02
   4.5749999999999999E-02 -2.7944444444444445E-02
   4.6083333333333337E-02 -2.7972222222222218E-02
   4.6583333333333338E-02 -2.7944444444444445E-02
   4.6972222222222221E-02 -2.7833333333333335E-02
   4.7527777777777773E-02 -2.7694444444444445E-02
   4.7944444444444442E-02 -2.7694444444444445E-02
   4.8472222222222222E-02 -2.7777777777777776E-02
   4.8916666666666671E-02 -2.8000000000000001E-02
   5.0166666666666665E-02 -2.8805555555555553E-02
   5.0749999999999997E-02 -2.8944444444444446E-02
   5.1694444444444446E-02 -2.9277777777777778E-02
   5.2638888888888888E-02 -2.9527777777777778E-02
   5.3388888888888895E-02 -2.9611111111111112E-02
   5.3888888888888889E-02 -2.9611111111111112E-02
   5.4777777777777779E-02 -2.8333333333333335E-02
   5.5805555555555553E-02 -2.8194444444444442E-02
   5.6444444444444443E-02 -2.8166666666666666E-02
   5.7666666666666672E-02 -2.8083333333333332E-02
   5.8194444444444451E-02 -2.8027777777777776E-02
   5.8750000000000004E-02 -2.7861111111111107E-02
   5.9805555555555556E-02 -2.7833333333333335E-02
   6.0249999999999998E-02 -2.7861111111111107E-02
   6.1166666666666668E-02 -2.8277777777777777E-02
   6.3277777777777780E-02 -2.8527777777777777E-02
   6.4583333333333340E-02 -2.8638888888888887E-02
   6.5388888888888885E-02 -2.8833333333333336E-02
   6.5944444444444444E-02 -2.9027777777777777E-02
   6.6805555555555562E-02 -2.9055555555555557E-02
   6.7055555555555563E-02 -2.8972222222222219E-02
   6.7583333333333329E-02 -2.8805555555555553E-02
   6.8361111111111109E-02 -2.8749999999999998E-02
   6.9083333333333330E-02 -2.8805555555555553E-02
   6.9499999999999992E-02 -2.9083333333333333E-02
   7.0416666666666669E-02 -3.0527777777777779E-02
   7.0833333333333331E-02 -3.0722222222222224E-02
   7.1527777777777787E-02 -3.1083333333333334E-02
   7.2194444444444450E-02 -3.1361111111111110E-02
   7.2749999999999995E-02 -3.1111111111111114E-02
   7.3166666666666658E-02 -3.0972222222222220E-02
   7.3805555555555555E-02 -3.0750000000000000E-02
   7.4694444444444452E-02 -3.0666666666666668E-02
   7.5555555555555542E-02 -3.0500000000000003E-02
   7.5749999999999998E-02 -3.0361111111111110E-02
   7.6416666666666661E-02 -3.0027777777777778E-02
   7.7194444444444441E-02 -2.9000000000000001E-02
   7.8027777777777779E-02 -2.9055555555555557E-02
   7.8916666666666677E-02 -2.9305555555555553E-02
   7.9583333333333339E-02 -2.9472222222222219E-02
   8.0638888888888885E-02 -2.9472222222222219E-02
   8.1249999999999989E-02 -2.9333333333333336E-02
   8.1777777777777783E-02 -2.9222222222222222E-02
   8.2611111111111121E-02 -2.9361111111111109E-02
   8.4805555555555551E-02 -2.9583333333333333E-02
   8.5666666666666669E-02 -2.9583333333333333E-02
   8.6888888888888891E-02 -2.9611111111111112E-02
   8.7583333333333332E-02 -2.9500000000000002E-02
   8.8277777777777774E-02 -2.9444444444444447E-02
   8.9166666666666672E-02 -2.9416666666666664E-02
   8.9861111111111114E-02 -2.9416666666666664E-02
   9.0611111111111114E-02 -2.9527777777777778E-02
   9.1138888888888894E-02 -2.9833333333333337E-02
   9.1416666666666660E-02 -3.0055555555555558E-02
   9.1805555555555557E-02 -3.0194444444444444E-02
   9.2527777777777778E-02 -3.0166666666666668E-02
   9.2749999999999999E-02 -2.9972222222222220E-02
   9.2972222222222220E-02 -2.9833333333333337E-02
   9.3333333333333324E-02 -2.9805555555555554E-02
   9.4111111111111104E-02 -2.9805555555555554E-02
   9.4777777777777780E-02 -2.9888888888888892E-02
   9.5166666666666677E-02 -2.9972222222222220E-02
   9.5611111111111119E-02 -3.0083333333333333E-02
