   8.4722222222222213E-03  1.0888888888888889E-02
   8.1388888888888882E-03  1.0611111111111111E-02
   7.8888888888888880E-03  1.0472222222222223E-02
   7.4722222222222230E-03  1.0388888888888888E-02
   7.2222222222222228E-03  1.0194444444444443E-02
   6.8888888888888888E-03  1.0388888888888888E-02
   6.6944444444444438E-03  1.0583333333333333E-02
   6.4722222222222230E-03  1.0750000000000001E-02
   6.1944444444444443E-03  1.0861111111111111E-02
   5.8333333333333327E-03  1.0861111111111111E-02
   5.7499999999999999E-03  1.0611111111111111E-02
   5.4722222222222221E-03  1.0111111111111111E-02
   5.2777777777777779E-03  9.7777777777777776E-03
   5.1666666666666666E-03  9.3888888888888893E-03
   4.8888888888888888E-03  9.3888888888888893E-03
   4.1388888888888890E-03  8.8888888888888889E-03
   3.6666666666666670E-03  8.8888888888888889E-03
   3.2500000000000003E-03  8.8611111111111113E-03
   3.0277777777777777E-03  8.5833333333333334E-03
   2.8888888888888888E-03  8.3611111111111108E-03
   2.8055555555555559E-03  8.2222222222222210E-03
   2.5555555555555557E-03  7.9166666666666656E-03
   2.0833333333333333E-03  7.8888888888888880E-03
   1.1944444444444444E-03  7.9166666666666656E-03
   8.0555555555555556E-04  7.9166666666666656E-03
   7.7777777777777784E-04  8.1944444444444434E-03
   5.8333333333333338E-04  8.4444444444444437E-03
   4.4444444444444447E-04  8.9722222222222217E-03
   5.5555555555555558E-05  9.4444444444444445E-03
  -5.5555555555555556E-04  9.7500000000000000E-03
  -1.3333333333333333E-03  9.8055555555555552E-03
  -2.2222222222222222E-03  9.9444444444444433E-03
  -2.8055555555555559E-03  1.0027777777777778E-02
  -3.1388888888888890E-03  1.0055555555555555E-02
  -3.1111111111111114E-03  1.0944444444444444E-02
  -3.4722222222222220E-03  1.1861111111111110E-02
  -3.6111111111111114E-03  1.2250000000000000E-02
  -3.8055555555555559E-03  1.2583333333333334E-02
  -4.2500000000000003E-03  1.2916666666666667E-02
  -4.9722222222222216E-03  1.3055555555555555E-02
  -5.5833333333333334E-03  1.3083333333333332E-02
  -6.3333333333333332E-03  1.3000000000000001E-02
  -6.5555555555555549E-03  1.2750000000000001E-02
  -6.8055555555555551E-03  1.2083333333333333E-02
  -7.0555555555555554E-03  1.1222222222222224E-02
  -7.5000000000000006E-03  1.0305555555555556E-02
  -7.4722222222222230E-03  9.6388888888888878E-03
  -7.4722222222222230E-03  8.9722222222222217E-03
  -7.1388888888888891E-03  8.4722222222222213E-03
  -6.6944444444444438E-03  7.7777777777777784E-03
  -6.5000000000000006E-03  7.3611111111111117E-03
  -6.2777777777777780E-03  6.8055555555555551E-03
  -6.0277777777777777E-03  6.3888888888888893E-03
  -6.0277777777777777E-03  5.8333333333333327E-03
  -6.2500000000000003E-03  5.1666666666666666E-03
  -6.6111111111111110E-03  4.7222222222222223E-03
  -7.0555555555555554E-03  4.3333333333333331E-03
  -7.5833333333333343E-03  3.9444444444444440E-03
  -7.8888888888888880E-03  3.5000000000000001E-03
  -8.0555555555555554E-03  3.0555555555555557E-03
  -7.8611111111111104E-03  2.1111111111111109E-03
  -7.6944444444444447E-03  1.4166666666666666E-03
  -7.4722222222222230E-03  6.9444444444444447E-04
  -7.3888888888888893E-03  3.6111111111111109E-04
  -7.1944444444444443E-03 -5.5555555555555558E-05
  -6.9722222222222225E-03 -1.0277777777777776E-03
  -6.8888888888888888E-03 -1.4722222222222222E-03
  -6.7222222222222223E-03 -1.8888888888888890E-03
  -6.5277777777777773E-03 -3.0000000000000001E-03
  -6.3055555555555556E-03 -4.0833333333333329E-03
  -6.0555555555555553E-03 -4.7777777777777775E-03
  -5.8055555555555551E-03 -5.3888888888888892E-03
  -5.3888888888888892E-03 -6.0000000000000001E-03
  -5.1666666666666666E-03 -6.4444444444444445E-03
  -4.8888888888888888E-03 -6.7777777777777775E-03
  -4.7500000000000007E-03 -6.9444444444444441E-03
  -4.5833333333333334E-03 -7.7500000000000008E-03
  -4.3055555555555555E-03 -8.6388888888888887E-03
  -4.0277777777777777E-03 -9.3055555555555565E-03
  -3.5000000000000001E-03 -9.9722222222222226E-03
  -3.2222222222222222E-03 -1.0305555555555556E-02
  -2.7777777777777779E-03 -1.0666666666666666E-02
  -2.5000000000000001E-03 -1.1000000000000001E-02
  -2.3611111111111111E-03 -1.1277777777777779E-02
  -1.9722222222222220E-03 -1.2194444444444445E-02
  -1.7500000000000000E-03 -1.2666666666666666E-02
  -1.2222222222222222E-03 -1.3638888888888888E-02
  -5.0000000000000001E-04 -1.4388888888888889E-02
  -3.6111111111111109E-04 -1.4583333333333334E-02
   3.0555555555555555E-04 -1.5083333333333334E-02
   8.3333333333333328E-04 -1.5500000000000002E-02
   1.1388888888888889E-03 -1.5777777777777776E-02
   1.0277777777777776E-03 -1.6166666666666666E-02
   8.0555555555555556E-04 -1.6638888888888887E-02
   7.7777777777777784E-04 -1.7111111111111112E-02
   9.4444444444444448E-04 -1.7583333333333333E-02
   1.1666666666666668E-03 -1.8027777777777778E-02
   1.6666666666666666E-03 -1.8583333333333334E-02
   1.6944444444444444E-03 -1.8805555555555558E-02
   2.1388888888888890E-03 -1.9361111111111110E-02
   2.7222222222222222E-03 -2.0111111111111111E-02
   2.9722222222222220E-03 -2.0500000000000001E-02
   3.5833333333333333E-03 -2.1250000000000002E-02
   4.1388888888888890E-03 -2.1888888888888888E-02
   4.6388888888888894E-03 -2.2361111111111113E-02
   4.8888888888888888E-03 -2.2583333333333330E-02
   5.4722222222222221E-03 -2.2611111111111110E-02
   5.8888888888888888E-03 -2.2611111111111110E-02
   6.4444444444444445E-03 -2.2805555555555555E-02
   6.9722222222222225E-03 -2.2805555555555555E-02
   7.4444444444444445E-03 -2.2611111111111110E-02
   7.7500000000000008E-03 -2.2388888888888889E-02
   7.9722222222222208E-03 -2.2222222222222223E-02
   8.6388888888888887E-03 -2.2277777777777778E-02
   9.2222222222222219E-03 -2.2361111111111113E-02
   9.7500000000000000E-03 -2.2333333333333334E-02
   1.0083333333333333E-02 -2.2388888888888889E-02
   1.0666666666666666E-02 -2.2388888888888889E-02
   1.1805555555555555E-02 -2.3472222222222221E-02
   1.2500000000000001E-02 -2.3583333333333331E-02
   1.2611111111111111E-02 -2.3611111111111110E-02
   1.3194444444444444E-02 -2.3916666666666666E-02
   1.3527777777777777E-02 -2.4083333333333332E-02
   1.3805555555555555E-02 -2.4194444444444446E-02
   1.4500000000000001E-02 -2.4638888888888891E-02
   1.5305555555555557E-02 -2.4611111111111111E-02
   1.6166666666666666E-02 -2.4833333333333332E-02
   1.6972222222222222E-02 -2.5055555555555557E-02
   1.7611111111111112E-02 -2.5277777777777777E-02
   1.8055555555555557E-02 -2.5416666666666667E-02
   1.8361111111111113E-02 -2.5750000000000002E-02
   1.8777777777777779E-02 -2.6444444444444444E-02
   1.8916666666666668E-02 -2.6666666666666665E-02
   1.9111111111111110E-02 -2.7055555555555555E-02
   1.9277777777777776E-02 -2.7472222222222221E-02
   1.9527777777777776E-02 -2.7583333333333335E-02
   2.0138888888888887E-02 -2.7777777777777776E-02
   2.0833333333333332E-02 -2.7833333333333335E-02
   2.1583333333333333E-02 -2.7777777777777776E-02
   2.1916666666666668E-02 -2.7555555555555555E-02
   2.1972222222222223E-02 -2.7333333333333334E-02
   2.1972222222222223E-02 -2.7333333333333334E-02
   2.2277777777777778E-02 -2.7027777777777776E-02
   2.2583333333333330E-02 -2.7250000000000000E-02
   2.3333333333333331E-02 -2.7833333333333335E-02
   2.3444444444444445E-02 -2.7972222222222218E-02
   2.3805555555555555E-02 -2.8249999999999997E-02
   2.4111111111111111E-02 -2.8333333333333335E-02
   2.4805555555555556E-02 -2.8333333333333335E-02
   2.5222222222222222E-02 -2.8222222222222221E-02
   2.5972222222222223E-02 -2.7972222222222218E-02
   2.6638888888888889E-02 -2.7666666666666666E-02
   2.7361111111111110E-02 -2.7277777777777776E-02
   2.7833333333333335E-02 -2.7055555555555555E-02
   2.8222222222222221E-02 -2.6722222222222220E-02
   2.8555555555555556E-02 -2.6416666666666665E-02
   2.9055555555555557E-02 -2.6416666666666665E-02
   2.9611111111111112E-02 -2.6388888888888889E-02
   3.0444444444444448E-02 -2.6111111111111109E-02
   3.0722222222222224E-02 -2.6000000000000002E-02
   3.1138888888888890E-02 -2.5861111111111112E-02
   3.1472222222222221E-02 -2.5972222222222223E-02
   3.1972222222222221E-02 -2.6499999999999999E-02
   3.2333333333333332E-02 -2.6722222222222220E-02
   3.2694444444444443E-02 -2.6944444444444444E-02
   3.3555555555555554E-02 -2.7194444444444445E-02
   3.4500000000000003E-02 -2.7444444444444445E-02
   3.4944444444444445E-02 -2.7555555555555555E-02
   3.5472222222222224E-02 -2.7555555555555555E-02
   3.5805555555555556E-02 -2.7388888888888890E-02
   3.6222222222222225E-02 -2.7138888888888889E-02
   3.6722222222222226E-02 -2.6944444444444444E-02
   3.7055555555555557E-02 -2.6944444444444444E-02
   3.7805555555555558E-02 -2.6944444444444444E-02
   3.8083333333333330E-02 -2.7166666666666665E-02
   3.8500000000000006E-02 -2.7416666666666666E-02
   3.8916666666666669E-02 -2.7638888888888890E-02
   3.9250000000000000E-02 -2.7888888888888890E-02
   3.9777777777777773E-02 -2.8388888888888891E-02
   4.0416666666666670E-02 -2.8805555555555553E-02
   4.1416666666666671E-02 -2.9222222222222222E-02
   4.2361111111111106E-02 -2.9388888888888891E-02
   4.3277777777777776E-02 -2.9444444444444447E-02
   4.3638888888888887E-02 -2.9444444444444447E-02
   4.4194444444444446E-02 -2.9027777777777777E-02
   4.4305555555555556E-02 -2.8833333333333336E-02
   4.4416666666666667E-02 -2.8666666666666667E-02
   4.4611111111111108E-02 -2.8500000000000001E-02
   4.5166666666666661E-02 -2.8638888888888887E-02
   4.5611111111111109E-02 -2.8944444444444446E-02
   4.6138888888888889E-02 -2.9277777777777778E-02
   4.6777777777777779E-02 -2.9583333333333333E-02
   4.6833333333333331E-02 -2.9694444444444443E-02
   4.7222222222222221E-02 -2.9972222222222220E-02
   4.7555555555555552E-02 -3.0138888888888889E-02
   4.8111111111111111E-02 -2.9888888888888892E-02
   4.8583333333333339E-02 -2.9388888888888891E-02
   4.9111111111111112E-02 -2.8888888888888891E-02
   4.9388888888888892E-02 -2.8583333333333332E-02
   4.9694444444444451E-02 -2.8277777777777777E-02
   5.0194444444444444E-02 -2.8166666666666666E-02
   5.0527777777777776E-02 -2.8194444444444442E-02
   5.1055555555555555E-02 -2.8305555555555553E-02
   5.1277777777777783E-02 -2.8222222222222221E-02
   5.1638888888888887E-02 -2.7833333333333335E-02
   5.2138888888888887E-02 -2.8194444444444442E-02
   5.2999999999999999E-02 -2.8305555555555553E-02
   5.3916666666666661E-02 -2.8333333333333335E-02
   5.5249999999999994E-02 -2.8416666666666663E-02
   5.6305555555555560E-02 -2.8444444444444446E-02
   5.7499999999999996E-02 -2.8472222222222218E-02
   5.8277777777777776E-02 -2.8472222222222218E-02
   5.9388888888888887E-02 -2.8611111111111111E-02
   6.0388888888888888E-02 -2.8749999999999998E-02
   6.1138888888888888E-02 -2.8888888888888891E-02
   6.1722222222222220E-02 -2.8944444444444446E-02
   6.3277777777777780E-02 -2.9027777777777777E-02
   6.3944444444444443E-02 -2.9000000000000001E-02
   6.5805555555555548E-02 -2.8916666666666663E-02
   6.6722222222222224E-02 -2.8777777777777777E-02
   6.7444444444444446E-02 -2.8722222222222222E-02
   6.7944444444444446E-02 -2.8611111111111111E-02
   6.9111111111111109E-02 -2.8555555555555556E-02
   6.9472222222222213E-02 -2.8555555555555556E-02
   7.0694444444444449E-02 -2.8555555555555556E-02
   7.1222222222222228E-02 -2.8583333333333332E-02
   7.2666666666666671E-02 -2.8611111111111111E-02
   7.3277777777777775E-02 -2.8611111111111111E-02
   7.4277777777777776E-02 -2.8694444444444443E-02
   7.5361111111111115E-02 -2.8916666666666663E-02
   7.5805555555555557E-02 -2.9027777777777777E-02
   7.6749999999999999E-02 -2.9055555555555557E-02
   7.7166666666666661E-02 -2.9027777777777777E-02
   7.7972222222222221E-02 -2.8944444444444446E-02
   7.8694444444444456E-02 -2.8749999999999998E-02
   7.9277777777777780E-02 -2.8749999999999998E-02
   8.0111111111111105E-02 -2.8888888888888891E-02
   8.0666666666666664E-02 -2.9166666666666667E-02
   8.1249999999999989E-02 -2.9500000000000002E-02
   8.1777777777777783E-02 -2.9833333333333337E-02
   8.2444444444444445E-02 -3.0194444444444444E-02
   8.2750000000000004E-02 -3.0305555555555554E-02
   8.3833333333333329E-02 -3.0138888888888889E-02
   8.4333333333333330E-02 -3.0027777777777778E-02
   8.4861111111111109E-02 -2.9972222222222220E-02
   8.5805555555555552E-02 -3.0083333333333333E-02
   8.6305555555555566E-02 -3.0222222222222223E-02
   8.7277777777777774E-02 -3.0249999999999999E-02
   8.7749999999999995E-02 -3.0249999999999999E-02
   8.8333333333333333E-02 -3.0249999999999999E-02
   8.9499999999999996E-02 -3.0249999999999999E-02
   9.0249999999999997E-02 -3.0222222222222223E-02
   9.1027777777777777E-02 -3.0166666666666668E-02
   9.2222222222222219E-02 -3.0138888888888889E-02
   9.3027777777777779E-02 -3.0138888888888889E-02
   9.3916666666666676E-02 -3.0277777777777778E-02
   9.4666666666666663E-02 -3.0305555555555554E-02
   9.5527777777777781E-02 -3.0416666666666665E-02
   9.6638888888888885E-02 -3.0805555555555555E-02
   9.7277777777777769E-02 -3.1277777777777772E-02
   9.7694444444444445E-02 -3.1361111111111110E-02
   9.8305555555555563E-02 -3.1388888888888883E-02
   9.8833333333333329E-02 -3.1000000000000003E-02
   0.1000555555555556     -3.0583333333333334E-02
   0.1007222222222222     -3.0583333333333334E-02
   0.1017222222222222     -3.1027777777777779E-02
   0.1025555555555556     -3.1194444444444445E-02
   0.1034166666666667     -3.1277777777777772E-02
   0.1038055555555556     -3.1083333333333334E-02
   0.1044722222222222     -3.0888888888888893E-02
   0.1052500000000000     -3.0888888888888893E-02
   0.1065833333333333     -3.0861111111111110E-02
   0.1077500000000000     -3.0861111111111110E-02
   0.1083333333333333     -3.1166666666666662E-02
   0.1088888888888889     -3.1361111111111110E-02
   0.1096111111111111     -3.1916666666666670E-02
   0.1103611111111111     -3.2527777777777780E-02
   0.1110000000000000     -3.3194444444444443E-02
   0.1116944444444444     -3.3583333333333333E-02
   0.1125000000000000     -3.3833333333333333E-02
   0.1134166666666667     -3.3833333333333333E-02
   0.1143055555555556     -3.3611111111111112E-02
   0.1151666666666667     -3.3277777777777774E-02
   0.1155277777777778     -3.3000000000000002E-02
   0.1158888888888889     -3.2750000000000001E-02
   0.1163888888888889     -3.1611111111111111E-02
   0.1169166666666667     -3.1500000000000000E-02
   0.1175000000000000     -3.1416666666666669E-02
   0.1180000000000000     -3.1361111111111110E-02
   0.1191944444444445     -3.1361111111111110E-02
   0.1199166666666667     -3.1361111111111110E-02
   0.1213333333333333     -3.1388888888888883E-02
   0.1225000000000000     -3.1444444444444448E-02
   0.1234722222222222     -3.2500000000000001E-02
   0.1244722222222222     -3.2555555555555553E-02
   0.1253888888888889     -3.2611111111111112E-02
   0.1260000000000000     -3.2583333333333332E-02
   0.1270555555555556     -3.2583333333333332E-02
   0.1275555555555555     -3.2777777777777774E-02
   0.1279166666666667     -3.2805555555555560E-02
   0.1282500000000000     -3.2944444444444443E-02
   0.1288888888888889     -3.3194444444444443E-02
   0.1297777777777778     -3.3555555555555554E-02
   0.1311944444444444     -3.3583333333333333E-02
   0.1323055555555556     -3.3527777777777781E-02
   0.1336111111111111     -3.3388888888888885E-02
   0.1341666666666667     -3.3333333333333333E-02
   0.1351666666666667     -3.3305555555555560E-02
   0.1360555555555555     -3.3277777777777774E-02
   0.1371388888888889     -3.3416666666666671E-02
   0.1383333333333333     -3.3527777777777781E-02
   0.1394722222222222     -3.3527777777777781E-02
   0.1405833333333333     -3.3472222222222223E-02
   0.1419166666666667     -3.3416666666666671E-02
   0.1424722222222222     -3.3416666666666671E-02
   0.1434722222222222     -3.3333333333333333E-02
   0.1447777777777778     -3.3333333333333333E-02
   0.1461666666666667     -3.3583333333333333E-02
   0.1477222222222222     -3.3777777777777775E-02
   0.1483611111111111     -3.3777777777777775E-02
   0.1497222222222222     -3.3861111111111113E-02
   0.1502777777777778     -3.3916666666666671E-02
   0.1515833333333333     -3.4111111111111113E-02
   0.1519722222222222     -3.4250000000000003E-02
   0.1526944444444444     -3.4472222222222224E-02
   0.1532500000000000     -3.4611111111111113E-02
   0.1535555555555556     -3.4638888888888886E-02
   0.1543888888888889     -3.4861111111111107E-02
   0.1550000000000000     -3.4972222222222217E-02
   0.1553888888888889     -3.4833333333333334E-02
   0.1559444444444444     -3.4472222222222224E-02
   0.1563055555555556     -3.4111111111111113E-02
   0.1570000000000000     -3.3888888888888885E-02
   0.1576666666666667     -3.3833333333333333E-02
   0.1585277777777778     -3.3805555555555561E-02
   0.1594166666666667     -3.3861111111111113E-02
   0.1601944444444444     -3.3944444444444444E-02
   0.1607500000000000     -3.3972222222222223E-02
   0.1615000000000000     -3.4194444444444444E-02
   0.1622777777777778     -3.4361111111111113E-02
   0.1631111111111111     -3.4583333333333334E-02
   0.1644166666666667     -3.5138888888888893E-02
   0.1649166666666667     -3.5250000000000004E-02
   0.1660555555555555     -3.5555555555555556E-02
   0.1671944444444445     -3.5722222222222225E-02
   0.1679444444444445     -3.5888888888888887E-02
   0.1683888888888889     -3.5861111111111107E-02
   0.1687222222222222     -3.5444444444444445E-02
   0.1689444444444445     -3.5083333333333327E-02
   0.1694444444444444     -3.4527777777777775E-02
   0.1701944444444444     -3.4083333333333334E-02
   0.1711944444444445     -3.4027777777777782E-02
   0.1720000000000000     -3.4083333333333334E-02
   0.1730555555555556     -3.4166666666666665E-02
   0.1738333333333333     -3.4111111111111113E-02
   0.1743888888888889     -3.3916666666666671E-02
   0.1748611111111111     -3.3888888888888885E-02
   0.1749722222222222     -3.3972222222222223E-02
   0.1760277777777778     -3.4305555555555554E-02
   0.1768333333333333     -3.4388888888888886E-02
   0.1776666666666667     -3.4444444444444444E-02
   0.1780277777777778     -3.4500000000000003E-02
   0.1793333333333333     -3.4666666666666665E-02
   0.1800833333333333     -3.4805555555555562E-02
   0.1809166666666667     -3.4916666666666672E-02
   0.1819166666666667     -3.4944444444444445E-02
   0.1826666666666666     -3.5111111111111114E-02
   0.1831944444444444     -3.5250000000000004E-02
   0.1840833333333333     -3.5555555555555556E-02
   0.1847222222222222     -3.5749999999999997E-02
   0.1856388888888889     -3.5944444444444446E-02
   0.1874722222222222     -3.6000000000000004E-02
   0.1881388888888889     -3.6027777777777777E-02
   0.1885555555555556     -3.5972222222222218E-02
   0.1896111111111111     -3.5694444444444445E-02
   0.1906666666666667     -3.5527777777777776E-02
   0.1913888888888889     -3.5305555555555555E-02
   0.1921111111111111     -3.5194444444444445E-02
   0.1928055555555556     -3.5055555555555555E-02
   0.1935000000000000     -3.4916666666666672E-02
   0.1941666666666667     -3.4916666666666672E-02
   0.1949166666666667     -3.4666666666666665E-02
   0.1967777777777778     -3.4972222222222217E-02
   0.1981111111111111     -3.5138888888888893E-02
   0.1991944444444445     -3.5111111111111114E-02
   0.2002222222222222     -3.5333333333333335E-02
   0.2011666666666667     -3.5500000000000004E-02
   0.2025277777777778     -3.5611111111111114E-02
   0.2044722222222222     -3.5749999999999997E-02
   0.2049444444444445     -3.5972222222222218E-02
   0.2061111111111111     -3.6249999999999998E-02
   0.2069166666666667     -3.6472222222222218E-02
   0.2083333333333333     -3.6749999999999998E-02
   0.2096111111111111     -3.6944444444444446E-02
   0.2108055555555556     -3.6972222222222219E-02
   0.2115833333333333     -3.6777777777777777E-02
   0.2121388888888889     -3.6666666666666667E-02
   0.2128611111111111     -3.6666666666666667E-02
   0.2144166666666667     -3.6500000000000005E-02
   0.2150277777777778     -3.6333333333333336E-02
   0.2154166666666667     -3.5916666666666666E-02
   0.2162500000000000     -3.5611111111111114E-02
   0.2166388888888889     -3.5583333333333335E-02
   0.2173611111111111     -3.5944444444444446E-02
   0.2191944444444444     -3.7416666666666668E-02
   0.2204166666666667     -3.7611111111111116E-02
   0.2212777777777778     -3.7638888888888888E-02
   0.2222777777777778     -3.7777777777777771E-02
   0.2241666666666667     -3.8083333333333330E-02
   0.2254722222222222     -3.8138888888888889E-02
   0.2265277777777778     -3.8222222222222220E-02
   0.2276944444444444     -3.8305555555555558E-02
   0.2293055555555556     -3.8388888888888889E-02
   0.2308888888888889     -3.8361111111111110E-02
   0.2315555555555556     -3.8333333333333330E-02
   0.2330833333333333     -3.7944444444444447E-02
   0.2345277777777778     -3.7388888888888888E-02
   0.2357222222222222     -3.7138888888888888E-02
   0.2361388888888889     -3.6833333333333336E-02
   0.2365833333333333     -3.6472222222222218E-02
   0.2371111111111111     -3.5805555555555556E-02
