   2.2222222222222222E-03  4.4722222222222221E-03
   1.8055555555555557E-03  4.3611111111111107E-03
   1.5833333333333333E-03  4.1666666666666666E-03
   1.3611111111111111E-03  4.1111111111111105E-03
   1.0833333333333333E-03  4.0555555555555553E-03
   6.9444444444444447E-04  3.9722222222222216E-03
   3.8888888888888892E-04  3.8333333333333336E-03
   2.7777777777777779E-05  3.8333333333333336E-03
  -6.1111111111111110E-04  3.7777777777777779E-03
  -1.1666666666666668E-03  3.6666666666666670E-03
  -1.8888888888888890E-03  3.5277777777777777E-03
  -2.0833333333333333E-03  3.4722222222222220E-03
  -2.5000000000000001E-03  3.2500000000000003E-03
  -2.9722222222222220E-03  2.9444444444444444E-03
  -3.3333333333333331E-03  2.5833333333333333E-03
  -3.5555555555555557E-03  2.3333333333333335E-03
  -3.8611111111111116E-03  2.0000000000000000E-03
  -4.1666666666666666E-03  1.5833333333333333E-03
  -4.4166666666666668E-03  1.0833333333333333E-03
  -4.6666666666666671E-03  7.5000000000000002E-04
  -4.9166666666666664E-03  2.5000000000000001E-04
  -5.2222222222222218E-03 -2.7777777777777779E-05
  -5.6388888888888895E-03 -4.4444444444444447E-04
  -6.0277777777777777E-03 -8.0555555555555556E-04
  -6.4444444444444445E-03 -1.1388888888888889E-03
  -6.6944444444444438E-03 -2.2777777777777779E-03
  -7.1388888888888891E-03 -2.8055555555555559E-03
  -7.7222222222222232E-03 -3.3333333333333331E-03
  -8.1388888888888882E-03 -3.6944444444444446E-03
  -8.8611111111111113E-03 -4.2777777777777779E-03
  -9.1666666666666667E-03 -4.5277777777777781E-03
  -9.6111111111111102E-03 -4.8888888888888888E-03
  -1.0055555555555555E-02 -5.1666666666666666E-03
  -1.0361111111111111E-02 -5.5000000000000005E-03
  -1.0666666666666666E-02 -5.8055555555555551E-03
  -1.0750000000000001E-02 -6.0277777777777777E-03
  -1.0750000000000001E-02 -6.4444444444444445E-03
  -1.0638888888888889E-02 -6.6666666666666662E-03
  -1.0250000000000000E-02 -7.0833333333333338E-03
  -1.0194444444444443E-02 -7.2222222222222228E-03
  -9.8055555555555552E-03 -7.5000000000000006E-03
  -9.4444444444444445E-03 -7.7500000000000008E-03
  -9.4166666666666669E-03 -7.6666666666666671E-03
  -9.1388888888888891E-03 -7.7500000000000008E-03
  -8.5555555555555558E-03 -7.9166666666666656E-03
  -8.4444444444444437E-03 -8.0000000000000002E-03
  -8.2777777777777780E-03 -8.1666666666666658E-03
  -8.1111111111111106E-03 -8.3888888888888884E-03
  -7.8888888888888880E-03 -8.7500000000000008E-03
  -7.7500000000000008E-03 -9.1388888888888891E-03
  -7.6666666666666671E-03 -9.3888888888888893E-03
  -7.6111111111111119E-03 -9.8611111111111104E-03
  -7.5000000000000006E-03 -1.0277777777777778E-02
  -7.3333333333333341E-03 -1.0611111111111111E-02
  -7.1666666666666667E-03 -1.0944444444444444E-02
  -6.9166666666666664E-03 -1.1194444444444444E-02
  -6.4166666666666669E-03 -1.1666666666666665E-02
  -5.9444444444444440E-03 -1.1083333333333334E-02
  -5.6111111111111119E-03 -1.1277777777777779E-02
  -5.2500000000000003E-03 -1.1500000000000000E-02
  -5.0833333333333329E-03 -1.1722222222222222E-02
  -4.7222222222222223E-03 -1.2083333333333333E-02
  -4.5000000000000005E-03 -1.2333333333333333E-02
  -4.2777777777777779E-03 -1.2583333333333334E-02
  -3.9722222222222216E-03 -1.2888888888888889E-02
  -3.7500000000000003E-03 -1.3250000000000000E-02
  -3.3333333333333331E-03 -1.3750000000000000E-02
  -2.8611111111111111E-03 -1.4333333333333333E-02
  -2.2500000000000003E-03 -1.4888888888888889E-02
  -2.1388888888888890E-03 -1.5027777777777779E-02
  -1.6111111111111111E-03 -1.5500000000000002E-02
  -1.2222222222222222E-03 -1.5805555555555555E-02
  -8.6111111111111110E-04 -1.6083333333333331E-02
  -2.2222222222222223E-04 -1.6583333333333332E-02
   1.9444444444444446E-04 -1.6833333333333332E-02
   7.7777777777777784E-04 -1.7027777777777777E-02
   1.3611111111111111E-03 -1.7250000000000001E-02
   2.2222222222222222E-03 -1.7500000000000002E-02
   2.6666666666666666E-03 -1.7638888888888888E-02
   3.3333333333333331E-03 -1.7722222222222223E-02
   3.8333333333333336E-03 -1.7777777777777778E-02
   4.2500000000000003E-03 -1.7833333333333333E-02
   4.7222222222222223E-03 -1.7944444444444443E-02
   5.2500000000000003E-03 -1.8000000000000002E-02
   5.7499999999999999E-03 -1.8111111111111113E-02
   6.4166666666666669E-03 -1.8333333333333333E-02
   6.8888888888888888E-03 -1.8250000000000002E-02
   7.4444444444444445E-03 -1.8083333333333333E-02
   7.9444444444444432E-03 -1.8083333333333333E-02
   8.4444444444444437E-03 -1.8138888888888888E-02
   8.8888888888888889E-03 -1.8250000000000002E-02
   9.0000000000000011E-03 -1.8333333333333333E-02
   8.6666666666666663E-03 -1.8750000000000003E-02
   8.6388888888888887E-03 -1.9027777777777779E-02
   8.8333333333333337E-03 -1.9138888888888886E-02
   9.2500000000000013E-03 -1.9277777777777776E-02
   9.6111111111111102E-03 -1.9361111111111110E-02
   1.0166666666666666E-02 -1.9500000000000000E-02
   1.0916666666666667E-02 -1.9611111111111110E-02
   1.1611111111111110E-02 -1.9833333333333331E-02
   1.2083333333333333E-02 -1.9972222222222221E-02
   1.2527777777777778E-02 -2.0194444444444445E-02
   1.3305555555555555E-02 -2.0861111111111112E-02
   1.3916666666666667E-02 -2.0805555555555556E-02
   1.4388888888888889E-02 -2.0694444444444446E-02
   1.4666666666666668E-02 -2.0611111111111111E-02
   1.5305555555555557E-02 -2.0611111111111111E-02
   1.5888888888888886E-02 -2.0750000000000001E-02
   1.6583333333333332E-02 -2.0750000000000001E-02
   1.7305555555555557E-02 -2.0750000000000001E-02
   1.7916666666666668E-02 -2.0750000000000001E-02
   1.8555555555555558E-02 -2.0805555555555556E-02
   1.9027777777777779E-02 -2.1000000000000001E-02
   1.9444444444444445E-02 -2.1111111111111112E-02
   2.0250000000000001E-02 -2.1194444444444446E-02
   2.0916666666666667E-02 -2.1361111111111112E-02
   2.1555555555555557E-02 -2.1416666666666667E-02
   2.2055555555555557E-02 -2.1416666666666667E-02
   2.2861111111111110E-02 -2.1388888888888888E-02
   2.3166666666666665E-02 -2.1472222222222222E-02
   2.3805555555555555E-02 -2.1777777777777778E-02
   2.4000000000000000E-02 -2.1972222222222223E-02
   2.4305555555555556E-02 -2.2222222222222223E-02
   2.4583333333333332E-02 -2.2305555555555558E-02
   2.5111111111111112E-02 -2.2500000000000003E-02
   2.5472222222222222E-02 -2.2611111111111110E-02
   2.5666666666666667E-02 -2.2638888888888889E-02
   2.6194444444444444E-02 -2.2500000000000003E-02
   2.6583333333333334E-02 -2.2444444444444447E-02
   2.7027777777777776E-02 -2.2333333333333334E-02
   2.7277777777777776E-02 -2.2333333333333334E-02
   2.7694444444444445E-02 -2.2277777777777778E-02
   2.8249999999999997E-02 -2.2277777777777778E-02
   2.8833333333333336E-02 -2.2250000000000002E-02
   2.9249999999999998E-02 -2.2222222222222223E-02
   2.9638888888888888E-02 -2.2250000000000002E-02
   3.0027777777777778E-02 -2.2277777777777778E-02
   3.0611111111111113E-02 -2.2333333333333334E-02
   3.1472222222222221E-02 -2.2472222222222223E-02
   3.1861111111111111E-02 -2.2694444444444444E-02
   3.2138888888888890E-02 -2.2833333333333330E-02
   3.2361111111111111E-02 -2.2972222222222220E-02
   3.3444444444444443E-02 -2.3583333333333331E-02
   3.3833333333333333E-02 -2.3666666666666666E-02
   3.4277777777777775E-02 -2.3805555555555555E-02
   3.4888888888888886E-02 -2.3833333333333331E-02
   3.5777777777777776E-02 -2.3861111111111111E-02
   3.6361111111111108E-02 -2.3833333333333331E-02
   3.6611111111111115E-02 -2.3777777777777776E-02
   3.6916666666666667E-02 -2.3666666666666666E-02
   3.7444444444444440E-02 -2.3555555555555555E-02
   3.7861111111111109E-02 -2.3500000000000000E-02
   3.8361111111111110E-02 -2.3444444444444445E-02
   3.8972222222222221E-02 -2.3527777777777776E-02
   3.9555555555555552E-02 -2.3583333333333331E-02
   4.0722222222222222E-02 -2.3861111111111111E-02
   4.1194444444444450E-02 -2.3944444444444445E-02
   4.1694444444444444E-02 -2.3972222222222221E-02
   4.2166666666666665E-02 -2.4055555555555556E-02
   4.2750000000000003E-02 -2.4194444444444446E-02
