   8.3333333333333332E-03  9.2194444444444433E-03
   8.1555555555555565E-03  9.2194444444444433E-03
   7.9777777777777781E-03  9.2194444444444433E-03
   7.7999999999999996E-03  9.2194444444444433E-03
   7.6250000000000007E-03  9.0416666666666666E-03
   7.4472222222222223E-03  9.0416666666666666E-03
   7.2694444444444438E-03  8.8638888888888882E-03
   7.0916666666666671E-03  8.8638888888888882E-03
   6.9138888888888896E-03  8.8638888888888882E-03
   6.7361111111111111E-03  8.8638888888888882E-03
   6.5611111111111113E-03  8.8638888888888882E-03
   6.3833333333333337E-03  8.8638888888888882E-03
   6.2055555555555553E-03  8.8638888888888882E-03
   6.0277777777777777E-03  9.0416666666666666E-03
   5.8500000000000002E-03  9.0416666666666666E-03
   5.6722222222222217E-03  9.2194444444444433E-03
   5.4972222222222219E-03  9.2194444444444433E-03
   5.3194444444444444E-03  9.3972222222222217E-03
   5.1416666666666659E-03  9.3972222222222217E-03
   4.9638888888888892E-03  9.5750000000000002E-03
   4.7861111111111116E-03  9.5750000000000002E-03
   4.6111111111111110E-03  9.7527777777777786E-03
   4.4333333333333334E-03  9.7527777777777786E-03
   4.2555555555555558E-03  9.7527777777777786E-03
   4.0777777777777783E-03  9.9277777777777784E-03
   3.8999999999999998E-03  9.9277777777777784E-03
   3.7222222222222223E-03  9.9277777777777784E-03
   3.5472222222222224E-03  9.9277777777777784E-03
   3.3694444444444444E-03  9.9277777777777784E-03
   3.1916666666666669E-03  9.9277777777777784E-03
   3.0138888888888889E-03  1.0105555555555555E-02
   2.8361111111111109E-03  1.0105555555555555E-02
   2.6583333333333333E-03  1.0105555555555555E-02
   2.4833333333333331E-03  1.0105555555555555E-02
   2.3055555555555555E-03  1.0105555555555555E-02
   2.1277777777777779E-03  1.0105555555555555E-02
   1.9499999999999999E-03  1.0105555555555555E-02
   1.7722222222222221E-03  9.9277777777777784E-03
   1.5944444444444443E-03  9.9277777777777784E-03
   1.4194444444444445E-03  9.9277777777777784E-03
   1.2416666666666665E-03  9.9277777777777784E-03
   1.0638888888888890E-03  9.9277777777777784E-03
   8.8611111111111106E-04  9.9277777777777784E-03
   7.0833333333333328E-04  9.9277777777777784E-03
   5.3055555555555549E-04  9.9277777777777784E-03
   3.5555555555555557E-04  1.0105555555555555E-02
   1.7777777777777779E-04  1.0105555555555555E-02
   0.0000000000000000E+00  1.0105555555555555E-02
  -1.7777777777777779E-04  1.0105555555555555E-02
  -3.5555555555555557E-04  1.0283333333333332E-02
  -5.3055555555555549E-04  1.0283333333333332E-02
  -7.0833333333333328E-04  1.0283333333333332E-02
  -8.8611111111111106E-04  1.0283333333333332E-02
  -1.0638888888888890E-03  1.0461111111111110E-02
  -1.2416666666666665E-03  1.0461111111111110E-02
  -1.4194444444444445E-03  1.0461111111111110E-02
  -1.5944444444444443E-03  1.0461111111111110E-02
  -1.7722222222222221E-03  1.0461111111111110E-02
  -1.9499999999999999E-03  1.0461111111111110E-02
  -2.1277777777777779E-03  1.0283333333333332E-02
  -2.3055555555555555E-03  1.0283333333333332E-02
  -2.4833333333333331E-03  1.0283333333333332E-02
  -2.6583333333333333E-03  1.0105555555555555E-02
  -2.8361111111111109E-03  9.9277777777777784E-03
  -3.0138888888888889E-03  9.7527777777777786E-03
  -3.0138888888888889E-03  9.5750000000000002E-03
  -3.0138888888888889E-03  9.3972222222222217E-03
  -3.0138888888888889E-03  9.2194444444444433E-03
  -3.0138888888888889E-03  9.0416666666666666E-03
  -2.8361111111111109E-03  8.8638888888888882E-03
  -2.8361111111111109E-03  8.6888888888888901E-03
  -2.8361111111111109E-03  8.5111111111111117E-03
  -2.8361111111111109E-03  8.3333333333333332E-03
  -3.0138888888888889E-03  8.1555555555555565E-03
  -3.1916666666666669E-03  7.9777777777777781E-03
  -3.3694444444444444E-03  7.7999999999999996E-03
  -3.1916666666666669E-03  7.6250000000000007E-03
  -3.1916666666666669E-03  7.4472222222222223E-03
  -3.1916666666666669E-03  7.2694444444444438E-03
  -3.1916666666666669E-03  7.0916666666666671E-03
  -3.1916666666666669E-03  6.9138888888888896E-03
  -3.3694444444444444E-03  6.9138888888888896E-03
  -3.5472222222222224E-03  6.9138888888888896E-03
  -3.7222222222222223E-03  6.9138888888888896E-03
  -3.8999999999999998E-03  6.7361111111111111E-03
  -4.0777777777777783E-03  6.7361111111111111E-03
  -4.2555555555555558E-03  6.7361111111111111E-03
  -4.4333333333333334E-03  6.7361111111111111E-03
  -4.6111111111111110E-03  6.5611111111111113E-03
  -4.7861111111111116E-03  6.5611111111111113E-03
  -4.9638888888888892E-03  6.5611111111111113E-03
  -5.1416666666666659E-03  6.5611111111111113E-03
  -5.3194444444444444E-03  6.5611111111111113E-03
  -5.4972222222222219E-03  6.5611111111111113E-03
  -5.6722222222222217E-03  6.3833333333333337E-03
  -5.8500000000000002E-03  6.3833333333333337E-03
  -6.0277777777777777E-03  6.2055555555555553E-03
  -6.2055555555555553E-03  6.0277777777777777E-03
  -6.3833333333333337E-03  6.0277777777777777E-03
  -6.5611111111111113E-03  5.8500000000000002E-03
  -6.5611111111111113E-03  5.6722222222222217E-03
  -6.7361111111111111E-03  5.4972222222222219E-03
  -6.7361111111111111E-03  5.3194444444444444E-03
  -6.7361111111111111E-03  5.1416666666666659E-03
  -6.9138888888888896E-03  4.9638888888888892E-03
  -6.9138888888888896E-03  4.7861111111111116E-03
  -6.9138888888888896E-03  4.6111111111111110E-03
  -6.9138888888888896E-03  4.4333333333333334E-03
  -6.9138888888888896E-03  4.2555555555555558E-03
  -6.7361111111111111E-03  4.0777777777777783E-03
  -6.7361111111111111E-03  3.8999999999999998E-03
  -6.7361111111111111E-03  3.7222222222222223E-03
  -6.7361111111111111E-03  3.5472222222222224E-03
  -6.7361111111111111E-03  3.3694444444444444E-03
  -6.7361111111111111E-03  3.1916666666666669E-03
  -6.5611111111111113E-03  3.0138888888888889E-03
  -6.5611111111111113E-03  2.8361111111111109E-03
  -6.3833333333333337E-03  2.6583333333333333E-03
  -6.3833333333333337E-03  2.4833333333333331E-03
  -6.2055555555555553E-03  2.3055555555555555E-03
  -6.0277777777777777E-03  2.1277777777777779E-03
  -6.0277777777777777E-03  1.9499999999999999E-03
  -6.0277777777777777E-03  1.7722222222222221E-03
  -6.0277777777777777E-03  1.5944444444444443E-03
  -6.0277777777777777E-03  1.4194444444444445E-03
  -6.2055555555555553E-03  1.4194444444444445E-03
  -6.3833333333333337E-03  1.4194444444444445E-03
  -6.5611111111111113E-03  1.4194444444444445E-03
  -6.7361111111111111E-03  1.4194444444444445E-03
  -6.9138888888888896E-03  1.4194444444444445E-03
  -7.0916666666666671E-03  1.5944444444444443E-03
  -7.2694444444444438E-03  1.5944444444444443E-03
  -7.4472222222222223E-03  1.7722222222222221E-03
  -7.6250000000000007E-03  1.7722222222222221E-03
  -7.7999999999999996E-03  1.7722222222222221E-03
  -7.9777777777777781E-03  1.9499999999999999E-03
  -8.1555555555555565E-03  2.1277777777777779E-03
  -8.3333333333333332E-03  2.1277777777777779E-03
  -8.5111111111111117E-03  2.1277777777777779E-03
  -8.6888888888888901E-03  2.3055555555555555E-03
  -8.8638888888888882E-03  2.3055555555555555E-03
  -9.0416666666666666E-03  2.3055555555555555E-03
  -9.2194444444444433E-03  2.3055555555555555E-03
  -9.3972222222222217E-03  2.3055555555555555E-03
  -9.5750000000000002E-03  2.3055555555555555E-03
  -9.7527777777777786E-03  2.3055555555555555E-03
  -9.9277777777777784E-03  2.1277777777777779E-03
  -1.0105555555555555E-02  2.1277777777777779E-03
  -1.0283333333333332E-02  2.1277777777777779E-03
  -1.0461111111111110E-02  1.9499999999999999E-03
  -1.0638888888888889E-02  1.9499999999999999E-03
  -1.0813888888888889E-02  1.7722222222222221E-03
  -1.0991666666666667E-02  1.7722222222222221E-03
  -1.1169444444444445E-02  1.5944444444444443E-03
  -1.1347222222222222E-02  1.4194444444444445E-03
  -1.1525000000000001E-02  1.2416666666666665E-03
  -1.1525000000000001E-02  1.0638888888888890E-03
  -1.1525000000000001E-02  8.8611111111111106E-04
  -1.1702777777777777E-02  7.0833333333333328E-04
  -1.1702777777777777E-02  5.3055555555555549E-04
  -1.1877777777777777E-02  3.5555555555555557E-04
  -1.1877777777777777E-02  1.7777777777777779E-04
  -1.1877777777777777E-02  0.0000000000000000E+00
  -1.1877777777777777E-02 -1.7777777777777779E-04
  -1.2055555555555555E-02 -3.5555555555555557E-04
  -1.2055555555555555E-02 -5.3055555555555549E-04
  -1.2055555555555555E-02 -7.0833333333333328E-04
  -1.2055555555555555E-02 -8.8611111111111106E-04
  -1.2055555555555555E-02 -1.0638888888888890E-03
  -1.2055555555555555E-02 -1.2416666666666665E-03
  -1.2055555555555555E-02 -1.4194444444444445E-03
  -1.1877777777777777E-02 -1.5944444444444443E-03
  -1.1877777777777777E-02 -1.7722222222222221E-03
  -1.1877777777777777E-02 -1.9499999999999999E-03
  -1.1702777777777777E-02 -1.9499999999999999E-03
  -1.1702777777777777E-02 -2.1277777777777779E-03
  -1.1525000000000001E-02 -2.3055555555555555E-03
  -1.1525000000000001E-02 -2.4833333333333331E-03
  -1.1347222222222222E-02 -2.6583333333333333E-03
  -1.1347222222222222E-02 -2.8361111111111109E-03
  -1.1169444444444445E-02 -2.8361111111111109E-03
  -1.1169444444444445E-02 -3.0138888888888889E-03
  -1.0991666666666667E-02 -3.1916666666666669E-03
  -1.0991666666666667E-02 -3.3694444444444444E-03
  -1.0813888888888889E-02 -3.3694444444444444E-03
  -1.0813888888888889E-02 -3.5472222222222224E-03
  -1.0638888888888889E-02 -3.7222222222222223E-03
  -1.0638888888888889E-02 -3.8999999999999998E-03
  -1.0461111111111110E-02 -4.0777777777777783E-03
  -1.0461111111111110E-02 -4.2555555555555558E-03
  -1.0283333333333332E-02 -4.4333333333333334E-03
  -1.0283333333333332E-02 -4.6111111111111110E-03
  -1.0105555555555555E-02 -4.7861111111111116E-03
  -9.9277777777777784E-03 -4.9638888888888892E-03
  -9.9277777777777784E-03 -5.1416666666666659E-03
  -9.7527777777777786E-03 -5.1416666666666659E-03
  -9.7527777777777786E-03 -5.3194444444444444E-03
  -9.5750000000000002E-03 -5.3194444444444444E-03
  -9.5750000000000002E-03 -5.4972222222222219E-03
  -9.3972222222222217E-03 -5.4972222222222219E-03
  -9.2194444444444433E-03 -5.4972222222222219E-03
  -9.0416666666666666E-03 -5.6722222222222217E-03
  -8.8638888888888882E-03 -5.6722222222222217E-03
  -8.6888888888888901E-03 -5.8500000000000002E-03
  -8.5111111111111117E-03 -5.8500000000000002E-03
  -8.3333333333333332E-03 -5.8500000000000002E-03
  -8.1555555555555565E-03 -6.0277777777777777E-03
  -7.9777777777777781E-03 -6.0277777777777777E-03
  -7.7999999999999996E-03 -6.2055555555555553E-03
  -7.6250000000000007E-03 -6.2055555555555553E-03
  -7.4472222222222223E-03 -6.2055555555555553E-03
  -7.2694444444444438E-03 -6.2055555555555553E-03
  -7.0916666666666671E-03 -6.3833333333333337E-03
  -6.9138888888888896E-03 -6.3833333333333337E-03
  -6.7361111111111111E-03 -6.5611111111111113E-03
  -6.5611111111111113E-03 -6.5611111111111113E-03
  -6.3833333333333337E-03 -6.7361111111111111E-03
  -6.2055555555555553E-03 -6.7361111111111111E-03
  -6.0277777777777777E-03 -6.9138888888888896E-03
  -6.0277777777777777E-03 -7.0916666666666671E-03
  -5.8500000000000002E-03 -7.2694444444444438E-03
  -5.8500000000000002E-03 -7.4472222222222223E-03
  -5.8500000000000002E-03 -7.6250000000000007E-03
  -5.8500000000000002E-03 -7.7999999999999996E-03
  -6.0277777777777777E-03 -7.9777777777777781E-03
  -6.0277777777777777E-03 -8.1555555555555565E-03
  -6.0277777777777777E-03 -8.3333333333333332E-03
  -6.0277777777777777E-03 -8.5111111111111117E-03
  -5.8500000000000002E-03 -8.6888888888888901E-03
  -5.8500000000000002E-03 -8.8638888888888882E-03
  -5.8500000000000002E-03 -9.0416666666666666E-03
  -5.6722222222222217E-03 -9.2194444444444433E-03
  -5.4972222222222219E-03 -9.3972222222222217E-03
  -5.4972222222222219E-03 -9.5750000000000002E-03
  -5.3194444444444444E-03 -9.7527777777777786E-03
  -5.3194444444444444E-03 -9.9277777777777784E-03
  -5.3194444444444444E-03 -1.0105555555555555E-02
  -5.3194444444444444E-03 -1.0283333333333332E-02
  -5.3194444444444444E-03 -1.0461111111111110E-02
  -5.1416666666666659E-03 -1.0638888888888889E-02
  -5.1416666666666659E-03 -1.0813888888888889E-02
  -5.1416666666666659E-03 -1.0991666666666667E-02
  -4.9638888888888892E-03 -1.1169444444444445E-02
  -4.9638888888888892E-03 -1.1347222222222222E-02
  -4.7861111111111116E-03 -1.1525000000000001E-02
  -4.7861111111111116E-03 -1.1702777777777777E-02
  -4.6111111111111110E-03 -1.1877777777777777E-02
  -4.6111111111111110E-03 -1.2055555555555555E-02
  -4.4333333333333334E-03 -1.2055555555555555E-02
  -4.4333333333333334E-03 -1.2233333333333334E-02
  -4.4333333333333334E-03 -1.2411111111111111E-02
  -4.2555555555555558E-03 -1.2411111111111111E-02
  -4.2555555555555558E-03 -1.2588888888888889E-02
  -4.2555555555555558E-03 -1.2766666666666667E-02
  -4.0777777777777783E-03 -1.2941666666666666E-02
  -4.0777777777777783E-03 -1.3119444444444444E-02
  -4.0777777777777783E-03 -1.3297222222222222E-02
  -4.0777777777777783E-03 -1.3474999999999999E-02
  -3.8999999999999998E-03 -1.3652777777777778E-02
  -3.8999999999999998E-03 -1.3830555555555556E-02
  -3.8999999999999998E-03 -1.4005555555555556E-02
  -3.7222222222222223E-03 -1.4183333333333334E-02
  -3.7222222222222223E-03 -1.4361111111111111E-02
  -3.5472222222222224E-03 -1.4538888888888888E-02
  -3.5472222222222224E-03 -1.4716666666666668E-02
  -3.3694444444444444E-03 -1.4716666666666668E-02
  -3.3694444444444444E-03 -1.4894444444444445E-02
  -3.3694444444444444E-03 -1.5069444444444444E-02
  -3.1916666666666669E-03 -1.5069444444444444E-02
  -3.1916666666666669E-03 -1.5247222222222225E-02
  -3.0138888888888889E-03 -1.5247222222222225E-02
  -3.0138888888888889E-03 -1.5425000000000001E-02
  -2.8361111111111109E-03 -1.5425000000000001E-02
  -2.8361111111111109E-03 -1.5602777777777778E-02
  -2.6583333333333333E-03 -1.5602777777777778E-02
  -2.6583333333333333E-03 -1.5780555555555558E-02
  -2.4833333333333331E-03 -1.5780555555555558E-02
  -2.4833333333333331E-03 -1.5955555555555556E-02
  -2.4833333333333331E-03 -1.6133333333333333E-02
  -2.3055555555555555E-03 -1.6311111111111113E-02
  -2.3055555555555555E-03 -1.6488888888888890E-02
  -2.3055555555555555E-03 -1.6666666666666666E-02
  -2.1277777777777779E-03 -1.6666666666666666E-02
  -2.1277777777777779E-03 -1.6844444444444447E-02
  -2.1277777777777779E-03 -1.7019444444444445E-02
  -1.9499999999999999E-03 -1.7019444444444445E-02
  -1.9499999999999999E-03 -1.7197222222222221E-02
  -1.7722222222222221E-03 -1.7197222222222221E-02
  -1.7722222222222221E-03 -1.7374999999999998E-02
  -1.5944444444444443E-03 -1.7374999999999998E-02
  -1.5944444444444443E-03 -1.7552777777777778E-02
  -1.5944444444444443E-03 -1.7730555555555555E-02
  -1.5944444444444443E-03 -1.7908333333333335E-02
  -1.5944444444444443E-03 -1.8083333333333333E-02
  -1.4194444444444445E-03 -1.8261111111111110E-02
  -1.4194444444444445E-03 -1.8438888888888887E-02
  -1.2416666666666665E-03 -1.8616666666666667E-02
  -1.2416666666666665E-03 -1.8794444444444443E-02
  -1.2416666666666665E-03 -1.8972222222222224E-02
  -1.0638888888888890E-03 -1.8972222222222224E-02
  -1.0638888888888890E-03 -1.9147222222222222E-02
  -1.0638888888888890E-03 -1.9324999999999998E-02
  -1.0638888888888890E-03 -1.9502777777777775E-02
  -8.8611111111111106E-04 -1.9680555555555555E-02
  -8.8611111111111106E-04 -1.9858333333333332E-02
  -8.8611111111111106E-04 -2.0036111111111112E-02
  -7.0833333333333328E-04 -2.0211111111111110E-02
  -7.0833333333333328E-04 -2.0388888888888887E-02
  -5.3055555555555549E-04 -2.0566666666666664E-02
  -5.3055555555555549E-04 -2.0744444444444444E-02
  -3.5555555555555557E-04 -2.0922222222222221E-02
  -3.5555555555555557E-04 -2.1097222222222222E-02
  -1.7777777777777779E-04 -2.1097222222222222E-02
  -1.7777777777777779E-04 -2.1275000000000002E-02
   0.0000000000000000E+00 -2.1452777777777779E-02
   1.7777777777777779E-04 -2.1630555555555556E-02
   3.5555555555555557E-04 -2.1808333333333332E-02
   5.3055555555555549E-04 -2.1986111111111109E-02
   7.0833333333333328E-04 -2.1986111111111109E-02
   8.8611111111111106E-04 -2.2161111111111111E-02
   1.0638888888888890E-03 -2.2338888888888891E-02
   1.2416666666666665E-03 -2.2338888888888891E-02
   1.4194444444444445E-03 -2.2516666666666667E-02
   1.5944444444444443E-03 -2.2516666666666667E-02
   1.7722222222222221E-03 -2.2516666666666667E-02
   1.9499999999999999E-03 -2.2338888888888891E-02
   2.1277777777777779E-03 -2.2338888888888891E-02
   2.3055555555555555E-03 -2.2161111111111111E-02
   2.4833333333333331E-03 -2.1986111111111109E-02
   2.6583333333333333E-03 -2.1808333333333332E-02
   2.8361111111111109E-03 -2.1630555555555556E-02
   3.0138888888888889E-03 -2.1452777777777779E-02
   3.1916666666666669E-03 -2.1275000000000002E-02
   3.3694444444444444E-03 -2.1097222222222222E-02
   3.5472222222222224E-03 -2.0922222222222221E-02
   3.7222222222222223E-03 -2.1097222222222222E-02
   3.8999999999999998E-03 -2.1097222222222222E-02
   3.8999999999999998E-03 -2.1275000000000002E-02
   4.0777777777777783E-03 -2.1275000000000002E-02
   4.0777777777777783E-03 -2.1452777777777779E-02
   4.2555555555555558E-03 -2.1630555555555556E-02
   4.2555555555555558E-03 -2.1808333333333332E-02
   4.4333333333333334E-03 -2.1808333333333332E-02
   4.4333333333333334E-03 -2.1986111111111109E-02
   4.6111111111111110E-03 -2.2161111111111111E-02
   4.7861111111111116E-03 -2.2338888888888891E-02
   4.9638888888888892E-03 -2.2338888888888891E-02
   5.1416666666666659E-03 -2.2516666666666667E-02
   5.3194444444444444E-03 -2.2694444444444444E-02
   5.4972222222222219E-03 -2.2694444444444444E-02
   5.6722222222222217E-03 -2.2694444444444444E-02
   5.8500000000000002E-03 -2.2694444444444444E-02
   6.0277777777777777E-03 -2.2694444444444444E-02
   6.2055555555555553E-03 -2.2694444444444444E-02
   6.3833333333333337E-03 -2.2516666666666667E-02
   6.5611111111111113E-03 -2.2516666666666667E-02
   6.7361111111111111E-03 -2.2516666666666667E-02
   6.9138888888888896E-03 -2.2338888888888891E-02
   7.0916666666666671E-03 -2.2338888888888891E-02
   7.2694444444444438E-03 -2.2338888888888891E-02
   7.4472222222222223E-03 -2.2338888888888891E-02
   7.6250000000000007E-03 -2.2338888888888891E-02
   7.7999999999999996E-03 -2.2338888888888891E-02
   7.9777777777777781E-03 -2.2338888888888891E-02
   8.1555555555555565E-03 -2.2338888888888891E-02
   8.3333333333333332E-03 -2.2338888888888891E-02
   8.5111111111111117E-03 -2.2516666666666667E-02
   8.6888888888888901E-03 -2.2516666666666667E-02
   8.6888888888888901E-03 -2.2694444444444444E-02
   8.8638888888888882E-03 -2.2694444444444444E-02
   8.8638888888888882E-03 -2.2872222222222224E-02
   9.0416666666666666E-03 -2.2872222222222224E-02
   9.0416666666666666E-03 -2.3050000000000001E-02
   9.2194444444444433E-03 -2.3050000000000001E-02
   9.2194444444444433E-03 -2.3224999999999999E-02
   9.3972222222222217E-03 -2.3224999999999999E-02
   9.5750000000000002E-03 -2.3224999999999999E-02
   9.7527777777777786E-03 -2.3402777777777779E-02
   9.9277777777777784E-03 -2.3402777777777779E-02
   1.0105555555555555E-02 -2.3402777777777779E-02
   1.0283333333333332E-02 -2.3402777777777779E-02
   1.0461111111111110E-02 -2.3580555555555556E-02
   1.0638888888888889E-02 -2.3580555555555556E-02
   1.0813888888888889E-02 -2.3580555555555556E-02
   1.0991666666666667E-02 -2.3580555555555556E-02
   1.1169444444444445E-02 -2.3580555555555556E-02
   1.1347222222222222E-02 -2.3580555555555556E-02
   1.1525000000000001E-02 -2.3758333333333333E-02
   1.1702777777777777E-02 -2.3758333333333333E-02
   1.1877777777777777E-02 -2.3758333333333333E-02
   1.2055555555555555E-02 -2.3758333333333333E-02
   1.2233333333333334E-02 -2.3758333333333333E-02
   1.2411111111111111E-02 -2.3758333333333333E-02
   1.2588888888888889E-02 -2.3758333333333333E-02
   1.2766666666666667E-02 -2.3758333333333333E-02
   1.2941666666666666E-02 -2.3758333333333333E-02
   1.3119444444444444E-02 -2.3758333333333333E-02
   1.3297222222222222E-02 -2.3758333333333333E-02
   1.3474999999999999E-02 -2.3936111111111113E-02
   1.3652777777777778E-02 -2.3936111111111113E-02
   1.3652777777777778E-02 -2.4113888888888890E-02
   1.3830555555555556E-02 -2.4113888888888890E-02
   1.4005555555555556E-02 -2.4288888888888888E-02
   1.4183333333333334E-02 -2.4466666666666668E-02
   1.4361111111111111E-02 -2.4466666666666668E-02
   1.4538888888888888E-02 -2.4466666666666668E-02
   1.4716666666666668E-02 -2.4466666666666668E-02
   1.4894444444444445E-02 -2.4644444444444445E-02
   1.5069444444444444E-02 -2.4644444444444445E-02
   1.5247222222222225E-02 -2.4644444444444445E-02
   1.5425000000000001E-02 -2.4644444444444445E-02
   1.5602777777777778E-02 -2.4644444444444445E-02
   1.5780555555555558E-02 -2.4822222222222221E-02
   1.5955555555555556E-02 -2.4822222222222221E-02
   1.6133333333333333E-02 -2.4822222222222221E-02
   1.6311111111111113E-02 -2.4822222222222221E-02
   1.6488888888888890E-02 -2.4822222222222221E-02
   1.6666666666666666E-02 -2.4822222222222221E-02
   1.6666666666666666E-02 -2.5000000000000001E-02
   1.6844444444444447E-02 -2.5000000000000001E-02
   1.7019444444444445E-02 -2.5000000000000001E-02
   1.7197222222222221E-02 -2.5000000000000001E-02
   1.7374999999999998E-02 -2.5000000000000001E-02
   1.7552777777777778E-02 -2.5000000000000001E-02
   1.7730555555555555E-02 -2.5000000000000001E-02
   1.7908333333333335E-02 -2.5000000000000001E-02
   1.8083333333333333E-02 -2.5000000000000001E-02
   1.8261111111111110E-02 -2.5000000000000001E-02
   1.8438888888888887E-02 -2.5177777777777778E-02
   1.8616666666666667E-02 -2.5177777777777778E-02
   1.8794444444444443E-02 -2.5352777777777776E-02
   1.8972222222222224E-02 -2.5352777777777776E-02
   1.8972222222222224E-02 -2.5530555555555556E-02
   1.9147222222222222E-02 -2.5530555555555556E-02
   1.9324999999999998E-02 -2.5530555555555556E-02
   1.9502777777777775E-02 -2.5708333333333333E-02
   1.9680555555555555E-02 -2.5708333333333333E-02
   1.9858333333333332E-02 -2.5886111111111110E-02
   2.0036111111111112E-02 -2.5886111111111110E-02
   2.0211111111111110E-02 -2.5886111111111110E-02
   2.0388888888888887E-02 -2.5886111111111110E-02
   2.0566666666666664E-02 -2.5886111111111110E-02
   2.0744444444444444E-02 -2.5886111111111110E-02
   2.0922222222222221E-02 -2.5886111111111110E-02
   2.1097222222222222E-02 -2.6063888888888890E-02
   2.1275000000000002E-02 -2.6063888888888890E-02
   2.1452777777777779E-02 -2.6063888888888890E-02
   2.1630555555555556E-02 -2.6063888888888890E-02
   2.1808333333333332E-02 -2.6063888888888890E-02
   2.1986111111111109E-02 -2.6063888888888890E-02
   2.2161111111111111E-02 -2.6063888888888890E-02
   2.2338888888888891E-02 -2.6063888888888890E-02
   2.2516666666666667E-02 -2.6063888888888890E-02
   2.2694444444444444E-02 -2.5886111111111110E-02
   2.2872222222222224E-02 -2.5886111111111110E-02
   2.3050000000000001E-02 -2.5886111111111110E-02
   2.3224999999999999E-02 -2.5708333333333333E-02
   2.3402777777777779E-02 -2.5708333333333333E-02
   2.3580555555555556E-02 -2.5708333333333333E-02
   2.3758333333333333E-02 -2.5530555555555556E-02
   2.3936111111111113E-02 -2.5530555555555556E-02
   2.4113888888888890E-02 -2.5530555555555556E-02
   2.4288888888888888E-02 -2.5708333333333333E-02
   2.4466666666666668E-02 -2.5708333333333333E-02
   2.4644444444444445E-02 -2.5708333333333333E-02
   2.4822222222222221E-02 -2.5708333333333333E-02
   2.5000000000000001E-02 -2.5708333333333333E-02
   2.5177777777777778E-02 -2.5708333333333333E-02
   2.5352777777777776E-02 -2.5886111111111110E-02
   2.5530555555555556E-02 -2.5886111111111110E-02
   2.5708333333333333E-02 -2.5886111111111110E-02
   2.5886111111111110E-02 -2.6063888888888890E-02
   2.6063888888888890E-02 -2.6063888888888890E-02
   2.6238888888888888E-02 -2.6063888888888890E-02
   2.6416666666666665E-02 -2.6238888888888888E-02
   2.6594444444444445E-02 -2.6238888888888888E-02
   2.6772222222222222E-02 -2.6238888888888888E-02
   2.6949999999999998E-02 -2.6238888888888888E-02
   2.7127777777777778E-02 -2.6238888888888888E-02
   2.7302777777777777E-02 -2.6416666666666665E-02
   2.7480555555555553E-02 -2.6416666666666665E-02
   2.7658333333333333E-02 -2.6416666666666665E-02
   2.7836111111111110E-02 -2.6416666666666665E-02
   2.8013888888888887E-02 -2.6416666666666665E-02
   2.8191666666666663E-02 -2.6416666666666665E-02
   2.8366666666666669E-02 -2.6594444444444445E-02
   2.8544444444444445E-02 -2.6594444444444445E-02
   2.8722222222222222E-02 -2.6594444444444445E-02
   2.8899999999999999E-02 -2.6594444444444445E-02
   2.9077777777777775E-02 -2.6594444444444445E-02
   2.9255555555555552E-02 -2.6594444444444445E-02
   2.9430555555555554E-02 -2.6594444444444445E-02
   2.9608333333333334E-02 -2.6594444444444445E-02
   2.9786111111111110E-02 -2.6594444444444445E-02
   2.9963888888888887E-02 -2.6416666666666665E-02
   3.0141666666666664E-02 -2.6416666666666665E-02
   3.0316666666666665E-02 -2.6416666666666665E-02
   3.0494444444444442E-02 -2.6416666666666665E-02
   3.0672222222222226E-02 -2.6416666666666665E-02
   3.0850000000000002E-02 -2.6594444444444445E-02
   3.1027777777777779E-02 -2.6594444444444445E-02
   3.1205555555555556E-02 -2.6772222222222222E-02
   3.1380555555555550E-02 -2.6772222222222222E-02
   3.1558333333333327E-02 -2.6949999999999998E-02
   3.1736111111111111E-02 -2.6949999999999998E-02
   3.1913888888888887E-02 -2.7127777777777778E-02
   3.2091666666666664E-02 -2.7127777777777778E-02
   3.2269444444444441E-02 -2.7302777777777777E-02
   3.2444444444444442E-02 -2.7302777777777777E-02
   3.2622222222222219E-02 -2.7302777777777777E-02
   3.2800000000000003E-02 -2.7302777777777777E-02
   3.2977777777777779E-02 -2.7480555555555553E-02
   3.3155555555555556E-02 -2.7480555555555553E-02
   3.3333333333333333E-02 -2.7480555555555553E-02
   3.3508333333333334E-02 -2.7480555555555553E-02
   3.3686111111111111E-02 -2.7480555555555553E-02
   3.3863888888888888E-02 -2.7480555555555553E-02
   3.4041666666666665E-02 -2.7480555555555553E-02
   3.4219444444444441E-02 -2.7658333333333333E-02
   3.4397222222222218E-02 -2.7658333333333333E-02
   3.4572222222222219E-02 -2.7658333333333333E-02
   3.4749999999999996E-02 -2.7658333333333333E-02
   3.4927777777777780E-02 -2.7658333333333333E-02
   3.5105555555555557E-02 -2.7480555555555553E-02
   3.5283333333333333E-02 -2.7480555555555553E-02
   3.5458333333333335E-02 -2.7480555555555553E-02
   3.5636111111111111E-02 -2.7302777777777777E-02
   3.5813888888888888E-02 -2.7302777777777777E-02
   3.5991666666666672E-02 -2.7302777777777777E-02
   3.6169444444444449E-02 -2.7127777777777778E-02
   3.6347222222222225E-02 -2.7127777777777778E-02
   3.6522222222222220E-02 -2.7127777777777778E-02
   3.6699999999999997E-02 -2.7127777777777778E-02
   3.6877777777777773E-02 -2.7127777777777778E-02
   3.7055555555555557E-02 -2.7127777777777778E-02
   3.7233333333333334E-02 -2.7127777777777778E-02
   3.7411111111111110E-02 -2.7127777777777778E-02
   3.7586111111111112E-02 -2.7127777777777778E-02
   3.7763888888888889E-02 -2.7127777777777778E-02
   3.7941666666666665E-02 -2.7127777777777778E-02
   3.8119444444444449E-02 -2.7127777777777778E-02
   3.8297222222222226E-02 -2.7127777777777778E-02
   3.8475000000000002E-02 -2.7302777777777777E-02
   3.8649999999999997E-02 -2.7302777777777777E-02
   3.8827777777777774E-02 -2.7302777777777777E-02
   3.9005555555555550E-02 -2.7302777777777777E-02
   3.9183333333333334E-02 -2.7302777777777777E-02
   3.9183333333333334E-02 -2.7480555555555553E-02
   3.9361111111111111E-02 -2.7480555555555553E-02
   3.9538888888888887E-02 -2.7480555555555553E-02
   3.9713888888888889E-02 -2.7480555555555553E-02
   3.9891666666666666E-02 -2.7480555555555553E-02
   4.0069444444444442E-02 -2.7658333333333333E-02
   4.0247222222222226E-02 -2.7658333333333333E-02
   4.0425000000000003E-02 -2.7658333333333333E-02
   4.0599999999999997E-02 -2.7658333333333333E-02
   4.0777777777777774E-02 -2.7658333333333333E-02
   4.0955555555555551E-02 -2.7836111111111110E-02
   4.1133333333333327E-02 -2.7836111111111110E-02
   4.1311111111111111E-02 -2.7836111111111110E-02
   4.1488888888888888E-02 -2.7836111111111110E-02
   4.1663888888888889E-02 -2.7836111111111110E-02
   4.1841666666666666E-02 -2.8013888888888887E-02
   4.2019444444444450E-02 -2.8013888888888887E-02
   4.2197222222222219E-02 -2.8013888888888887E-02
   4.2375000000000003E-02 -2.8013888888888887E-02
   4.2552777777777780E-02 -2.8013888888888887E-02
   4.2727777777777781E-02 -2.8013888888888887E-02
   4.2905555555555558E-02 -2.8013888888888887E-02
   4.3083333333333335E-02 -2.8013888888888887E-02
   4.3261111111111111E-02 -2.8013888888888887E-02
   4.3438888888888888E-02 -2.8013888888888887E-02
   4.3616666666666665E-02 -2.8013888888888887E-02
   4.3791666666666666E-02 -2.8013888888888887E-02
   4.3969444444444443E-02 -2.8191666666666663E-02
   4.4147222222222227E-02 -2.8191666666666663E-02
   4.4324999999999996E-02 -2.8366666666666669E-02
   4.4502777777777780E-02 -2.8366666666666669E-02
   4.4680555555555557E-02 -2.8544444444444445E-02
   4.4855555555555558E-02 -2.8544444444444445E-02
   4.5033333333333335E-02 -2.8544444444444445E-02
   4.5211111111111119E-02 -2.8722222222222222E-02
   4.5388888888888888E-02 -2.8722222222222222E-02
   4.5566666666666672E-02 -2.8899999999999999E-02
   4.5741666666666667E-02 -2.8899999999999999E-02
   4.5919444444444443E-02 -2.8899999999999999E-02
   4.6097222222222220E-02 -2.8899999999999999E-02
   4.6275000000000004E-02 -2.8899999999999999E-02
   4.6452777777777773E-02 -2.8899999999999999E-02
   4.6630555555555557E-02 -2.8899999999999999E-02
   4.6805555555555559E-02 -2.8899999999999999E-02
   4.6983333333333335E-02 -2.8899999999999999E-02
   4.7161111111111112E-02 -2.8899999999999999E-02
   4.7338888888888896E-02 -2.8899999999999999E-02
   4.7516666666666665E-02 -2.8722222222222222E-02
   4.7694444444444449E-02 -2.8722222222222222E-02
   4.7869444444444444E-02 -2.8722222222222222E-02
   4.8047222222222220E-02 -2.8544444444444445E-02
   4.8224999999999997E-02 -2.8544444444444445E-02
   4.8402777777777781E-02 -2.8366666666666669E-02
   4.8580555555555550E-02 -2.8366666666666669E-02
   4.8758333333333334E-02 -2.8366666666666669E-02
   4.8933333333333336E-02 -2.8366666666666669E-02
   4.9111111111111112E-02 -2.8366666666666669E-02
   4.9288888888888889E-02 -2.8366666666666669E-02
   4.9466666666666673E-02 -2.8366666666666669E-02
   4.9644444444444442E-02 -2.8366666666666669E-02
   4.9822222222222226E-02 -2.8544444444444445E-02
   4.9997222222222221E-02 -2.8544444444444445E-02
   5.0174999999999997E-02 -2.8544444444444445E-02
   5.0352777777777774E-02 -2.8544444444444445E-02
   5.0530555555555558E-02 -2.8722222222222222E-02
   5.0708333333333327E-02 -2.8722222222222222E-02
   5.0883333333333329E-02 -2.8722222222222222E-02
   5.1061111111111113E-02 -2.8722222222222222E-02
   5.1238888888888889E-02 -2.8899999999999999E-02
   5.1416666666666666E-02 -2.8899999999999999E-02
   5.1594444444444450E-02 -2.8899999999999999E-02
   5.1772222222222219E-02 -2.8899999999999999E-02
   5.1947222222222221E-02 -2.8899999999999999E-02
   5.2125000000000005E-02 -2.8899999999999999E-02
   5.2302777777777781E-02 -2.8899999999999999E-02
   5.2480555555555558E-02 -2.8899999999999999E-02
   5.2658333333333335E-02 -2.8899999999999999E-02
   5.2836111111111111E-02 -2.8899999999999999E-02
   5.3011111111111106E-02 -2.8899999999999999E-02
   5.3188888888888890E-02 -2.8899999999999999E-02
   5.3366666666666666E-02 -2.8899999999999999E-02
   5.3544444444444443E-02 -2.8899999999999999E-02
   5.3722222222222227E-02 -2.8899999999999999E-02
   5.3899999999999997E-02 -2.8899999999999999E-02
   5.4074999999999998E-02 -2.8722222222222222E-02
   5.4252777777777782E-02 -2.8722222222222222E-02
   5.4430555555555558E-02 -2.8722222222222222E-02
   5.4608333333333335E-02 -2.8722222222222222E-02
   5.4786111111111119E-02 -2.8722222222222222E-02
   5.4963888888888889E-02 -2.8722222222222222E-02
   5.5138888888888883E-02 -2.8899999999999999E-02
   5.5316666666666667E-02 -2.8899999999999999E-02
   5.5494444444444443E-02 -2.8899999999999999E-02
   5.5672222222222220E-02 -2.8899999999999999E-02
   5.5850000000000004E-02 -2.8899999999999999E-02
   5.6025000000000005E-02 -2.8899999999999999E-02
   5.6202777777777775E-02 -2.9077777777777775E-02
   5.6380555555555559E-02 -2.9077777777777775E-02
   5.6558333333333329E-02 -2.9077777777777775E-02
   5.6736111111111112E-02 -2.9077777777777775E-02
   5.6913888888888896E-02 -2.9255555555555552E-02
   5.7088888888888890E-02 -2.9430555555555554E-02
   5.7266666666666660E-02 -2.9430555555555554E-02
   5.7444444444444444E-02 -2.9430555555555554E-02
   5.7622222222222214E-02 -2.9608333333333334E-02
   5.7799999999999997E-02 -2.9608333333333334E-02
   5.7977777777777781E-02 -2.9608333333333334E-02
   5.8152777777777782E-02 -2.9786111111111110E-02
   5.8330555555555552E-02 -2.9786111111111110E-02
   5.8508333333333336E-02 -2.9786111111111110E-02
   5.8686111111111106E-02 -2.9786111111111110E-02
   5.8863888888888889E-02 -2.9786111111111110E-02
   5.9041666666666673E-02 -2.9786111111111110E-02
   5.9216666666666667E-02 -2.9786111111111110E-02
   5.9394444444444444E-02 -2.9786111111111110E-02
   5.9572222222222221E-02 -2.9608333333333334E-02
   5.9749999999999998E-02 -2.9608333333333334E-02
   5.9927777777777774E-02 -2.9608333333333334E-02
   6.0105555555555558E-02 -2.9430555555555554E-02
   6.0280555555555559E-02 -2.9430555555555554E-02
   6.0458333333333329E-02 -2.9255555555555552E-02
   6.0636111111111113E-02 -2.9077777777777775E-02
   6.0813888888888883E-02 -2.8899999999999999E-02
   6.0991666666666666E-02 -2.8899999999999999E-02
   6.1166666666666668E-02 -2.9077777777777775E-02
   6.1344444444444451E-02 -2.9077777777777775E-02
   6.1522222222222221E-02 -2.9077777777777775E-02
   6.1700000000000005E-02 -2.9255555555555552E-02
   6.1877777777777775E-02 -2.9255555555555552E-02
   6.2055555555555558E-02 -2.9255555555555552E-02
   6.2230555555555553E-02 -2.9430555555555554E-02
   6.2408333333333336E-02 -2.9430555555555554E-02
   6.2586111111111106E-02 -2.9430555555555554E-02
   6.2763888888888897E-02 -2.9430555555555554E-02
   6.2941666666666674E-02 -2.9430555555555554E-02
   6.2941666666666674E-02 -2.9608333333333334E-02
   6.3119444444444450E-02 -2.9608333333333334E-02
   6.3294444444444445E-02 -2.9608333333333334E-02
   6.3472222222222222E-02 -2.9608333333333334E-02
   6.3649999999999998E-02 -2.9608333333333334E-02
   6.3649999999999998E-02 -2.9786111111111110E-02
   6.3827777777777775E-02 -2.9786111111111110E-02
   6.4005555555555552E-02 -2.9786111111111110E-02
   6.4183333333333328E-02 -2.9786111111111110E-02
   6.4358333333333337E-02 -2.9786111111111110E-02
   6.4536111111111114E-02 -2.9786111111111110E-02
   6.4713888888888890E-02 -2.9786111111111110E-02
   6.4891666666666667E-02 -2.9786111111111110E-02
   6.5069444444444458E-02 -2.9786111111111110E-02
   6.5247222222222220E-02 -2.9786111111111110E-02
   6.5422222222222215E-02 -2.9786111111111110E-02
   6.5600000000000006E-02 -2.9608333333333334E-02
   6.5777777777777768E-02 -2.9608333333333334E-02
   6.5955555555555559E-02 -2.9608333333333334E-02
   6.6133333333333322E-02 -2.9608333333333334E-02
   6.6308333333333344E-02 -2.9608333333333334E-02
   6.6486111111111107E-02 -2.9608333333333334E-02
   6.6663888888888898E-02 -2.9608333333333334E-02
   6.6841666666666660E-02 -2.9608333333333334E-02
   6.7019444444444451E-02 -2.9608333333333334E-02
   6.7197222222222214E-02 -2.9430555555555554E-02
   6.7372222222222222E-02 -2.9430555555555554E-02
   6.7549999999999999E-02 -2.9430555555555554E-02
   6.7727777777777776E-02 -2.9430555555555554E-02
   6.7905555555555552E-02 -2.9430555555555554E-02
   6.8083333333333329E-02 -2.9430555555555554E-02
   6.8261111111111106E-02 -2.9430555555555554E-02
   6.8436111111111114E-02 -2.9430555555555554E-02
   6.8613888888888891E-02 -2.9430555555555554E-02
   6.8791666666666668E-02 -2.9430555555555554E-02
   6.8969444444444444E-02 -2.9430555555555554E-02
   6.9147222222222221E-02 -2.9430555555555554E-02
   6.9324999999999998E-02 -2.9430555555555554E-02
   6.9499999999999992E-02 -2.9608333333333334E-02
   6.9677777777777783E-02 -2.9608333333333334E-02
   6.9855555555555560E-02 -2.9608333333333334E-02
   7.0033333333333336E-02 -2.9608333333333334E-02
   7.0211111111111113E-02 -2.9608333333333334E-02
   7.0388888888888890E-02 -2.9608333333333334E-02
   7.0563888888888898E-02 -2.9608333333333334E-02
   7.0741666666666661E-02 -2.9786111111111110E-02
   7.0919444444444452E-02 -2.9786111111111110E-02
   7.1097222222222214E-02 -2.9786111111111110E-02
   7.1275000000000005E-02 -2.9786111111111110E-02
   7.1450000000000000E-02 -2.9786111111111110E-02
   7.1627777777777776E-02 -2.9786111111111110E-02
   7.1805555555555553E-02 -2.9786111111111110E-02
   7.1983333333333344E-02 -2.9963888888888887E-02
   7.2161111111111106E-02 -2.9963888888888887E-02
   7.2338888888888897E-02 -3.0141666666666664E-02
   7.2513888888888892E-02 -3.0141666666666664E-02
   7.2691666666666668E-02 -3.0141666666666664E-02
   7.2869444444444445E-02 -3.0316666666666665E-02
   7.3047222222222222E-02 -3.0316666666666665E-02
   7.3224999999999998E-02 -3.0316666666666665E-02
   7.3402777777777775E-02 -3.0316666666666665E-02
   7.3577777777777784E-02 -3.0316666666666665E-02
   7.3755555555555546E-02 -3.0316666666666665E-02
   7.3933333333333337E-02 -3.0494444444444442E-02
   7.4111111111111114E-02 -3.0494444444444442E-02
   7.4288888888888890E-02 -3.0494444444444442E-02
   7.4466666666666667E-02 -3.0494444444444442E-02
   7.4641666666666662E-02 -3.0494444444444442E-02
   7.4819444444444452E-02 -3.0494444444444442E-02
   7.4997222222222215E-02 -3.0494444444444442E-02
   7.5175000000000006E-02 -3.0494444444444442E-02
   7.5352777777777769E-02 -3.0494444444444442E-02
   7.5530555555555559E-02 -3.0316666666666665E-02
   7.5705555555555554E-02 -3.0316666666666665E-02
   7.5883333333333330E-02 -3.0316666666666665E-02
   7.6061111111111107E-02 -3.0316666666666665E-02
   7.6238888888888898E-02 -3.0316666666666665E-02
   7.6416666666666661E-02 -3.0494444444444442E-02
   7.6591666666666669E-02 -3.0494444444444442E-02
   7.6769444444444446E-02 -3.0494444444444442E-02
   7.6947222222222222E-02 -3.0494444444444442E-02
   7.7124999999999999E-02 -3.0494444444444442E-02
   7.7302777777777776E-02 -3.0494444444444442E-02
   7.7480555555555553E-02 -3.0494444444444442E-02
   7.7655555555555547E-02 -3.0494444444444442E-02
   7.7833333333333338E-02 -3.0494444444444442E-02
   7.8011111111111101E-02 -3.0316666666666665E-02
   7.8188888888888891E-02 -3.0316666666666665E-02
   7.8366666666666668E-02 -3.0316666666666665E-02
   7.8544444444444445E-02 -3.0316666666666665E-02
   7.8719444444444439E-02 -3.0494444444444442E-02
   7.8897222222222230E-02 -3.0494444444444442E-02
   7.9075000000000006E-02 -3.0672222222222226E-02
   7.9252777777777783E-02 -3.0672222222222226E-02
   7.9430555555555560E-02 -3.0672222222222226E-02
   7.9608333333333337E-02 -3.0672222222222226E-02
   7.9783333333333331E-02 -3.0672222222222226E-02
   7.9961111111111108E-02 -3.0850000000000002E-02
   8.0138888888888885E-02 -3.0850000000000002E-02
   8.0316666666666661E-02 -3.0850000000000002E-02
   8.0494444444444452E-02 -3.0850000000000002E-02
   8.0672222222222215E-02 -3.0850000000000002E-02
   8.0847222222222223E-02 -3.0850000000000002E-02
   8.1025000000000000E-02 -3.0850000000000002E-02
   8.1202777777777790E-02 -3.0672222222222226E-02
   8.1380555555555553E-02 -3.0672222222222226E-02
   8.1558333333333344E-02 -3.0672222222222226E-02
   8.1733333333333338E-02 -3.0672222222222226E-02
   8.1911111111111101E-02 -3.0672222222222226E-02
   8.2088888888888892E-02 -3.0494444444444442E-02
   8.2266666666666655E-02 -3.0494444444444442E-02
   8.2444444444444445E-02 -3.0316666666666665E-02
   8.2622222222222222E-02 -3.0316666666666665E-02
   8.2797222222222230E-02 -3.0316666666666665E-02
   8.2974999999999993E-02 -3.0316666666666665E-02
   8.3152777777777784E-02 -3.0316666666666665E-02
   8.3330555555555560E-02 -3.0141666666666664E-02
   8.3508333333333337E-02 -3.0141666666666664E-02
   8.3686111111111114E-02 -3.0141666666666664E-02
   8.3861111111111108E-02 -3.0141666666666664E-02
   8.4038888888888885E-02 -3.0141666666666664E-02
   8.4216666666666662E-02 -3.0141666666666664E-02
   8.4394444444444439E-02 -3.0141666666666664E-02
   8.4572222222222215E-02 -3.0141666666666664E-02
   8.4750000000000006E-02 -3.0141666666666664E-02
   8.4925000000000000E-02 -3.0141666666666664E-02
   8.5102777777777777E-02 -3.0316666666666665E-02
   8.5280555555555554E-02 -3.0316666666666665E-02
   8.5458333333333331E-02 -3.0316666666666665E-02
   8.5636111111111107E-02 -3.0316666666666665E-02
   8.5811111111111116E-02 -3.0316666666666665E-02
   8.5988888888888892E-02 -3.0316666666666665E-02
   8.6166666666666669E-02 -3.0494444444444442E-02
   8.6344444444444446E-02 -3.0494444444444442E-02
   8.6522222222222223E-02 -3.0494444444444442E-02
   8.6699999999999999E-02 -3.0672222222222226E-02
   8.6874999999999994E-02 -3.0672222222222226E-02
   8.7052777777777784E-02 -3.0672222222222226E-02
   8.7230555555555547E-02 -3.0850000000000002E-02
   8.7408333333333338E-02 -3.0850000000000002E-02
   8.7586111111111115E-02 -3.1027777777777779E-02
   8.7763888888888891E-02 -3.1027777777777779E-02
   8.7938888888888886E-02 -3.1027777777777779E-02
   8.8116666666666676E-02 -3.1027777777777779E-02
   8.8294444444444439E-02 -3.1027777777777779E-02
   8.8472222222222230E-02 -3.1027777777777779E-02
   8.8649999999999993E-02 -3.1027777777777779E-02
   8.8827777777777783E-02 -3.1027777777777779E-02
   8.9002777777777778E-02 -3.1027777777777779E-02
   8.9180555555555555E-02 -3.1027777777777779E-02
   8.9358333333333331E-02 -3.1027777777777779E-02
   8.9536111111111108E-02 -3.1027777777777779E-02
   8.9713888888888885E-02 -3.1027777777777779E-02
   8.9891666666666661E-02 -3.1027777777777779E-02
   9.0066666666666670E-02 -3.1027777777777779E-02
   9.0244444444444447E-02 -3.1027777777777779E-02
   9.0422222222222223E-02 -3.1027777777777779E-02
   9.0600000000000000E-02 -3.1027777777777779E-02
   9.0777777777777777E-02 -3.1027777777777779E-02
   9.0952777777777785E-02 -3.1027777777777779E-02
   9.0952777777777785E-02 -3.1205555555555556E-02
   9.1130555555555548E-02 -3.1205555555555556E-02
   9.1308333333333339E-02 -3.1205555555555556E-02
   9.1486111111111101E-02 -3.1205555555555556E-02
   9.1663888888888892E-02 -3.1205555555555556E-02
   9.1663888888888892E-02 -3.1380555555555550E-02
   9.1841666666666669E-02 -3.1380555555555550E-02
   9.2016666666666663E-02 -3.1380555555555550E-02
   9.2194444444444440E-02 -3.1380555555555550E-02
   9.2372222222222231E-02 -3.1380555555555550E-02
   9.2549999999999993E-02 -3.1558333333333327E-02
   9.2727777777777784E-02 -3.1558333333333327E-02
   9.2905555555555547E-02 -3.1736111111111111E-02
   9.3080555555555555E-02 -3.1736111111111111E-02
   9.3258333333333332E-02 -3.1736111111111111E-02
   9.3436111111111109E-02 -3.1736111111111111E-02
   9.3613888888888885E-02 -3.1736111111111111E-02
   9.3791666666666662E-02 -3.1913888888888887E-02
   9.3969444444444453E-02 -3.1913888888888887E-02
   9.4144444444444433E-02 -3.1913888888888887E-02
   9.4322222222222224E-02 -3.1736111111111111E-02
   9.4500000000000001E-02 -3.1736111111111111E-02
   9.4677777777777777E-02 -3.1736111111111111E-02
   9.4855555555555554E-02 -3.1736111111111111E-02
   9.5033333333333331E-02 -3.1736111111111111E-02
   9.5208333333333339E-02 -3.1558333333333327E-02
   9.5386111111111116E-02 -3.1558333333333327E-02
   9.5563888888888893E-02 -3.1558333333333327E-02
   9.5741666666666669E-02 -3.1380555555555550E-02
   9.5919444444444446E-02 -3.1380555555555550E-02
   9.6094444444444441E-02 -3.1380555555555550E-02
   9.6272222222222217E-02 -3.1380555555555550E-02
   9.6449999999999994E-02 -3.1205555555555556E-02
   9.6627777777777785E-02 -3.1205555555555556E-02
   9.6805555555555547E-02 -3.1205555555555556E-02
   9.6983333333333338E-02 -3.1205555555555556E-02
   9.7158333333333333E-02 -3.1205555555555556E-02
   9.7336111111111123E-02 -3.1205555555555556E-02
   9.7513888888888886E-02 -3.1205555555555556E-02
   9.7691666666666677E-02 -3.1205555555555556E-02
   9.7869444444444439E-02 -3.1205555555555556E-02
   9.8047222222222230E-02 -3.1205555555555556E-02
   9.8222222222222225E-02 -3.1205555555555556E-02
   9.8399999999999987E-02 -3.1205555555555556E-02
   9.8577777777777778E-02 -3.1205555555555556E-02
   9.8755555555555555E-02 -3.1205555555555556E-02
   9.8933333333333331E-02 -3.1205555555555556E-02
   9.9111111111111108E-02 -3.1205555555555556E-02
   9.9286111111111117E-02 -3.1205555555555556E-02
   9.9463888888888893E-02 -3.1205555555555556E-02
   9.9641666666666670E-02 -3.1205555555555556E-02
   9.9819444444444447E-02 -3.1205555555555556E-02
   9.9997222222222223E-02 -3.1205555555555556E-02
   0.1001750000000000     -3.1205555555555556E-02
   0.1001750000000000     -3.1380555555555550E-02
   0.1003500000000000     -3.1380555555555550E-02
   0.1005277777777778     -3.1380555555555550E-02
   0.1007055555555555     -3.1380555555555550E-02
   0.1008833333333333     -3.1380555555555550E-02
   0.1010611111111111     -3.1380555555555550E-02
   0.1012361111111111     -3.1380555555555550E-02
   0.1014138888888889     -3.1380555555555550E-02
   0.1015916666666667     -3.1380555555555550E-02
   0.1015916666666667     -3.1558333333333327E-02
   0.1017694444444444     -3.1558333333333327E-02
   0.1019472222222222     -3.1558333333333327E-02
   0.1021250000000000     -3.1558333333333327E-02
   0.1023000000000000     -3.1558333333333327E-02
   0.1024777777777778     -3.1558333333333327E-02
   0.1026555555555556     -3.1558333333333327E-02
   0.1028333333333333     -3.1558333333333327E-02
   0.1030111111111111     -3.1558333333333327E-02
   0.1031888888888889     -3.1558333333333327E-02
   0.1033638888888889     -3.1558333333333327E-02
   0.1035416666666667     -3.1558333333333327E-02
   0.1037194444444444     -3.1558333333333327E-02
   0.1038972222222222     -3.1558333333333327E-02
   0.1040750000000000     -3.1736111111111111E-02
   0.1042527777777778     -3.1736111111111111E-02
   0.1044277777777778     -3.1736111111111111E-02
   0.1046055555555556     -3.1736111111111111E-02
   0.1047833333333333     -3.1736111111111111E-02
   0.1049611111111111     -3.1736111111111111E-02
   0.1051388888888889     -3.1736111111111111E-02
   0.1053166666666667     -3.1736111111111111E-02
   0.1054916666666667     -3.1913888888888887E-02
   0.1056694444444444     -3.1913888888888887E-02
   0.1058472222222222     -3.1913888888888887E-02
   0.1060250000000000     -3.1913888888888887E-02
   0.1062027777777778     -3.1913888888888887E-02
   0.1063777777777778     -3.1913888888888887E-02
   0.1065555555555556     -3.2091666666666664E-02
   0.1067333333333333     -3.2091666666666664E-02
   0.1069111111111111     -3.2091666666666664E-02
   0.1070888888888889     -3.2091666666666664E-02
   0.1072666666666667     -3.2269444444444441E-02
   0.1074416666666667     -3.2269444444444441E-02
   0.1076194444444444     -3.2269444444444441E-02
   0.1077972222222222     -3.2269444444444441E-02
   0.1079750000000000     -3.2269444444444441E-02
   0.1081527777777778     -3.2444444444444442E-02
   0.1083305555555556     -3.2444444444444442E-02
   0.1085055555555556     -3.2444444444444442E-02
   0.1086833333333333     -3.2444444444444442E-02
   0.1088611111111111     -3.2444444444444442E-02
   0.1090388888888889     -3.2444444444444442E-02
   0.1092166666666667     -3.2444444444444442E-02
   0.1093944444444444     -3.2444444444444442E-02
   0.1095694444444444     -3.2444444444444442E-02
   0.1097472222222222     -3.2444444444444442E-02
   0.1099250000000000     -3.2444444444444442E-02
   0.1101027777777778     -3.2444444444444442E-02
   0.1102805555555555     -3.2444444444444442E-02
   0.1104583333333333     -3.2444444444444442E-02
   0.1106333333333333     -3.2444444444444442E-02
   0.1108111111111111     -3.2444444444444442E-02
   0.1109888888888889     -3.2444444444444442E-02
   0.1111666666666667     -3.2444444444444442E-02
   0.1113444444444444     -3.2444444444444442E-02
   0.1115194444444444     -3.2444444444444442E-02
   0.1116972222222222     -3.2444444444444442E-02
   0.1118750000000000     -3.2269444444444441E-02
   0.1120527777777778     -3.2269444444444441E-02
   0.1122305555555556     -3.2269444444444441E-02
   0.1124083333333333     -3.2269444444444441E-02
   0.1125833333333333     -3.2269444444444441E-02
   0.1127611111111111     -3.2269444444444441E-02
   0.1129388888888889     -3.2269444444444441E-02
   0.1131166666666667     -3.2269444444444441E-02
   0.1132944444444444     -3.2269444444444441E-02
   0.1134722222222222     -3.2269444444444441E-02
   0.1136472222222222     -3.2269444444444441E-02
   0.1138250000000000     -3.2269444444444441E-02
   0.1140027777777778     -3.2444444444444442E-02
   0.1141805555555556     -3.2444444444444442E-02
   0.1143583333333333     -3.2444444444444442E-02
   0.1145361111111111     -3.2444444444444442E-02
   0.1147111111111111     -3.2444444444444442E-02
   0.1148888888888889     -3.2622222222222219E-02
   0.1150666666666667     -3.2622222222222219E-02
   0.1152444444444444     -3.2622222222222219E-02
   0.1154222222222222     -3.2622222222222219E-02
   0.1156000000000000     -3.2622222222222219E-02
   0.1157750000000000     -3.2622222222222219E-02
   0.1159527777777778     -3.2622222222222219E-02
   0.1161305555555556     -3.2800000000000003E-02
   0.1163083333333333     -3.2800000000000003E-02
   0.1164861111111111     -3.2800000000000003E-02
   0.1166611111111111     -3.2800000000000003E-02
   0.1168388888888889     -3.2800000000000003E-02
   0.1170166666666667     -3.2800000000000003E-02
   0.1171944444444444     -3.2800000000000003E-02
   0.1173722222222222     -3.2800000000000003E-02
   0.1175500000000000     -3.2800000000000003E-02
   0.1177250000000000     -3.2977777777777779E-02
   0.1179027777777778     -3.2977777777777779E-02
   0.1180805555555555     -3.2977777777777779E-02
   0.1182583333333333     -3.2977777777777779E-02
   0.1184361111111111     -3.2977777777777779E-02
   0.1186138888888889     -3.2977777777777779E-02
   0.1187888888888889     -3.2977777777777779E-02
   0.1189666666666667     -3.2977777777777779E-02
   0.1191444444444444     -3.2977777777777779E-02
   0.1193222222222222     -3.2977777777777779E-02
   0.1195000000000000     -3.2977777777777779E-02
   0.1196777777777778     -3.2977777777777779E-02
   0.1198527777777778     -3.2977777777777779E-02
   0.1200305555555556     -3.2977777777777779E-02
   0.1202083333333333     -3.2977777777777779E-02
   0.1203861111111111     -3.2977777777777779E-02
   0.1205638888888889     -3.2977777777777779E-02
   0.1207416666666667     -3.2977777777777779E-02
   0.1209166666666667     -3.2977777777777779E-02
   0.1210944444444444     -3.2977777777777779E-02
   0.1212722222222222     -3.2977777777777779E-02
   0.1214500000000000     -3.2977777777777779E-02
   0.1216277777777778     -3.2800000000000003E-02
   0.1218027777777778     -3.2800000000000003E-02
   0.1219805555555556     -3.2622222222222219E-02
   0.1221583333333333     -3.2622222222222219E-02
   0.1223361111111111     -3.2622222222222219E-02
   0.1225138888888889     -3.2622222222222219E-02
   0.1226916666666667     -3.2800000000000003E-02
   0.1228666666666667     -3.2800000000000003E-02
   0.1230444444444444     -3.2800000000000003E-02
   0.1232222222222222     -3.2800000000000003E-02
   0.1234000000000000     -3.2800000000000003E-02
   0.1235777777777778     -3.2800000000000003E-02
   0.1237555555555555     -3.2800000000000003E-02
   0.1239305555555556     -3.2800000000000003E-02
   0.1241083333333333     -3.2800000000000003E-02
   0.1242861111111111     -3.2800000000000003E-02
   0.1244638888888889     -3.2800000000000003E-02
   0.1246416666666667     -3.2800000000000003E-02
   0.1248194444444444     -3.2800000000000003E-02
   0.1249944444444445     -3.2800000000000003E-02
   0.1251722222222222     -3.2800000000000003E-02
   0.1253500000000000     -3.2800000000000003E-02
   0.1255277777777778     -3.2800000000000003E-02
   0.1257055555555556     -3.2800000000000003E-02
   0.1258833333333333     -3.2800000000000003E-02
   0.1260583333333333     -3.2800000000000003E-02
   0.1262361111111111     -3.2800000000000003E-02
   0.1264138888888889     -3.2800000000000003E-02
   0.1265916666666667     -3.2800000000000003E-02
   0.1267694444444444     -3.2800000000000003E-02
   0.1269444444444444     -3.2800000000000003E-02
   0.1271222222222222     -3.2800000000000003E-02
   0.1273000000000000     -3.2800000000000003E-02
   0.1274777777777778     -3.2800000000000003E-02
   0.1276555555555555     -3.2800000000000003E-02
   0.1278333333333334     -3.2800000000000003E-02
   0.1280083333333333     -3.2800000000000003E-02
   0.1281861111111111     -3.2800000000000003E-02
   0.1283638888888889     -3.2800000000000003E-02
   0.1285416666666667     -3.2800000000000003E-02
   0.1287194444444444     -3.2800000000000003E-02
   0.1288972222222222     -3.2800000000000003E-02
   0.1290722222222222     -3.2800000000000003E-02
   0.1292500000000000     -3.2800000000000003E-02
   0.1294277777777778     -3.2800000000000003E-02
   0.1296055555555556     -3.2977777777777779E-02
   0.1297833333333333     -3.2977777777777779E-02
   0.1299611111111111     -3.2977777777777779E-02
   0.1301361111111111     -3.2977777777777779E-02
   0.1303138888888889     -3.2977777777777779E-02
   0.1304916666666667     -3.2977777777777779E-02
   0.1306694444444444     -3.2977777777777779E-02
   0.1308472222222222     -3.3155555555555556E-02
   0.1310250000000000     -3.3155555555555556E-02
   0.1312000000000000     -3.3155555555555556E-02
   0.1313777777777778     -3.3155555555555556E-02
   0.1315555555555555     -3.3155555555555556E-02
   0.1317333333333333     -3.3155555555555556E-02
   0.1319111111111111     -3.3155555555555556E-02
   0.1320861111111111     -3.3333333333333333E-02
   0.1322638888888889     -3.3333333333333333E-02
   0.1324416666666667     -3.3333333333333333E-02
   0.1326194444444445     -3.3508333333333334E-02
   0.1327972222222222     -3.3508333333333334E-02
   0.1329750000000000     -3.3508333333333334E-02
   0.1331500000000000     -3.3508333333333334E-02
   0.1333277777777778     -3.3686111111111111E-02
   0.1335055555555556     -3.3686111111111111E-02
   0.1336833333333333     -3.3686111111111111E-02
   0.1338611111111111     -3.3686111111111111E-02
   0.1340388888888889     -3.3686111111111111E-02
   0.1342138888888889     -3.3686111111111111E-02
   0.1343916666666667     -3.3686111111111111E-02
   0.1345694444444444     -3.3686111111111111E-02
   0.1347472222222222     -3.3686111111111111E-02
   0.1349250000000000     -3.3686111111111111E-02
   0.1351027777777778     -3.3686111111111111E-02
   0.1352777777777778     -3.3686111111111111E-02
   0.1354555555555556     -3.3686111111111111E-02
   0.1356333333333333     -3.3863888888888888E-02
   0.1358111111111111     -3.3863888888888888E-02
   0.1359888888888889     -3.3863888888888888E-02
   0.1361666666666667     -3.3863888888888888E-02
   0.1363416666666667     -3.3863888888888888E-02
   0.1365194444444444     -3.3863888888888888E-02
   0.1366972222222222     -3.3863888888888888E-02
   0.1368750000000000     -3.3863888888888888E-02
   0.1370527777777778     -3.4041666666666665E-02
   0.1372277777777778     -3.4041666666666665E-02
   0.1374055555555556     -3.4041666666666665E-02
   0.1375833333333333     -3.3863888888888888E-02
   0.1377611111111111     -3.3863888888888888E-02
   0.1379388888888889     -3.3863888888888888E-02
   0.1381166666666667     -3.3863888888888888E-02
   0.1382916666666667     -3.3863888888888888E-02
   0.1384694444444444     -3.3686111111111111E-02
   0.1386472222222222     -3.3686111111111111E-02
   0.1388250000000000     -3.3863888888888888E-02
   0.1390027777777778     -3.3863888888888888E-02
   0.1391805555555556     -3.3863888888888888E-02
   0.1393555555555556     -3.4041666666666665E-02
   0.1395333333333333     -3.4041666666666665E-02
   0.1397111111111111     -3.4041666666666665E-02
   0.1398888888888889     -3.4041666666666665E-02
   0.1400666666666667     -3.4041666666666665E-02
   0.1402444444444444     -3.4041666666666665E-02
   0.1404194444444445     -3.4041666666666665E-02
   0.1405972222222222     -3.4041666666666665E-02
   0.1407750000000000     -3.4041666666666665E-02
   0.1409527777777778     -3.4041666666666665E-02
   0.1411305555555556     -3.4041666666666665E-02
   0.1413055555555555     -3.4041666666666665E-02
   0.1414833333333333     -3.4041666666666665E-02
   0.1416611111111111     -3.4041666666666665E-02
   0.1418388888888889     -3.3863888888888888E-02
   0.1420166666666667     -3.3863888888888888E-02
   0.1421944444444444     -3.3863888888888888E-02
   0.1423694444444444     -3.3863888888888888E-02
   0.1425472222222222     -3.3686111111111111E-02
   0.1427250000000000     -3.3686111111111111E-02
   0.1429027777777778     -3.3686111111111111E-02
   0.1430805555555555     -3.3686111111111111E-02
   0.1432583333333333     -3.3863888888888888E-02
   0.1434333333333333     -3.3863888888888888E-02
   0.1436111111111111     -3.3863888888888888E-02
   0.1437888888888889     -3.3863888888888888E-02
   0.1439666666666667     -3.3863888888888888E-02
   0.1441444444444444     -3.3863888888888888E-02
   0.1443222222222222     -3.3863888888888888E-02
   0.1444972222222222     -3.3863888888888888E-02
   0.1446750000000000     -3.3863888888888888E-02
   0.1448527777777778     -3.3863888888888888E-02
   0.1450305555555556     -3.3863888888888888E-02
   0.1452083333333333     -3.3863888888888888E-02
   0.1453861111111111     -3.3863888888888888E-02
   0.1455611111111111     -3.3863888888888888E-02
   0.1457388888888889     -3.3863888888888888E-02
   0.1459166666666667     -3.3863888888888888E-02
   0.1460944444444444     -3.3863888888888888E-02
   0.1462722222222222     -3.3863888888888888E-02
   0.1464472222222222     -3.3863888888888888E-02
   0.1466250000000000     -3.3863888888888888E-02
   0.1468027777777778     -3.3863888888888888E-02
   0.1469805555555556     -3.3863888888888888E-02
   0.1471583333333333     -3.3863888888888888E-02
   0.1473361111111111     -3.3863888888888888E-02
   0.1475111111111111     -3.3863888888888888E-02
   0.1476888888888889     -3.3863888888888888E-02
   0.1478666666666667     -3.3863888888888888E-02
   0.1480444444444445     -3.3863888888888888E-02
   0.1482222222222222     -3.3863888888888888E-02
   0.1484000000000000     -3.3863888888888888E-02
   0.1485750000000000     -3.3863888888888888E-02
   0.1487527777777778     -3.3863888888888888E-02
   0.1489305555555556     -3.3863888888888888E-02
   0.1491083333333333     -3.3863888888888888E-02
   0.1492861111111111     -3.3863888888888888E-02
   0.1494638888888889     -3.3863888888888888E-02
   0.1496388888888889     -3.3863888888888888E-02
   0.1498166666666667     -3.3863888888888888E-02
   0.1499944444444444     -3.3863888888888888E-02
   0.1501722222222222     -3.3863888888888888E-02
   0.1503500000000000     -3.4041666666666665E-02
   0.1505277777777778     -3.4041666666666665E-02
   0.1507027777777778     -3.4041666666666665E-02
   0.1508805555555556     -3.4041666666666665E-02
   0.1510583333333334     -3.4041666666666665E-02
   0.1512361111111111     -3.4041666666666665E-02
   0.1514138888888889     -3.4041666666666665E-02
   0.1515888888888889     -3.4041666666666665E-02
   0.1517666666666667     -3.4219444444444441E-02
   0.1519444444444444     -3.4219444444444441E-02
   0.1521222222222222     -3.4219444444444441E-02
   0.1523000000000000     -3.4397222222222218E-02
   0.1524777777777778     -3.4397222222222218E-02
   0.1526527777777778     -3.4397222222222218E-02
   0.1528305555555556     -3.4397222222222218E-02
   0.1530083333333333     -3.4572222222222219E-02
   0.1531861111111111     -3.4572222222222219E-02
   0.1533638888888889     -3.4572222222222219E-02
   0.1535416666666667     -3.4749999999999996E-02
   0.1537166666666667     -3.4749999999999996E-02
   0.1538944444444444     -3.4749999999999996E-02
   0.1540722222222222     -3.4749999999999996E-02
   0.1542500000000000     -3.4749999999999996E-02
   0.1544277777777778     -3.4749999999999996E-02
   0.1546055555555556     -3.4927777777777780E-02
   0.1547805555555556     -3.4927777777777780E-02
   0.1549583333333333     -3.4927777777777780E-02
   0.1551361111111111     -3.4927777777777780E-02
   0.1553138888888889     -3.4927777777777780E-02
   0.1554916666666667     -3.4927777777777780E-02
   0.1556694444444444     -3.4927777777777780E-02
   0.1558444444444445     -3.4927777777777780E-02
   0.1560222222222222     -3.4927777777777780E-02
   0.1562000000000000     -3.4927777777777780E-02
   0.1563777777777778     -3.4927777777777780E-02
   0.1565555555555556     -3.4927777777777780E-02
   0.1567305555555555     -3.4927777777777780E-02
   0.1569083333333333     -3.4749999999999996E-02
   0.1570861111111111     -3.4749999999999996E-02
   0.1572638888888889     -3.4749999999999996E-02
   0.1574416666666667     -3.4749999999999996E-02
   0.1576194444444444     -3.4749999999999996E-02
   0.1577944444444445     -3.4749999999999996E-02
   0.1579722222222222     -3.4749999999999996E-02
   0.1581500000000000     -3.4749999999999996E-02
   0.1583277777777778     -3.4749999999999996E-02
   0.1585055555555556     -3.4927777777777780E-02
   0.1586833333333333     -3.4927777777777780E-02
   0.1588583333333333     -3.4927777777777780E-02
   0.1590361111111111     -3.4927777777777780E-02
   0.1592138888888889     -3.4927777777777780E-02
   0.1593916666666667     -3.4927777777777780E-02
   0.1595694444444445     -3.5105555555555557E-02
   0.1597472222222222     -3.5105555555555557E-02
   0.1599222222222222     -3.5283333333333333E-02
   0.1601000000000000     -3.5283333333333333E-02
   0.1602777777777778     -3.5283333333333333E-02
   0.1604555555555555     -3.5283333333333333E-02
   0.1606333333333333     -3.5283333333333333E-02
   0.1606333333333333     -3.5458333333333335E-02
   0.1608111111111111     -3.5458333333333335E-02
   0.1609861111111111     -3.5458333333333335E-02
   0.1611638888888889     -3.5458333333333335E-02
   0.1613416666666667     -3.5458333333333335E-02
   0.1615194444444444     -3.5458333333333335E-02
   0.1616972222222222     -3.5458333333333335E-02
   0.1618722222222222     -3.5458333333333335E-02
   0.1620500000000000     -3.5458333333333335E-02
   0.1622277777777778     -3.5458333333333335E-02
   0.1624055555555556     -3.5458333333333335E-02
   0.1625833333333333     -3.5458333333333335E-02
   0.1627611111111111     -3.5458333333333335E-02
   0.1629361111111111     -3.5458333333333335E-02
   0.1631138888888889     -3.5458333333333335E-02
   0.1632916666666667     -3.5458333333333335E-02
   0.1634694444444444     -3.5283333333333333E-02
   0.1636472222222222     -3.5283333333333333E-02
   0.1638250000000000     -3.5283333333333333E-02
   0.1640000000000000     -3.5283333333333333E-02
   0.1641777777777778     -3.5105555555555557E-02
   0.1643555555555556     -3.5105555555555557E-02
   0.1645333333333333     -3.4927777777777780E-02
   0.1647111111111111     -3.4927777777777780E-02
   0.1648888888888889     -3.4927777777777780E-02
   0.1650638888888889     -3.4749999999999996E-02
   0.1652416666666666     -3.4749999999999996E-02
   0.1654194444444445     -3.4749999999999996E-02
   0.1655972222222222     -3.4927777777777780E-02
   0.1657750000000000     -3.4927777777777780E-02
   0.1659527777777778     -3.4927777777777780E-02
   0.1661277777777778     -3.4927777777777780E-02
   0.1663055555555556     -3.4927777777777780E-02
   0.1664833333333333     -3.4927777777777780E-02
   0.1666611111111111     -3.4927777777777780E-02
   0.1668388888888889     -3.4927777777777780E-02
   0.1670138888888889     -3.4927777777777780E-02
   0.1671916666666667     -3.4927777777777780E-02
   0.1673694444444444     -3.4927777777777780E-02
   0.1675472222222222     -3.4927777777777780E-02
   0.1677250000000000     -3.4927777777777780E-02
   0.1679027777777778     -3.4927777777777780E-02
   0.1680777777777778     -3.4927777777777780E-02
   0.1682555555555555     -3.4927777777777780E-02
   0.1684333333333333     -3.4927777777777780E-02
   0.1686111111111111     -3.4927777777777780E-02
   0.1687888888888889     -3.4927777777777780E-02
   0.1689666666666667     -3.5105555555555557E-02
   0.1691416666666667     -3.5105555555555557E-02
   0.1693194444444445     -3.5105555555555557E-02
   0.1694972222222222     -3.5105555555555557E-02
   0.1696750000000000     -3.5105555555555557E-02
   0.1698527777777778     -3.5105555555555557E-02
   0.1700305555555556     -3.5105555555555557E-02
   0.1702055555555556     -3.5105555555555557E-02
   0.1703833333333333     -3.5105555555555557E-02
   0.1705611111111111     -3.5105555555555557E-02
   0.1707388888888889     -3.5105555555555557E-02
   0.1707388888888889     -3.5283333333333333E-02
   0.1709166666666667     -3.5283333333333333E-02
   0.1710944444444444     -3.5283333333333333E-02
   0.1712694444444444     -3.5283333333333333E-02
   0.1714472222222222     -3.5283333333333333E-02
   0.1716250000000000     -3.5283333333333333E-02
   0.1718027777777778     -3.5283333333333333E-02
   0.1718027777777778     -3.5458333333333335E-02
   0.1719805555555556     -3.5458333333333335E-02
   0.1721555555555555     -3.5458333333333335E-02
   0.1723333333333333     -3.5458333333333335E-02
   0.1725111111111111     -3.5636111111111111E-02
   0.1726888888888889     -3.5636111111111111E-02
   0.1728666666666667     -3.5636111111111111E-02
   0.1730444444444444     -3.5636111111111111E-02
   0.1730444444444444     -3.5813888888888888E-02
   0.1732194444444445     -3.5813888888888888E-02
   0.1733972222222222     -3.5813888888888888E-02
   0.1735750000000000     -3.5813888888888888E-02
   0.1737527777777778     -3.5813888888888888E-02
   0.1739305555555556     -3.5813888888888888E-02
   0.1741083333333333     -3.5813888888888888E-02
   0.1741083333333333     -3.5991666666666672E-02
   0.1742833333333333     -3.5991666666666672E-02
   0.1744611111111111     -3.5991666666666672E-02
   0.1746388888888889     -3.5991666666666672E-02
   0.1748166666666667     -3.5991666666666672E-02
   0.1749944444444445     -3.5991666666666672E-02
   0.1751722222222222     -3.5991666666666672E-02
   0.1753472222222222     -3.5813888888888888E-02
   0.1755250000000000     -3.5813888888888888E-02
   0.1757027777777778     -3.5813888888888888E-02
   0.1758805555555555     -3.5813888888888888E-02
   0.1760583333333333     -3.5813888888888888E-02
   0.1762361111111111     -3.5813888888888888E-02
   0.1764111111111111     -3.5813888888888888E-02
   0.1765888888888889     -3.5813888888888888E-02
   0.1767666666666667     -3.5813888888888888E-02
   0.1769444444444445     -3.5813888888888888E-02
   0.1771222222222222     -3.5813888888888888E-02
   0.1772972222222222     -3.5813888888888888E-02
   0.1774750000000000     -3.5813888888888888E-02
   0.1776527777777778     -3.5813888888888888E-02
   0.1778305555555556     -3.5813888888888888E-02
   0.1780083333333333     -3.5991666666666672E-02
   0.1781861111111111     -3.5991666666666672E-02
   0.1783611111111111     -3.5991666666666672E-02
   0.1785388888888889     -3.5991666666666672E-02
   0.1787166666666667     -3.5991666666666672E-02
   0.1788944444444444     -3.5991666666666672E-02
   0.1790722222222222     -3.5991666666666672E-02
   0.1792500000000000     -3.5991666666666672E-02
   0.1794250000000000     -3.5991666666666672E-02
   0.1796027777777778     -3.5991666666666672E-02
   0.1797805555555556     -3.5991666666666672E-02
   0.1799583333333333     -3.5991666666666672E-02
   0.1801361111111111     -3.5813888888888888E-02
   0.1803138888888889     -3.5636111111111111E-02
   0.1804888888888889     -3.5636111111111111E-02
   0.1806666666666666     -3.5636111111111111E-02
   0.1808444444444444     -3.5458333333333335E-02
   0.1810222222222222     -3.5458333333333335E-02
   0.1812000000000000     -3.5458333333333335E-02
   0.1813777777777778     -3.5458333333333335E-02
   0.1815527777777778     -3.5458333333333335E-02
   0.1817305555555556     -3.5458333333333335E-02
   0.1819083333333333     -3.5458333333333335E-02
   0.1820861111111111     -3.5458333333333335E-02
   0.1822638888888889     -3.5458333333333335E-02
   0.1824388888888889     -3.5458333333333335E-02
   0.1826166666666667     -3.5458333333333335E-02
   0.1827944444444445     -3.5458333333333335E-02
   0.1829722222222222     -3.5458333333333335E-02
   0.1831500000000000     -3.5458333333333335E-02
   0.1833277777777778     -3.5458333333333335E-02
   0.1835027777777778     -3.5458333333333335E-02
   0.1836805555555555     -3.5458333333333335E-02
   0.1836805555555555     -3.5636111111111111E-02
   0.1838583333333333     -3.5636111111111111E-02
   0.1840361111111111     -3.5636111111111111E-02
   0.1842138888888889     -3.5636111111111111E-02
   0.1843916666666666     -3.5813888888888888E-02
   0.1845666666666667     -3.5813888888888888E-02
   0.1847444444444445     -3.5813888888888888E-02
   0.1849222222222222     -3.5813888888888888E-02
   0.1851000000000000     -3.5991666666666672E-02
   0.1852777777777778     -3.5991666666666672E-02
   0.1854555555555556     -3.5991666666666672E-02
   0.1856305555555555     -3.5991666666666672E-02
   0.1858083333333333     -3.5991666666666672E-02
   0.1859861111111111     -3.5991666666666672E-02
   0.1861638888888889     -3.5991666666666672E-02
   0.1861638888888889     -3.6169444444444449E-02
   0.1863416666666667     -3.6169444444444449E-02
   0.1865194444444444     -3.6169444444444449E-02
   0.1866944444444444     -3.6169444444444449E-02
   0.1868722222222222     -3.6169444444444449E-02
   0.1870500000000000     -3.6169444444444449E-02
   0.1872277777777778     -3.6169444444444449E-02
   0.1874055555555555     -3.6169444444444449E-02
   0.1875805555555556     -3.6169444444444449E-02
   0.1877583333333333     -3.6169444444444449E-02
   0.1879361111111111     -3.6169444444444449E-02
   0.1881138888888889     -3.6169444444444449E-02
   0.1882916666666667     -3.5991666666666672E-02
   0.1884694444444445     -3.5991666666666672E-02
   0.1886444444444444     -3.5991666666666672E-02
   0.1888222222222222     -3.5991666666666672E-02
   0.1890000000000000     -3.5813888888888888E-02
   0.1891777777777778     -3.5813888888888888E-02
   0.1893555555555556     -3.5813888888888888E-02
   0.1895333333333333     -3.5813888888888888E-02
   0.1897083333333333     -3.5636111111111111E-02
   0.1898861111111111     -3.5636111111111111E-02
   0.1900638888888889     -3.5636111111111111E-02
   0.1902416666666667     -3.5636111111111111E-02
   0.1904194444444444     -3.5636111111111111E-02
   0.1905972222222222     -3.5636111111111111E-02
   0.1907722222222222     -3.5636111111111111E-02
   0.1909500000000000     -3.5636111111111111E-02
   0.1911277777777778     -3.5636111111111111E-02
   0.1911277777777778     -3.5813888888888888E-02
   0.1913055555555556     -3.5813888888888888E-02
   0.1914833333333333     -3.5813888888888888E-02
   0.1916611111111111     -3.5813888888888888E-02
   0.1918361111111111     -3.5813888888888888E-02
   0.1920138888888889     -3.5991666666666672E-02
   0.1921916666666666     -3.5991666666666672E-02
   0.1923694444444445     -3.5991666666666672E-02
   0.1925472222222222     -3.5991666666666672E-02
   0.1927222222222222     -3.6169444444444449E-02
   0.1929000000000000     -3.6169444444444449E-02
   0.1930777777777778     -3.6169444444444449E-02
   0.1932555555555556     -3.6169444444444449E-02
   0.1934333333333333     -3.6347222222222225E-02
   0.1936111111111111     -3.6347222222222225E-02
   0.1937861111111111     -3.6347222222222225E-02
   0.1939638888888889     -3.6347222222222225E-02
   0.1941416666666667     -3.6347222222222225E-02
   0.1943194444444444     -3.6347222222222225E-02
   0.1944972222222222     -3.6522222222222220E-02
   0.1946750000000000     -3.6522222222222220E-02
   0.1948500000000000     -3.6522222222222220E-02
   0.1950277777777778     -3.6522222222222220E-02
   0.1952055555555555     -3.6522222222222220E-02
   0.1953833333333334     -3.6522222222222220E-02
   0.1955611111111111     -3.6522222222222220E-02
   0.1957388888888889     -3.6522222222222220E-02
   0.1959138888888889     -3.6522222222222220E-02
   0.1960916666666667     -3.6522222222222220E-02
   0.1962694444444444     -3.6522222222222220E-02
   0.1964472222222222     -3.6522222222222220E-02
   0.1966250000000000     -3.6522222222222220E-02
   0.1968000000000000     -3.6522222222222220E-02
   0.1969777777777778     -3.6522222222222220E-02
   0.1971555555555556     -3.6347222222222225E-02
   0.1973333333333333     -3.6347222222222225E-02
   0.1975111111111111     -3.6347222222222225E-02
   0.1976888888888889     -3.6347222222222225E-02
   0.1978638888888889     -3.6347222222222225E-02
   0.1980416666666667     -3.6347222222222225E-02
   0.1982194444444444     -3.6347222222222225E-02
   0.1983972222222222     -3.6347222222222225E-02
   0.1985750000000000     -3.6347222222222225E-02
   0.1987527777777778     -3.6347222222222225E-02
   0.1989277777777778     -3.6347222222222225E-02
   0.1991055555555555     -3.6347222222222225E-02
   0.1992833333333333     -3.6347222222222225E-02
   0.1994611111111111     -3.6347222222222225E-02
   0.1996388888888889     -3.6347222222222225E-02
   0.1998166666666666     -3.6347222222222225E-02
   0.1999916666666667     -3.6347222222222225E-02
   0.2001694444444445     -3.6347222222222225E-02
   0.2003472222222222     -3.6347222222222225E-02
   0.2005250000000000     -3.6347222222222225E-02
   0.2007027777777778     -3.6347222222222225E-02
   0.2008805555555556     -3.6347222222222225E-02
   0.2010555555555555     -3.6347222222222225E-02
   0.2012333333333333     -3.6347222222222225E-02
   0.2012333333333333     -3.6522222222222220E-02
   0.2014111111111111     -3.6522222222222220E-02
   0.2015888888888889     -3.6522222222222220E-02
   0.2017666666666667     -3.6522222222222220E-02
   0.2019416666666667     -3.6522222222222220E-02
   0.2021194444444444     -3.6699999999999997E-02
   0.2022972222222222     -3.6699999999999997E-02
   0.2024750000000000     -3.6699999999999997E-02
   0.2026527777777778     -3.6877777777777773E-02
   0.2028305555555555     -3.6877777777777773E-02
   0.2030055555555556     -3.6877777777777773E-02
   0.2031833333333334     -3.6877777777777773E-02
   0.2033611111111111     -3.7055555555555557E-02
   0.2035388888888889     -3.7055555555555557E-02
   0.2037166666666667     -3.7055555555555557E-02
   0.2038944444444445     -3.7055555555555557E-02
   0.2040694444444444     -3.7055555555555557E-02
   0.2042472222222222     -3.7055555555555557E-02
   0.2044250000000000     -3.7055555555555557E-02
   0.2046027777777778     -3.7055555555555557E-02
   0.2047805555555555     -3.7055555555555557E-02
   0.2049583333333333     -3.7055555555555557E-02
   0.2051333333333333     -3.7055555555555557E-02
   0.2053111111111111     -3.7055555555555557E-02
   0.2054888888888889     -3.7055555555555557E-02
   0.2056666666666667     -3.7055555555555557E-02
   0.2058444444444444     -3.7055555555555557E-02
   0.2060222222222222     -3.7055555555555557E-02
   0.2061972222222222     -3.7055555555555557E-02
   0.2063750000000000     -3.7055555555555557E-02
   0.2065527777777778     -3.7055555555555557E-02
   0.2067305555555556     -3.7233333333333334E-02
   0.2069083333333333     -3.7233333333333334E-02
   0.2070833333333333     -3.7233333333333334E-02
   0.2072611111111111     -3.7233333333333334E-02
   0.2074388888888889     -3.7055555555555557E-02
   0.2076166666666667     -3.7055555555555557E-02
   0.2077944444444444     -3.7055555555555557E-02
   0.2079722222222222     -3.7055555555555557E-02
   0.2081472222222222     -3.7055555555555557E-02
   0.2083250000000000     -3.7055555555555557E-02
   0.2085027777777778     -3.7233333333333334E-02
   0.2086805555555556     -3.7055555555555557E-02
   0.2088583333333333     -3.7055555555555557E-02
   0.2090361111111111     -3.7055555555555557E-02
   0.2092111111111111     -3.7055555555555557E-02
   0.2093888888888889     -3.7055555555555557E-02
   0.2095666666666667     -3.7055555555555557E-02
   0.2097444444444444     -3.7055555555555557E-02
   0.2099222222222222     -3.7055555555555557E-02
   0.2101000000000000     -3.7055555555555557E-02
   0.2102750000000000     -3.7055555555555557E-02
   0.2104527777777778     -3.7055555555555557E-02
   0.2106305555555555     -3.7055555555555557E-02
   0.2108083333333333     -3.7055555555555557E-02
   0.2109861111111111     -3.7055555555555557E-02
   0.2111638888888889     -3.7055555555555557E-02
   0.2113388888888889     -3.7055555555555557E-02
   0.2115166666666667     -3.7055555555555557E-02
   0.2116944444444445     -3.7055555555555557E-02
   0.2118722222222222     -3.7055555555555557E-02
   0.2120500000000000     -3.7055555555555557E-02
   0.2122250000000000     -3.7055555555555557E-02
   0.2124027777777778     -3.7055555555555557E-02
   0.2125805555555556     -3.7055555555555557E-02
   0.2127583333333333     -3.7055555555555557E-02
   0.2129361111111111     -3.7055555555555557E-02
   0.2131138888888889     -3.7055555555555557E-02
   0.2132888888888889     -3.7055555555555557E-02
   0.2134666666666667     -3.7055555555555557E-02
   0.2136444444444444     -3.7055555555555557E-02
   0.2138222222222222     -3.7055555555555557E-02
   0.2140000000000000     -3.7055555555555557E-02
   0.2141777777777778     -3.7055555555555557E-02
   0.2143527777777778     -3.7055555555555557E-02
   0.2145305555555556     -3.7055555555555557E-02
   0.2147083333333333     -3.7055555555555557E-02
   0.2148861111111111     -3.7055555555555557E-02
   0.2150638888888889     -3.7055555555555557E-02
   0.2152416666666667     -3.7055555555555557E-02
   0.2154166666666667     -3.7055555555555557E-02
   0.2155944444444444     -3.7055555555555557E-02
   0.2157722222222222     -3.7055555555555557E-02
   0.2159500000000000     -3.7233333333333334E-02
   0.2161277777777778     -3.7233333333333334E-02
   0.2163055555555556     -3.7233333333333334E-02
   0.2164805555555556     -3.7233333333333334E-02
   0.2166583333333333     -3.7233333333333334E-02
   0.2166583333333333     -3.7411111111111110E-02
   0.2168361111111111     -3.7411111111111110E-02
   0.2170138888888889     -3.7411111111111110E-02
   0.2171916666666667     -3.7411111111111110E-02
   0.2173666666666667     -3.7411111111111110E-02
   0.2175444444444444     -3.7586111111111112E-02
   0.2177222222222222     -3.7586111111111112E-02
   0.2179000000000000     -3.7586111111111112E-02
   0.2180777777777778     -3.7586111111111112E-02
   0.2182555555555555     -3.7586111111111112E-02
   0.2184305555555556     -3.7586111111111112E-02
   0.2186083333333333     -3.7586111111111112E-02
   0.2187861111111111     -3.7586111111111112E-02
   0.2189638888888889     -3.7411111111111110E-02
   0.2191416666666667     -3.7411111111111110E-02
   0.2193194444444445     -3.7411111111111110E-02
   0.2194944444444444     -3.7411111111111110E-02
   0.2196722222222222     -3.7411111111111110E-02
   0.2198500000000000     -3.7233333333333334E-02
   0.2200277777777778     -3.7411111111111110E-02
   0.2202055555555556     -3.7411111111111110E-02
   0.2202055555555556     -3.7586111111111112E-02
   0.2203833333333333     -3.7586111111111112E-02
   0.2205583333333333     -3.7763888888888889E-02
   0.2207361111111111     -3.7763888888888889E-02
   0.2209138888888889     -3.7941666666666665E-02
   0.2210916666666667     -3.7941666666666665E-02
   0.2212694444444444     -3.7941666666666665E-02
   0.2214472222222222     -3.7941666666666665E-02
   0.2216222222222222     -3.7941666666666665E-02
   0.2218000000000000     -3.7941666666666665E-02
   0.2219777777777778     -3.7941666666666665E-02
   0.2221555555555556     -3.7941666666666665E-02
   0.2223333333333333     -3.7941666666666665E-02
   0.2225083333333334     -3.7941666666666665E-02
   0.2226861111111111     -3.7941666666666665E-02
   0.2228638888888889     -3.7941666666666665E-02
   0.2230416666666667     -3.7941666666666665E-02
   0.2232194444444444     -3.7941666666666665E-02
   0.2233972222222222     -3.7941666666666665E-02
   0.2235722222222222     -3.7941666666666665E-02
   0.2237500000000000     -3.7763888888888889E-02
   0.2239277777777778     -3.7763888888888889E-02
   0.2241055555555556     -3.7763888888888889E-02
   0.2242833333333333     -3.7763888888888889E-02
   0.2244611111111111     -3.7763888888888889E-02
   0.2246361111111111     -3.7763888888888889E-02
   0.2248138888888889     -3.7763888888888889E-02
   0.2249916666666667     -3.7763888888888889E-02
   0.2251694444444444     -3.7763888888888889E-02
   0.2253472222222223     -3.7763888888888889E-02
   0.2255250000000000     -3.7763888888888889E-02
   0.2257000000000000     -3.7763888888888889E-02
   0.2258777777777778     -3.7941666666666665E-02
   0.2260555555555556     -3.7941666666666665E-02
   0.2262333333333333     -3.7941666666666665E-02
   0.2264111111111111     -3.7941666666666665E-02
   0.2265888888888889     -3.7941666666666665E-02
   0.2267638888888889     -3.7941666666666665E-02
   0.2269416666666667     -3.7941666666666665E-02
   0.2271194444444444     -3.7941666666666665E-02
   0.2272972222222222     -3.8119444444444449E-02
   0.2274750000000000     -3.8119444444444449E-02
   0.2276500000000000     -3.8119444444444449E-02
   0.2278277777777778     -3.8119444444444449E-02
   0.2280055555555555     -3.8119444444444449E-02
   0.2281833333333333     -3.8119444444444449E-02
   0.2283611111111111     -3.8119444444444449E-02
   0.2285388888888889     -3.8119444444444449E-02
   0.2287138888888889     -3.8119444444444449E-02
   0.2288916666666667     -3.8119444444444449E-02
   0.2290694444444444     -3.8119444444444449E-02
   0.2292472222222222     -3.8119444444444449E-02
   0.2294250000000000     -3.8119444444444449E-02
   0.2296027777777778     -3.8119444444444449E-02
   0.2297777777777778     -3.8119444444444449E-02
   0.2297777777777778     -3.8297222222222226E-02
   0.2299555555555556     -3.8297222222222226E-02
   0.2301333333333334     -3.8297222222222226E-02
   0.2303111111111111     -3.8297222222222226E-02
   0.2304888888888889     -3.8297222222222226E-02
   0.2306666666666667     -3.8297222222222226E-02
   0.2308416666666667     -3.8475000000000002E-02
   0.2310194444444445     -3.8475000000000002E-02
   0.2311972222222222     -3.8475000000000002E-02
   0.2313750000000000     -3.8475000000000002E-02
   0.2315527777777778     -3.8475000000000002E-02
   0.2315527777777778     -3.8649999999999997E-02
   0.2317305555555556     -3.8649999999999997E-02
   0.2319055555555555     -3.8649999999999997E-02
   0.2320833333333333     -3.8649999999999997E-02
   0.2322611111111111     -3.8649999999999997E-02
   0.2324388888888889     -3.8649999999999997E-02
   0.2326166666666667     -3.8649999999999997E-02
   0.2327916666666666     -3.8649999999999997E-02
   0.2329694444444445     -3.8649999999999997E-02
   0.2331472222222222     -3.8649999999999997E-02
   0.2333250000000000     -3.8649999999999997E-02
   0.2335027777777778     -3.8649999999999997E-02
   0.2336805555555556     -3.8649999999999997E-02
   0.2338555555555555     -3.8827777777777774E-02
   0.2340333333333333     -3.8827777777777774E-02
   0.2342111111111111     -3.8827777777777774E-02
   0.2343888888888889     -3.8827777777777774E-02
   0.2345666666666667     -3.8827777777777774E-02
   0.2347444444444444     -3.8649999999999997E-02
   0.2349194444444445     -3.8649999999999997E-02
   0.2350972222222222     -3.8649999999999997E-02
   0.2352750000000000     -3.8649999999999997E-02
   0.2354527777777778     -3.8649999999999997E-02
   0.2356305555555555     -3.8649999999999997E-02
   0.2358083333333333     -3.8649999999999997E-02
   0.2359833333333333     -3.8649999999999997E-02
   0.2361611111111111     -3.8649999999999997E-02
   0.2363388888888889     -3.8649999999999997E-02
   0.2365166666666667     -3.8649999999999997E-02
   0.2366944444444445     -3.8649999999999997E-02
   0.2368722222222222     -3.8649999999999997E-02
   0.2370472222222222     -3.8827777777777774E-02
   0.2372250000000000     -3.8827777777777774E-02
   0.2374027777777778     -3.8827777777777774E-02
   0.2375805555555555     -3.8827777777777774E-02
   0.2377583333333333     -3.8827777777777774E-02
   0.2379333333333333     -3.8827777777777774E-02
   0.2379333333333333     -3.9005555555555550E-02
   0.2381111111111111     -3.9005555555555550E-02
   0.2382888888888889     -3.9005555555555550E-02
   0.2384666666666667     -3.9005555555555550E-02
   0.2386444444444445     -3.9005555555555550E-02
   0.2388222222222222     -3.9005555555555550E-02
   0.2389972222222222     -3.9005555555555550E-02
   0.2391750000000000     -3.9005555555555550E-02
   0.2393527777777778     -3.9005555555555550E-02
   0.2395305555555556     -3.9005555555555550E-02
   0.2397083333333333     -3.9005555555555550E-02
   0.2398861111111111     -3.9005555555555550E-02
   0.2400611111111111     -3.9005555555555550E-02
   0.2402388888888889     -3.8827777777777774E-02
   0.2404166666666666     -3.8827777777777774E-02
   0.2405944444444444     -3.8827777777777774E-02
   0.2407722222222222     -3.8827777777777774E-02
   0.2409500000000000     -3.8827777777777774E-02
   0.2411250000000000     -3.8827777777777774E-02
   0.2413027777777778     -3.8827777777777774E-02
   0.2414805555555556     -3.8827777777777774E-02
   0.2416583333333333     -3.8827777777777774E-02
   0.2418361111111111     -3.8827777777777774E-02
   0.2420138888888889     -3.9005555555555550E-02
   0.2421888888888889     -3.9005555555555550E-02
   0.2423666666666666     -3.9005555555555550E-02
   0.2425444444444445     -3.9005555555555550E-02
   0.2427222222222222     -3.9005555555555550E-02
   0.2429000000000000     -3.9183333333333334E-02
   0.2430750000000000     -3.9183333333333334E-02
   0.2432527777777778     -3.9183333333333334E-02
