   0.1596666666666667      3.8333333333333337E-02
   0.1590833333333333      3.8916666666666669E-02
   0.1588333333333334      3.9000000000000000E-02
   0.1582500000000000      3.9125000000000000E-02
   0.1579166666666667      3.9125000000000000E-02
   0.1576250000000000      3.8875000000000000E-02
   0.1569583333333333      3.8500000000000000E-02
   0.1562916666666667      3.8374999999999999E-02
   0.1553333333333333      3.8291666666666668E-02
   0.1542083333333333      3.9041666666666669E-02
   0.1528333333333333      3.9166666666666662E-02
   0.1518333333333333      3.9333333333333331E-02
   0.1505000000000000      3.9791666666666663E-02
   0.1493750000000000      4.0083333333333332E-02
   0.1485416666666667      4.0375000000000001E-02
   0.1476666666666667      4.0625000000000001E-02
   0.1467083333333333      4.0791666666666664E-02
   0.1460416666666667      4.0791666666666664E-02
   0.1453333333333333      4.0583333333333332E-02
   0.1447083333333333      4.0250000000000001E-02
   0.1443333333333333      3.9875000000000001E-02
   0.1442083333333333      3.9750000000000001E-02
   0.1437500000000000      3.9416666666666662E-02
   0.1430000000000000      3.8958333333333338E-02
   0.1424583333333333      3.8458333333333337E-02
   0.1415000000000000      3.8374999999999999E-02
   0.1407083333333333      3.8374999999999999E-02
   0.1398333333333333      3.8541666666666669E-02
   0.1388333333333333      3.8791666666666669E-02
   0.1382916666666667      3.9125000000000000E-02
   0.1373333333333333      3.8333333333333337E-02
   0.1364583333333333      3.8333333333333337E-02
   0.1357083333333333      3.8416666666666668E-02
   0.1350000000000000      3.8458333333333337E-02
   0.1345416666666667      3.8333333333333337E-02
   0.1340833333333333      3.7958333333333337E-02
   0.1337500000000000      3.7499999999999999E-02
   0.1332916666666667      3.6874999999999998E-02
   0.1329166666666667      3.6374999999999998E-02
   0.1327916666666667      3.6124999999999997E-02
   0.1324166666666667      3.5708333333333335E-02
   0.1322083333333333      3.5833333333333335E-02
   0.1320000000000000      3.6083333333333335E-02
   0.1316666666666667      3.6208333333333335E-02
   0.1312916666666667      3.6249999999999998E-02
   0.1309166666666667      3.6291666666666667E-02
   0.1303333333333333      3.6291666666666667E-02
   0.1294583333333333      3.6499999999999998E-02
   0.1286250000000000      3.6291666666666667E-02
   0.1276666666666667      3.6208333333333335E-02
   0.1270000000000000      3.6124999999999997E-02
   0.1264583333333333      3.6124999999999997E-02
   0.1258750000000000      3.6291666666666667E-02
   0.1252083333333333      3.6624999999999998E-02
   0.1242500000000000      3.7083333333333336E-02
   0.1235416666666667      3.7791666666666668E-02
   0.1235416666666667      3.7791666666666668E-02
   0.1229166666666667      3.8374999999999999E-02
   0.1225416666666667      3.8708333333333338E-02
   0.1218333333333333      3.8958333333333338E-02
   0.1214166666666667      3.9083333333333331E-02
   0.1211250000000000      3.9083333333333331E-02
   0.1200416666666667      3.9166666666666662E-02
   0.1193333333333333      3.9125000000000000E-02
   0.1185833333333333      3.9125000000000000E-02
   0.1177500000000000      3.9083333333333331E-02
   0.1171666666666667      3.9083333333333331E-02
   0.1171250000000000      3.9083333333333331E-02
   0.1172500000000000      3.8458333333333337E-02
   0.1170416666666667      3.7708333333333337E-02
   0.1170833333333333      3.7083333333333336E-02
   0.1170833333333333      3.6583333333333336E-02
   0.1170000000000000      3.5749999999999997E-02
   0.1167500000000000      3.4958333333333334E-02
   0.1164166666666667      3.4666666666666665E-02
   0.1155833333333333      3.4208333333333334E-02
   0.1147083333333333      3.4208333333333334E-02
   0.1135833333333333      3.4166666666666665E-02
   0.1126250000000000      3.4041666666666665E-02
   0.1105833333333333      3.3958333333333333E-02
   0.1096666666666667      3.4291666666666665E-02
   0.1085833333333333      3.4291666666666665E-02
   0.1075833333333333      3.4666666666666665E-02
   0.1065833333333333      3.5083333333333334E-02
   0.1058333333333333      3.5416666666666666E-02
   0.1052916666666667      3.5708333333333335E-02
   0.1047083333333333      3.5916666666666666E-02
   0.1044583333333333      3.5458333333333335E-02
   0.1037916666666667      3.4749999999999996E-02
   0.1034583333333333      3.4374999999999996E-02
   0.1030000000000000      3.3583333333333333E-02
   0.1027083333333333      3.2958333333333333E-02
   0.1024166666666667      3.2416666666666670E-02
   0.1019166666666667      3.2166666666666670E-02
   0.1012500000000000      3.2125000000000001E-02
   0.1003333333333333      3.2291666666666670E-02
   9.9791666666666667E-02  3.2541666666666670E-02
   9.9374999999999991E-02  3.2541666666666670E-02
   9.8833333333333329E-02  3.2166666666666670E-02
   9.8291666666666666E-02  3.2000000000000001E-02
   9.7625000000000003E-02  3.1916666666666670E-02
   9.6583333333333340E-02  3.1875000000000001E-02
   9.5958333333333326E-02  3.1541666666666669E-02
   9.5000000000000015E-02  3.1208333333333334E-02
   9.4708333333333339E-02  3.1041666666666665E-02
   9.3875000000000000E-02  3.0916666666666665E-02
   9.3583333333333338E-02  2.9249999999999998E-02
   9.2833333333333337E-02  2.9458333333333333E-02
   9.2249999999999999E-02  2.9708333333333333E-02
   9.1958333333333322E-02  3.0083333333333333E-02
   9.1291666666666660E-02  3.0458333333333334E-02
   9.0583333333333335E-02  3.0750000000000000E-02
   8.9958333333333321E-02  3.0958333333333334E-02
   8.9000000000000010E-02  3.1125000000000000E-02
   8.8208333333333333E-02  3.1208333333333334E-02
   8.7583333333333332E-02  3.1333333333333331E-02
   8.6374999999999993E-02  3.1625000000000000E-02
   8.5708333333333331E-02  3.1625000000000000E-02
   8.4916666666666654E-02  3.1583333333333331E-02
   8.4833333333333330E-02  3.1333333333333331E-02
   8.4583333333333330E-02  3.0875000000000000E-02
   8.4166666666666667E-02  3.0041666666666664E-02
   8.3958333333333343E-02  2.9249999999999998E-02
   8.3958333333333343E-02  2.8874999999999998E-02
   8.3708333333333329E-02  2.8291666666666670E-02
   8.2625000000000004E-02  2.8666666666666663E-02
   8.2041666666666666E-02  2.8625000000000001E-02
   8.1041666666666665E-02  2.8916666666666663E-02
   7.9958333333333340E-02  2.9458333333333333E-02
   7.8833333333333325E-02  2.9666666666666664E-02
   7.7916666666666676E-02  2.9666666666666664E-02
   7.6666666666666661E-02  2.9624999999999999E-02
   7.5458333333333336E-02  2.9583333333333333E-02
   7.4624999999999997E-02  2.9541666666666664E-02
   7.4624999999999997E-02  2.9291666666666664E-02
   7.4499999999999997E-02  2.8708333333333332E-02
   7.4291666666666659E-02  2.8208333333333335E-02
   7.3499999999999996E-02  2.7458333333333335E-02
   7.2791666666666657E-02  2.7208333333333334E-02
   7.1666666666666670E-02  2.5999999999999999E-02
   6.9875000000000007E-02  2.5874999999999999E-02
   6.9208333333333330E-02  2.5666666666666667E-02
   6.8458333333333329E-02  2.5499999999999998E-02
   6.7791666666666667E-02  2.5458333333333333E-02
   6.7375000000000004E-02  2.5499999999999998E-02
   6.6833333333333342E-02  2.5624999999999998E-02
   6.5916666666666665E-02  2.5999999999999999E-02
   6.4791666666666678E-02  2.6333333333333334E-02
   6.3666666666666663E-02  2.6458333333333334E-02
   6.2291666666666669E-02  2.6708333333333334E-02
   6.1166666666666668E-02  2.6708333333333334E-02
   6.0333333333333329E-02  2.6458333333333334E-02
   5.9625000000000004E-02  2.5999999999999999E-02
   5.9125000000000004E-02  2.5499999999999998E-02
   5.8458333333333334E-02  2.4541666666666666E-02
   5.8041666666666665E-02  2.4083333333333332E-02
   5.7541666666666665E-02  2.3666666666666666E-02
   5.7166666666666664E-02  2.3541666666666666E-02
   5.6250000000000001E-02  2.3624999999999997E-02
   5.5166666666666669E-02  2.4874999999999998E-02
   5.4125000000000000E-02  2.5416666666666667E-02
   5.3416666666666668E-02  2.5916666666666668E-02
   5.2875000000000005E-02  2.6124999999999999E-02
   5.1583333333333335E-02  2.6624999999999999E-02
   5.0249999999999996E-02  2.6875000000000000E-02
   4.8916666666666664E-02  2.6749999999999999E-02
   4.7999999999999994E-02  2.6291666666666668E-02
   4.7625000000000001E-02  2.5708333333333333E-02
   4.7291666666666669E-02  2.5041666666666667E-02
   4.7166666666666669E-02  2.4374999999999997E-02
   4.6916666666666662E-02  2.3666666666666666E-02
   4.6708333333333331E-02  2.3666666666666666E-02
   4.5750000000000006E-02  2.3833333333333331E-02
   4.5333333333333337E-02  2.3541666666666666E-02
   4.5041666666666667E-02  2.3125000000000003E-02
   4.4374999999999998E-02  2.2541666666666668E-02
   4.4250000000000005E-02  2.2333333333333334E-02
   4.3291666666666666E-02  2.1833333333333333E-02
   4.2416666666666665E-02  2.1375000000000002E-02
   4.1375000000000002E-02  2.1166666666666667E-02
   4.0083333333333332E-02  2.0958333333333332E-02
   3.8791666666666669E-02  2.1000000000000001E-02
   3.7833333333333337E-02  2.1125000000000001E-02
   3.6708333333333336E-02  2.1291666666666667E-02
   3.6124999999999997E-02  2.1375000000000002E-02
   3.5124999999999997E-02  2.1416666666666667E-02
   3.4499999999999996E-02  2.1375000000000002E-02
   3.3833333333333333E-02  2.1375000000000002E-02
   3.3416666666666671E-02  2.1166666666666667E-02
   3.2958333333333333E-02  2.0916666666666667E-02
   3.1333333333333331E-02  2.1083333333333332E-02
   3.1041666666666665E-02  2.1333333333333333E-02
   3.0291666666666665E-02  2.1833333333333333E-02
   2.9541666666666664E-02  2.1916666666666668E-02
   2.8625000000000001E-02  2.2041666666666668E-02
   2.7416666666666669E-02  2.1958333333333333E-02
   2.6583333333333334E-02  2.1541666666666667E-02
   2.5999999999999999E-02  2.0958333333333332E-02
   2.5666666666666667E-02  2.0708333333333332E-02
   2.5291666666666667E-02  2.0000000000000000E-02
   2.5416666666666667E-02  1.8666666666666668E-02
   2.5708333333333333E-02  1.7958333333333333E-02
   2.6041666666666668E-02  1.7083333333333332E-02
   2.6249999999999999E-02  1.6791666666666667E-02
   2.6333333333333334E-02  1.6458333333333335E-02
   2.5666666666666667E-02  1.6583333333333335E-02
   2.5124999999999998E-02  1.6833333333333336E-02
   2.4708333333333332E-02  1.6833333333333336E-02
   2.3999999999999997E-02  1.6708333333333335E-02
   2.3833333333333331E-02  1.6541666666666666E-02
   2.3416666666666669E-02  1.6041666666666666E-02
   2.3125000000000003E-02  1.5791666666666666E-02
   2.2625000000000003E-02  1.5375000000000000E-02
   2.2166666666666668E-02  1.5375000000000000E-02
   2.1625000000000002E-02  1.5666666666666666E-02
   2.1375000000000002E-02  1.5958333333333335E-02
   2.0541666666666666E-02  1.6416666666666666E-02
   1.9583333333333331E-02  1.6958333333333332E-02
   1.8583333333333334E-02  1.7583333333333333E-02
   1.7124999999999998E-02  1.7833333333333333E-02
   1.6833333333333336E-02  1.7916666666666668E-02
   1.6000000000000000E-02  1.8124999999999999E-02
   1.5583333333333333E-02  1.8124999999999999E-02
   1.4624999999999999E-02  1.8166666666666668E-02
   1.4125000000000000E-02  1.8208333333333333E-02
   1.3500000000000000E-02  1.7708333333333333E-02
   1.3166666666666667E-02  1.7124999999999998E-02
   1.2958333333333334E-02  1.6458333333333335E-02
   1.2791666666666666E-02  1.5708333333333335E-02
   1.2749999999999999E-02  1.4999999999999999E-02
   1.2791666666666666E-02  1.4458333333333332E-02
   1.3125000000000000E-02  1.3916666666666667E-02
   1.3458333333333334E-02  1.3458333333333334E-02
   1.3666666666666667E-02  1.3250000000000000E-02
   1.2999999999999999E-02  1.3583333333333334E-02
   1.2458333333333333E-02  1.4000000000000000E-02
   1.1833333333333333E-02  1.4458333333333332E-02
   1.1041666666666667E-02  1.5041666666666667E-02
   1.0583333333333333E-02  1.5208333333333332E-02
   9.8750000000000001E-03  1.5291666666666667E-02
   9.4583333333333342E-03  1.5208333333333332E-02
   8.9583333333333338E-03  1.5125000000000000E-02
   8.4166666666666678E-03  1.5125000000000000E-02
   7.8750000000000001E-03  1.5083333333333332E-02
   7.6666666666666662E-03  1.5250000000000000E-02
   7.0833333333333338E-03  1.5791666666666666E-02
   5.9583333333333328E-03  1.6250000000000001E-02
   5.0416666666666665E-03  1.6416666666666666E-02
   3.9166666666666664E-03  1.6583333333333335E-02
   2.9999999999999996E-03  1.6375000000000001E-02
   1.8749999999999999E-03  1.6083333333333335E-02
   1.3333333333333333E-03  1.5833333333333335E-02
   8.7500000000000002E-04  1.5708333333333335E-02
   0.0000000000000000E+00  1.5500000000000000E-02
  -6.2500000000000001E-04  1.5833333333333335E-02
  -1.5833333333333333E-03  1.6666666666666666E-02
  -2.1249999999999997E-03  1.7083333333333332E-02
  -3.4583333333333337E-03  1.7958333333333333E-02
  -4.1250000000000002E-03  1.8083333333333333E-02
  -4.8333333333333336E-03  1.8208333333333333E-02
  -5.7916666666666672E-03  1.8208333333333333E-02
  -6.2916666666666668E-03  1.8249999999999999E-02
  -6.2916666666666668E-03  1.8249999999999999E-02
  -7.1250000000000003E-03  1.9333333333333334E-02
  -7.4166666666666660E-03  2.0125000000000001E-02
  -7.8333333333333328E-03  2.0666666666666667E-02
  -8.3333333333333332E-03  2.1291666666666667E-02
  -9.2083333333333340E-03  2.1875000000000002E-02
  -1.0375000000000001E-02  2.2541666666666668E-02
  -1.1125000000000001E-02  2.2708333333333334E-02
  -1.2041666666666666E-02  2.2750000000000003E-02
  -1.2791666666666666E-02  2.2708333333333334E-02
  -1.3458333333333334E-02  2.2750000000000003E-02
  -1.3666666666666667E-02  2.2375000000000003E-02
  -1.3583333333333334E-02  2.1333333333333333E-02
  -1.3041666666666667E-02  2.0708333333333332E-02
  -1.2583333333333334E-02  2.0208333333333332E-02
  -1.2249999999999999E-02  2.0208333333333332E-02
  -1.1791666666666666E-02  2.0375000000000001E-02
  -1.1333333333333334E-02  2.0708333333333332E-02
  -1.1375000000000001E-02  2.0708333333333332E-02
  -1.2249999999999999E-02  1.9875000000000000E-02
  -1.2541666666666666E-02  1.9375000000000000E-02
  -1.2708333333333334E-02  1.8458333333333334E-02
  -1.2749999999999999E-02  1.7291666666666667E-02
  -1.2749999999999999E-02  1.6333333333333335E-02
  -1.2499999999999999E-02  1.5416666666666667E-02
  -1.2291666666666666E-02  1.4541666666666666E-02
  -1.2249999999999999E-02  1.3750000000000000E-02
  -1.2458333333333333E-02  1.2999999999999999E-02
  -1.2833333333333334E-02  1.1999999999999999E-02
  -1.3125000000000000E-02  1.0458333333333333E-02
  -1.3083333333333334E-02  9.3749999999999997E-03
  -1.2999999999999999E-02  8.5833333333333334E-03
  -1.2708333333333334E-02  7.3749999999999996E-03
  -1.2499999999999999E-02  6.4583333333333333E-03
  -1.2166666666666666E-02  5.8333333333333336E-03
  -1.1833333333333333E-02  5.2916666666666667E-03
  -1.1791666666666666E-02  5.2916666666666667E-03
  -1.1958333333333333E-02  4.1250000000000002E-03
  -1.2333333333333333E-02  3.6249999999999998E-03
  -1.2833333333333334E-02  2.3333333333333335E-03
  -1.3166666666666667E-02  1.4999999999999998E-03
  -1.3208333333333334E-02  3.3333333333333332E-04
  -1.2791666666666666E-02 -1.0833333333333333E-03
  -1.2083333333333333E-02 -2.0833333333333333E-03
  -1.1375000000000001E-02 -2.8750000000000004E-03
  -1.0833333333333334E-02 -3.2916666666666667E-03
  -1.0250000000000000E-02 -3.8750000000000000E-03
  -1.0250000000000000E-02 -3.8750000000000000E-03
  -1.1208333333333334E-02 -4.4583333333333332E-03
  -1.1375000000000001E-02 -5.1250000000000002E-03
  -1.1333333333333334E-02 -6.2083333333333331E-03
  -1.1333333333333334E-02 -6.4583333333333333E-03
  -1.1250000000000001E-02 -6.4999999999999997E-03
  -1.1416666666666667E-02 -7.1666666666666658E-03
  -1.1874999999999998E-02 -7.6249999999999998E-03
  -1.2541666666666666E-02 -8.2916666666666677E-03
  -1.3416666666666667E-02 -8.6249999999999990E-03
  -1.3875000000000000E-02 -9.0416666666666666E-03
  -1.4374999999999999E-02 -9.7916666666666655E-03
  -1.4666666666666666E-02 -1.0416666666666666E-02
  -1.4833333333333332E-02 -1.1208333333333334E-02
  -1.5083333333333332E-02 -1.2041666666666666E-02
  -1.5541666666666667E-02 -1.2999999999999999E-02
  -1.6125000000000000E-02 -1.3583333333333334E-02
  -1.6916666666666667E-02 -1.4458333333333332E-02
  -1.7041666666666667E-02 -1.5041666666666667E-02
  -1.7041666666666667E-02 -1.5666666666666666E-02
  -1.7249999999999998E-02 -1.6541666666666666E-02
  -1.7708333333333333E-02 -1.8333333333333333E-02
  -1.7749999999999998E-02 -1.9291666666666669E-02
  -1.7749999999999998E-02 -2.0416666666666666E-02
  -1.7749999999999998E-02 -2.1625000000000002E-02
  -1.7749999999999998E-02 -2.2916666666666669E-02
  -1.7583333333333333E-02 -2.4833333333333332E-02
  -1.8291666666666668E-02 -2.6124999999999999E-02
  -1.8333333333333333E-02 -2.7291666666666669E-02
  -1.8291666666666668E-02 -2.8625000000000001E-02
  -1.8291666666666668E-02 -2.9791666666666664E-02
  -1.8083333333333333E-02 -3.0875000000000000E-02
  -1.7749999999999998E-02 -3.1541666666666669E-02
  -1.7291666666666667E-02 -3.2208333333333332E-02
  -1.7041666666666667E-02 -3.1958333333333332E-02
  -1.6666666666666666E-02 -3.1416666666666669E-02
  -1.5833333333333335E-02 -3.0750000000000000E-02
  -1.4916666666666667E-02 -2.9874999999999999E-02
  -1.4000000000000000E-02 -2.8874999999999998E-02
  -1.3291666666666667E-02 -2.8041666666666670E-02
  -1.1874999999999998E-02 -2.7541666666666669E-02
  -1.0791666666666666E-02 -2.7291666666666669E-02
  -9.7916666666666655E-03 -2.7000000000000000E-02
  -9.0416666666666666E-03 -2.6583333333333334E-02
  -8.2916666666666677E-03 -2.5874999999999999E-02
  -7.1666666666666658E-03 -2.4458333333333332E-02
  -6.7499999999999999E-03 -2.3749999999999997E-02
  -6.0416666666666665E-03 -2.2666666666666668E-02
  -5.1250000000000002E-03 -2.1333333333333333E-02
  -4.4583333333333332E-03 -2.0166666666666666E-02
  -4.2916666666666667E-03 -2.0125000000000001E-02
  -2.9166666666666668E-03 -1.9833333333333331E-02
  -1.2083333333333334E-03 -1.9375000000000000E-02
   8.3333333333333331E-05 -1.8499999999999999E-02
   1.0833333333333333E-03 -1.7499999999999998E-02
   1.6249999999999999E-03 -1.6791666666666667E-02
   2.6250000000000002E-03 -1.5541666666666667E-02
   3.2499999999999999E-03 -1.4916666666666667E-02
   3.8750000000000000E-03 -1.4749999999999999E-02
   4.8333333333333336E-03 -1.4791666666666667E-02
   5.7916666666666672E-03 -1.4999999999999999E-02
   6.9166666666666673E-03 -1.5416666666666667E-02
   7.2499999999999995E-03 -1.5666666666666666E-02
   7.4166666666666660E-03 -1.6625000000000001E-02
   7.5833333333333334E-03 -1.7916666666666668E-02
   7.6249999999999998E-03 -1.8458333333333334E-02
   7.7916666666666664E-03 -1.8916666666666668E-02
   7.8333333333333328E-03 -1.8916666666666668E-02
   9.3333333333333341E-03 -1.8874999999999999E-02
   1.1333333333333334E-02 -1.8749999999999999E-02
   1.2208333333333333E-02 -1.8708333333333334E-02
   1.3375000000000000E-02 -1.8666666666666668E-02
   1.3916666666666667E-02 -1.9041666666666669E-02
   1.4333333333333332E-02 -1.9500000000000000E-02
   1.5166666666666667E-02 -1.9875000000000000E-02
   1.6625000000000001E-02 -1.9875000000000000E-02
   1.8166666666666668E-02 -1.9916666666666666E-02
   1.8666666666666668E-02 -2.0000000000000000E-02
   1.9083333333333334E-02 -2.1041666666666667E-02
   1.9583333333333331E-02 -2.1583333333333333E-02
   2.0166666666666666E-02 -2.1583333333333333E-02
   2.1625000000000002E-02 -2.1583333333333333E-02
   2.3041666666666669E-02 -2.1375000000000002E-02
   2.3375000000000003E-02 -2.1375000000000002E-02
   2.3916666666666666E-02 -2.1958333333333333E-02
   2.4041666666666666E-02 -2.2291666666666668E-02
   2.4291666666666666E-02 -2.2708333333333334E-02
   2.5124999999999998E-02 -2.3041666666666669E-02
   2.6875000000000000E-02 -2.3083333333333334E-02
   2.7625000000000000E-02 -2.2791666666666668E-02
   2.8375000000000001E-02 -2.2625000000000003E-02
   2.8791666666666663E-02 -2.3375000000000003E-02
   2.9124999999999998E-02 -2.3833333333333331E-02
   2.9624999999999999E-02 -2.3916666666666666E-02
   3.0416666666666665E-02 -2.3958333333333331E-02
   3.1041666666666665E-02 -2.3833333333333331E-02
   3.1458333333333331E-02 -2.3333333333333334E-02
   3.2041666666666670E-02 -2.2916666666666669E-02
   3.2291666666666670E-02 -2.2458333333333334E-02
