   0.1450833333333333      3.6958333333333336E-02
   0.1444583333333333      3.7416666666666668E-02
   0.1432500000000000      3.7541666666666668E-02
   0.1422500000000000      3.7708333333333337E-02
   0.1411666666666667      3.7749999999999999E-02
   0.1401250000000000      3.7999999999999999E-02
   0.1395833333333333      3.8083333333333337E-02
   0.1386666666666667      3.8750000000000000E-02
   0.1380416666666667      3.9000000000000000E-02
   0.1374583333333333      3.9166666666666662E-02
   0.1367500000000000      3.9208333333333331E-02
   0.1370416666666667      3.8625000000000000E-02
   0.1372916666666667      3.8291666666666668E-02
   0.1376666666666667      3.7791666666666668E-02
   0.1378333333333333      3.7333333333333336E-02
   0.1378750000000000      3.5999999999999997E-02
   0.1344583333333333      3.5458333333333335E-02
   0.1337500000000000      3.6624999999999998E-02
   0.1334166666666667      3.6874999999999998E-02
   0.1327916666666667      3.7208333333333336E-02
   0.1322083333333333      3.7583333333333337E-02
   0.1312500000000000      3.7958333333333337E-02
   0.1300416666666667      3.8374999999999999E-02
   0.1295000000000000      3.8541666666666669E-02
   0.1286250000000000      3.8750000000000000E-02
   0.1280416666666667      3.8875000000000000E-02
   0.1274583333333333      3.8875000000000000E-02
   0.1278333333333333      3.8500000000000000E-02
   0.1288750000000000      3.7583333333333337E-02
   0.1298333333333333      3.6999999999999998E-02
   0.1305000000000000      3.6166666666666666E-02
   0.1308333333333333      3.5791666666666666E-02
   0.1311250000000000      3.5208333333333335E-02
   0.1162916666666667      3.2958333333333333E-02
   0.1155416666666667      3.3166666666666671E-02
   0.1145833333333333      3.3250000000000002E-02
   0.1137916666666667      3.3416666666666671E-02
   0.1131666666666667      3.3500000000000002E-02
   0.1122500000000000      3.3666666666666671E-02
   0.1114166666666667      3.3750000000000002E-02
   0.1107083333333333      3.3916666666666664E-02
   0.1101666666666667      3.3916666666666664E-02
   0.1093750000000000      3.4041666666666665E-02
   0.1087500000000000      3.4124999999999996E-02
   0.1091666666666667      3.3874999999999995E-02
   0.1097083333333333      3.3416666666666671E-02
   0.1102916666666667      3.2833333333333332E-02
   0.1104583333333333      3.2708333333333332E-02
   0.1107083333333333      3.2333333333333332E-02
   0.1103333333333333      3.2375000000000001E-02
   0.1095833333333333      3.2541666666666670E-02
   0.1089583333333333      3.2708333333333332E-02
   0.1076250000000000      3.3000000000000002E-02
   0.1067500000000000      3.3083333333333333E-02
   0.1058333333333333      3.3125000000000002E-02
   0.1049166666666667      3.3125000000000002E-02
   0.1044166666666667      3.2750000000000001E-02
   0.1040416666666667      3.2583333333333332E-02
   0.1037083333333333      3.2208333333333332E-02
   0.1027083333333333      3.1958333333333332E-02
   0.1020833333333333      3.1958333333333332E-02
   0.1008750000000000      3.1833333333333332E-02
   9.9999999999999992E-02  3.1833333333333332E-02
   9.8875000000000005E-02  3.1791666666666669E-02
   9.7750000000000004E-02  3.1791666666666669E-02
   9.7125000000000003E-02  3.1875000000000001E-02
   9.6166666666666664E-02  3.1916666666666670E-02
   9.5375000000000001E-02  3.2250000000000001E-02
   9.4625000000000001E-02  3.2166666666666670E-02
   9.4208333333333338E-02  3.1833333333333332E-02
   9.3916666666666662E-02  3.1500000000000000E-02
   9.2791666666666661E-02  3.1208333333333334E-02
   9.2458333333333323E-02  3.1166666666666665E-02
   9.1666666666666674E-02  3.1125000000000000E-02
   9.0374999999999997E-02  3.1125000000000000E-02
   8.9958333333333321E-02  3.1125000000000000E-02
   8.8958333333333320E-02  3.1333333333333331E-02
   8.8333333333333333E-02  3.1458333333333331E-02
   8.7666666666666671E-02  3.1541666666666669E-02
   8.6916666666666656E-02  3.1625000000000000E-02
   8.6541666666666670E-02  3.1625000000000000E-02
   8.6416666666666656E-02  3.1458333333333331E-02
   8.6000000000000007E-02  3.0958333333333334E-02
   8.5708333333333331E-02  3.0833333333333334E-02
   8.5208333333333330E-02  3.0791666666666665E-02
   8.4125000000000005E-02  3.0666666666666665E-02
   8.3833333333333329E-02  3.0499999999999999E-02
   8.3208333333333329E-02  3.0083333333333333E-02
   8.2791666666666666E-02  2.9749999999999999E-02
   8.2666666666666666E-02  2.9666666666666664E-02
   8.2000000000000003E-02  2.9333333333333333E-02
   8.1250000000000003E-02  2.9208333333333333E-02
   8.0125000000000002E-02  2.9083333333333333E-02
   7.9208333333333339E-02  2.9041666666666664E-02
   7.7291666666666661E-02  2.8999999999999998E-02
   7.6041666666666660E-02  2.8916666666666663E-02
   7.4999999999999997E-02  2.8999999999999998E-02
   7.4708333333333335E-02  2.8999999999999998E-02
   7.3458333333333334E-02  2.9208333333333333E-02
   7.2583333333333333E-02  2.9333333333333333E-02
   7.1749999999999994E-02  2.9333333333333333E-02
   7.0958333333333332E-02  2.9333333333333333E-02
   7.0833333333333331E-02  2.8749999999999998E-02
   7.0749999999999993E-02  2.8125000000000001E-02
   6.9583333333333330E-02  2.8125000000000001E-02
   6.8916666666666668E-02  2.8250000000000001E-02
   6.7666666666666667E-02  2.8250000000000001E-02
   6.6916666666666666E-02  2.8166666666666670E-02
   6.6416666666666666E-02  2.8083333333333335E-02
   6.6083333333333327E-02  2.7916666666666669E-02
   6.6000000000000003E-02  2.7750000000000000E-02
   6.5708333333333327E-02  2.7416666666666669E-02
   6.4916666666666664E-02  2.7541666666666669E-02
   6.4166666666666664E-02  2.7666666666666669E-02
   6.3541666666666663E-02  2.7750000000000000E-02
   6.2541666666666662E-02  2.7750000000000000E-02
   6.1916666666666668E-02  2.7666666666666669E-02
   6.1249999999999999E-02  2.7541666666666669E-02
   6.0583333333333329E-02  2.7416666666666669E-02
   6.0125000000000005E-02  2.7083333333333334E-02
   5.9583333333333328E-02  2.6666666666666668E-02
   5.9083333333333328E-02  2.6458333333333334E-02
   5.8333333333333327E-02  2.6458333333333334E-02
   5.7250000000000002E-02  2.6416666666666668E-02
   5.6333333333333326E-02  2.6416666666666668E-02
   5.5333333333333339E-02  2.6416666666666668E-02
   5.5125000000000000E-02  2.6374999999999999E-02
   5.4958333333333331E-02  2.6041666666666668E-02
   5.4833333333333338E-02  2.5583333333333333E-02
   5.4708333333333331E-02  2.5416666666666667E-02
   5.3916666666666668E-02  2.5374999999999998E-02
   5.2416666666666667E-02  2.5583333333333333E-02
   5.1083333333333335E-02  2.5916666666666668E-02
   5.0041666666666672E-02  2.6041666666666668E-02
   4.9333333333333333E-02  2.6166666666666668E-02
   4.9166666666666664E-02  2.6124999999999999E-02
   4.9166666666666664E-02  2.5791666666666668E-02
   4.9166666666666664E-02  2.5166666666666667E-02
   4.9416666666666664E-02  2.4916666666666667E-02
   4.9791666666666672E-02  2.4624999999999998E-02
   5.0083333333333334E-02  2.4458333333333332E-02
   5.0166666666666665E-02  2.4416666666666666E-02
   5.0125000000000003E-02  2.4291666666666666E-02
   4.9083333333333333E-02  2.4416666666666666E-02
   4.8249999999999994E-02  2.4499999999999997E-02
   4.7458333333333332E-02  2.4708333333333332E-02
   4.6416666666666669E-02  2.4833333333333332E-02
   4.5083333333333336E-02  2.4958333333333332E-02
   4.3958333333333328E-02  2.4999999999999998E-02
   4.2708333333333327E-02  2.5208333333333333E-02
   4.1666666666666664E-02  2.5291666666666667E-02
   4.0666666666666663E-02  2.5416666666666667E-02
   3.9500000000000000E-02  2.5458333333333333E-02
   3.8666666666666669E-02  2.5458333333333333E-02
   3.7749999999999999E-02  2.5249999999999998E-02
   3.7458333333333337E-02  2.4749999999999998E-02
   3.8041666666666668E-02  2.4041666666666666E-02
   3.8374999999999999E-02  2.3916666666666666E-02
   3.8875000000000000E-02  2.3624999999999997E-02
   3.9625000000000000E-02  2.3250000000000003E-02
   4.0208333333333332E-02  2.2958333333333334E-02
   4.0458333333333332E-02  2.2791666666666668E-02
   4.0250000000000001E-02  2.2791666666666668E-02
   3.9416666666666662E-02  2.3166666666666669E-02
   3.8875000000000000E-02  2.3375000000000003E-02
   3.8291666666666668E-02  2.3541666666666666E-02
   3.7708333333333337E-02  2.3749999999999997E-02
   3.6666666666666667E-02  2.3958333333333331E-02
   3.5749999999999997E-02  2.4124999999999997E-02
   3.5166666666666666E-02  2.4291666666666666E-02
   3.4374999999999996E-02  2.4374999999999997E-02
   3.3958333333333333E-02  2.4416666666666666E-02
   3.3416666666666671E-02  2.4249999999999997E-02
   3.3291666666666671E-02  2.3583333333333331E-02
   3.3541666666666671E-02  2.2958333333333334E-02
   3.4249999999999996E-02  2.2208333333333333E-02
   3.4624999999999996E-02  2.1708333333333333E-02
   3.5124999999999997E-02  2.1291666666666667E-02
   3.5166666666666666E-02  2.1291666666666667E-02
   3.4333333333333334E-02  2.1625000000000002E-02
   3.3500000000000002E-02  2.1833333333333333E-02
   3.2000000000000001E-02  2.2291666666666668E-02
   3.0875000000000000E-02  2.2541666666666668E-02
   2.9291666666666664E-02  2.2833333333333334E-02
   2.7791666666666669E-02  2.3291666666666669E-02
   2.6833333333333334E-02  2.3458333333333331E-02
   2.6083333333333333E-02  2.3624999999999997E-02
   2.5749999999999999E-02  2.3666666666666666E-02
   2.5749999999999999E-02  2.3083333333333334E-02
   2.5624999999999998E-02  2.2583333333333334E-02
   2.5583333333333333E-02  2.2208333333333333E-02
   2.5583333333333333E-02  2.1791666666666668E-02
   2.4958333333333332E-02  2.1833333333333333E-02
   2.4416666666666666E-02  2.2000000000000002E-02
   2.3666666666666666E-02  2.2333333333333334E-02
   2.2916666666666669E-02  2.2500000000000003E-02
   2.2708333333333334E-02  2.1916666666666668E-02
   2.2666666666666668E-02  2.1041666666666667E-02
   2.2583333333333334E-02  1.9958333333333331E-02
   2.2541666666666668E-02  1.9125000000000000E-02
   2.2583333333333334E-02  1.8499999999999999E-02
   2.2750000000000003E-02  1.7791666666666667E-02
   2.2583333333333334E-02  1.7999999999999999E-02
   2.1791666666666668E-02  1.8708333333333334E-02
   2.0708333333333332E-02  1.9583333333333331E-02
   1.9500000000000000E-02  2.0041666666666666E-02
   1.8374999999999999E-02  2.0541666666666666E-02
   1.7208333333333332E-02  2.1041666666666667E-02
   1.6625000000000001E-02  2.1291666666666667E-02
   1.6125000000000000E-02  2.1500000000000002E-02
   1.5791666666666666E-02  2.1666666666666667E-02
   1.5541666666666667E-02  2.1708333333333333E-02
   1.4958333333333332E-02  2.1416666666666667E-02
   1.4833333333333332E-02  2.0500000000000001E-02
   1.4874999999999999E-02  2.0000000000000000E-02
   1.5041666666666667E-02  1.9041666666666669E-02
   1.5458333333333333E-02  1.8208333333333333E-02
   1.5583333333333333E-02  1.7749999999999998E-02
   1.6000000000000000E-02  1.6958333333333332E-02
   1.5708333333333335E-02  1.7166666666666667E-02
   1.4958333333333332E-02  1.7708333333333333E-02
   1.4458333333333332E-02  1.7916666666666668E-02
   1.3916666666666667E-02  1.8083333333333333E-02
   1.3666666666666667E-02  1.8083333333333333E-02
   1.3291666666666667E-02  1.8041666666666668E-02
   1.3291666666666667E-02  1.6833333333333336E-02
   1.3458333333333334E-02  1.5541666666666667E-02
   1.3708333333333335E-02  1.4166666666666668E-02
   1.4000000000000000E-02  1.3625000000000000E-02
   1.4291666666666668E-02  1.3208333333333334E-02
   1.4624999999999999E-02  1.2583333333333334E-02
   1.4000000000000000E-02  1.3083333333333334E-02
   1.3208333333333334E-02  1.3708333333333335E-02
   1.2499999999999999E-02  1.3791666666666667E-02
   1.1666666666666667E-02  1.3833333333333335E-02
   1.0541666666666666E-02  1.4083333333333335E-02
   9.4166666666666669E-03  1.4250000000000001E-02
   8.6249999999999990E-03  1.4333333333333332E-02
   8.2500000000000004E-03  1.4166666666666668E-02
   8.0833333333333330E-03  1.3458333333333334E-02
   8.0416666666666674E-03  1.2624999999999999E-02
   8.1666666666666676E-03  1.2208333333333333E-02
   8.6249999999999990E-03  1.1708333333333334E-02
   8.9583333333333338E-03  1.1375000000000001E-02
   9.2083333333333340E-03  1.1208333333333334E-02
   8.6249999999999990E-03  1.1458333333333334E-02
   7.0833333333333338E-03  1.1791666666666666E-02
   5.4166666666666669E-03  1.2249999999999999E-02
   4.2083333333333339E-03  1.2624999999999999E-02
   3.7916666666666667E-03  1.2624999999999999E-02
   3.2916666666666667E-03  1.2749999999999999E-02
   3.3333333333333335E-03  1.2416666666666666E-02
   3.7083333333333330E-03  1.1874999999999998E-02
   4.3333333333333331E-03  1.1208333333333334E-02
   4.4583333333333332E-03  1.1000000000000001E-02
   3.6666666666666666E-03  1.0958333333333334E-02
   2.6666666666666666E-03  1.1083333333333334E-02
   8.3333333333333339E-04  1.1416666666666667E-02
  -2.0833333333333335E-04  1.1916666666666666E-02
  -9.5833333333333328E-04  1.2791666666666666E-02
  -1.4999999999999998E-03  1.3750000000000000E-02
  -1.8749999999999999E-03  1.4749999999999999E-02
  -1.9583333333333332E-03  1.5541666666666667E-02
  -2.1666666666666666E-03  1.6208333333333335E-02
  -2.3333333333333335E-03  1.7083333333333332E-02
  -2.8750000000000004E-03  1.6250000000000001E-02
  -3.8750000000000000E-03  1.5250000000000000E-02
  -4.4999999999999997E-03  1.4833333333333332E-02
  -4.7083333333333335E-03  1.4583333333333332E-02
  -4.7499999999999999E-03  1.2541666666666666E-02
  -4.6249999999999998E-03  1.1874999999999998E-02
  -4.5833333333333334E-03  1.1458333333333334E-02
  -4.8750000000000000E-03  1.0375000000000001E-02
  -5.2916666666666667E-03  9.2916666666666668E-03
  -5.4583333333333333E-03  8.7499999999999991E-03
  -5.5416666666666670E-03  7.7083333333333335E-03
  -5.8749999999999991E-03  6.2083333333333331E-03
  -6.2916666666666668E-03  5.3333333333333332E-03
  -6.6249999999999998E-03  4.5833333333333334E-03
  -6.8750000000000000E-03  3.6249999999999998E-03
  -6.8333333333333336E-03  3.4583333333333337E-03
  -6.4583333333333333E-03  2.3749999999999999E-03
  -6.0416666666666665E-03  1.3750000000000001E-03
  -5.7500000000000008E-03  1.6666666666666666E-04
  -5.4583333333333333E-03 -7.4999999999999991E-04
  -5.3750000000000004E-03 -1.7500000000000000E-03
  -5.2500000000000003E-03 -2.8750000000000004E-03
  -5.4583333333333333E-03 -3.7499999999999999E-03
  -5.7916666666666672E-03 -4.3749999999999995E-03
  -7.0416666666666674E-03 -5.5833333333333334E-03
  -7.5416666666666661E-03 -6.8333333333333336E-03
  -7.9583333333333329E-03 -7.6249999999999998E-03
  -8.5833333333333334E-03 -8.8749999999999992E-03
  -8.7916666666666664E-03 -1.0958333333333334E-02
  -8.8749999999999992E-03 -1.2416666666666666E-02
  -8.9166666666666665E-03 -1.3583333333333334E-02
  -8.9166666666666665E-03 -1.4083333333333335E-02
  -8.9583333333333338E-03 -1.5291666666666667E-02
  -8.7916666666666664E-03 -1.6333333333333335E-02
  -8.0833333333333330E-03 -1.8666666666666668E-02
  -8.0833333333333330E-03 -1.9708333333333331E-02
  -7.9166666666666673E-03 -2.0916666666666667E-02
  -7.7083333333333335E-03 -2.2375000000000003E-02
  -7.3749999999999996E-03 -2.3166666666666669E-02
  -7.1666666666666658E-03 -2.3499999999999997E-02
  -6.4166666666666669E-03 -2.3041666666666669E-02
  -5.2500000000000003E-03 -2.2333333333333334E-02
  -4.3749999999999995E-03 -2.0833333333333332E-02
  -3.5833333333333329E-03 -1.9750000000000000E-02
  -2.6666666666666666E-03 -1.8916666666666668E-02
  -1.8333333333333333E-03 -1.7999999999999999E-02
  -1.3333333333333333E-03 -1.6500000000000001E-02
  -3.3333333333333332E-04 -1.5666666666666666E-02
   7.0833333333333338E-04 -1.4583333333333332E-02
   1.3750000000000001E-03 -1.4166666666666668E-02
   2.6250000000000002E-03 -1.3875000000000000E-02
   3.6249999999999998E-03 -1.3708333333333335E-02
   4.5833333333333334E-03 -1.3583333333333334E-02
   8.5833333333333334E-03 -1.5750000000000000E-02
   8.1666666666666676E-03 -1.6208333333333335E-02
   7.6666666666666662E-03 -1.6625000000000001E-02
   7.3333333333333332E-03 -1.6958333333333332E-02
   7.1250000000000003E-03 -1.7999999999999999E-02
   7.4999999999999997E-03 -1.8291666666666668E-02
   8.7499999999999991E-03 -1.7874999999999999E-02
   9.7916666666666655E-03 -1.7124999999999998E-02
   1.0791666666666666E-02 -1.6708333333333335E-02
   1.1166666666666667E-02 -1.6458333333333335E-02
   1.1791666666666666E-02 -1.7124999999999998E-02
   1.2083333333333333E-02 -1.7833333333333333E-02
   1.2041666666666666E-02 -1.8291666666666668E-02
   1.1625000000000002E-02 -1.7958333333333333E-02
   1.1208333333333334E-02 -1.8583333333333334E-02
   1.0916666666666667E-02 -1.9125000000000000E-02
   1.0708333333333334E-02 -1.9666666666666666E-02
   1.0708333333333334E-02 -2.0083333333333332E-02
   1.1000000000000001E-02 -2.0166666666666666E-02
   1.1541666666666667E-02 -2.0125000000000001E-02
   1.2499999999999999E-02 -2.0250000000000001E-02
   1.3750000000000000E-02 -2.0166666666666666E-02
   1.4499999999999999E-02 -2.0000000000000000E-02
   1.5125000000000000E-02 -1.9833333333333331E-02
   1.5333333333333332E-02 -1.9750000000000000E-02
   1.5333333333333332E-02 -2.0166666666666666E-02
   1.5333333333333332E-02 -2.0541666666666666E-02
   1.5416666666666667E-02 -2.1083333333333332E-02
   1.5791666666666666E-02 -2.1125000000000001E-02
   2.3458333333333331E-02 -2.0458333333333332E-02
   2.3083333333333334E-02 -2.0791666666666667E-02
   2.2500000000000003E-02 -2.1291666666666667E-02
   2.2250000000000002E-02 -2.1541666666666667E-02
   2.1958333333333333E-02 -2.1916666666666668E-02
   2.2000000000000002E-02 -2.2458333333333334E-02
   2.2333333333333334E-02 -2.2583333333333334E-02
   2.3208333333333334E-02 -2.2625000000000003E-02
   2.4333333333333332E-02 -2.2375000000000003E-02
   2.5374999999999998E-02 -2.2166666666666668E-02
   2.5833333333333333E-02 -2.1875000000000002E-02
   2.6499999999999999E-02 -2.1541666666666667E-02
   2.6875000000000000E-02 -2.1375000000000002E-02
