   0.1715000000000000      3.9291666666666662E-02
   0.1711666666666667      3.9583333333333331E-02
   0.1706666666666667      3.9708333333333332E-02
   0.1700833333333333      3.9833333333333332E-02
   0.1696250000000000      3.9916666666666663E-02
   0.1693333333333333      3.9833333333333332E-02
   0.1691250000000000      3.9541666666666662E-02
   0.1689166666666667      3.9291666666666662E-02
   0.1684583333333333      3.9125000000000000E-02
   0.1680416666666667      3.9083333333333331E-02
   0.1679166666666667      3.9083333333333331E-02
   0.1672083333333333      3.9208333333333331E-02
   0.1667083333333333      3.9333333333333331E-02
   0.1657916666666667      3.9458333333333331E-02
   0.1647916666666667      3.9541666666666662E-02
   0.1639166666666667      3.9708333333333332E-02
   0.1630833333333333      3.9750000000000001E-02
   0.1622083333333333      3.9791666666666663E-02
   0.1613333333333333      3.9541666666666662E-02
   0.1610000000000000      3.9291666666666662E-02
   0.1607916666666667      3.9125000000000000E-02
   0.1600416666666667      3.8791666666666669E-02
   0.1593750000000000      3.8750000000000000E-02
   0.1587083333333333      3.8708333333333338E-02
   0.1577083333333333      3.8500000000000000E-02
   0.1567083333333333      3.8416666666666668E-02
   0.1557083333333333      3.8333333333333337E-02
   0.1546250000000000      3.8374999999999999E-02
   0.1535833333333333      3.8374999999999999E-02
   0.1527916666666667      3.8458333333333337E-02
   0.1519166666666667      3.8458333333333337E-02
   0.1515000000000000      3.8291666666666668E-02
   0.1510416666666667      3.7874999999999999E-02
   0.1509166666666667      3.7624999999999999E-02
   0.1329166666666667      3.5249999999999997E-02
   0.1322916666666667      3.5291666666666666E-02
   0.1317500000000000      3.5624999999999997E-02
   0.1306250000000000      3.5874999999999997E-02
   0.1296666666666667      3.6374999999999998E-02
   0.1291666666666667      3.6624999999999998E-02
   0.1282083333333333      3.6916666666666667E-02
   0.1278750000000000      3.7041666666666667E-02
   0.1272916666666667      3.7208333333333336E-02
   0.1267916666666667      3.6999999999999998E-02
   0.1260833333333333      3.6124999999999997E-02
   0.1254583333333333      3.5666666666666666E-02
   0.1251250000000000      3.5333333333333335E-02
   0.1241666666666667      3.5458333333333335E-02
   0.1235000000000000      3.5624999999999997E-02
   0.1225833333333333      3.6124999999999997E-02
   0.1216666666666667      3.6458333333333336E-02
   0.1210833333333333      3.5583333333333335E-02
   0.1208333333333333      3.5041666666666665E-02
   0.1203750000000000      3.4583333333333334E-02
   0.1200416666666667      3.4166666666666665E-02
   0.1199166666666667      3.3916666666666664E-02
   0.1191666666666667      3.3999999999999996E-02
   0.1186250000000000      3.4124999999999996E-02
   0.1179583333333333      3.4291666666666665E-02
   0.1172916666666667      3.4208333333333334E-02
   0.1170416666666667      3.3750000000000002E-02
   0.1169583333333333      3.3416666666666671E-02
   0.1165416666666667      3.3375000000000002E-02
   0.1154583333333333      3.3333333333333333E-02
   0.1149166666666667      3.3166666666666671E-02
   0.1142083333333333      3.2833333333333332E-02
   0.1137916666666667      3.2750000000000001E-02
   0.1132083333333333      3.2833333333333332E-02
   0.1126250000000000      3.3041666666666671E-02
   0.1121250000000000      3.3250000000000002E-02
   0.1116250000000000      3.3541666666666671E-02
   0.1113333333333333      3.3416666666666671E-02
   0.1108750000000000      3.2875000000000001E-02
   0.1107916666666667      3.2791666666666670E-02
   0.1103333333333333      3.2625000000000001E-02
   0.1100000000000000      3.2500000000000001E-02
   0.1095000000000000      3.2500000000000001E-02
   0.1088333333333333      3.2666666666666670E-02
   0.1082500000000000      3.2791666666666670E-02
   0.1078333333333333      3.2833333333333332E-02
   0.1073750000000000      3.3000000000000002E-02
   0.1065416666666667      3.3250000000000002E-02
   0.1057916666666667      3.3250000000000002E-02
   0.1052083333333333      3.3208333333333333E-02
   0.1046250000000000      3.2666666666666670E-02
   0.1042083333333333      3.2041666666666670E-02
   0.1040416666666667      3.1458333333333331E-02
   0.1035000000000000      3.0958333333333334E-02
   0.1014583333333333      3.1250000000000000E-02
   0.1011250000000000      3.1583333333333331E-02
   0.1000833333333333      3.2000000000000001E-02
   9.9333333333333329E-02  3.2166666666666670E-02
   9.8583333333333342E-02  3.2291666666666670E-02
   9.7750000000000004E-02  3.2291666666666670E-02
   9.7416666666666665E-02  3.2291666666666670E-02
   9.7375000000000003E-02  3.1875000000000001E-02
   9.6958333333333327E-02  3.1083333333333334E-02
   9.5958333333333326E-02  3.1291666666666669E-02
   9.5041666666666677E-02  3.1416666666666669E-02
   9.4458333333333325E-02  3.1458333333333331E-02
   9.3375000000000000E-02  3.1291666666666669E-02
   9.2958333333333323E-02  3.1083333333333334E-02
   9.2583333333333337E-02  3.0666666666666665E-02
   9.2000000000000012E-02  3.0166666666666665E-02
   9.1958333333333322E-02  3.0124999999999999E-02
   9.0374999999999997E-02  3.0166666666666665E-02
   8.9291666666666658E-02  3.0499999999999999E-02
   8.8166666666666671E-02  3.0624999999999999E-02
   8.7500000000000008E-02  3.0708333333333334E-02
   8.7083333333333332E-02  3.0708333333333334E-02
   8.5708333333333331E-02  3.0875000000000000E-02
   8.4625000000000006E-02  3.0791666666666665E-02
   8.3874999999999991E-02  3.0458333333333334E-02
   8.3333333333333329E-02  3.0291666666666665E-02
   8.2750000000000004E-02  3.0083333333333333E-02
   8.2166666666666666E-02  3.0083333333333333E-02
   8.0333333333333326E-02  2.9874999999999999E-02
   7.9125000000000001E-02  2.9874999999999999E-02
   7.8250000000000000E-02  2.9916666666666664E-02
   7.6624999999999999E-02  2.9958333333333333E-02
   7.5874999999999998E-02  2.9916666666666664E-02
   7.4458333333333335E-02  2.9958333333333333E-02
   7.3458333333333334E-02  3.0041666666666664E-02
   7.2208333333333333E-02  3.0083333333333333E-02
   7.1249999999999994E-02  3.0083333333333333E-02
   7.0499999999999993E-02  2.9999999999999999E-02
   6.9916666666666669E-02  2.9958333333333333E-02
   6.9875000000000007E-02  2.9499999999999998E-02
   6.9625000000000006E-02  2.8166666666666670E-02
   6.9416666666666668E-02  2.7750000000000000E-02
   6.7458333333333328E-02  2.7791666666666669E-02
   6.6208333333333327E-02  2.7875000000000000E-02
   6.4375000000000002E-02  2.8208333333333335E-02
   6.3583333333333339E-02  2.8208333333333335E-02
   6.2916666666666662E-02  2.8250000000000001E-02
   6.1749999999999999E-02  2.8291666666666670E-02
   6.0749999999999998E-02  2.8208333333333335E-02
   5.8541666666666665E-02  2.8125000000000001E-02
   5.6875000000000002E-02  2.7791666666666669E-02
   5.6416666666666671E-02  2.7625000000000000E-02
   5.6791666666666664E-02  2.6708333333333334E-02
   5.6875000000000002E-02  2.5916666666666668E-02
   5.5125000000000000E-02  2.5249999999999998E-02
   5.2999999999999999E-02  2.4999999999999998E-02
   5.1249999999999997E-02  2.4916666666666667E-02
   4.9125000000000002E-02  2.4958333333333332E-02
   4.7708333333333332E-02  2.5083333333333332E-02
   4.6208333333333330E-02  2.5166666666666667E-02
   4.4291666666666667E-02  2.5291666666666667E-02
   4.2291666666666665E-02  2.5291666666666667E-02
   4.1291666666666664E-02  2.5291666666666667E-02
   4.1750000000000002E-02  2.4749999999999998E-02
   4.1958333333333327E-02  2.4374999999999997E-02
   4.2458333333333327E-02  2.3749999999999997E-02
   4.2500000000000003E-02  2.3749999999999997E-02
   4.1375000000000002E-02  2.3749999999999997E-02
   4.0666666666666663E-02  2.3791666666666666E-02
   4.0416666666666663E-02  2.3333333333333334E-02
   4.0250000000000001E-02  2.3041666666666669E-02
   4.0166666666666663E-02  2.2666666666666668E-02
   3.9500000000000000E-02  2.2583333333333334E-02
   3.8583333333333338E-02  2.2750000000000003E-02
   3.7333333333333336E-02  2.2833333333333334E-02
   3.6041666666666666E-02  2.2833333333333334E-02
   3.5208333333333335E-02  2.2875000000000003E-02
   3.4499999999999996E-02  2.2833333333333334E-02
   3.3916666666666664E-02  2.2500000000000003E-02
   3.3666666666666671E-02  2.2333333333333334E-02
   3.3083333333333333E-02  2.2250000000000002E-02
   3.2083333333333332E-02  2.2500000000000003E-02
   3.1000000000000000E-02  2.2583333333333334E-02
   2.9791666666666664E-02  2.2750000000000003E-02
   2.8416666666666670E-02  2.3041666666666669E-02
   2.8208333333333335E-02  2.2708333333333334E-02
   2.7625000000000000E-02  2.2166666666666668E-02
   2.6624999999999999E-02  2.1958333333333333E-02
   2.5124999999999998E-02  2.1666666666666667E-02
   2.4624999999999998E-02  2.0958333333333332E-02
   2.3916666666666666E-02  2.0333333333333332E-02
   2.3416666666666669E-02  1.9666666666666666E-02
   2.2708333333333334E-02  1.9625000000000000E-02
   2.1958333333333333E-02  1.9375000000000000E-02
   2.1708333333333333E-02  1.8958333333333334E-02
   2.1500000000000002E-02  1.8583333333333334E-02
   2.1125000000000001E-02  1.7958333333333333E-02
   1.9791666666666666E-02  1.8249999999999999E-02
   1.8374999999999999E-02  1.8374999999999999E-02
   1.7041666666666667E-02  1.8666666666666668E-02
   1.5916666666666666E-02  1.8791666666666668E-02
   1.5125000000000000E-02  1.8916666666666668E-02
   1.4333333333333332E-02  1.9208333333333334E-02
   1.3458333333333334E-02  1.9375000000000000E-02
   1.3416666666666667E-02  1.8874999999999999E-02
   1.3458333333333334E-02  1.8374999999999999E-02
   1.2458333333333333E-02  1.8333333333333333E-02
   1.1250000000000001E-02  1.8916666666666668E-02
   1.0375000000000001E-02  1.9250000000000000E-02
   9.6249999999999999E-03  1.9500000000000000E-02
   9.6249999999999999E-03  1.8374999999999999E-02
   9.6249999999999999E-03  1.6625000000000001E-02
   9.6666666666666672E-03  1.4874999999999999E-02
   9.8750000000000001E-03  1.4250000000000001E-02
   1.0041666666666666E-02  1.3750000000000000E-02
   9.6666666666666672E-03  1.3666666666666667E-02
   8.2083333333333331E-03  1.3500000000000000E-02
   6.2499999999999995E-03  1.3541666666666667E-02
   4.7916666666666672E-03  1.3875000000000000E-02
   2.7500000000000003E-03  1.4208333333333335E-02
   1.8333333333333333E-03  1.4208333333333335E-02
   6.2500000000000001E-04  1.4416666666666666E-02
  -5.0000000000000001E-04  1.4833333333333332E-02
  -1.6249999999999999E-03  1.5125000000000000E-02
  -2.7916666666666667E-03  1.5291666666666667E-02
  -3.7499999999999999E-03  1.5333333333333332E-02
  -4.4999999999999997E-03  1.5333333333333332E-02
  -4.6666666666666671E-03  1.5291666666666667E-02
  -4.7916666666666672E-03  1.3291666666666667E-02
  -4.6666666666666671E-03  1.2041666666666666E-02
  -4.5833333333333334E-03  1.1000000000000001E-02
  -4.5833333333333334E-03  1.0458333333333333E-02
  -5.3750000000000004E-03  1.0250000000000000E-02
  -6.7499999999999999E-03  1.0458333333333333E-02
  -8.8749999999999992E-03  1.0666666666666666E-02
  -1.0541666666666666E-02  1.0958333333333334E-02
  -1.2624999999999999E-02  1.1083333333333334E-02
  -1.3416666666666667E-02  1.0750000000000001E-02
  -1.3666666666666667E-02  9.7083333333333344E-03
  -1.3166666666666667E-02  8.5833333333333334E-03
  -1.2333333333333333E-02  6.0833333333333330E-03
  -1.1791666666666666E-02  4.2083333333333339E-03
  -1.1250000000000001E-02  2.7083333333333334E-03
  -1.1166666666666667E-02  2.3333333333333335E-03
  -1.1208333333333334E-02  5.8333333333333338E-04
  -1.1291666666666667E-02 -9.5833333333333328E-04
  -1.1333333333333334E-02 -2.0833333333333333E-03
  -1.1708333333333334E-02 -3.5416666666666669E-03
  -1.2124999999999999E-02 -4.6666666666666671E-03
  -1.3041666666666667E-02 -7.0416666666666674E-03
  -1.4291666666666668E-02 -8.9999999999999993E-03
  -1.5166666666666667E-02 -1.0625000000000001E-02
  -1.5500000000000000E-02 -1.1666666666666667E-02
  -1.5625000000000000E-02 -1.2874999999999999E-02
  -1.5416666666666667E-02 -1.3791666666666667E-02
  -1.4291666666666668E-02 -1.4708333333333332E-02
  -1.3458333333333334E-02 -1.5083333333333332E-02
  -1.2624999999999999E-02 -1.6041666666666666E-02
  -1.1541666666666667E-02 -1.6041666666666666E-02
  -1.1291666666666667E-02 -1.6541666666666666E-02
  -1.0916666666666667E-02 -1.6666666666666666E-02
  -9.8750000000000001E-03 -1.6916666666666667E-02
  -9.2499999999999995E-03 -1.6875000000000001E-02
  -8.7916666666666664E-03 -1.6875000000000001E-02
  -8.5833333333333334E-03 -1.7333333333333333E-02
  -7.9583333333333329E-03 -1.7708333333333333E-02
  -7.2916666666666659E-03 -1.7791666666666667E-02
  -5.9999999999999993E-03 -1.7791666666666667E-02
  -5.5416666666666670E-03 -1.7708333333333333E-02
  -5.2500000000000003E-03 -1.6625000000000001E-02
  -4.8333333333333336E-03 -1.6041666666666666E-02
  -4.4166666666666668E-03 -1.6208333333333335E-02
  -3.4166666666666668E-03 -1.6416666666666666E-02
  -2.0833333333333333E-03 -1.6458333333333335E-02
  -8.7500000000000002E-04 -1.6250000000000001E-02
   0.0000000000000000E+00 -1.6083333333333335E-02
   6.2500000000000001E-04 -1.5916666666666666E-02
  -8.3333333333333331E-05 -1.6708333333333335E-02
   1.2500000000000000E-04 -1.7833333333333333E-02
   2.0833333333333335E-04 -1.9000000000000000E-02
   1.2083333333333334E-03 -1.9875000000000000E-02
   2.9166666666666668E-03 -2.0083333333333332E-02
   4.0000000000000001E-03 -1.9958333333333331E-02
   4.9583333333333328E-03 -1.9625000000000000E-02
   5.9999999999999993E-03 -1.9083333333333334E-02
   5.9999999999999993E-03 -1.9458333333333334E-02
   5.9166666666666664E-03 -2.0625000000000001E-02
   5.9166666666666664E-03 -2.1250000000000002E-02
   6.7916666666666672E-03 -2.1250000000000002E-02
   6.7916666666666672E-03 -2.2041666666666668E-02
   7.1250000000000003E-03 -2.2708333333333334E-02
   7.6666666666666662E-03 -2.2958333333333334E-02
   8.6666666666666663E-03 -2.3375000000000003E-02
   1.0208333333333333E-02 -2.3583333333333331E-02
   1.1250000000000001E-02 -2.3541666666666666E-02
   1.3208333333333334E-02 -2.2583333333333334E-02
   1.6291666666666666E-02 -2.1666666666666667E-02
   1.7791666666666667E-02 -2.1041666666666667E-02
   1.9708333333333331E-02 -2.0166666666666666E-02
   2.0500000000000001E-02 -1.9750000000000000E-02
   2.3458333333333331E-02 -2.0708333333333332E-02
   2.3291666666666669E-02 -2.1333333333333333E-02
   2.3541666666666666E-02 -2.2000000000000002E-02
   2.4374999999999997E-02 -2.2041666666666668E-02
   2.5124999999999998E-02 -2.1916666666666668E-02
   2.5874999999999999E-02 -2.1750000000000002E-02
   2.6458333333333334E-02 -2.1750000000000002E-02
   2.7458333333333335E-02 -2.1666666666666667E-02
   2.7250000000000000E-02 -2.1916666666666668E-02
   2.6916666666666669E-02 -2.2333333333333334E-02
   2.6624999999999999E-02 -2.2875000000000003E-02
   2.6666666666666668E-02 -2.3041666666666669E-02
   2.7833333333333335E-02 -2.3125000000000003E-02
   2.8708333333333332E-02 -2.2791666666666668E-02
   2.9624999999999999E-02 -2.2541666666666668E-02
   3.0208333333333334E-02 -2.2333333333333334E-02
   3.0374999999999999E-02 -2.2250000000000002E-02
