   0.1315833333333333      3.5291666666666666E-02
   0.1308750000000000      3.5499999999999997E-02
   0.1306250000000000      3.5583333333333335E-02
   0.1297500000000000      3.5874999999999997E-02
   0.1290833333333333      3.6124999999999997E-02
   0.1285833333333333      3.6333333333333336E-02
   0.1278333333333333      3.6624999999999998E-02
   0.1273750000000000      3.6749999999999998E-02
   0.1267083333333333      3.6874999999999998E-02
   0.1261250000000000      3.6874999999999998E-02
   0.1255416666666667      3.6541666666666667E-02
   0.1248750000000000      3.6083333333333335E-02
   0.1237916666666667      3.5499999999999997E-02
   0.1226250000000000      3.5083333333333334E-02
   0.1219166666666667      3.4749999999999996E-02
   0.1215000000000000      3.4541666666666665E-02
   0.1212500000000000      3.4166666666666665E-02
   0.1112083333333333      3.2125000000000001E-02
   0.1110000000000000      3.2541666666666670E-02
   0.1105416666666667      3.3125000000000002E-02
   0.1103333333333333      3.3458333333333333E-02
   0.1097083333333333      3.3708333333333333E-02
   0.1090833333333333      3.3916666666666664E-02
   0.1080416666666667      3.4083333333333334E-02
   0.1071666666666667      3.3999999999999996E-02
   0.1059583333333333      3.3999999999999996E-02
   0.1045000000000000      3.3583333333333333E-02
   0.1036666666666667      3.3250000000000002E-02
   0.1026250000000000      3.2791666666666670E-02
   0.1015416666666667      3.2375000000000001E-02
   0.1009583333333333      3.2125000000000001E-02
   0.1000416666666667      3.2291666666666670E-02
   9.9291666666666667E-02  3.1958333333333332E-02
   9.8875000000000005E-02  3.1541666666666669E-02
   9.8166666666666666E-02  3.1708333333333331E-02
   9.7541666666666679E-02  3.2041666666666670E-02
   9.7083333333333341E-02  3.2208333333333332E-02
   9.5958333333333326E-02  3.2125000000000001E-02
   9.5416666666666664E-02  3.1625000000000000E-02
   9.5000000000000015E-02  3.1208333333333334E-02
   9.4583333333333339E-02  3.0624999999999999E-02
   9.4333333333333338E-02  3.0208333333333334E-02
   9.4125000000000000E-02  2.9833333333333333E-02
   9.3375000000000000E-02  2.9624999999999999E-02
   9.2458333333333323E-02  2.9624999999999999E-02
   9.1916666666666660E-02  2.9708333333333333E-02
   9.1249999999999998E-02  3.0416666666666665E-02
   9.0791666666666659E-02  3.0791666666666665E-02
   9.0124999999999997E-02  3.1083333333333334E-02
   8.9666666666666672E-02  3.1291666666666669E-02
   8.8958333333333320E-02  3.1458333333333331E-02
   8.8374999999999995E-02  3.1625000000000000E-02
   8.7666666666666671E-02  3.1500000000000000E-02
   8.7166666666666670E-02  3.1125000000000000E-02
   8.6708333333333332E-02  3.0541666666666665E-02
   8.6541666666666670E-02  3.0083333333333333E-02
   8.6041666666666669E-02  2.9541666666666664E-02
   8.5874999999999993E-02  2.9124999999999998E-02
   8.5416666666666655E-02  2.8500000000000001E-02
   8.4583333333333330E-02  2.8333333333333335E-02
   8.3250000000000005E-02  2.8250000000000001E-02
   8.2125000000000004E-02  2.8166666666666670E-02
   8.1291666666666665E-02  2.8166666666666670E-02
   8.0333333333333326E-02  2.8208333333333335E-02
   7.9541666666666663E-02  2.8375000000000001E-02
   7.8000000000000000E-02  2.8583333333333336E-02
   7.6249999999999998E-02  2.8916666666666663E-02
   7.5375000000000011E-02  2.9208333333333333E-02
   7.4499999999999997E-02  2.9374999999999998E-02
   7.3583333333333334E-02  2.9416666666666664E-02
   7.2166666666666671E-02  2.9499999999999998E-02
   7.1291666666666656E-02  2.9499999999999998E-02
   7.0249999999999993E-02  2.9374999999999998E-02
   6.8916666666666668E-02  2.8958333333333332E-02
   6.8666666666666668E-02  2.8708333333333332E-02
   6.8291666666666667E-02  2.7875000000000000E-02
   6.7791666666666667E-02  2.6624999999999999E-02
   6.7708333333333329E-02  2.6166666666666668E-02
   6.7625000000000005E-02  2.6583333333333334E-02
   6.7625000000000005E-02  2.6708333333333334E-02
   6.7458333333333328E-02  2.7041666666666669E-02
   6.6958333333333328E-02  2.7500000000000000E-02
   6.6416666666666666E-02  2.7833333333333335E-02
   6.5875000000000003E-02  2.7875000000000000E-02
   6.4750000000000002E-02  2.7916666666666669E-02
   6.4625000000000002E-02  2.7666666666666669E-02
   6.4125000000000001E-02  2.7166666666666669E-02
   6.4083333333333339E-02  2.6916666666666669E-02
   6.3333333333333339E-02  2.7000000000000000E-02
   6.2291666666666669E-02  2.6333333333333334E-02
   6.1291666666666668E-02  2.6583333333333334E-02
   6.0291666666666667E-02  2.6749999999999999E-02
   5.8499999999999996E-02  2.6875000000000000E-02
   5.7583333333333341E-02  2.6249999999999999E-02
   5.6791666666666664E-02  2.5791666666666668E-02
   5.5583333333333339E-02  2.4791666666666667E-02
   5.4958333333333331E-02  2.4166666666666666E-02
   5.4083333333333337E-02  2.3291666666666669E-02
   5.3208333333333337E-02  2.3125000000000003E-02
   5.2666666666666667E-02  2.3125000000000003E-02
   5.1958333333333329E-02  2.3333333333333334E-02
   5.1333333333333335E-02  2.3499999999999997E-02
   5.0958333333333335E-02  2.3208333333333334E-02
   5.0749999999999997E-02  2.3000000000000003E-02
   5.0458333333333334E-02  2.2750000000000003E-02
   4.9291666666666671E-02  2.4208333333333332E-02
   4.8499999999999995E-02  2.4208333333333332E-02
   4.7125000000000000E-02  2.4333333333333332E-02
   4.6083333333333337E-02  2.4416666666666666E-02
   4.4958333333333329E-02  2.4458333333333332E-02
   4.3958333333333328E-02  2.4416666666666666E-02
   4.3333333333333335E-02  2.4249999999999997E-02
   4.2624999999999996E-02  2.3916666666666666E-02
   4.2124999999999996E-02  2.3541666666666666E-02
   4.1750000000000002E-02  2.2833333333333334E-02
   4.1541666666666664E-02  2.2250000000000002E-02
   4.1291666666666664E-02  2.1791666666666668E-02
   4.0708333333333332E-02  2.0875000000000001E-02
   3.9375000000000000E-02  2.2041666666666668E-02
   3.9083333333333331E-02  2.2041666666666668E-02
   3.7999999999999999E-02  2.2083333333333333E-02
   3.7083333333333336E-02  2.2125000000000002E-02
   3.6124999999999997E-02  2.2083333333333333E-02
   3.5041666666666665E-02  2.1833333333333333E-02
   3.4541666666666665E-02  2.1375000000000002E-02
   3.4083333333333334E-02  2.0958333333333332E-02
   3.3541666666666671E-02  2.0666666666666667E-02
   3.2958333333333333E-02  2.0416666666666666E-02
   3.1250000000000000E-02  2.0500000000000001E-02
   2.9291666666666664E-02  2.0583333333333332E-02
   2.7916666666666669E-02  2.0750000000000001E-02
   2.6541666666666668E-02  2.0916666666666667E-02
   2.5249999999999998E-02  2.0958333333333332E-02
   2.3874999999999997E-02  2.0916666666666667E-02
   2.2833333333333334E-02  2.0791666666666667E-02
   2.2000000000000002E-02  2.0125000000000001E-02
   2.1375000000000002E-02  1.9708333333333331E-02
   2.1000000000000001E-02  1.9291666666666669E-02
   2.0625000000000001E-02  1.8791666666666668E-02
   2.0166666666666666E-02  1.8458333333333334E-02
   1.8749999999999999E-02  1.8541666666666668E-02
   1.7208333333333332E-02  1.8624999999999999E-02
   1.6208333333333335E-02  1.8541666666666668E-02
   1.5041666666666667E-02  1.8583333333333334E-02
   1.4166666666666668E-02  1.8624999999999999E-02
   1.3083333333333334E-02  1.8458333333333334E-02
   1.2624999999999999E-02  1.8249999999999999E-02
   1.2041666666666666E-02  1.7708333333333333E-02
   1.1458333333333334E-02  1.6958333333333332E-02
   1.0333333333333333E-02  1.6083333333333335E-02
   9.3749999999999997E-03  1.5916666666666666E-02
   9.1249999999999994E-03  1.5416666666666667E-02
   8.7916666666666664E-03  1.4958333333333332E-02
   8.5416666666666662E-03  1.4499999999999999E-02
   8.0833333333333330E-03  1.4499999999999999E-02
   6.5833333333333334E-03  1.4541666666666666E-02
   6.4166666666666669E-03  1.4458333333333332E-02
   6.0416666666666665E-03  1.3916666666666667E-02
   5.6250000000000007E-03  1.3375000000000000E-02
   4.7083333333333335E-03  1.3541666666666667E-02
   3.4583333333333337E-03  1.4125000000000000E-02
   2.0416666666666669E-03  1.4791666666666667E-02
   1.0416666666666667E-03  1.5125000000000000E-02
   4.5833333333333333E-04  1.5416666666666667E-02
  -5.0000000000000001E-04  1.5708333333333335E-02
  -1.5833333333333333E-03  1.6000000000000000E-02
  -2.6250000000000002E-03  1.5750000000000000E-02
  -3.0833333333333333E-03  1.5208333333333332E-02
  -3.4166666666666668E-03  1.4291666666666668E-02
  -3.6249999999999998E-03  1.3083333333333334E-02
  -3.7499999999999999E-03  1.1333333333333334E-02
  -3.8333333333333331E-03  1.0500000000000001E-02
  -4.0000000000000001E-03  1.0166666666666666E-02
  -4.2083333333333339E-03  9.8333333333333328E-03
  -4.5833333333333334E-03  9.7916666666666655E-03
  -5.8333333333333336E-03  1.0208333333333333E-02
  -7.1250000000000003E-03  1.0500000000000001E-02
  -9.5833333333333343E-03  1.1041666666666667E-02
  -1.0291666666666666E-02  1.0958333333333334E-02
  -1.0583333333333333E-02  1.0750000000000001E-02
  -1.1333333333333334E-02  1.0250000000000000E-02
  -1.1708333333333334E-02  9.6666666666666672E-03
  -1.1708333333333334E-02  9.0416666666666666E-03
  -1.1583333333333334E-02  8.0833333333333330E-03
  -1.1416666666666667E-02  7.5416666666666661E-03
  -1.1208333333333334E-02  7.1666666666666658E-03
  -1.0750000000000001E-02  6.4166666666666669E-03
  -1.0750000000000001E-02  5.8333333333333336E-03
  -1.0750000000000001E-02  5.5000000000000005E-03
  -1.0500000000000001E-02  4.9166666666666664E-03
  -1.0125000000000000E-02  4.0000000000000001E-03
  -1.0125000000000000E-02  3.2916666666666667E-03
  -1.0458333333333333E-02  2.0000000000000000E-03
  -1.0666666666666666E-02 -1.2500000000000000E-04
  -1.0875000000000001E-02 -1.7083333333333334E-03
  -1.1250000000000001E-02 -2.9166666666666668E-03
  -1.1541666666666667E-02 -3.9583333333333337E-03
  -1.2333333333333333E-02 -5.3333333333333332E-03
  -1.2833333333333334E-02 -6.2916666666666668E-03
  -1.3375000000000000E-02 -6.8750000000000000E-03
  -1.4833333333333332E-02 -7.8333333333333328E-03
  -1.5375000000000000E-02 -8.4166666666666678E-03
  -1.5583333333333333E-02 -9.1666666666666667E-03
  -1.5708333333333335E-02 -1.0333333333333333E-02
  -1.5416666666666667E-02 -1.1125000000000001E-02
  -1.5291666666666667E-02 -1.2458333333333333E-02
  -1.4583333333333332E-02 -1.4000000000000000E-02
  -1.4208333333333335E-02 -1.4125000000000000E-02
  -1.2291666666666666E-02 -1.4624999999999999E-02
  -1.1500000000000002E-02 -1.4749999999999999E-02
  -1.0166666666666666E-02 -1.4999999999999999E-02
  -8.1250000000000003E-03 -1.4916666666666667E-02
  -7.0000000000000001E-03 -1.4583333333333332E-02
  -5.9166666666666664E-03 -1.4374999999999999E-02
  -4.1250000000000002E-03 -1.4083333333333335E-02
  -3.1249999999999997E-03 -1.3916666666666667E-02
  -1.4583333333333334E-03 -1.3583333333333334E-02
  -9.1666666666666665E-04 -1.3583333333333334E-02
  -1.6666666666666666E-04 -1.3583333333333334E-02
  -1.6666666666666666E-04 -1.3541666666666667E-02
   0.0000000000000000E+00 -1.4416666666666666E-02
  -2.9166666666666669E-04 -1.6666666666666666E-02
  -3.3333333333333332E-04 -1.7166666666666667E-02
  -3.3333333333333332E-04 -1.7333333333333333E-02
   6.2500000000000001E-04 -1.6916666666666667E-02
   1.3333333333333333E-03 -1.6833333333333336E-02
   2.5000000000000001E-03 -1.6833333333333336E-02
   3.2499999999999999E-03 -1.7124999999999998E-02
   3.4583333333333337E-03 -1.7666666666666667E-02
   3.9166666666666664E-03 -1.8666666666666668E-02
   4.3749999999999995E-03 -1.9333333333333334E-02
   5.0416666666666665E-03 -2.0208333333333332E-02
   5.7500000000000008E-03 -2.0750000000000001E-02
   7.1250000000000003E-03 -2.1333333333333333E-02
   8.0833333333333330E-03 -2.1375000000000002E-02
   1.0500000000000001E-02 -2.0833333333333332E-02
   1.1958333333333333E-02 -2.0250000000000001E-02
   1.2791666666666666E-02 -2.0083333333333332E-02
   1.2791666666666666E-02 -2.0000000000000000E-02
   1.4041666666666668E-02 -1.9416666666666669E-02
   1.4624999999999999E-02 -1.9166666666666669E-02
   1.5750000000000000E-02 -1.9208333333333334E-02
   1.5833333333333335E-02 -1.9250000000000000E-02
   1.6375000000000001E-02 -2.0041666666666666E-02
   1.7083333333333332E-02 -2.0500000000000001E-02
   1.7999999999999999E-02 -2.0750000000000001E-02
   1.9250000000000000E-02 -2.0791666666666667E-02
   2.0500000000000001E-02 -2.0666666666666667E-02
   2.1166666666666667E-02 -2.0708333333333332E-02
   2.1875000000000002E-02 -2.1291666666666667E-02
   2.2000000000000002E-02 -2.1458333333333333E-02
   2.2666666666666668E-02 -2.1875000000000002E-02
   2.3458333333333331E-02 -2.2083333333333333E-02
   2.4749999999999998E-02 -2.2125000000000002E-02
   2.5749999999999999E-02 -2.1958333333333333E-02
   2.6708333333333334E-02 -2.1750000000000002E-02
   2.6958333333333334E-02 -2.1666666666666667E-02
