   0.1602083333333333      3.8500000000000000E-02
   0.1597916666666667      3.8791666666666669E-02
   0.1589166666666667      3.9291666666666662E-02
   0.1577500000000000      3.9875000000000001E-02
   0.1567916666666667      4.0125000000000001E-02
   0.1557916666666667      4.0291666666666663E-02
   0.1548333333333334      4.0375000000000001E-02
   0.1534583333333333      4.0166666666666663E-02
   0.1523750000000000      3.9833333333333332E-02
   0.1513333333333333      3.9250000000000000E-02
   0.1506250000000000      3.8666666666666669E-02
   0.1499166666666667      3.7916666666666668E-02
   0.1492916666666667      3.7708333333333337E-02
   0.1485000000000000      3.7666666666666668E-02
   0.1474583333333333      3.7749999999999999E-02
   0.1469583333333333      3.7833333333333337E-02
   0.1467083333333333      3.7791666666666668E-02
   0.1463750000000000      3.7708333333333337E-02
   0.1457500000000000      3.7541666666666668E-02
   0.1448333333333333      3.7499999999999999E-02
   0.1437083333333333      3.7458333333333337E-02
   0.1426666666666667      3.7374999999999999E-02
   0.1423750000000000      3.7166666666666667E-02
   0.1420000000000000      3.7083333333333336E-02
   0.1412500000000000      3.6916666666666667E-02
   0.1405000000000000      3.6916666666666667E-02
   0.1389583333333333      3.6833333333333336E-02
   0.1376250000000000      3.6791666666666667E-02
   0.1362500000000000      3.6791666666666667E-02
   0.1351666666666667      3.6583333333333336E-02
   0.1345000000000000      3.6208333333333335E-02
   0.1341250000000000      3.5833333333333335E-02
   0.1333750000000000      3.5499999999999997E-02
   0.1332083333333333      3.5333333333333335E-02
   0.1326250000000000      3.4916666666666665E-02
   0.1322916666666667      3.4874999999999996E-02
   0.1319583333333333      3.4874999999999996E-02
   0.1311666666666667      3.4874999999999996E-02
   0.1303750000000000      3.5124999999999997E-02
   0.1292500000000000      3.5416666666666666E-02
   0.1287083333333333      3.5874999999999997E-02
   0.1277500000000000      3.6416666666666667E-02
   0.1273750000000000      3.6708333333333336E-02
   0.1264166666666666      3.8208333333333337E-02
   0.1252083333333333      3.8374999999999999E-02
   0.1244166666666667      3.8374999999999999E-02
   0.1230833333333333      3.8291666666666668E-02
   0.1217500000000000      3.8083333333333337E-02
   0.1204166666666667      3.7874999999999999E-02
   0.1190833333333333      3.6333333333333336E-02
   0.1186666666666667      3.5958333333333335E-02
   0.1185833333333333      3.5374999999999997E-02
   0.1185833333333333      3.5291666666666666E-02
   0.1188333333333333      3.5124999999999997E-02
   0.1192916666666667      3.5749999999999997E-02
   0.1195833333333333      3.5624999999999997E-02
   0.1202500000000000      3.5041666666666665E-02
   0.1200833333333333      3.5083333333333334E-02
   0.1191666666666667      3.4916666666666665E-02
   0.1187500000000000      3.4958333333333334E-02
   0.1184583333333333      3.5374999999999997E-02
   0.1180000000000000      3.5416666666666666E-02
   0.1172916666666667      3.5583333333333335E-02
   0.1166666666666667      3.5541666666666666E-02
   0.1145416666666667      3.5166666666666666E-02
   0.1133750000000000      3.5249999999999997E-02
   0.1112500000000000      3.5124999999999997E-02
   0.1098750000000000      3.4999999999999996E-02
   0.1092500000000000      3.4749999999999996E-02
   0.1087500000000000      3.4208333333333334E-02
   0.1087500000000000      3.3708333333333333E-02
   0.1085000000000000      3.2833333333333332E-02
   0.1085000000000000      3.2541666666666670E-02
   0.1077083333333333      3.2458333333333332E-02
   0.1060416666666667      3.2333333333333332E-02
   0.1053750000000000      3.2333333333333332E-02
   0.1048333333333333      3.2333333333333332E-02
   0.1037916666666667      3.2458333333333332E-02
   0.1024583333333333      3.2416666666666670E-02
   0.1012500000000000      3.2958333333333333E-02
   0.1002083333333333      3.2750000000000001E-02
   9.9416666666666667E-02  3.2541666666666670E-02
   9.7999999999999990E-02  3.2208333333333332E-02
   9.7375000000000003E-02  3.2041666666666670E-02
   9.6833333333333327E-02  3.1916666666666670E-02
   9.6458333333333326E-02  3.1916666666666670E-02
   9.5833333333333326E-02  3.2500000000000001E-02
   9.4958333333333325E-02  3.2958333333333333E-02
   9.4208333333333338E-02  3.3166666666666671E-02
   9.3124999999999999E-02  3.3125000000000002E-02
   9.1749999999999998E-02  3.3125000000000002E-02
   9.1208333333333336E-02  3.3125000000000002E-02
   9.0500000000000011E-02  3.3291666666666671E-02
   8.9958333333333321E-02  3.3291666666666671E-02
   8.9291666666666658E-02  3.3250000000000002E-02
   8.8583333333333333E-02  3.3166666666666671E-02
   8.7749999999999995E-02  3.3208333333333333E-02
   8.6166666666666669E-02  3.3291666666666671E-02
   8.4083333333333329E-02  3.2708333333333332E-02
   8.2916666666666666E-02  3.2250000000000001E-02
   8.1874999999999989E-02  3.1833333333333332E-02
   8.1291666666666665E-02  3.1041666666666665E-02
   8.1708333333333327E-02  3.0499999999999999E-02
   8.2166666666666666E-02  3.0166666666666665E-02
   8.2833333333333328E-02  2.9708333333333333E-02
   8.2208333333333328E-02  2.9916666666666664E-02
   8.1750000000000003E-02  2.9958333333333333E-02
   8.0333333333333326E-02  2.9958333333333333E-02
   7.8958333333333339E-02  2.9958333333333333E-02
   7.7625000000000000E-02  3.0208333333333334E-02
   7.6124999999999998E-02  3.0750000000000000E-02
   7.3999999999999996E-02  3.1375000000000000E-02
   7.2499999999999995E-02  3.1541666666666669E-02
   7.0458333333333331E-02  3.1500000000000000E-02
   6.9249999999999992E-02  3.1041666666666665E-02
   6.8416666666666667E-02  3.0541666666666665E-02
   6.7208333333333328E-02  2.9499999999999998E-02
   6.6208333333333327E-02  2.8333333333333335E-02
   6.5500000000000003E-02  2.7416666666666669E-02
   6.4708333333333326E-02  2.5999999999999999E-02
   6.5500000000000003E-02  2.5791666666666668E-02
   6.4750000000000002E-02  2.6249999999999999E-02
   6.3708333333333325E-02  2.6249999999999999E-02
   6.2750000000000000E-02  2.6624999999999999E-02
   6.1583333333333330E-02  2.7083333333333334E-02
   6.0833333333333330E-02  2.7250000000000000E-02
   5.8999999999999997E-02  2.7500000000000000E-02
   5.8125000000000003E-02  2.7791666666666669E-02
   5.7333333333333326E-02  2.8166666666666670E-02
   5.6375000000000001E-02  2.8500000000000001E-02
   5.4583333333333338E-02  2.8333333333333335E-02
   5.4125000000000000E-02  2.7958333333333335E-02
   5.3833333333333337E-02  2.7500000000000000E-02
   5.3624999999999999E-02  2.6708333333333334E-02
   5.4541666666666662E-02  2.6541666666666668E-02
   5.4916666666666669E-02  2.6416666666666668E-02
   5.5750000000000001E-02  2.6083333333333333E-02
   5.3833333333333337E-02  2.6583333333333334E-02
   5.2666666666666667E-02  2.6791666666666668E-02
   5.0666666666666665E-02  2.7541666666666669E-02
   4.9708333333333334E-02  2.7416666666666669E-02
   4.8625000000000002E-02  2.7083333333333334E-02
   4.7875000000000001E-02  2.7083333333333334E-02
   4.7249999999999993E-02  2.7000000000000000E-02
   4.6041666666666668E-02  2.6958333333333334E-02
   4.5250000000000005E-02  2.6666666666666668E-02
   4.5208333333333330E-02  2.6083333333333333E-02
   4.5208333333333330E-02  2.5249999999999998E-02
   4.5250000000000005E-02  2.4833333333333332E-02
   4.5916666666666668E-02  2.4249999999999997E-02
   4.4916666666666667E-02  2.4833333333333332E-02
   4.3750000000000004E-02  2.4916666666666667E-02
   4.2750000000000003E-02  2.5374999999999998E-02
   4.1666666666666664E-02  2.5833333333333333E-02
   4.0750000000000001E-02  2.5874999999999999E-02
   3.9833333333333332E-02  2.5833333333333333E-02
   3.8833333333333338E-02  2.5416666666666667E-02
   3.7791666666666668E-02  2.4999999999999998E-02
   3.7249999999999998E-02  2.4541666666666666E-02
   3.7166666666666667E-02  2.4124999999999997E-02
   3.6791666666666667E-02  2.3541666666666666E-02
   3.6166666666666666E-02  2.3166666666666669E-02
   3.4749999999999996E-02  2.2583333333333334E-02
   3.3833333333333333E-02  2.2250000000000002E-02
   3.3041666666666671E-02  2.1541666666666667E-02
   3.2791666666666670E-02  2.1208333333333333E-02
   3.2625000000000001E-02  2.0875000000000001E-02
   3.1375000000000000E-02  2.0833333333333332E-02
   3.0083333333333333E-02  2.1125000000000001E-02
   2.9124999999999998E-02  2.1500000000000002E-02
   2.8083333333333335E-02  2.1791666666666668E-02
   2.6916666666666669E-02  2.2083333333333333E-02
   2.5958333333333333E-02  2.2250000000000002E-02
   2.4833333333333332E-02  2.2291666666666668E-02
   2.3666666666666666E-02  2.2208333333333333E-02
   2.2458333333333334E-02  2.1708333333333333E-02
   2.1500000000000002E-02  2.1083333333333332E-02
   1.9875000000000000E-02  2.0041666666666666E-02
   1.9166666666666669E-02  1.9458333333333334E-02
   1.8041666666666668E-02  1.8791666666666668E-02
   1.7541666666666667E-02  1.8083333333333333E-02
   1.7333333333333333E-02  1.7458333333333333E-02
   1.7041666666666667E-02  1.7041666666666667E-02
   1.6458333333333335E-02  1.7041666666666667E-02
   1.5291666666666667E-02  1.7208333333333332E-02
   1.4458333333333332E-02  1.7333333333333333E-02
   1.2624999999999999E-02  1.7333333333333333E-02
   1.0833333333333334E-02  1.7416666666666667E-02
   1.0375000000000001E-02  1.7624999999999998E-02
   9.6249999999999999E-03  1.7874999999999999E-02
   8.7083333333333336E-03  1.8124999999999999E-02
   7.8750000000000001E-03  1.8208333333333333E-02
   6.6249999999999998E-03  1.8166666666666668E-02
   4.9583333333333328E-03  1.7958333333333333E-02
   4.0416666666666665E-03  1.7666666666666667E-02
   1.9166666666666666E-03  1.6416666666666666E-02
   1.1666666666666668E-03  1.6083333333333335E-02
   2.0833333333333335E-04  1.5333333333333332E-02
  -7.9166666666666665E-04  1.4333333333333332E-02
  -1.4999999999999998E-03  1.3791666666666667E-02
  -1.7916666666666665E-03  1.3083333333333334E-02
  -2.1249999999999997E-03  1.2624999999999999E-02
  -3.0416666666666665E-03  1.2208333333333333E-02
  -3.8333333333333331E-03  1.1874999999999998E-02
  -5.0000000000000001E-03  1.1458333333333334E-02
  -5.8749999999999991E-03  1.1333333333333334E-02
  -6.3333333333333332E-03  1.0666666666666666E-02
  -6.4166666666666669E-03  1.0208333333333333E-02
  -6.4166666666666669E-03  9.4999999999999998E-03
  -6.2916666666666668E-03  9.0416666666666666E-03
  -6.2916666666666668E-03  8.9166666666666665E-03
  -6.9583333333333337E-03  9.0833333333333339E-03
  -7.5833333333333334E-03  9.1249999999999994E-03
  -8.4999999999999989E-03  9.1666666666666667E-03
  -9.1666666666666667E-03  9.1249999999999994E-03
  -9.7916666666666655E-03  9.0416666666666666E-03
  -9.7083333333333344E-03  8.5416666666666662E-03
  -9.0416666666666666E-03  8.0000000000000002E-03
  -8.2916666666666677E-03  7.3749999999999996E-03
  -7.6249999999999998E-03  6.9166666666666673E-03
  -7.6249999999999998E-03  6.8750000000000000E-03
  -7.7916666666666664E-03  7.0833333333333338E-03
  -8.4583333333333333E-03  7.6249999999999998E-03
  -9.9166666666666656E-03  8.5416666666666662E-03
  -1.0416666666666666E-02  8.7499999999999991E-03
  -1.2291666666666666E-02  9.5416666666666670E-03
  -1.3750000000000000E-02  1.0000000000000000E-02
  -1.5041666666666667E-02  1.0541666666666666E-02
  -1.6333333333333335E-02  1.0958333333333334E-02
  -1.7583333333333333E-02  1.1333333333333334E-02
  -1.8666666666666668E-02  1.1749999999999998E-02
  -2.0000000000000000E-02  1.2333333333333333E-02
  -2.0916666666666667E-02  1.2791666666666666E-02
  -2.1750000000000002E-02  1.3250000000000000E-02
  -2.2083333333333333E-02  1.3375000000000000E-02
  -2.2916666666666669E-02  1.3375000000000000E-02
  -2.3624999999999997E-02  1.3083333333333334E-02
  -2.4833333333333332E-02  1.3208333333333334E-02
  -2.5999999999999999E-02  1.3125000000000000E-02
  -2.7250000000000000E-02  1.2791666666666666E-02
  -2.8208333333333335E-02  1.2416666666666666E-02
  -2.8791666666666663E-02  1.1874999999999998E-02
  -2.9124999999999998E-02  1.1250000000000001E-02
  -2.9208333333333333E-02  1.0583333333333333E-02
  -2.8999999999999998E-02  9.8333333333333328E-03
  -2.8458333333333335E-02  9.2083333333333340E-03
  -2.7833333333333335E-02  8.2916666666666677E-03
  -2.7166666666666669E-02  7.5416666666666661E-03
  -2.6541666666666668E-02  6.4999999999999997E-03
  -2.5916666666666668E-02  5.1250000000000002E-03
  -2.5041666666666667E-02  3.7916666666666667E-03
  -2.4249999999999997E-02  2.9999999999999996E-03
  -2.2750000000000003E-02  2.4166666666666668E-03
  -2.1625000000000002E-02  1.1666666666666668E-03
  -2.1458333333333333E-02  7.9166666666666665E-04
  -2.1125000000000001E-02  4.1666666666666669E-04
  -2.0458333333333332E-02 -4.1666666666666665E-05
  -1.9041666666666669E-02 -7.9166666666666665E-04
  -1.8416666666666668E-02 -1.2916666666666667E-03
  -1.8166666666666668E-02 -1.9166666666666666E-03
  -1.8166666666666668E-02 -2.9583333333333332E-03
  -1.8249999999999999E-02 -3.5000000000000001E-03
  -1.9208333333333334E-02 -4.2083333333333339E-03
  -2.0041666666666666E-02 -5.1666666666666666E-03
  -2.0916666666666667E-02 -5.9999999999999993E-03
  -2.1416666666666667E-02 -6.5416666666666670E-03
  -2.2166666666666668E-02 -7.4166666666666660E-03
  -2.3000000000000003E-02 -7.4166666666666660E-03
  -2.4499999999999997E-02 -8.7499999999999991E-03
  -2.5874999999999999E-02 -9.9583333333333329E-03
  -2.6499999999999999E-02 -1.0958333333333334E-02
  -2.7416666666666669E-02 -1.2166666666666666E-02
  -2.8291666666666670E-02 -1.3708333333333335E-02
  -2.9208333333333333E-02 -1.5250000000000000E-02
  -2.9666666666666664E-02 -1.6416666666666666E-02
  -2.9583333333333333E-02 -1.7208333333333332E-02
  -2.9708333333333333E-02 -1.8041666666666668E-02
  -3.0166666666666665E-02 -2.0083333333333332E-02
  -2.9999999999999999E-02 -2.0708333333333332E-02
  -2.9874999999999999E-02 -2.0666666666666667E-02
  -2.9041666666666664E-02 -2.1041666666666667E-02
  -2.7583333333333335E-02 -2.1333333333333333E-02
  -2.6958333333333334E-02 -2.1333333333333333E-02
  -2.5624999999999998E-02 -2.1083333333333332E-02
  -2.3958333333333331E-02 -2.1000000000000001E-02
  -2.2166666666666668E-02 -2.1166666666666667E-02
  -2.1250000000000002E-02 -2.1166666666666667E-02
  -2.0708333333333332E-02 -2.1125000000000001E-02
  -2.0416666666666666E-02 -2.1208333333333333E-02
  -1.9958333333333331E-02 -2.1375000000000002E-02
  -1.9208333333333334E-02 -2.1708333333333333E-02
  -1.8458333333333334E-02 -2.1791666666666668E-02
  -1.7249999999999998E-02 -2.1750000000000002E-02
  -1.6125000000000000E-02 -2.1666666666666667E-02
  -1.5083333333333332E-02 -2.1375000000000002E-02
  -1.1375000000000001E-02 -2.1083333333333332E-02
  -9.5833333333333343E-03 -2.0958333333333332E-02
  -8.0000000000000002E-03 -2.0833333333333332E-02
  -6.5833333333333334E-03 -2.0583333333333332E-02
  -5.6666666666666671E-03 -2.0291666666666666E-02
  -5.0000000000000001E-03 -2.0000000000000000E-02
  -4.2083333333333339E-03 -1.8874999999999999E-02
  -3.3333333333333335E-03 -1.8416666666666668E-02
  -2.5416666666666665E-03 -1.7874999999999999E-02
  -1.5833333333333333E-03 -1.7583333333333333E-02
  -8.3333333333333339E-04 -1.7083333333333332E-02
   4.5833333333333333E-04 -1.6625000000000001E-02
   1.8333333333333333E-03 -1.6375000000000001E-02
   3.1249999999999997E-03 -1.7499999999999998E-02
   4.0833333333333338E-03 -1.7666666666666667E-02
   4.7916666666666672E-03 -1.8291666666666668E-02
   5.5833333333333334E-03 -1.8916666666666668E-02
   5.7500000000000008E-03 -1.9041666666666669E-02
   6.0833333333333330E-03 -1.9166666666666669E-02
   6.7499999999999999E-03 -1.9208333333333334E-02
   7.7083333333333335E-03 -1.9166666666666669E-02
   9.1666666666666667E-03 -1.9125000000000000E-02
   1.0541666666666666E-02 -1.9541666666666666E-02
   1.0916666666666667E-02 -1.9791666666666666E-02
   1.2083333333333333E-02 -2.0083333333333332E-02
   1.3666666666666667E-02 -2.0333333333333332E-02
   1.4250000000000001E-02 -2.0333333333333332E-02
   1.5208333333333332E-02 -2.0291666666666666E-02
   1.5291666666666667E-02 -2.0708333333333332E-02
   1.5458333333333333E-02 -2.1041666666666667E-02
   1.6458333333333335E-02 -2.1208333333333333E-02
   1.7124999999999998E-02 -2.1208333333333333E-02
   1.8541666666666668E-02 -2.1166666666666667E-02
   1.9916666666666666E-02 -2.1166666666666667E-02
   2.0125000000000001E-02 -2.1250000000000002E-02
   2.0791666666666667E-02 -2.1333333333333333E-02
   2.1500000000000002E-02 -2.1333333333333333E-02
   2.3208333333333334E-02 -2.1333333333333333E-02
   2.4541666666666666E-02 -2.1500000000000002E-02
   2.4958333333333332E-02 -2.1583333333333333E-02
   2.5249999999999998E-02 -2.1916666666666668E-02
   2.5333333333333333E-02 -2.2083333333333333E-02
   2.5791666666666668E-02 -2.2750000000000003E-02
   2.5999999999999999E-02 -2.3250000000000003E-02
   2.7000000000000000E-02 -2.3333333333333334E-02
   2.9374999999999998E-02 -2.3291666666666669E-02
   3.0333333333333334E-02 -2.3041666666666669E-02
   3.1541666666666669E-02 -2.2750000000000003E-02
   3.2416666666666670E-02 -2.2416666666666668E-02
