   1.2938864628820960E-02  2.9991266375545850E-02
   1.2321688500727802E-02  3.0155749636098978E-02
   1.2263464337700146E-02  3.0184861717612810E-02
   1.2033478893740903E-02  3.0213973799126635E-02
   1.1889374090247451E-02  3.0213973799126635E-02
   1.1657933042212517E-02  3.0184861717612810E-02
   1.1455604075691413E-02  3.0097525473071322E-02
   1.1254730713245996E-02  2.9982532751091702E-02
   1.1052401746724890E-02  2.9778748180494901E-02
   1.0793304221251819E-02  2.9576419213973797E-02
   1.0649199417758369E-02  2.9372634643376999E-02
   1.0446870451237263E-02  2.9170305676855895E-02
   1.0359534206695779E-02  2.8880640465793302E-02
   1.0359534206695779E-02  2.8561863173216885E-02
   1.0359534206695779E-02  2.8387190684133916E-02
   1.0446870451237263E-02  2.7951965065502182E-02
   9.0625909752547317E-03  2.6473071324599709E-02
   8.7161572052401742E-03  2.6560407569141194E-02
   8.3129548762736535E-03  2.6443959243085881E-02
   8.0524017467248910E-03  2.6299854439592429E-02
   7.9374090247452695E-03  2.6183406113537117E-02
   7.8224163027656481E-03  2.5864628820960696E-02
   7.7933042212518190E-03  2.5545851528384275E-02
   7.7641921397379908E-03  2.5312954876273649E-02
   7.7059679767103343E-03  2.4965065502183408E-02
   6.8995633187772919E-03  2.3719068413391556E-02
   6.6390101892285294E-03  2.3806404657933041E-02
   6.2358078602620087E-03  2.3892285298398833E-02
   5.8602620087336247E-03  2.3892285298398833E-02
   5.5720524017467245E-03  2.3777292576419213E-02
   5.4861717612809313E-03  2.3486171761280934E-02
   5.3129548762736534E-03  2.2994177583697230E-02
   5.1979621542940311E-03  2.2733624454148470E-02
   4.9665211062590977E-03  2.2442503639010188E-02
   4.7641921397379907E-03  2.2123726346433770E-02
   4.5909752547307128E-03  2.1892285298398834E-02
   4.3318777292576417E-03  2.1717612809315865E-02
   4.0727802037845706E-03  2.1631732168850070E-02
   3.7263464337700144E-03  2.1486171761280929E-02
   3.3508005822416300E-03  2.1311499272197960E-02
   2.9184861717612811E-03  2.1021834061135371E-02
   2.6302765647743813E-03  2.0848617176128095E-02
   2.2838427947598256E-03  2.0615720524017469E-02
   1.8515283842794759E-03  2.0326055312954873E-02
   1.7074235807860261E-03  2.0007278020378456E-02
   1.6491994177583696E-03  1.9659388646288210E-02
   1.6491994177583696E-03  1.9165938864628820E-02
   1.6200873362445414E-03  1.8703056768558952E-02
   1.6491994177583696E-03  1.8151382823871905E-02
   1.5924308588064046E-03  1.7542940320232896E-02
   1.3318777292576419E-03  1.6991266375545849E-02
   1.0436681222707423E-03  1.6847161572052401E-02
   6.1135371179039304E-04  1.6614264919941776E-02
   4.6724890829694316E-04  1.6499272197962152E-02
   1.2081513828238718E-04  1.6151382823871904E-02
  -8.1513828238719067E-05  1.5889374090247450E-02
  -3.1149927219796211E-04  1.5512372634643378E-02
  -5.9970887918486175E-04  1.5222707423580787E-02
  -7.4381368267831141E-04  1.4903930131004366E-02
  -1.1193595342066957E-03  1.4295487627365355E-02
  -1.3216885007278020E-03  1.3947598253275110E-02
  -1.5516739446870451E-03  1.3280931586608442E-02
  -1.6390101892285298E-03  1.2903930131004366E-02
  -1.6957787481804950E-03  1.2497816593886463E-02
  -1.7248908296943230E-03  1.2062590975254731E-02
  -1.7248908296943230E-03  1.1481804949053856E-02
  -1.6098981077147015E-03  1.1163027656477437E-02
  -1.5516739446870451E-03  1.0729257641921397E-02
  -1.3784570596797672E-03  1.0352256186317322E-02
  -1.3784570596797672E-03  9.9170305676855898E-03
  -1.4949053857350801E-03  9.6273653566229973E-03
  -1.6666666666666666E-03  9.1630276564774373E-03
  -1.6957787481804950E-03  8.7278020378457055E-03
  -1.6957787481804950E-03  8.4381368267831148E-03
  -1.7831149927219794E-03  8.1775836972343523E-03
  -1.9839883551673945E-03  7.9446870451237248E-03
  -2.2736535662299853E-03  7.6550218340611358E-03
  -2.4745269286754004E-03  7.4235807860262007E-03
  -2.6768558951965065E-03  6.9010189228529842E-03
  -2.5618631732168846E-03  6.4075691411935951E-03
  -2.4177583697234349E-03  5.9446870451237257E-03
  -2.3013100436681221E-03  5.7409024745269282E-03
  -2.2154294032023288E-03  5.2197962154294023E-03
  -2.3886462882096067E-03  4.7263464337700140E-03
  -2.5909752547307132E-03  4.3202328966521104E-03
  -2.7350800582241629E-03  3.7700145560407568E-03
  -2.6768558951965065E-03  3.1018922852983988E-03
  -2.4745269286754004E-03  2.6098981077147011E-03
  -2.2154294032023288E-03  1.8267831149927220E-03
  -2.2445414847161570E-03  1.5080058224163026E-03
  -2.3013100436681221E-03  1.2183406113537116E-03
  -2.2736535662299853E-03  6.6666666666666664E-04
  -2.1280931586608442E-03  1.7467248908296942E-04
  -1.8398835516739449E-03 -2.8966521106259100E-04
  -1.3784570596797672E-03 -6.6666666666666664E-04
  -1.1775836972343521E-03 -8.9956331877729257E-04
  -8.3114992721979616E-04 -1.2183406113537116E-03
  -5.9970887918486175E-04 -1.5371179039301310E-03
  -3.1149927219796211E-04 -2.2620087336244544E-03
  -1.9650655021834061E-04 -2.8995633187772923E-03
  -2.3289665211062592E-05 -3.4512372634643378E-03
   3.5225618631732166E-04 -3.8850072780203786E-03
   6.1135371179039304E-04 -4.7263464337700140E-03
   1.0727802037845706E-03 -5.4803493449781656E-03
   1.2751091703056769E-03 -5.8282387190684128E-03
   1.4759825327510918E-03 -6.3508005822416301E-03
   1.7656477438136827E-03 -7.0174672489082962E-03
   1.9665211062590976E-03 -7.1906841339155749E-03
   2.3711790393013098E-03 -7.5967976710334794E-03
   2.8326055312954874E-03 -8.1775836972343523E-03
   3.2940320232896650E-03 -8.8442503639010184E-03
   3.6681222707423580E-03 -9.3071324599708870E-03
   4.0145560407569142E-03 -9.9461426491994180E-03
   4.2459970887918485E-03 -1.0235807860262009E-02
   4.4192139737991264E-03 -1.0671033478893741E-02
   4.5633187772925760E-03 -1.0989810771470159E-02
   4.7365356622998548E-03 -1.1395924308588065E-02
   5.0247452692867541E-03 -1.1772925764192138E-02
   5.4279475982532749E-03 -1.2120815138282387E-02
   5.8311499272197965E-03 -1.2323144104803493E-02
   6.2358078602620087E-03 -1.2700145560407569E-02
   6.7263464337700141E-03 -1.3164483260553129E-02
   6.9563318777292570E-03 -1.3395924308588063E-02
   7.4759825327510906E-03 -1.3772925764192140E-02
   7.9956331877729259E-03 -1.4179039301310042E-02
   8.3129548762736535E-03 -1.4439592430858806E-02
   8.8020378457059675E-03 -1.4758369723435225E-02
   9.1775836972343514E-03 -1.5222707423580787E-02
   9.4949053857350790E-03 -1.5657933042212521E-02
   9.6972343522561868E-03 -1.6005822416302763E-02
   9.9272197962154297E-03 -1.6324599708879183E-02
   1.0187772925764190E-02 -1.6672489082969432E-02
   1.0532751091703057E-02 -1.6876273653566230E-02
   1.0937409024745269E-02 -1.6847161572052401E-02
   1.1225618631732168E-02 -1.6876273653566230E-02
   1.1657933042212517E-02 -1.7078602620087337E-02
   1.1772925764192138E-02 -1.7426491994177583E-02
   1.2119359534206696E-02 -1.7919941775836973E-02
   1.2436681222707423E-02 -1.8034934497816592E-02
   1.3042212518195050E-02 -1.8267831149927218E-02
   1.3791848617176127E-02 -1.8441048034934498E-02
   1.4369723435225617E-02 -1.8673944687045124E-02
   1.4628820960698688E-02 -1.8847161572052400E-02
   1.4917030567685587E-02 -1.9369723435225618E-02
   1.5090247452692867E-02 -1.9919941775836971E-02
   1.5205240174672488E-02 -2.0296943231441048E-02
   1.5436681222707423E-02 -2.0790393013100438E-02
   1.5898107714701602E-02 -2.0877729257641919E-02
   1.6417758369723433E-02 -2.0934497816593886E-02
   1.6906841339155747E-02 -2.0877729257641919E-02
   1.7052401746724889E-02 -2.0848617176128095E-02
   1.7426491994177583E-02 -2.0732168850072782E-02
   1.7946142649199415E-02 -2.0848617176128095E-02
   1.8176128093158658E-02 -2.1080058224163027E-02
   1.8522561863173217E-02 -2.1225618631732168E-02
   1.8868995633187773E-02 -2.1283842794759825E-02
   1.8927219796215429E-02 -2.1398835516739444E-02
   1.8927219796215429E-02 -2.1688500727802037E-02
   1.8898107714701601E-02 -2.1863173216885006E-02
   1.8839883551673944E-02 -2.2123726346433770E-02
   1.8868995633187773E-02 -2.2413391557496359E-02
   1.9186317321688500E-02 -2.2848617176128093E-02
   1.9820960698689955E-02 -2.3109170305676857E-02
   2.0224163027656478E-02 -2.3109170305676857E-02
   2.0829694323144105E-02 -2.3052401746724887E-02
   2.1291120815138280E-02 -2.2965065502183406E-02
   2.1724890829694320E-02 -2.2935953420669574E-02
   2.2301310043668122E-02 -2.2935953420669574E-02
   2.2906841339155749E-02 -2.2994177583697230E-02
   2.3368267831149925E-02 -2.3371179039301308E-02
   2.3771470160116447E-02 -2.3573508005822415E-02
   2.4291120815138283E-02 -2.3748180494905385E-02
   2.5011644832605533E-02 -2.3979621542940317E-02
   2.5213973799126637E-02 -2.4560407569141192E-02
   2.5474526928675398E-02 -2.5081513828238720E-02
   2.5819505094614264E-02 -2.5458515283842794E-02
   2.6080058224163028E-02 -2.5487627365356619E-02
   2.7002911208151383E-02 -2.5604075691411935E-02
   2.7665211062590973E-02 -2.5604075691411935E-02
   2.8069868995633185E-02 -2.5574963609898107E-02
   2.8761280931586607E-02 -2.5487627365356619E-02
   2.9078602620087334E-02 -2.5633187772925763E-02
   2.9512372634643375E-02 -2.5748180494905383E-02
   2.9886462882096069E-02 -2.5922852983988352E-02
   2.9886462882096069E-02 -2.6037845705967975E-02
   2.9915574963609901E-02 -2.6735080058224163E-02
   3.0291120815138281E-02 -2.6995633187772924E-02
   3.0665211062590975E-02 -2.7285298398835516E-02
   3.1184861717612807E-02 -2.7256186317321688E-02
   3.2021834061135367E-02 -2.7343522561863169E-02
   3.2857350800582240E-02 -2.7401746724890826E-02
   3.3203784570596792E-02 -2.7372634643377001E-02
   3.3809315866084426E-02 -2.7343522561863169E-02
   3.4184861717612806E-02 -2.7430858806404657E-02
   3.4241630276564773E-02 -2.7633187772925765E-02
   3.4617176128093161E-02 -2.7922852983988354E-02
   3.5193595342066959E-02 -2.8212518195050947E-02
   3.5713245997088791E-02 -2.8328966521106259E-02
   3.6636098981077149E-02 -2.8474526928675397E-02
   3.7673944687045123E-02 -2.8561863173216885E-02
   3.8395924308588063E-02 -2.8676855895196505E-02
   3.8770014556040754E-02 -2.8822416302765646E-02
   3.9375545851528380E-02 -2.8995633187772926E-02
   3.9692867540029111E-02 -2.9170305676855895E-02
   3.9953420669577876E-02 -2.9401746724890827E-02
   4.0529839883551667E-02 -2.9778748180494901E-02
   4.1020378457059685E-02 -2.9836972343522557E-02
   4.1828238719068413E-02 -2.9924308588064046E-02
   4.2490538573508006E-02 -3.0126637554585153E-02
   4.3183406113537118E-02 -3.0184861717612810E-02
   4.3933042212518196E-02 -3.0330422125181947E-02
   4.4481804949053856E-02 -3.0445414847161574E-02
   4.5260553129548763E-02 -3.0678311499272200E-02
   4.5490538573508002E-02 -3.0793304221251816E-02
   4.6039301310043669E-02 -3.1084425036390102E-02
   4.6356622998544393E-02 -3.1257641921397385E-02
   4.7336244541484711E-02 -3.1692867540029104E-02
   4.7711790393013098E-02 -3.1780203784570596E-02
   4.8114992721979617E-02 -3.1663755458515283E-02
   4.8548762736535661E-02 -3.1634643377001455E-02
   4.8778748180494907E-02 -3.1605531295487627E-02
   4.9327510917030561E-02 -3.1809315866084424E-02
   4.9816593886462882E-02 -3.2098981077147017E-02
   5.0192139737991262E-02 -3.2272197962154289E-02
   5.0711790393013101E-02 -3.2213973799126633E-02
   5.1202328966521105E-02 -3.2128093158660838E-02
   5.1691411935953419E-02 -3.2128093158660838E-02
   5.2008733624454143E-02 -3.2301310043668124E-02
   5.2528384279475974E-02 -3.2301310043668124E-02
   5.3278020378457060E-02 -3.2534206695778750E-02
   5.3883551673944687E-02 -3.2794759825327514E-02
   5.4173216885007279E-02 -3.2938864628820959E-02
   5.4749636098981071E-02 -3.3142649199417756E-02
   5.5267831149927220E-02 -3.3315866084425036E-02
   5.5701601164483257E-02 -3.3490538573508005E-02
   5.6219796215429399E-02 -3.3780203784570598E-02
   5.6941775836972346E-02 -3.4040756914119355E-02
   5.7691411935953417E-02 -3.4098981077147011E-02
   5.8152838427947592E-02 -3.3983988355167388E-02
   5.8528384279475980E-02 -3.3867540029112075E-02
   5.9133915574963607E-02 -3.4186317321688503E-02
   5.9566229985443961E-02 -3.4244541484716153E-02
   6.0430858806404655E-02 -3.4360989810771465E-02
   6.1152838427947595E-02 -3.4505094614264917E-02
   6.1787481804949050E-02 -3.4592430858806401E-02
   6.2161572052401748E-02 -3.4852983988355166E-02
   6.2566229985443964E-02 -3.5027656477438135E-02
   6.3200873362445412E-02 -3.5171761280931586E-02
   6.3921397379912662E-02 -3.5171761280931586E-02
   6.4065502183406106E-02 -3.5200873362445415E-02
   6.4497816593886467E-02 -3.5229985443959243E-02
   6.5017467248908306E-02 -3.5346433770014556E-02
   6.5046579330422127E-02 -3.5404657933042212E-02
   6.5393013100436673E-02 -3.5462882096069868E-02
   6.5825327510917020E-02 -3.5577874818049485E-02
   6.6777292576419220E-02 -3.5839883551673946E-02
   6.7526928675400291E-02 -3.6013100436681218E-02
   6.8391557496360986E-02 -3.5925764192139741E-02
   6.8478893740902477E-02 -3.6013100436681218E-02
   6.8852983988355168E-02 -3.6302765647743811E-02
   6.9170305676855892E-02 -3.6360989810771474E-02
   6.9949053857350799E-02 -3.6302765647743811E-02
   7.0815138282387197E-02 -3.6448326055312952E-02
   7.1478893740902466E-02 -3.6650655021834060E-02
   7.2170305676855895E-02 -3.7085880640465793E-02
   7.2689956331877734E-02 -3.7462882096069870E-02
   7.3295487627365360E-02 -3.7346433770014557E-02
   7.3815138282387199E-02 -3.7260553129548762E-02
   7.4247452692867533E-02 -3.7260553129548762E-02
   7.5487627365356622E-02 -3.7550218340611348E-02
   7.6007278020378460E-02 -3.7752547307132456E-02
   7.6496360989810774E-02 -3.7985443959243081E-02
   7.6786026200873353E-02 -3.8071324599708876E-02
   7.7391557496360980E-02 -3.8187772925764189E-02
   7.7967976710334785E-02 -3.8477438136826775E-02
   7.8400291120815133E-02 -3.8739446870451236E-02
   7.8659388646288214E-02 -3.8912663755458515E-02
   7.9034934497816595E-02 -3.8796215429403202E-02
   7.9496360989810777E-02 -3.8681222707423579E-02
   7.9871906841339144E-02 -3.8710334788937401E-02
   8.0650655021834064E-02 -3.8883551673944687E-02
   8.1197962154294034E-02 -3.8970887918486165E-02
   8.2005822416302762E-02 -3.9116448326055313E-02
   8.2669577874818045E-02 -3.9260553129548764E-02
   8.3160116448326049E-02 -3.9406113537117905E-02
   8.3678311499272198E-02 -3.9464337700145555E-02
   8.4283842794759825E-02 -3.9464337700145555E-02
   8.4832605531295485E-02 -3.9260553129548764E-02
   8.5235807860261997E-02 -3.9406113537117905E-02
   8.6043668122270739E-02 -3.9579330422125178E-02
   8.6592430858806399E-02 -3.9579330422125178E-02
   8.6937409024745269E-02 -3.9579330422125178E-02
   8.7197962154294026E-02 -3.9754002911208154E-02
   8.7601164483260552E-02 -3.9898107714701599E-02
   8.8005822416302767E-02 -4.0043668122270740E-02
   8.8640465793304216E-02 -4.0131004366812224E-02
   8.9187772925764186E-02 -4.0101892285298396E-02
   8.9937409024745271E-02 -4.0014556040756911E-02
   9.0168850072780207E-02 -3.9956331877729255E-02
   9.0254730713245995E-02 -4.0043668122270740E-02
   9.0716157205240164E-02 -4.0508005822416301E-02
   9.1177583697234346E-02 -4.0739446870451237E-02
   9.1697234352256185E-02 -4.0885007278020372E-02
   9.2331877729257647E-02 -4.0999999999999995E-02
   9.3139737991266375E-02 -4.1174672489082971E-02
   9.3657933042212524E-02 -4.1232896652110627E-02
   9.4263464337700151E-02 -4.1232896652110627E-02
   9.4724890829694319E-02 -4.1262008733624449E-02
   9.4985443959243077E-02 -4.1262008733624449E-02
   9.5359534206695767E-02 -4.1347889374090251E-02
   9.5676855895196505E-02 -4.1580786026200876E-02
   9.6311499272197953E-02 -4.1639010189228526E-02
   9.6716157205240169E-02 -4.1666666666666664E-02
   9.7407569141193598E-02 -4.1580786026200876E-02
   9.7898107714701602E-02 -4.1435225618631728E-02
   9.8244541484716147E-02 -4.1522561863173213E-02
   9.8417758369723440E-02 -4.1639010189228526E-02
   9.9138282387190690E-02 -4.1928675400291118E-02
   9.9802037845705960E-02 -4.2016011644832603E-02
   0.1004075691411936     -4.1986899563318775E-02
   0.1008981077147016     -4.1841339155749641E-02
   0.1010713245997089     -4.1957787481804946E-02
   0.1013304221251820     -4.2218340611353711E-02
   0.1016477438136827     -4.2449781659388647E-02
   0.1024556040756914     -4.2624454148471616E-02
   0.1033202328966521     -4.2682678311499272E-02
   0.1040989810771470     -4.2595342066957781E-02
   0.1047336244541485     -4.2449781659388647E-02
   0.1055705967976710     -4.2189228529839883E-02
   0.1057991266375546     -4.2442503639010185E-02
   0.1095342066957787     -4.3062590975254729E-02
   0.1105021834061135     -4.3614264919941768E-02
   0.1105021834061135     -4.3787481804949055E-02
   0.1105604075691412     -4.4077147016011640E-02
   0.1105895196506550     -4.4222707423580782E-02
   0.1107336244541485     -4.4454148471615718E-02
   0.1107903930131004     -4.4512372634643374E-02
   0.1111077147016012     -4.4570596797671030E-02
   0.1116273653566230     -4.4541484716157202E-02
   0.1120887918486172     -4.4425036390101889E-02
   0.1124934497816594     -4.4339155749636094E-02
   0.1128966521106259     -4.4339155749636094E-02
   0.1134439592430859     -4.4512372634643374E-02
   0.1142227074235808     -4.4716157205240172E-02
   0.1149737991266375     -4.4802037845705966E-02
   0.1159825327510917     -4.4976710334788936E-02
   0.1163289665211062     -4.5064046579330420E-02
   0.1169344978165939     -4.5179039301310044E-02
   0.1176550218340611     -4.5468704512372629E-02
   0.1186069868995633     -4.6049490538573511E-02
   0.1187802037845706     -4.6280931586608440E-02
   0.1192125181950509     -4.6687045123726345E-02
   0.1197903930131004     -4.7151382823871907E-02
   0.1201644832605531     -4.7615720524017462E-02
   0.1205982532751092     -4.7963609898107717E-02
   0.1209723435225619     -4.7963609898107717E-02
   0.1220684133915575     -4.7963609898107717E-02
   0.1228180494905386     -4.7759825327510913E-02
   0.1232794759825327     -4.7411935953420671E-02
   0.1237991266375546     -4.7151382823871907E-02
   0.1242896652110626     -4.6976710334788938E-02
   0.1250393013100436     -4.6832605531295486E-02
   0.1258471615720524     -4.6687045123726345E-02
   0.1266259097525473     -4.6455604075691409E-02
   0.1267991266375546     -4.6280931586608440E-02
   0.1283842794759825     -4.6128093158660843E-02
   0.1300000000000000     -4.6346433770014558E-02
   0.1308879184861718     -4.6506550218340610E-02
   0.1327947598253275     -4.6710334788937408E-02
   0.1346157205240175     -4.7151382823871907E-02
   0.1346157205240175     -4.7295487627365358E-02
   0.1349039301310044     -4.7528384279475984E-02
   0.1350189228529840     -4.7701601164483257E-02
   0.1355094614264920     -4.8049490538573505E-02
   0.1358850072780204     -4.8282387190684131E-02
   0.1364905385735080     -4.8397379912663754E-02
   0.1371251819505095     -4.8253275109170303E-02
   0.1374701601164483     -4.8049490538573505E-02
   0.1380189228529840     -4.7730713245997092E-02
   0.1388646288209607     -4.7496360989810769E-02
   0.1409606986899563     -4.7831149927219797E-02
   0.1416244541484716     -4.8282387190684131E-02
   0.1417976710334789     -4.8659388646288208E-02
   0.1419985443959243     -4.8803493449781660E-02
   0.1424599708879185     -4.8978165938864622E-02
   0.1431819505094614     -4.9093158660844252E-02
   0.1438733624454148     -4.9007278020378457E-02
   0.1442197962154294     -4.8832605531295488E-02
   0.1443347889374090     -4.8745269286753996E-02
   0.1448617176128093     -4.8326055312954870E-02
