   3.4026200873362444E-02  4.6187772925764189E-02
   3.3764192139737990E-02  4.6333333333333331E-02
   3.3531295487627365E-02  4.6478893740902472E-02
   3.3269286754002911E-02  4.6595342066957784E-02
   3.2976710334788932E-02  4.6653566229985441E-02
   3.2656477438136829E-02  4.6653566229985441E-02
   3.2481804949053859E-02  4.6537117903930128E-02
   3.2394468704512368E-02  4.6216885007278018E-02
   3.2452692867540024E-02  4.5954876273653564E-02
   3.2452692867540024E-02  4.5751091703056766E-02
   3.2510917030567681E-02  4.5605531295487625E-02
   3.0296943231441047E-02  4.4061135371179040E-02
   3.0033478893740900E-02  4.4323144104803487E-02
   2.9829694323144106E-02  4.4497816593886463E-02
   2.9422125181950511E-02  4.4672489082969433E-02
   2.9043668122270740E-02  4.4614264919941776E-02
   2.8838427947598250E-02  4.4148471615720518E-02
   2.8927219796215427E-02  4.3740902474526923E-02
   2.9014556040756916E-02  4.3595342066957789E-02
   2.9218340611353710E-02  4.3420669577874819E-02
   2.8052401746724891E-02  4.2576419213973794E-02
   2.7906841339155750E-02  4.2692867540029107E-02
   2.7468704512372634E-02  4.2838427947598255E-02
   2.7090247452692867E-02  4.2954876273653568E-02
   2.6537117903930131E-02  4.2925764192139733E-02
   2.6187772925764193E-02  4.2896652110625912E-02
   2.5866084425036392E-02  4.2518195050946145E-02
   2.5807860262008736E-02  4.2050946142649197E-02
   2.5836972343522561E-02  4.1759825327510915E-02
   2.5604075691411935E-02  4.1526928675400289E-02
   2.5458515283842794E-02  4.1643377001455602E-02
   2.5080058224163024E-02  4.1672489082969430E-02
   2.4671033478893743E-02  4.1468704512372632E-02
   2.4496360989810770E-02  4.1090247452692859E-02
   2.4583697234352254E-02  4.0711790393013099E-02
   2.4554585152838426E-02  4.0275109170305676E-02
   2.2311499272197961E-02  3.8556040756914121E-02
   2.1844250363901020E-02  3.8730713245997091E-02
   2.1640465793304219E-02  3.8818049490538568E-02
   2.1436681222707425E-02  3.9080058224163029E-02
   2.0970887918486173E-02  3.9312954876273655E-02
   2.0620087336244541E-02  3.9401746724890829E-02
   2.0154294032023290E-02  3.9050946142649194E-02
   2.0008733624454149E-02  3.8672489082969434E-02
   1.9804949053857351E-02  3.7886462882096072E-02
   1.9892285298398836E-02  3.7362445414847158E-02
   1.9659388646288210E-02  3.6751091703056765E-02
   1.9337700145560407E-02  3.6663755458515287E-02
   1.8930131004366812E-02  3.6634643377001452E-02
   1.8580786026200873E-02  3.6518195050946139E-02
   1.8202328966521103E-02  3.6225618631732168E-02
   1.7851528384279475E-02  3.5818049490538573E-02
   1.7676855895196505E-02  3.5556040756914119E-02
   1.7531295487627364E-02  3.5264919941775837E-02
   1.7211062590975254E-02  3.5264919941775837E-02
   1.6861717612809315E-02  3.5119359534206696E-02
   1.6481804949053859E-02  3.4682678311499265E-02
   1.6161572052401749E-02  3.4275109170305677E-02
   1.5928675400291119E-02  3.3983988355167388E-02
   1.5812227074235807E-02  3.3954876273653567E-02
   1.5608442503639011E-02  3.3896652110625911E-02
   1.5199417758369723E-02  3.4391557496360990E-02
   1.4820960698689956E-02  3.4682678311499265E-02
   1.4646288209606987E-02  3.4886462882096070E-02
   1.4355167394468703E-02  3.5148471615720524E-02
   1.4093158660844249E-02  3.5264919941775837E-02
   1.3625909752547308E-02  3.4857350800582235E-02
   1.3393013100436680E-02  3.4566229985443953E-02
   1.3160116448326055E-02  3.4537117903930131E-02
   1.2956331877729257E-02  3.4275109170305677E-02
   1.2781659388646288E-02  3.3809315866084426E-02
   1.2694323144104803E-02  3.3516739446870447E-02
   1.2694323144104803E-02  3.3050946142649196E-02
   1.2636098981077147E-02  3.2585152838427944E-02
   1.2489082969432314E-02  3.2235807860262006E-02
   1.2197962154294030E-02  3.2002911208151380E-02
   1.1965065502183405E-02  3.1711790393013098E-02
   1.1703056768558952E-02  3.1420669577874816E-02
   1.1266375545851528E-02  3.1071324599708877E-02
   1.1090247452692867E-02  3.0809315866084423E-02
   1.1002911208151382E-02  3.0167394468704509E-02
   1.0857350800582241E-02  2.9992721979621544E-02
   1.0653566229985444E-02  2.9818049490538574E-02
   1.0362445414847161E-02  2.9556040756914117E-02
   9.8384279475982519E-03  2.9119359534206697E-02
   9.5167394468704519E-03  2.8828238719068415E-02
   9.2256186317321697E-03  2.8478893740902476E-02
   9.0509461426491987E-03  2.8216885007278019E-02
   8.9053857350800576E-03  2.7751091703056764E-02
   8.7889374090247448E-03  2.7487627365356621E-02
   8.7016011644832601E-03  2.7225618631732170E-02
   8.5269286754002908E-03  2.6788937409024743E-02
   8.3799126637554584E-03  2.6410480349344977E-02
   7.8850072780203770E-03  2.6090247452692866E-02
   7.7685589519650641E-03  2.5886462882096069E-02
   7.6229985443959248E-03  2.5595342066957787E-02
   7.1280931586608443E-03  2.5391557496360989E-02
   6.7772925764192143E-03  2.5129548762736535E-02
   6.5735080058224159E-03  2.4809315866084425E-02
   6.3697234352256184E-03  2.4458515283842793E-02
   6.0786026200873363E-03  2.4021834061135370E-02
   5.8748180494905388E-03  2.3701601164483256E-02
   5.4366812227074233E-03  2.3381368267831149E-02
   5.1164483260553121E-03  2.3177583697234352E-02
   5.0291120815138275E-03  2.2915574963609898E-02
   4.6506550218340607E-03  2.2333333333333334E-02
   4.3886462882096067E-03  2.1836972343522561E-02
   4.0960698689956332E-03  2.1400291120815138E-02
   3.9213973799126630E-03  2.1138282387190684E-02
   3.6593886462882095E-03  2.1080058224163027E-02
   3.2518195050946141E-03  2.0905385735080058E-02
   2.9301310043668123E-03  2.0526928675400291E-02
   2.8427947598253273E-03  2.0148471615720521E-02
   2.6098981077147011E-03  1.9566229985443960E-02
   2.3478893740902472E-03  1.8691411935953420E-02
   2.0858806404657933E-03  1.8080058224163028E-02
   1.8238719068413389E-03  1.7643377001455601E-02
   1.5021834061135371E-03  1.7148471615720522E-02
   1.2110625909752546E-03  1.6624454148471617E-02
   6.5793304221251818E-04  1.6187772925764194E-02
   1.9068413391557497E-04  1.5778748180494906E-02
  -1.5866084425036390E-04  1.5138282387190683E-02
  -2.1688500727802036E-04  1.4963609898107714E-02
  -3.6244541484716154E-04  1.4439592430858806E-02
  -4.4978165938864629E-04  1.3973799126637553E-02
  -4.7889374090247450E-04  1.3566229985443960E-02
  -4.2066957787481802E-04  1.3216885007278020E-02
  -3.0422125181950505E-04  1.3040756914119359E-02
  -3.6244541484716154E-04  1.2633187772925764E-02
  -5.3711790393013098E-04  1.2429403202328966E-02
  -6.5356622998544395E-04  1.1992721979621541E-02
  -6.5356622998544395E-04  1.1672489082969431E-02
  -9.4468704512372631E-04  1.1759825327510916E-02
  -1.5283842794759823E-03  1.1468704512372635E-02
  -1.6448326055312954E-03  1.1032023289665210E-02
  -1.4992721979621541E-03  1.0828238719068413E-02
  -1.1208151382823871E-03  1.0566229985443959E-02
  -9.4468704512372631E-04  1.0186317321688501E-02
  -9.4468704512372631E-04  9.9243085880640451E-03
  -1.1790393013100438E-03  9.3420669577874826E-03
  -1.2372634643377002E-03  9.1382823871906833E-03
  -1.3828238719068413E-03  8.8762736535662294E-03
  -1.4701601164483261E-03  8.6433770014556037E-03
  -1.4119359534206695E-03  8.3522561863173216E-03
  -1.4410480349344979E-03  8.2649199417758369E-03
  -1.9359534206695780E-03  7.7700145560407573E-03
  -2.1106259097525473E-03  7.5371179039301316E-03
  -2.1979621542940319E-03  7.0698689956331879E-03
  -2.1688500727802037E-03  6.7496360989810766E-03
  -1.8195050946142649E-03  6.7205240174672484E-03
  -1.7030567685589520E-03  6.5167394468704509E-03
  -1.7903930131004367E-03  6.1673944687045124E-03
  -1.9068413391557495E-03  5.8180494905385729E-03
  -1.8486171761280931E-03  5.4687045123726344E-03
  -1.6739446870451238E-03  5.2649199417758369E-03
  -1.4410480349344979E-03  4.9446870451237265E-03
  -1.5574963609898108E-03  4.5080058224163024E-03
  -1.5866084425036390E-03  4.3318777292576417E-03
  -1.6448326055312954E-03  3.6040756914119355E-03
  -1.5866084425036390E-03  3.4002911208151380E-03
  -1.6157205240174672E-03  2.9927219796215430E-03
  -1.6448326055312954E-03  2.9927219796215430E-03
  -1.9941775836972344E-03  2.6724890829694322E-03
  -2.1106259097525473E-03  2.4395924308588061E-03
  -1.8777292576419213E-03  2.0029112081513829E-03
  -1.4119359534206695E-03  1.5371179039301310E-03
  -1.2081513828238720E-03  1.3027656477438137E-03
  -8.8646288209606988E-04  9.8253275109170309E-04
  -8.8646288209606988E-04  5.7496360989810766E-04
  -9.7379912663755452E-04  1.3828238719068413E-04
  -1.0029112081513828E-03 -7.2780203784570595E-06
  -5.9534206695778741E-04 -4.1484716157205238E-04
  -5.9534206695778741E-04 -9.6797671033478899E-04
  -4.2066957787481802E-04 -1.6098981077147015E-03
  -3.0422125181950505E-04 -2.1921397379912663E-03
  -1.8777292576419214E-04 -2.7452692867540028E-03
   4.5123726346433766E-05 -3.2401746724890828E-03
   1.9068413391557497E-04 -3.7059679767103347E-03
   4.2503639010189225E-04 -4.2008733624454148E-03
   7.4526928675400293E-04 -4.6681222707423576E-03
   1.0072780203784571E-03 -5.1048034934497817E-03
   1.2110625909752546E-03 -5.4250363901018920E-03
   1.5021834061135371E-03 -5.8326055312954870E-03
   1.6783114992721978E-03 -6.3275109170305667E-03
   1.8238719068413389E-03 -6.6186317321688497E-03
   2.1441048034934497E-03 -6.9970887918486173E-03
   2.4352256186317323E-03 -7.2896652110625909E-03
   2.6390101892285298E-03 -7.6098981077147021E-03
   2.8427947598253273E-03 -7.9883551673944671E-03
   3.1644832605531295E-03 -8.5123726346433767E-03
   3.5429403202328967E-03 -8.9490538573507999E-03
   4.2707423580786025E-03 -9.7641921397379899E-03
   4.8253275109170308E-03 -1.0522561863173217E-02
   5.4075691411935951E-03 -1.1017467248908296E-02
   5.9330422125181952E-03 -1.1512372634643378E-02
   6.3114992721979620E-03 -1.1890829694323143E-02
   6.6026200873362442E-03 -1.2298398835516739E-02
   7.0684133915574956E-03 -1.2851528384279476E-02
   7.4774381368267837E-03 -1.3289665211062590E-02
   7.8558951965065488E-03 -1.3726346433770013E-02
   8.4090247452692866E-03 -1.4279475982532749E-02
   8.9344978165938858E-03 -1.4803493449781657E-02
   9.4876273653566236E-03 -1.5327510917030567E-02
   9.8675400291120801E-03 -1.5618631732168849E-02
   1.0449781659388646E-02 -1.6202328966521105E-02
   1.1032023289665210E-02 -1.6609898107714700E-02
   1.1557496360989811E-02 -1.7017467248908298E-02
   1.2372634643377001E-02 -1.7687045123726347E-02
   1.2898107714701601E-02 -1.8036390101892286E-02
   1.3742358078602621E-02 -1.8676855895196506E-02
   1.4151382823871905E-02 -1.8998544395924310E-02
   1.4879184861717612E-02 -1.9231441048034932E-02
   1.5433770014556040E-02 -1.9464337700145558E-02
   1.5724890829694322E-02 -1.9755458515283840E-02
   1.5579330422125181E-02 -2.0250363901018923E-02
   1.5754002911208150E-02 -2.0687045123726346E-02
   1.6336244541484718E-02 -2.1036390101892285E-02
   1.7298398835516742E-02 -2.1094614264919941E-02
   1.7822416302765647E-02 -2.1065502183406113E-02
   1.9017467248908296E-02 -2.1705967976710334E-02
   1.9308588064046579E-02 -2.1940320232896649E-02
   1.9659388646288210E-02 -2.2056768558951962E-02
   2.0270742358078603E-02 -2.2464337700145557E-02
   2.0358078602620087E-02 -2.2813682678311496E-02
   2.0561863173216885E-02 -2.3075691411935953E-02
   2.1145560407569142E-02 -2.3017467248908297E-02
   2.1378457059679768E-02 -2.2842794759825327E-02
   2.1698689956331875E-02 -2.2755458515283839E-02
   2.1844250363901020E-02 -2.2930131004366808E-02
   2.2048034934497814E-02 -2.3308588064046579E-02
   2.2224163027656479E-02 -2.3454148471615720E-02
   2.2719068413391556E-02 -2.3395924308588063E-02
   2.3184861717612807E-02 -2.3454148471615720E-02
   2.3855895196506549E-02 -2.3599708879184861E-02
   2.4205240174672488E-02 -2.4036390101892284E-02
   2.4554585152838426E-02 -2.4094614264919940E-02
   2.5109170305676855E-02 -2.4647743813682677E-02
   2.5371179039301306E-02 -2.4882096069868995E-02
   2.5895196506550217E-02 -2.5027656477438136E-02
   2.6566229985443956E-02 -2.5027656477438136E-02
   2.7206695778748180E-02 -2.5056768558951965E-02
   2.7586608442503636E-02 -2.5260553129548762E-02
   2.7819505094614262E-02 -2.5813682678311498E-02
   2.7819505094614262E-02 -2.5842794759825323E-02
   2.7586608442503636E-02 -2.6192139737991265E-02
   2.7819505094614262E-02 -2.6599708879184860E-02
   2.7994177583697235E-02 -2.6803493449781661E-02
   2.8576419213973799E-02 -2.6861717612809317E-02
   2.8956331877729259E-02 -2.6628820960698692E-02
   2.9684133915574961E-02 -2.6599708879184860E-02
   2.9946142649199418E-02 -2.6687045123726348E-02
   3.0646288209606985E-02 -2.6949053857350799E-02
   3.1053857350800580E-02 -2.7065502183406111E-02
   3.1403202328966519E-02 -2.7123726346433768E-02
   3.1812227074235810E-02 -2.7152838427947596E-02
   3.2219796215429398E-02 -2.7269286754002909E-02
   3.2714701601164485E-02 -2.7531295487627363E-02
   3.2918486171761276E-02 -2.7736535662299854E-02
   3.3967976710334788E-02 -2.8318777292576418E-02
   3.4551673944687042E-02 -2.8697234352256185E-02
   3.4813682678311503E-02 -2.8930131004366810E-02
   3.5192139737991263E-02 -2.8871906841339154E-02
   3.5657933042212514E-02 -2.8755458515283841E-02
   3.6154294032023290E-02 -2.8871906841339154E-02
   3.6882096069868996E-02 -2.9017467248908295E-02
   3.7349344978165937E-02 -2.9046579330422123E-02
   3.8310043668122268E-02 -2.9250363901018924E-02
   3.8981077147016006E-02 -2.9366812227074237E-02
   3.9650655021834062E-02 -2.9570596797671031E-02
   4.0438136826783114E-02 -2.9832605531295488E-02
   4.1283842794759822E-02 -3.0152838427947595E-02
   4.2069868995633190E-02 -3.0356622998544396E-02
   4.2711790393013101E-02 -3.0531295487627366E-02
   4.3556040756914119E-02 -3.0736535662299856E-02
   4.4605531295487624E-02 -3.0940320232896650E-02
   4.5245997088791845E-02 -3.1202328966521108E-02
   4.5187772925764189E-02 -3.1639010189228531E-02
   4.5042212518195048E-02 -3.1784570596797672E-02
   4.5071324599708876E-02 -3.2075691411935947E-02
   4.5275109170305673E-02 -3.2366812227074229E-02
   4.5742358078602621E-02 -3.2483260553129542E-02
   4.6411935953420663E-02 -3.2425036390101886E-02
   4.7141193595342065E-02 -3.2250363901018923E-02
   4.7723435225618629E-02 -3.2133915574963610E-02
   4.8278020378457055E-02 -3.2104803493449782E-02
   4.9151382823871909E-02 -3.2366812227074229E-02
   4.9647743813682678E-02 -3.2541484716157199E-02
   5.0055312954876273E-02 -3.2599708879184855E-02
   5.0813682678311496E-02 -3.2657933042212511E-02
   5.1454148471615717E-02 -3.2716157205240168E-02
   5.2328966521106253E-02 -3.2890829694323137E-02
   5.2911208151382817E-02 -3.3181950509461426E-02
   5.3406113537117904E-02 -3.3474526928675398E-02
   5.3902474526928673E-02 -3.3823871906841337E-02
   5.4193595342066955E-02 -3.3969432314410478E-02
   5.4834061135371176E-02 -3.4202328966521103E-02
   5.5621542940320234E-02 -3.4464337700145564E-02
   5.5970887918486173E-02 -3.4406113537117908E-02
   5.6438136826783114E-02 -3.4289665211062588E-02
   5.7224163027656476E-02 -3.4289665211062588E-02
   5.7836972343522558E-02 -3.4580786026200877E-02
   5.8390101892285294E-02 -3.4901018922852980E-02
   5.8826783114992724E-02 -3.5046579330422128E-02
   5.9556040756914112E-02 -3.5279475982532754E-02
   6.0343522561863171E-02 -3.5163027656477441E-02
   6.0983988355167398E-02 -3.5192139737991263E-02
   6.1391557496360986E-02 -3.5454148471615717E-02
   6.1917030567685591E-02 -3.5978165938864631E-02
   6.2149927219796217E-02 -3.5978165938864631E-02
   6.2353711790393007E-02 -3.5890829694323140E-02
   6.2848617176128094E-02 -3.5803493449781655E-02
   6.3315866084425035E-02 -3.5803493449781655E-02
   6.3927219796215420E-02 -3.6007278020378453E-02
   6.4656477438136836E-02 -3.6269286754002907E-02
   6.5355167394468713E-02 -3.6736535662299855E-02
   6.5558951965065490E-02 -3.6882096069868996E-02
   6.5997088791848610E-02 -3.6998544395924302E-02
   6.6724890829694308E-02 -3.6882096069868996E-02
   6.7337700145560411E-02 -3.6852983988355167E-02
   6.7949053857350797E-02 -3.7144104803493450E-02
   6.8181950509461423E-02 -3.7318777292576419E-02
   6.8852983988355168E-02 -3.7639010189228529E-02
   6.9231441048034928E-02 -3.7639010189228529E-02
   6.9989810771470151E-02 -3.7551673944687045E-02
   7.0746724890829685E-02 -3.7551673944687045E-02
   7.1592430858806400E-02 -3.7784570596797670E-02
   7.3164483260553123E-02 -3.7114992721979614E-02
   7.4097525473071316E-02 -3.7347889374090247E-02
   7.4885007278020374E-02 -3.7406113537117903E-02
   7.5612809315866086E-02 -3.7551673944687045E-02
   7.6312954876273653E-02 -3.7813682678311498E-02
   7.6866084425036396E-02 -3.7988355167394468E-02
   7.7711790393013097E-02 -3.8133915574963609E-02
   7.8526928675400287E-02 -3.8366812227074235E-02
   7.9285298398835524E-02 -3.8717612809315863E-02
   7.9489082969432301E-02 -3.8863173216885011E-02
   8.0158660844250357E-02 -3.9154294032023286E-02
   8.0713245997088789E-02 -3.9358078602620084E-02
   8.1353711790393010E-02 -3.9474526928675396E-02
   8.1937409024745264E-02 -3.9445414847161575E-02
   8.2606986899563320E-02 -3.9474526928675396E-02
   8.2985443959243080E-02 -3.9445414847161575E-02
   8.3627365356622990E-02 -3.9561863173216888E-02
   8.4209606986899554E-02 -3.9736535662299850E-02
   8.4502183406113526E-02 -3.9561863173216888E-02
   8.4938864628820956E-02 -3.9416302765647740E-02
   8.5521106259097521E-02 -3.9328966521106262E-02
   8.6308588064046579E-02 -3.9532751091703053E-02
   8.6745269286754009E-02 -3.9823871906841335E-02
   8.7299854439592428E-02 -4.0085880640465789E-02
   8.7649199417758367E-02 -4.0231441048034930E-02
   8.8144104803493453E-02 -4.0464337700145563E-02
   8.8377001455604079E-02 -4.0464337700145563E-02
   8.8756914119359528E-02 -4.0289665211062586E-02
   8.9368267831149914E-02 -4.0318777292576415E-02
   8.9981077147016017E-02 -4.0609898107714704E-02
   9.0592430858806403E-02 -4.0959243085880635E-02
   9.1058224163027654E-02 -4.0930131004366814E-02
   9.1874818049490534E-02 -4.0959243085880635E-02
   9.2427947598253277E-02 -4.1279475982532753E-02
   9.2691411935953413E-02 -4.1601164483260553E-02
   9.3098981077147008E-02 -4.2066957787481804E-02
   9.3535662299854438E-02 -4.2096069868995632E-02
   9.4148471615720514E-02 -4.2096069868995632E-02
   9.4556040756914123E-02 -4.2037845705967976E-02
   9.4992721979621539E-02 -4.1979621542940319E-02
   9.5401746724890824E-02 -4.2212518195050945E-02
   9.5838427947598254E-02 -4.2212518195050945E-02
   9.6275109170305670E-02 -4.2096069868995632E-02
   9.7557496360989815E-02 -4.2008733624454148E-02
   9.7266375545851519E-02 -4.2328966521106258E-02
   9.7120815138282385E-02 -4.2649199417758368E-02
   9.7382823871906832E-02 -4.2794759825327509E-02
   9.7761280931586605E-02 -4.2940320232896650E-02
   9.8490538573508007E-02 -4.3085880640465792E-02
   9.8781659388646276E-02 -4.3085880640465792E-02
   9.9101892285298393E-02 -4.3027656477438135E-02
   9.9481804949053856E-02 -4.2823871906841338E-02
   9.9976710334788943E-02 -4.2649199417758368E-02
   0.1005880640465793     -4.2620087336244540E-02
   0.1013173216885007     -4.2852983988355166E-02
   0.1019286754002911     -4.3173216885007276E-02
   0.1024250363901019     -4.3347889374090245E-02
   0.1029490538573508     -4.3347889374090245E-02
   0.1032401746724891     -4.3231441048034926E-02
   0.1038820960698690     -4.3202328966521104E-02
   0.1041732168850073     -4.3435225618631730E-02
   0.1049606986899563     -4.3755458515283840E-02
   0.1055720524017467     -4.3842794759825325E-02
   0.1063013100436681     -4.3901018922852982E-02
   0.1067962154294032     -4.3930131004366810E-02
   0.1073493449781659     -4.4075691411935951E-02
   0.1079621542940320     -4.4397379912663751E-02
   0.1082823871906841     -4.4513828238719071E-02
   0.1086899563318777     -4.4368267831149923E-02
   0.1093609898107715     -4.4251819505094610E-02
   0.1097976710334789     -4.4426491994177579E-02
   0.1101470160116448     -4.4746724890829696E-02
   0.1106724890829694     -4.5037845705967978E-02
   0.1111382823871907     -4.5328966521106261E-02
   0.1116928675400291     -4.5125181950509456E-02
   0.1122168850072780     -4.4950509461426487E-02
   0.1130625909752547     -4.5066957787481800E-02
   0.1135866084425036     -4.5358078602620082E-02
   0.1140815138282387     -4.5445414847161573E-02
   0.1143726346433770     -4.5445414847161573E-02
   0.1151018922852984     -4.5503639010189230E-02
   0.1157714701601164     -4.5678311499272199E-02
   0.1162969432314410     -4.5882096069868990E-02
   0.1167045123726346     -4.6027656477438138E-02
   0.1172299854439592     -4.6202328966521107E-02
   0.1179577874818049     -4.6173216885007272E-02
   0.1186288209606987     -4.6173216885007272E-02
   0.1190655021834061     -4.6784570596797671E-02
   0.1192983988355167     -4.7164483260553128E-02
   0.1196768558951965     -4.7630276564774379E-02
   0.1202314410480349     -4.8066957787481802E-02
   0.1206390101892285     -4.8125181950509459E-02
   0.1211339155749636     -4.8154294032023287E-02
   0.1214847161572052     -4.8008733624454146E-02
   0.1220087336244541     -4.7834061135371177E-02
   0.1225909752547307     -4.7630276564774379E-02
   0.1230873362445415     -4.7484716157205238E-02
   0.1237278020378457     -4.7368267831149925E-02
   0.1246317321688501     -4.7484716157205238E-02
   0.1254192139737991     -4.7775836972343520E-02
   0.1260887918486172     -4.8096069868995631E-02
   0.1271091703056769     -4.8532751091703054E-02
   0.1275749636098981     -4.8823871906841336E-02
   0.1280713245997089     -4.9085880640465790E-02
   0.1287700145560408     -4.9318777292576416E-02
   0.1292066957787482     -4.9173216885007275E-02
   0.1300815138282387     -4.9085880640465790E-02
   0.1312183406113537     -4.9347889374090244E-02
   0.1320334788937409     -4.9435225618631728E-02
   0.1329956331877729     -4.9668122270742354E-02
   0.1339868995633188     -4.9930131004366815E-02
   0.1349199417758370     -4.9813682678311502E-02
   0.1354148471615721     -4.9784570596797667E-02
   0.1363770014556041     -4.9755458515283846E-02
   0.1371630276564774     -5.0164483260553124E-02
   0.1378049490538573     -5.0368267831149928E-02
   0.1382707423580786     -5.0222707423580780E-02
   0.1390000000000000     -5.0426491994177584E-02
   0.1395531295487628     -5.0193595342066959E-02
   0.1403391557496361     -5.0426491994177584E-02
   0.1409228529839884     -5.0484716157205241E-02
   0.1414759825327511     -5.0804949053857351E-02
   0.1422343522561863     -5.0688500727802038E-02
   0.1426710334788937     -5.0688500727802038E-02
   0.1432547307132460     -5.0892285298398836E-02
   0.1442736535662300     -5.1241630276564767E-02
   0.1449155749636099     -5.1270742358078603E-02
   0.1457307132459971     -5.1125181950509455E-02
   0.1463144104803493     -5.1125181950509455E-02
   0.1469257641921397     -5.1096069868995633E-02
   0.1475676855895197     -5.1125181950509455E-02
   0.1481790393013100     -5.1183406113537118E-02
   0.1484992721979622     -5.1445414847161572E-02
   0.1487627365356623     -5.1561863173216885E-02
   0.1491994177583697     -5.1678311499272198E-02
   0.1496943231441048     -5.1736535662299854E-02
   0.1503944687045124     -5.1649199417758369E-02
   0.1510931586608442     -5.1765647743813682E-02
   0.1514730713245997     -5.1794759825327510E-02
   0.1522008733624454     -5.1590975254730706E-02
   0.1525793304221252     -5.1328966521106259E-02
   0.1526375545851528     -4.9873362445414841E-02
   0.1545705967976710     -4.9825327510917027E-02
   0.1567976710334789     -5.0072780203784570E-02
   0.1590101892285298     -5.0029112081513824E-02
   0.1613537117903930     -5.0655021834061134E-02
   0.1618646288209607     -5.1320232896652107E-02
   0.1619490538573508     -5.1524017467248905E-02
   0.1623144104803493     -5.1609898107714700E-02
   0.1627074235807860     -5.1639010189228528E-02
   0.1630451237263464     -5.1755458515283841E-02
   0.1634949053857351     -5.1841339155749636E-02
   0.1638034934497817     -5.1841339155749636E-02
   0.1641411935953421     -5.1870451237263464E-02
   0.1645342066957787     -5.1928675400291120E-02
   0.1647307132459971     -5.2101892285298400E-02
   0.1653478893740903     -5.2304221251819508E-02
   0.1659665211062591     -5.2333333333333329E-02
   0.1662751091703057     -5.2478893740902470E-02
   0.1667525473071325     -5.2535662299854437E-02
   0.1670334788937409     -5.2508005822416298E-02
   0.1676521106259097     -5.2478893740902470E-02
   0.1679330422125182     -5.2622998544395921E-02
   0.1686637554585153     -5.2622998544395921E-02
   0.1691965065502183     -5.2622998544395921E-02
   0.1697030567685589     -5.2593886462882093E-02
   0.1700684133915575     -5.2681222707423585E-02
   0.1704614264919942     -5.2739446870451234E-02
   0.1708820960698690     -5.2796215429403201E-02
   0.1713886462882096     -5.2796215429403201E-02
   0.1720058224163028     -5.2970887918486170E-02
   0.1724556040756914     -5.3056768558951965E-02
   0.1731295487627365     -5.3144104803493443E-02
   0.1735516739446870     -5.3144104803493443E-02
   0.1741979621542940     -5.3114992721979622E-02
   0.1747874818049490     -5.3173216885007278E-02
   0.1754614264919942     -5.3259097525473073E-02
   0.1762474526928675     -5.3375545851528386E-02
   0.1769228529839884     -5.3375545851528386E-02
   0.1773435225618632     -5.3375545851528386E-02
   0.1775123726346434     -5.3375545851528386E-02
   0.1782430858806405     -5.3462882096069871E-02
   0.1787758369723435     -5.3636098981077143E-02
   0.1793944687045124     -5.3723435225618628E-02
   0.1802081513828239     -5.3838427947598251E-02
   0.1805181950509461     -5.3867540029112079E-02
   0.1811644832605531     -5.3867540029112079E-02
   0.1815574963609898     -5.3896652110625907E-02
   0.1823158660844250     -5.3896652110625907E-02
   0.1831586608442504     -5.3954876273653564E-02
   0.1841979621542940     -5.4040756914119359E-02
   0.1845342066957787     -5.4098981077147015E-02
   0.1856302765647744     -5.4128093158660844E-02
   0.1859112081513828     -5.4128093158660844E-02
   0.1865851528384279     -5.4157205240174672E-02
   0.1871761280931586     -5.4186317321688500E-02
   0.1879898107714701     -5.4186317321688500E-02
   0.1886637554585153     -5.4215429403202328E-02
   0.1890014556040757     -5.4186317321688500E-02
   0.1898719068413391     -5.4797671033478886E-02
   0.1906302765647744     -5.4854439592430859E-02
   0.1913333333333333     -5.5000000000000000E-02
   0.1919505094614265     -5.5029112081513828E-02
   0.1925123726346434     -5.4941775836972337E-02
   0.1930465793304221     -5.4883551673944687E-02
   0.1935516739446871     -5.5173216885007273E-02
   0.1940582241630276     -5.5231441048034929E-02
   0.1944788937409025     -5.5231441048034929E-02
   0.1948165938864629     -5.5231441048034929E-02
   0.1953216885007278     -5.5202328966521101E-02
   0.1961921397379913     -5.5346433770014553E-02
   0.1965021834061135     -5.5346433770014553E-02
   0.1971761280931587     -5.5521106259097529E-02
   0.1976259097525473     -5.5462882096069865E-02
   0.1982721979621543     -5.5404657933042216E-02
   0.1986084425036390     -5.5491994177583694E-02
   0.1991426491994178     -5.5577874818049489E-02
   0.1996200873362445     -5.5606986899563317E-02
   0.2002663755458515     -5.5665211062590980E-02
   0.2008558951965065     -5.5752547307132458E-02
   0.2013333333333333     -5.5896652110625909E-02
   0.2018675400291121     -5.5954876273653566E-02
   0.2021208151382824     -5.5954876273653566E-02
   0.2024017467248908     -5.5954876273653566E-02
   0.2029344978165939     -5.5838427947598253E-02
   0.2031310043668122     -5.5838427947598253E-02
   0.2039184861717613     -5.5925764192139731E-02
   0.2042270742358079     -5.6013100436681222E-02
   0.2046768558951965     -5.6157205240174674E-02
   0.2053231441048035     -5.6330422125181946E-02
   0.2058558951965065     -5.6388646288209603E-02
   0.2064468704512372     -5.6446870451237259E-02
   0.2069519650655022     -5.6446870451237259E-02
   0.2074570596797671     -5.6446870451237259E-02
   0.2079068413391557     -5.6475982532751094E-02
   0.2085531295487627     -5.6446870451237259E-02
   0.2090582241630276     -5.6532751091703054E-02
   0.2095080058224163     -5.6561863173216882E-02
   0.2099577874818049     -5.6532751091703054E-02
   0.2104628820960699     -5.6475982532751094E-02
   0.2108850072780204     -5.6446870451237259E-02
   0.2113347889374090     -5.6417758369723438E-02
   0.2116433770014556     -5.6417758369723438E-02
   0.2120931586608442     -5.6446870451237259E-02
   0.2126259097525473     -5.6503639010189226E-02
   0.2134133915574964     -5.6590975254730710E-02
   0.2137219796215429     -5.6620087336244539E-02
   0.2144235807860262     -5.6678311499272195E-02
   0.2152110625909752     -5.6764192139737990E-02
   0.2156040756914119     -5.6822416302765640E-02
   0.2161659388646288     -5.6822416302765640E-02
   0.2167001455604076     -5.6793304221251818E-02
   0.2170087336244541     -5.6880640465793303E-02
   0.2176259097525473     -5.6938864628820952E-02
   0.2182168850072780     -5.6909752547307131E-02
   0.2187787481804949     -5.6851528384279475E-02
   0.2189752547307132     -5.6938864628820952E-02
   0.2197059679767103     -5.7082969432314404E-02
   0.2204919941775837     -5.7228529839883552E-02
   0.2211382823871907     -5.7228529839883552E-02
   0.2216724890829694     -5.7256186317321683E-02
   0.2223740902474527     -5.7314410480349340E-02
   0.2229082969432314     -5.7372634643376996E-02
   0.2235254730713246     -5.7401746724890831E-02
   0.2243959243085881     -5.7430858806404653E-02
   0.2252110625909752     -5.7430858806404653E-02
   0.2256040756914119     -5.7516739446870448E-02
   0.2261950509461426     -5.7604075691411932E-02
   0.2267569141193595     -5.7604075691411932E-02
   0.2272620087336245     -5.7487627365356619E-02
   0.2275997088791849     -5.7459970887918481E-02
   0.2282445414847162     -5.7487627365356619E-02
   0.2288355167394469     -5.7516739446870448E-02
   0.2295371179039301     -5.7430858806404653E-02
   0.2300145560407569     -5.7343522561863168E-02
   0.2301266375545851     -5.7343522561863168E-02
   0.2304366812227074     -5.7372634643376996E-02
   0.2307176128093159     -5.7372634643376996E-02
   0.2309985443959243     -5.7401746724890831E-02
   0.2316157205240175     -5.7372634643376996E-02
   0.2320931586608443     -5.7372634643376996E-02
   0.2324876273653566     -5.7401746724890831E-02
   0.2327962154294032     -5.7459970887918481E-02
   0.2332459970887918     -5.7430858806404653E-02
   0.2335822416302765     -5.7430858806404653E-02
   0.2340887918486172     -5.7459970887918481E-02
   0.2346215429403202     -5.7459970887918481E-02
   0.2353799126637555     -5.7516739446870448E-02
   0.2360829694323144     -5.7459970887918481E-02
   0.2367001455604075     -5.7285298398835519E-02
   0.2372343522561863     -5.7024745269286754E-02
