   3.0873362445414845E-02  4.4556040756914120E-02
   3.0698689956331876E-02  4.4919941775836969E-02
   3.0538573508005821E-02  4.4818049490538574E-02
   3.0305676855895192E-02  4.5152838427947595E-02
   2.9999999999999999E-02  4.5502183406113533E-02
   2.9708879184861717E-02  4.5676855895196503E-02
   2.9403202328966521E-02  4.5764192139737994E-02
   2.9213973799126637E-02  4.5778748180494905E-02
   2.9068413391557493E-02  4.5531295487627368E-02
   2.8806404657933042E-02  4.5211062590975251E-02
   2.8733624454148472E-02  4.4585152838427948E-02
   2.8704512372634643E-02  4.3828238719068414E-02
   2.8733624454148472E-02  4.3187772925764194E-02
   2.8689956331877729E-02  4.2852983988355166E-02
   2.8675400291120815E-02  4.2692867540029107E-02
   2.7714701601164481E-02  4.2358078602620086E-02
   2.7452692867540030E-02  4.2678311499272197E-02
   2.7278020378457061E-02  4.2838427947598255E-02
   2.7190684133915573E-02  4.3173216885007276E-02
   2.6914119359534205E-02  4.3464337700145558E-02
   2.6608442503639008E-02  4.3668122270742356E-02
   2.6244541484716156E-02  4.3799126637554579E-02
   2.5720524017467248E-02  4.3871906841339153E-02
   2.5371179039301306E-02  4.3871906841339153E-02
   2.4992721979621543E-02  4.3770014556040758E-02
   2.4468704512372635E-02  4.3347889374090245E-02
   2.4046579330422126E-02  4.2911208151382822E-02
   2.3770014556040758E-02  4.2489082969432317E-02
   2.3595342066957785E-02  4.2168850072780206E-02
   2.3333333333333331E-02  4.1863173216885007E-02
   2.3202328966521104E-02  4.1542940320232896E-02
   2.2940320232896654E-02  4.1120815138282391E-02
   2.2721979621542938E-02  4.0887918486171765E-02
   2.2518195050946144E-02  4.0727802037845706E-02
   2.2241630276564773E-02  4.0451237263464335E-02
   2.1688500727802037E-02  3.9810771470160114E-02
   2.1397379912663755E-02  3.9184861717612811E-02
   2.0989810771470160E-02  3.8879184861717618E-02
   2.0640465793304218E-02  3.8631732168850068E-02
   2.0276564774381368E-02  3.8238719068413383E-02
   1.9985443959243086E-02  3.7860262008733624E-02
   1.9577874818049488E-02  3.7452692867540029E-02
   1.9417758369723436E-02  3.7292576419213977E-02
   1.8893740902474528E-02  3.6986899563318777E-02
   1.8588064046579332E-02  3.6928675400291121E-02
   1.8267831149927218E-02  3.6666666666666667E-02
   1.7874818049490537E-02  3.6433770014556041E-02
   1.7350800582241629E-02  3.6317321688500728E-02
   1.6768558951965065E-02  3.5618631732168851E-02
   1.6360989810771470E-02  3.4949053857350795E-02
   1.5895196506550219E-02  3.4264919941775836E-02
   1.5531295487627364E-02  3.3740902474526928E-02
   1.5094614264919939E-02  3.3231441048034931E-02
   1.4687045123726344E-02  3.2794759825327514E-02
   1.4279475982532749E-02  3.2328966521106256E-02
   1.4075691411935952E-02  3.2110625909752548E-02
   1.3740902474526927E-02  3.2183406113537115E-02
   1.3216885007278020E-02  3.2285298398835517E-02
   1.2809315866084425E-02  3.2241630276564771E-02
   1.2314410480349343E-02  3.1586608442503640E-02
   1.2081513828238718E-02  3.1266375545851530E-02
   1.1834061135371178E-02  3.0771470160116447E-02
   1.1834061135371178E-02  3.0422125181950505E-02
   1.1906841339155748E-02  3.0058224163027655E-02
   1.1979621542940319E-02  2.9708879184861717E-02
   1.1863173216885006E-02  2.9272197962154294E-02
   1.1615720524017468E-02  2.9272197962154294E-02
   1.1208151382823871E-02  2.9068413391557493E-02
   1.0829694323144104E-02  2.8820960698689956E-02
   1.0422125181950509E-02  2.8573508005822416E-02
   9.9272197962154297E-03  2.8209606986899560E-02
   9.6652110625909757E-03  2.8078602620087337E-02
   9.5342066957787488E-03  2.7554585152838425E-02
   9.4177583697234359E-03  2.7117903930131002E-02
   9.1994177583697226E-03  2.6812227074235809E-02
   8.9082969432314404E-03  2.6346433770014555E-02
   8.5880640465793301E-03  2.6055312954876272E-02
   8.2241630276564757E-03  2.5880640465793303E-02
   7.9184861717612812E-03  2.5924308588064049E-02
   7.5254730713245994E-03  2.6259097525473070E-02
   7.1324599708879177E-03  2.6390101892285297E-02
   6.5065502183406110E-03  2.6375545851528383E-02
   6.2445414847161571E-03  2.6317321688500726E-02
   5.9679767103347882E-03  2.6113537117903929E-02
   5.7059679767103352E-03  2.5633187772925763E-02
   5.4876273653566227E-03  2.5443959243085880E-02
   5.2692867540029111E-03  2.5181950509461426E-02
   5.5312954876273650E-03  2.5123726346433770E-02
   5.8078602620087339E-03  2.4919941775836972E-02
   6.0407569141193588E-03  2.4687045123726346E-02
   6.2882096069868994E-03  2.4395924308588064E-02
   6.6521106259097521E-03  2.4017467248908294E-02
   6.1863173216885007E-03  2.3566229985443957E-02
   5.9679767103347882E-03  2.3245997088791846E-02
   5.6477438136826779E-03  2.2823871906841341E-02
   5.3566229985443957E-03  2.2299854439592429E-02
   5.0946142649199409E-03  2.1950509461426491E-02
   4.8908296943231443E-03  2.1703056768558951E-02
   4.4541484716157202E-03  2.1455604075691411E-02
   4.0320232896652111E-03  2.1310043668122270E-02
   3.7117903930131003E-03  2.1048034934497816E-02
   3.2023289665211062E-03  2.0786026200873362E-02
   2.9112081513828240E-03  2.0596797671033479E-02
   2.8820960698689958E-03  2.0116448326055313E-02
   3.0713245997088788E-03  1.9606986899563316E-02
   3.1586608442503638E-03  1.9243085880640467E-02
   3.1586608442503638E-03  1.8820960698689954E-02
   3.0131004366812223E-03  1.8777292576419215E-02
   2.7219796215429402E-03  1.8471615720524019E-02
   2.5181950509461423E-03  1.8224163027656476E-02
   2.1542940320232896E-03  1.7787481804949053E-02
   2.0087336244541485E-03  1.7496360989810771E-02
   1.8922852983988354E-03  1.6943231441048034E-02
   1.7903930131004367E-03  1.6564774381368264E-02
   1.2809315866084423E-03  1.6462882096069869E-02
   7.5691411935953411E-04  1.6171761280931587E-02
  -4.3668122270742355E-05  1.5473071324599708E-02
  -5.5312954876273650E-04  1.5254730713245996E-02
  -9.4614264919941772E-04  1.4890829694323142E-02
  -1.2227074235807861E-03  1.4556040756914119E-02
  -1.3245997088791848E-03  1.4046579330422124E-02
  -9.6069868995633193E-04  1.3726346433770013E-02
  -5.5312954876273650E-04  1.3551673944687046E-02
  -3.0567685589519652E-04  1.3333333333333332E-02
  -3.4934497816593884E-04  1.2925764192139737E-02
  -4.9490538573508007E-04  1.2430858806404658E-02
  -6.4046579330422114E-04  1.1935953420669576E-02
  -4.8034934497816597E-04  1.1921397379912662E-02
  -3.7845705967976705E-04  1.1906841339155748E-02
  -1.0189228529839883E-04  1.1863173216885006E-02
   1.4556040756914119E-05  1.1324599708879184E-02
  -1.6011644832605529E-04  1.0713245997088791E-02
  -3.9301310043668122E-04  1.0043668122270741E-02
  -8.0058224163027654E-04  9.3449781659388637E-03
  -1.1935953420669579E-03  8.7627365356622994E-03
  -1.3828238719068413E-03  8.2969432314410462E-03
  -1.4701601164483261E-03  7.8457059679767106E-03
  -1.4701601164483261E-03  7.7583697234352260E-03
  -1.0625909752547307E-03  7.6128093158660841E-03
  -8.7336244541484707E-04  7.2634643377001455E-03
  -7.7147016011644832E-04  6.7976710334788941E-03
  -9.7525473071324604E-04  6.4046579330422123E-03
  -1.2081513828238720E-03  6.1280931586608434E-03
  -1.3100436681222707E-03  5.8806404657933044E-03
  -1.3391557496360989E-03  5.3711790393013098E-03
  -1.2372634643377002E-03  4.5269286754002908E-03
  -1.2518195050946141E-03  3.7554585152838427E-03
  -1.1208151382823871E-03  3.5371179039301306E-03
  -9.4614264919941772E-04  3.3624454148471618E-03
  -8.2969432314410475E-04  2.9257641921397381E-03
  -8.8791848617176118E-04  2.2852983988355165E-03
  -9.4614264919941772E-04  1.8922852983988354E-03
  -8.4425036390101897E-04  1.4410480349344979E-03
  -7.8602620087336243E-04  1.1935953420669579E-03
  -6.8413391557496357E-04  6.8413391557496357E-04
  -6.2590975254730704E-04  7.2780203784570589E-05
  -5.5312954876273650E-04 -5.5312954876273650E-04
  -5.2401746724890829E-04 -9.7525473071324604E-04
  -3.2023289665211057E-04 -1.6011644832605531E-03
   1.4556040756914119E-05 -2.3144104803493448E-03
   2.4745269286754004E-04 -3.1004366812227074E-03
   4.9490538573508007E-04 -3.4061135371179041E-03
   8.4425036390101897E-04 -4.0902474526928675E-03
   1.1790393013100438E-03 -4.9199417758369725E-03
   1.5429403202328966E-03 -5.8224163027656480E-03
   1.8195050946142649E-03 -6.3609898107714700E-03
   2.1397379912663755E-03 -6.7394468704512376E-03
   2.4308588064046580E-03 -7.0742358078602612E-03
   2.6783114992721979E-03 -7.3071324599708878E-03
   2.6783114992721979E-03 -7.7874818049490542E-03
   2.7802037845705966E-03 -8.1368267831149928E-03
   3.0422125181950505E-03 -8.7336244541484712E-03
   3.3915574963609900E-03 -8.8791848617176122E-03
   3.7991266375545850E-03 -9.0393013100436674E-03
   3.9155749636098983E-03 -9.2430858806404649E-03
   4.1775836972343513E-03 -9.4759825327510924E-03
   4.3959243085880638E-03 -9.7962154294032027E-03
   4.6579330422125177E-03 -1.0014556040756913E-02
   4.6724890829694318E-03 -1.0232896652110624E-02
   4.6142649199417754E-03 -1.0684133915574963E-02
   5.0072780203784563E-03 -1.1018922852983988E-02
   5.4439592430858804E-03 -1.1353711790393012E-02
   5.7787481804949057E-03 -1.1659388646288210E-02
   6.3755458515283841E-03 -1.2008733624454147E-02
   6.7831149927219800E-03 -1.2241630276564773E-02
   6.9868995633187766E-03 -1.2474526928675400E-02
   6.9723435225618625E-03 -1.2765647743813682E-02
   6.9723435225618625E-03 -1.3173216885007277E-02
   7.2052401746724891E-03 -1.3406113537117905E-02
   7.8893740902474530E-03 -1.3799126637554584E-02
   8.1077147016011646E-03 -1.3915574963609897E-02
   8.5007278020378454E-03 -1.4221251819505093E-02
   8.8500727802037840E-03 -1.4643377001455604E-02
   9.2721979621542931E-03 -1.4570596797671032E-02
   9.7962154294032027E-03 -1.4861717612809314E-02
   1.0320232896652109E-02 -1.5167394468704512E-02
   1.0756914119359534E-02 -1.5400291120815139E-02
   1.0596797671033479E-02 -1.5822416302765648E-02
   1.0553129548762736E-02 -1.6040756914119360E-02
   1.0655021834061135E-02 -1.6419213973799127E-02
   1.0975254730713245E-02 -1.6826783114992722E-02
   1.1601164483260554E-02 -1.7350800582241629E-02
   1.2183406113537116E-02 -1.7481804949053856E-02
   1.2649199417758369E-02 -1.7540029112081513E-02
   1.3056768558951964E-02 -1.7685589519650654E-02
   1.3260553129548762E-02 -1.7933042212518194E-02
   1.3100436681222707E-02 -1.8180494905385737E-02
   1.2998544395924308E-02 -1.8398835516739445E-02
   1.3449781659388647E-02 -1.8544395924308586E-02
   1.3842794759825326E-02 -1.8762736535662298E-02
   1.4250363901018921E-02 -1.8937409024745267E-02
   1.4745269286754001E-02 -1.9053857350800580E-02
   1.5240174672489080E-02 -1.9170305676855893E-02
   1.5735080058224160E-02 -1.9170305676855893E-02
   1.6244541484716157E-02 -1.9272197962154295E-02
   1.6710334788937405E-02 -1.9490538573508003E-02
   1.7103347889374090E-02 -1.9636098981077144E-02
   1.7510917030567685E-02 -1.9810771470160117E-02
   1.7889374090247455E-02 -2.0189228529839884E-02
   1.8180494905385737E-02 -2.0436681222707420E-02
   1.8326055312954875E-02 -2.0727802037845706E-02
   1.8471615720524019E-02 -2.1237263464337700E-02
   1.8311499272197961E-02 -2.1499272197962150E-02
   1.7962154294032022E-02 -2.1819505094614267E-02
   1.8078602620087335E-02 -2.2183406113537116E-02
   1.8180494905385737E-02 -2.2401746724890832E-02
   1.8224163027656476E-02 -2.2649199417758368E-02
   1.8588064046579332E-02 -2.2707423580786024E-02
   1.8966521106259095E-02 -2.2721979621542938E-02
   1.9475982532751093E-02 -2.2721979621542938E-02
   2.0000000000000000E-02 -2.2663755458515282E-02
   2.0334788937409025E-02 -2.2416302765647742E-02
   2.0727802037845706E-02 -2.2270742358078601E-02
   2.1164483260553129E-02 -2.2270742358078601E-02
   2.1557496360989806E-02 -2.2547307132459969E-02
   2.1441048034934494E-02 -2.3085880640465791E-02
   2.1368267831149926E-02 -2.3566229985443957E-02
   2.1368267831149926E-02 -2.3537117903930128E-02
   2.1659388646288209E-02 -2.3784570596797668E-02
   2.2110625909752549E-02 -2.4133915574963607E-02
   2.2634643377001457E-02 -2.4264919941775837E-02
   2.3245997088791846E-02 -2.4279475982532751E-02
   2.3944687045123727E-02 -2.4133915574963607E-02
   2.4468704512372635E-02 -2.3901018922852981E-02
   2.4468704512372635E-02 -2.4352256186317322E-02
   2.4570596797671030E-02 -2.4774381368267831E-02
   2.4818049490538573E-02 -2.5152838427947598E-02
   2.5211062590975254E-02 -2.5065502183406113E-02
   2.5589519650655021E-02 -2.4861717612809316E-02
   2.5851528384279475E-02 -2.4701601164483260E-02
   2.6419213973799125E-02 -2.4614264919941772E-02
   2.6724890829694321E-02 -2.4235807860262009E-02
   2.7278020378457061E-02 -2.4570596797671030E-02
   2.7394468704512374E-02 -2.4978165938864628E-02
   2.7554585152838425E-02 -2.5298398835516739E-02
   2.7947598253275106E-02 -2.5356622998544395E-02
   2.8427947598253272E-02 -2.5269286754002911E-02
   2.8806404657933042E-02 -2.5269286754002911E-02
   2.9213973799126637E-02 -2.5516739446870450E-02
   2.8981077147016011E-02 -2.6273653566229987E-02
   2.8879184861717613E-02 -2.6448326055312953E-02
   2.8864628820960699E-02 -2.6855895196506548E-02
   2.9170305676855895E-02 -2.6841339155749634E-02
   2.9606986899563315E-02 -2.6724890829694321E-02
   2.9898107714701597E-02 -2.6724890829694321E-02
   3.0625909752547305E-02 -2.6666666666666665E-02
   3.1135371179039303E-02 -2.6579330422125180E-02
   3.1630276564774379E-02 -2.6521106259097524E-02
   3.2183406113537115E-02 -2.6652110625909751E-02
   3.2678311499272202E-02 -2.6885007278020377E-02
   3.3085880640465797E-02 -2.7176128093158659E-02
   3.3522561863173213E-02 -2.7365356622998542E-02
   3.4177583697234351E-02 -2.7423580786026198E-02
   3.4541484716157207E-02 -2.7569141193595343E-02
   3.4876273653566228E-02 -2.7627365356622999E-02
   3.5487627365356621E-02 -2.7714701601164481E-02
   3.5924308588064044E-02 -2.7903930131004367E-02
   3.6622998544395921E-02 -2.8253275109170303E-02
   3.7147016011644829E-02 -2.8427947598253272E-02
   3.7510917030567685E-02 -2.8544395924308585E-02
   3.7816593886462878E-02 -2.8675400291120815E-02
   3.8369723435225621E-02 -2.8806404657933042E-02
   3.8748180494905381E-02 -2.8820960698689956E-02
   3.9315866084425034E-02 -2.8864628820960699E-02
   3.9534206695778749E-02 -2.9024745269286754E-02
   4.0494905385735080E-02 -2.9417758369723431E-02
   4.1280931586608435E-02 -2.9592430858806404E-02
   4.1601164483260553E-02 -2.9679767103347889E-02
   4.2081513828238715E-02 -2.9868995633187772E-02
   4.3260553129548761E-02 -3.0247452692867535E-02
   4.3711790393013102E-02 -3.0203784570596800E-02
   4.4425036390101889E-02 -3.0203784570596800E-02
   4.5181950509461423E-02 -3.0436681222707426E-02
   4.5618631732168846E-02 -3.0611353711790395E-02
   4.5967976710334785E-02 -3.0669577874818051E-02
   4.6724890829694318E-02 -3.1222707423580784E-02
   4.7205240174672487E-02 -3.1630276564774379E-02
   4.7889374090247454E-02 -3.1834061135371176E-02
   4.9024745269286747E-02 -3.2125181950509459E-02
   4.9781659388646288E-02 -3.2066957787481802E-02
   5.0334788937409024E-02 -3.2037845705967974E-02
   5.1164483260553131E-02 -3.2314410480349345E-02
   5.1586608442503637E-02 -3.2343522561863174E-02
   5.2081513828238717E-02 -3.2489082969432315E-02
   5.2605531295487624E-02 -3.2852983988355171E-02
   5.3158660844250361E-02 -3.2969432314410484E-02
   5.3915574963609894E-02 -3.3027656477438140E-02
   5.4716157205240173E-02 -3.3158660844250364E-02
   5.5531295487627363E-02 -3.3173216885007274E-02
   5.6448326055312956E-02 -3.3245997088791841E-02
   5.7132459970887915E-02 -3.3420669577874811E-02
   5.7540029112081510E-02 -3.3711790393013100E-02
   5.8034934497816590E-02 -3.3901018922852987E-02
   5.8893740902474526E-02 -3.3915574963609897E-02
   5.9665211062590977E-02 -3.4046579330422121E-02
   6.0043668122270737E-02 -3.4148471615720523E-02
   6.1470160116448319E-02 -3.4526928675400290E-02
   6.2139737991266375E-02 -3.4541484716157207E-02
   6.2707423580786015E-02 -3.4672489082969431E-02
   6.2998544395924311E-02 -3.4847161572052400E-02
   6.3813682678311501E-02 -3.5167394468704510E-02
   6.4206695778748171E-02 -3.5400291120815136E-02
   6.4847161572052406E-02 -3.5676855895196508E-02
   6.5400291120815135E-02 -3.5836972343522566E-02
   6.6142649199417758E-02 -3.6055312954876267E-02
   6.6826783114992724E-02 -3.6171761280931580E-02
   6.7583697234352244E-02 -3.5967976710334790E-02
   6.8253275109170300E-02 -3.6040756914119357E-02
   6.8937409024745266E-02 -3.6142649199417759E-02
   6.9344978165938861E-02 -3.6229985443959237E-02
   7.0189228529839887E-02 -3.6375545851528385E-02
   7.1004366812227077E-02 -3.6390101892285295E-02
   7.1557496360989820E-02 -3.6521106259097526E-02
   7.2241630276564772E-02 -3.6710334788937413E-02
   7.2867540029112082E-02 -3.6899563318777293E-02
   7.3508005822416303E-02 -3.7467248908296939E-02
   7.4177583697234345E-02 -3.7656477438136819E-02
   7.4788937409024744E-02 -3.7845705967976713E-02
   7.4992721979621535E-02 -3.7976710334788936E-02
   7.5982532751091694E-02 -3.7743813682678311E-02
   7.6754002911208138E-02 -3.7743813682678311E-02
   7.7452692867540016E-02 -3.7831149927219795E-02
   7.8311499272197951E-02 -3.7947598253275108E-02
   7.9737991266375541E-02 -3.8209606986899562E-02
   8.0684133915574968E-02 -3.8413391557496360E-02
   8.1353711790393010E-02 -3.8558951965065501E-02
   8.2008733624454155E-02 -3.9155749636098976E-02
   8.2620087336244541E-02 -3.9315866084425034E-02
   8.3173216885007284E-02 -3.9432314410480347E-02
   8.3755458515283834E-02 -3.9621542940320234E-02
   8.4264919941775832E-02 -3.9868995633187770E-02
   8.4861717612809306E-02 -3.9723435225618629E-02
   8.5574963609898094E-02 -3.9825327510917025E-02
   8.6157205240174672E-02 -3.9839883551673942E-02
   8.6783114992721969E-02 -3.9912663755458516E-02
   8.7350800582241636E-02 -3.9970887918486173E-02
   8.7671033478893740E-02 -4.0014556040756911E-02
   8.8296943231441036E-02 -4.0567685589519648E-02
   8.9432314410480343E-02 -4.0815138282387191E-02
   9.0160116448326055E-02 -4.0975254730713243E-02
   9.0858806404657932E-02 -4.0727802037845706E-02
   9.1441048034934497E-02 -4.0815138282387191E-02
   9.2037845705967986E-02 -4.0873362445414840E-02
   9.3144104803493444E-02 -4.0946142649199414E-02
   9.3740902474526933E-02 -4.1033478893740899E-02
   9.4192139737991259E-02 -4.1091703056768555E-02
   9.4818049490538570E-02 -4.1280931586608435E-02
   9.5443959243085880E-02 -4.1353711790393016E-02
   9.6375545851528382E-02 -4.1426491994177583E-02
   9.7103347889374095E-02 -4.1950509461426491E-02
   9.7772925764192137E-02 -4.2081513828238715E-02
   9.8704512372634640E-02 -4.2314410480349340E-02
   9.9228529839883547E-02 -4.2241630276564773E-02
   0.1002183406113537     -4.2328966521106258E-02
   0.1014556040756914     -4.2620087336244540E-02
   0.1023144104803493     -4.2794759825327509E-02
   0.1032896652110626     -4.3362445414847163E-02
   0.1040465793304221     -4.3362445414847163E-02
   0.1046724890829694     -4.3333333333333328E-02
   0.1047743813682678     -4.2765647743813674E-02
   0.1048617176128093     -4.2663755458515286E-02
   0.1066375545851528     -4.2823871906841338E-02
   0.1073216885007278     -4.3056768558951963E-02
   0.1076419213973799     -4.3260553129548761E-02
   0.1080494905385735     -4.3260553129548761E-02
   0.1086899563318777     -4.3158660844250359E-02
   0.1094759825327511     -4.3289665211062589E-02
   0.1098835516739447     -4.3406113537117902E-02
   0.1106550218340611     -4.3522561863173215E-02
   0.1114119359534207     -4.4090247452692861E-02
   0.1120087336244542     -4.4192139737991264E-02
   0.1126783114992722     -4.4337700145560405E-02
   0.1135225618631732     -4.4570596797671030E-02
   0.1142358078602620     -4.4643377001455604E-02
   0.1150072780203785     -4.4730713245997089E-02
   0.1155604075691412     -4.4905385735080058E-02
   0.1160116448326055     -4.5007278020378454E-02
   0.1165502183406113     -4.5138282387190684E-02
   0.1173071324599709     -4.4847161572052402E-02
   0.1177438136826783     -4.4963609898107715E-02
   0.1184716157205240     -4.5109170305676856E-02
   0.1191994177583697     -4.5225618631732169E-02
   0.1203930131004367     -4.5807860262008726E-02
   0.1213391557496361     -4.5866084425036382E-02
   0.1222125181950510     -4.5938864628820963E-02
   0.1230858806404658     -4.6055312954876276E-02
   0.1237554585152838     -4.6128093158660843E-02
   0.1240465793304221     -4.6302765647743813E-02
   0.1244395924308588     -4.6724890829694318E-02
   0.1248617176128093     -4.7074235807860257E-02
   0.1255021834061135     -4.7117903930131003E-02
   0.1260553129548763     -4.7423580786026202E-02
   0.1266957787481805     -4.7641921397379910E-02
   0.1273653566229985     -4.7772925764192141E-02
   0.1280058224163028     -4.7933042212518193E-02
   0.1290684133915575     -4.8442503639010183E-02
   0.1295342066957788     -4.8355167394468705E-02
   0.1300582241630276     -4.8034934497816588E-02
   0.1306695778748181     -4.7743813682678313E-02
   0.1310625909752547     -4.7627365356623000E-02
   0.1314992721979621     -4.7525473071324598E-02
   0.1323435225618632     -4.7176128093158659E-02
   0.1326346433770015     -4.7278020378457061E-02
   0.1331586608442503     -4.7467248908296941E-02
   0.1336390101892285     -4.7583697234352254E-02
   0.1341048034934498     -4.7714701601164485E-02
   0.1347016011644832     -4.7874818049490536E-02
   0.1356331877729257     -4.7976710334788931E-02
   0.1365065502183406     -4.8078602620087334E-02
   0.1370596797671033     -4.8209606986899557E-02
   0.1379912663755458     -4.8326055312954870E-02
   0.1384716157205240     -4.8529839883551674E-02
   0.1390101892285298     -4.8719068413391554E-02
   0.1397379912663755     -4.8719068413391554E-02
   0.1401601164483260     -4.8733624454148465E-02
   0.1407278020378457     -4.8704512372634644E-02
   0.1413245997088792     -4.8820960698689957E-02
   0.1420087336244542     -4.8893740902474524E-02
   0.1426346433770014     -4.8995633187772926E-02
   0.1431732168850073     -4.9170305676855895E-02
   0.1440611353711790     -4.9825327510917027E-02
   0.1449636098981077     -4.9970887918486168E-02
   0.1461572052401747     -4.9956331877729257E-02
   0.1467685589519651     -4.9796215429403198E-02
   0.1472925764192140     -4.9781659388646288E-02
   0.1477874818049491     -4.9854439592430855E-02
   0.1485735080058224     -4.9912663755458511E-02
   0.1491994177583697     -4.9970887918486168E-02
   0.1502183406113537     -5.0174672489082965E-02
   0.1513391557496361     -5.0305676855895196E-02
   0.1522707423580786     -5.0873362445414849E-02
   0.1529112081513828     -5.0989810771470162E-02
   0.1533042212518195     -5.1004366812227073E-02
   0.1538282387190684     -5.0931586608442506E-02
   0.1547307132459971     -5.0742358078602612E-02
   0.1554730713245997     -4.9985443959243085E-02
   0.1560407569141194     -4.9461426491994177E-02
   0.1567976710334789     -5.0072780203784570E-02
   0.1590101892285298     -5.0029112081513824E-02
   0.1613537117903930     -5.0655021834061134E-02
   0.1634206695778748     -5.0931586608442506E-02
   0.1650800582241630     -5.1091703056768550E-02
   0.1667394468704512     -5.1310043668122265E-02
   0.1669723435225619     -5.0946142649199416E-02
   0.1671179039301310     -5.1106259097525475E-02
   0.1674381368267831     -5.1266375545851527E-02
   0.1679475982532751     -5.1368267831149922E-02
   0.1682532751091703     -5.1441048034934496E-02
   0.1686899563318777     -5.1557496360989809E-02
   0.1690393013100437     -5.1717612809315860E-02
   0.1694323144104803     -5.1834061135371173E-02
   0.1699854439592431     -5.2227074235807858E-02
   0.1706113537117904     -5.2299854439592432E-02
   0.1712518195050946     -5.2372634643376999E-02
   0.1719505094614265     -5.2459970887918483E-02
   0.1727947598253275     -5.2605531295487624E-02
   0.1735371179039301     -5.2663755458515281E-02
   0.1744687045123726     -5.2751091703056766E-02
   0.1752256186317322     -5.2852983988355168E-02
   0.1758515283842794     -5.2852983988355168E-02
   0.1766375545851528     -5.2940320232896652E-02
   0.1774818049490539     -5.3085880640465793E-02
   0.1783114992721979     -5.3158660844250361E-02
   0.1789519650655022     -5.3231441048034935E-02
   0.1796215429403202     -5.3333333333333330E-02
   0.1804657933042212     -5.3478893740902471E-02
   0.1813537117903930     -5.3668122270742358E-02
   0.1823144104803494     -5.3828238719068409E-02
   0.1832168850072780     -5.3959243085880633E-02
   0.1840756914119360     -5.4075691411935946E-02
   0.1848034934497816     -5.4119359534206692E-02
   0.1854730713245997     -5.4148471615720520E-02
   0.1861280931586609     -5.4264919941775833E-02
   0.1868704512372635     -5.4337700145560407E-02
   0.1874818049490539     -5.4439592430858809E-02
   0.1882387190684134     -5.4570596797671032E-02
   0.1889519650655022     -5.4672489082969435E-02
   0.1896215429403202     -5.4745269286754002E-02
   0.1905385735080058     -5.4876273653566225E-02
   0.1914992721979621     -5.4934497816593882E-02
   0.1924890829694323     -5.5050946142649194E-02
   0.1935662299854440     -5.5167394468704507E-02
   0.1945123726346434     -5.5342066957787484E-02
   0.1952983988355167     -5.5385735080058222E-02
   0.1962008733624454     -5.5138282387190686E-02
   0.1969432314410480     -5.5167394468704507E-02
   0.1977001455604076     -5.5240174672489081E-02
   0.1986608442503639     -5.5371179039301312E-02
   0.1997525473071325     -5.5793304221251817E-02
   0.2007423580786026     -5.5924308588064048E-02
   0.2019359534206696     -5.6040756914119361E-02
   0.2028966521106259     -5.6113537117903928E-02
   0.2037263464337700     -5.6186317321688495E-02
   0.2046724890829694     -5.6215429403202330E-02
   0.2052110625909753     -5.6069868995633182E-02
   0.2058660844250364     -5.6113537117903928E-02
   0.2065938864628821     -5.6244541484716151E-02
   0.2076710334788937     -5.6419213973799121E-02
   0.2090393013100437     -5.6652110625909746E-02
   0.2101018922852984     -5.6783114992721977E-02
   0.2113391557496361     -5.6943231441048028E-02
   0.2122852983988355     -5.7059679767103341E-02
   0.2131732168850073     -5.7147016011644833E-02
   0.2140756914119359     -5.7307132459970891E-02
   0.2151091703056769     -5.7452692867540026E-02
   0.2163173216885007     -5.7598253275109167E-02
   0.2170742358078603     -5.7656477438136823E-02
   0.2181368267831150     -5.7729257641921397E-02
   0.2192576419213974     -5.7802037845705964E-02
   0.2199708879184862     -5.7831149927219792E-02
   0.2209898107714701     -5.7860262008733621E-02
   0.2219359534206696     -5.7889374090247449E-02
   0.2228529839883552     -5.7933042212518195E-02
   0.2236244541484716     -5.7976710334788933E-02
   0.2242212518195051     -5.8020378457059672E-02
   0.2245851528384279     -5.8034934497816590E-02
   0.2253129548762736     -5.8049490538573507E-02
   0.2263173216885007     -5.8034934497816590E-02
   0.2274090247452693     -5.8195050946142649E-02
   0.2284425036390102     -5.8326055312954872E-02
   0.2294759825327511     -5.8471615720524020E-02
   0.2305531295487627     -5.8602620087336237E-02
   0.2316448326055313     -5.8806404657933041E-02
   0.2327656477438137     -5.8981077147016003E-02
   0.2338427947598253     -5.9112081513828234E-02
   0.2351965065502183     -5.9213973799126629E-02
   0.2362445414847162     -5.9257641921397375E-02
   0.2372634643377002     -5.9301310043668121E-02
   0.2384425036390102     -5.9374090247452688E-02
   0.2397962154294032     -5.9505094614264918E-02
   0.2409898107714702     -5.9519650655021836E-02
   0.2423144104803493     -5.9534206695778746E-02
   0.2435371179039302     -5.9286754002911210E-02
   0.2445414847161572     -5.9286754002911210E-02
   0.2453275109170305     -5.9228529839883547E-02
   0.2460116448326055     -5.9490538573508001E-02
   0.2466957787481805     -5.9505094614264918E-02
   0.2476710334788937     -5.9475982532751097E-02
   0.2486026200873362     -5.9374090247452688E-02
