   1.1062590975254730E-03  1.4468704512372635E-02
   9.6069868995633193E-04  1.4890829694323142E-02
   8.5880640465793297E-04  1.5269286754002910E-02
   7.2780203784570600E-04  1.5560407569141193E-02
   5.3857350800582239E-04  1.5778748180494906E-02
   3.2023289665211057E-04  1.5866084425036391E-02
  -3.2023289665211057E-04  1.5982532751091703E-02
  -7.2780203784570600E-04  1.6157205240174673E-02
  -9.7525473071324604E-04  1.6200873362445415E-02
  -1.4264919941775838E-03  1.5924308588064047E-02
  -1.6157205240174672E-03  1.5414847161572051E-02
  -1.7612809315866083E-03  1.4425036390101892E-02
  -1.8777292576419213E-03  1.3639010189228530E-02
  -2.0524017467248904E-03  1.2809315866084425E-02
  -2.1834061135371178E-03  1.2125181950509460E-02
  -2.4017467248908298E-03  1.1877729257641920E-02
  -2.5036390101892281E-03  1.1397379912663756E-02
  -2.6055312954876273E-03  1.0887918486171761E-02
  -2.6637554585152838E-03  1.0422125181950509E-02
  -2.5473071324599705E-03  9.9272197962154297E-03
  -2.2416302765647742E-03  9.5487627365356629E-03
  -2.0524017467248904E-03  9.0393013100436674E-03
  -2.0524017467248904E-03  8.8209606986899558E-03
  -2.2125181950509460E-03  8.5007278020378454E-03
  -2.2707423580786024E-03  7.8893740902474530E-03
  -2.2852983988355165E-03  7.3071324599708878E-03
  -2.2561863173216883E-03  7.0742358078602612E-03
  -2.6928675400291120E-03  6.6666666666666662E-03
  -2.7510917030567684E-03  6.5065502183406110E-03
  -2.7510917030567684E-03  6.1135371179039293E-03
  -2.6491994177583696E-03  5.5895196506550214E-03
  -2.6491994177583696E-03  4.8180494905385738E-03
  -2.5764192139737987E-03  3.8573508005822418E-03
  -2.7802037845705966E-03  3.3478893740902477E-03
  -3.2023289665211062E-03  2.5618631732168846E-03
  -3.4352256186317319E-03  2.1251819505094614E-03
  -3.7845705967976709E-03  1.4410480349344979E-03
  -4.0029112081513829E-03  8.1513828238719064E-04
  -4.2940320232896650E-03  8.7336244541484710E-05
  -4.4541484716157202E-03 -4.3668122270742354E-04
  -4.5560407569141190E-03 -1.0189228529839884E-03
  -4.6142649199417754E-03 -1.7176128093158659E-03
  -4.5123726346433767E-03 -2.0524017467248904E-03
  -4.2066957787481804E-03 -2.4745269286754004E-03
  -3.7700145560407568E-03 -2.6928675400291120E-03
  -3.2751091703056767E-03 -2.8093158660844248E-03
  -2.6783114992721979E-03 -2.8238719068413389E-03
  -2.2707423580786024E-03 -2.6783114992721979E-03
  -1.7758369723435224E-03 -2.6200873362445414E-03
  -1.3245997088791848E-03 -3.3042212518195049E-03
  -1.0480349344978166E-03 -3.8427947598253277E-03
  -8.0058224163027654E-04 -4.2066957787481804E-03
  -4.0756914119359532E-04 -4.4250363901018920E-03
  -3.7845705967976705E-04 -5.0363901018922845E-03
  -6.2590975254730704E-04 -5.4876273653566227E-03
  -7.1324599708879190E-04 -5.8078602620087339E-03
  -5.8224163027656472E-04 -6.2154294032023289E-03
  -3.3478893740902473E-04 -6.5502183406113534E-03
   1.8922852983988353E-04 -6.5647743813682675E-03
   6.2590975254730704E-04 -6.5065502183406110E-03
   1.0480349344978166E-03 -6.4774381368267828E-03
   1.4701601164483261E-03 -7.4381368267831148E-03
   1.7321688500727800E-03 -8.0786026200873363E-03
   2.0960698689956331E-03 -8.6462882096069865E-03
   2.4890829694323145E-03 -9.0247452692867533E-03
   2.8384279475982530E-03 -9.1266375545851521E-03
   3.3333333333333331E-03 -9.1994177583697226E-03
   3.5953420669577875E-03 -9.3158660844250354E-03
   3.9883551673944688E-03 -9.6506550218340616E-03
   4.1484716157205231E-03 -1.0247452692867538E-02
   4.1775836972343513E-03 -1.0786026200873362E-02
   4.2940320232896650E-03 -1.1222707423580785E-02
   4.7452692867540032E-03 -1.1339155749636098E-02
   5.0800582241630268E-03 -1.1586608442503640E-02
   5.3857350800582239E-03 -1.1892285298398834E-02
   5.5895196506550214E-03 -1.2372634643377001E-02
   5.8660844250363903E-03 -1.2707423580786026E-02
   6.6375545851528380E-03 -1.3042212518195050E-02
   6.8850072780203778E-03 -1.3216885007278020E-02
   7.2780203784570596E-03 -1.3289665211062590E-02
   7.5836972343522558E-03 -1.3653566229985443E-02
   7.9330422125181953E-03 -1.4264919941775835E-02
   8.3551673944687026E-03 -1.4716157205240173E-02
   8.9956331877729251E-03 -1.5080058224163027E-02
   9.5050946142649206E-03 -1.5123726346433768E-02
   9.7962154294032027E-03 -1.5371179039301311E-02
   1.0334788937409023E-02 -1.6011644832605532E-02
   1.0873362445414847E-02 -1.6098981077147016E-02
   1.1280931586608442E-02 -1.6390101892285295E-02
   1.1601164483260554E-02 -1.7016011644832605E-02
   1.1935953420669576E-02 -1.7481804949053856E-02
   1.2416302765647744E-02 -1.7816593886462881E-02
   1.2852983988355167E-02 -1.7889374090247455E-02
   1.3187772925764191E-02 -1.7889374090247455E-02
   1.3624454148471616E-02 -1.8049490538573507E-02
   1.4032023289665210E-02 -1.8486171761280930E-02
   1.4308588064046579E-02 -1.8835516739446872E-02
   1.4672489082969432E-02 -1.9155749636098982E-02
   1.5312954876273653E-02 -1.9475982532751093E-02
   1.5953420669577875E-02 -1.9694323144104801E-02
   1.6491994177583697E-02 -2.0029112081513825E-02
   1.6943231441048034E-02 -2.0451237263464338E-02
   1.7336244541484715E-02 -2.0975254730713246E-02
   1.7772925764192139E-02 -2.1237263464337700E-02
   1.8340611353711789E-02 -2.1382823871906837E-02
   1.9010189228529841E-02 -2.1339155749636098E-02
   1.9490538573508003E-02 -2.1615720524017463E-02
   1.9985443959243086E-02 -2.2096069868995632E-02
   2.0407569141193595E-02 -2.2212518195050945E-02
   2.0917030567685589E-02 -2.2343522561863175E-02
   2.1455604075691411E-02 -2.2983988355167392E-02
   2.2139737991266374E-02 -2.3318777292576417E-02
   2.2576419213973801E-02 -2.3464337700145561E-02
   2.3449781659388644E-02 -2.3711790393013101E-02
   2.3828238719068414E-02 -2.3930131004366813E-02
   2.3871906841339156E-02 -2.4628820960698686E-02
   2.3697234352256187E-02 -2.4978165938864628E-02
   2.4323144104803494E-02 -2.5618631732168849E-02
   2.4497816593886463E-02 -2.5807860262008736E-02
   2.5152838427947598E-02 -2.5866084425036392E-02
   2.5793304221251818E-02 -2.6215429403202331E-02
   2.6142649199417757E-02 -2.6375545851528383E-02
   2.6695778748180497E-02 -2.6157205240174675E-02
   2.7292576419213972E-02 -2.6040756914119362E-02
   2.8122270742358076E-02 -2.5531295487627365E-02
   2.8588064046579331E-02 -2.5560407569141193E-02
   2.9039301310043668E-02 -2.5676855895196506E-02
   2.9737991266375548E-02 -2.5895196506550217E-02
   3.0334788937409023E-02 -2.6550218340611352E-02
   3.0800582241630278E-02 -2.6768558951965064E-02
   3.1280931586608440E-02 -2.7161572052401748E-02
   3.1499272197962155E-02 -2.7438136826783113E-02
   3.1965065502183407E-02 -2.7845705967976711E-02
   3.2328966521106256E-02 -2.8034934497816594E-02
   3.2751091703056769E-02 -2.8151382823871907E-02
   3.3202328966521109E-02 -2.8122270742358076E-02
   3.3901018922852987E-02 -2.7962154294032024E-02
   3.4177583697234351E-02 -2.7889374090247450E-02
   3.4628820960698692E-02 -2.7802037845705969E-02
   3.5196506550218339E-02 -2.7554585152838425E-02
   3.5531295487627360E-02 -2.7569141193595343E-02
   3.5997088791848611E-02 -2.7787481804949055E-02
   3.6477438136826787E-02 -2.7962154294032024E-02
   3.6681222707423577E-02 -2.8457059679767104E-02
   3.6928675400291121E-02 -2.8704512372634643E-02
   3.7234352256186314E-02 -2.8864628820960699E-02
   3.7641921397379909E-02 -2.9039301310043668E-02
   3.7860262008733624E-02 -2.9141193595342063E-02
   3.8165938864628816E-02 -2.9403202328966521E-02
   3.9053857350800580E-02 -2.9315866084425032E-02
   3.9257641921397378E-02 -2.9359534206695775E-02
   3.9810771470160114E-02 -2.9446870451237263E-02
   4.0422125181950506E-02 -2.9606986899563315E-02
   4.0698689956331878E-02 -2.9825327510917030E-02
   4.1572052401746724E-02 -3.0451237263464336E-02
   4.2503639010189227E-02 -3.1280931586608440E-02
   4.3042212518195046E-02 -3.1339155749636097E-02
   4.3435225618631730E-02 -3.1222707423580784E-02
   4.4061135371179040E-02 -3.0917030567685591E-02
   4.4541484716157202E-02 -3.0727802037845708E-02
   4.4992721979621543E-02 -3.0975254730713248E-02
   4.5240174672489079E-02 -3.1135371179039303E-02
   4.5604075691411936E-02 -3.1135371179039303E-02
   4.6128093158660843E-02 -3.1179039301310042E-02
   4.6550218340611349E-02 -3.1179039301310042E-02
   4.7278020378457061E-02 -3.1353711790393007E-02
   4.7467248908296941E-02 -3.1572052401746722E-02
   4.8427947598253272E-02 -3.2561863173216882E-02
   4.8762736535662300E-02 -3.2576419213973799E-02
   4.9723435225618631E-02 -3.2780203784570590E-02
   5.0232896652110622E-02 -3.2969432314410484E-02
   5.0931586608442506E-02 -3.3129548762736528E-02
   5.1004366812227073E-02 -3.2794759825327514E-02
   5.1193595342066953E-02 -3.2547307132459964E-02
   5.1601164483260548E-02 -3.2518195050946143E-02
   5.2037845705967978E-02 -3.2620087336244545E-02
   5.2634643377001453E-02 -3.2780203784570590E-02
   5.3056768558951965E-02 -3.2882096069868992E-02
   5.3988355167394468E-02 -3.3114992721979618E-02
   5.4599708879184861E-02 -3.2823871906841336E-02
   5.4978165938864627E-02 -3.2882096069868992E-02
   5.5356622998544394E-02 -3.3260553129548766E-02
   5.5662299854439587E-02 -3.3537117903930130E-02
   5.6011644832605526E-02 -3.3784570596797674E-02
   5.6564774381368269E-02 -3.3784570596797674E-02
   5.7001455604075685E-02 -3.3842794759825330E-02
   5.7510917030567682E-02 -3.3988355167394464E-02
   5.7612809315866084E-02 -3.4250363901018918E-02
   5.7845705967976710E-02 -3.4832605531295482E-02
   5.8122270742358075E-02 -3.5123726346433765E-02
   5.8573508005822415E-02 -3.5312954876273651E-02
   5.9126637554585151E-02 -3.5574963609898105E-02
   5.9461426491994172E-02 -3.5705967976710329E-02
   5.9956331877729252E-02 -3.5909752547307133E-02
   6.0727802037845696E-02 -3.5705967976710329E-02
   6.1048034934497813E-02 -3.5604075691411934E-02
   6.1499272197962147E-02 -3.5400291120815136E-02
   6.1819505094614258E-02 -3.5269286754002913E-02
   6.2212518195050942E-02 -3.5152838427947600E-02
   6.2605531295487626E-02 -3.4861717612809318E-02
   6.3042212518195057E-02 -3.4963609898107713E-02
   6.3449781659388638E-02 -3.5021834061135369E-02
   6.4279475982532752E-02 -3.5036390101892287E-02
   6.4788937409024736E-02 -3.5123726346433765E-02
   6.5531295487627358E-02 -3.5676855895196508E-02
   6.6011644832605534E-02 -3.5880640465793298E-02
   6.6419213973799116E-02 -3.6026200873362446E-02
   6.6928675400291113E-02 -3.6128093158660848E-02
   6.7409024745269289E-02 -3.6229985443959237E-02
   6.7991266375545853E-02 -3.6317321688500728E-02
   6.8660844250363895E-02 -3.6404657933042206E-02
   6.9199417758369713E-02 -3.6564774381368265E-02
   6.9912663755458515E-02 -3.7016011644832605E-02
   7.0174672489082962E-02 -3.7248908296943231E-02
   7.0349344978165945E-02 -3.7307132459970881E-02
   7.0771470160116451E-02 -3.7612809315866087E-02
   7.1048034934497822E-02 -3.7685589519650654E-02
   7.1411935953420658E-02 -3.7219796215429403E-02
   7.1775836972343521E-02 -3.7103347889374090E-02
   7.2212518195050951E-02 -3.6972343522561860E-02
   7.2882096069868993E-02 -3.7016011644832605E-02
   7.3289665211062588E-02 -3.7263464337700142E-02
   7.3842794759825331E-02 -3.7496360989810767E-02
   7.4323144104803493E-02 -3.7845705967976713E-02
   7.4788937409024744E-02 -3.8078602620087339E-02
   7.5356622998544384E-02 -3.8122270742358071E-02
   7.5720524017467247E-02 -3.8122270742358071E-02
   7.5618631732168845E-02 -3.8500727802037844E-02
   7.5531295487627367E-02 -3.8602620087336247E-02
   7.5589519650655010E-02 -3.8820960698689955E-02
   7.5778748180494904E-02 -3.9039301310043663E-02
   7.6098981077147007E-02 -3.9257641921397378E-02
   7.6579330422125183E-02 -3.9403202328966519E-02
   7.7423580786026194E-02 -3.9461426491994175E-02
   7.7889374090247446E-02 -3.9461426491994175E-02
   7.8442503639010189E-02 -3.9461426491994175E-02
   7.8879184861717605E-02 -3.9344978165938863E-02
   7.9126637554585155E-02 -3.9184861717612811E-02
   7.9432314410480348E-02 -3.8922852983988350E-02
   7.9737991266375541E-02 -3.8835516739446872E-02
   8.0203784570596792E-02 -3.8675400291120814E-02
   8.0713245997088789E-02 -3.8689956331877724E-02
   8.1033478893740907E-02 -3.8704512372634642E-02
   8.0902474526928669E-02 -3.8966521106259096E-02
   8.0786026200873357E-02 -3.9257641921397378E-02
   8.1120815138282384E-02 -3.9534206695778749E-02
   8.1572052401746725E-02 -3.9636098981077145E-02
   8.2081513828238722E-02 -3.9752547307132458E-02
   8.2605531295487616E-02 -3.9854439592430860E-02
   8.2765647743813675E-02 -3.9796215429403203E-02
   8.2925764192139734E-02 -3.9534206695778749E-02
   8.3085880640465792E-02 -3.9213973799126632E-02
   8.3333333333333329E-02 -3.9053857350800580E-02
   8.3770014556040745E-02 -3.9010189228529842E-02
   8.4104803493449787E-02 -3.9141193595342065E-02
   8.4279475982532742E-02 -3.9344978165938863E-02
   8.4570596797671038E-02 -3.9446870451237265E-02
   8.5181950509461424E-02 -3.9475982532751086E-02
   8.5793304221251823E-02 -3.9621542940320234E-02
   8.6259097525473075E-02 -3.9767103347889375E-02
   8.6885007278020385E-02 -3.9970887918486173E-02
   8.7627365356622994E-02 -4.0116448326055314E-02
   8.8588064046579332E-02 -4.0393013100436678E-02
   8.9534206695778745E-02 -4.0655021834061139E-02
   9.0407569141193592E-02 -4.0887918486171765E-02
   9.1368267831149930E-02 -4.1106259097525466E-02
   9.2139737991266374E-02 -4.0975254730713243E-02
   9.2765647743813684E-02 -4.1193595342066958E-02
   9.3682678311499262E-02 -4.1411935953420666E-02
   9.4614264919941765E-02 -4.1717612809315865E-02
   9.5240174672489075E-02 -4.1775836972343522E-02
   9.6098981077147011E-02 -4.1790393013100433E-02
   9.6710334788937410E-02 -4.1848617176128089E-02
   9.7583697234352243E-02 -4.2052401746724893E-02
   9.8326055312954866E-02 -4.2197962154294028E-02
   9.8850072780203788E-02 -4.2256186317321684E-02
   9.9592430858806397E-02 -4.2387190684133914E-02
   0.1000727802037846     -4.2416302765647743E-02
   0.1008442503639010     -4.2721979621542942E-02
   0.1013245997088792     -4.2852983988355166E-02
   0.1018631732168850     -4.2969432314410479E-02
   0.1022707423580786     -4.2998544395924300E-02
   0.1029839883551674     -4.2969432314410479E-02
   0.1035225618631732     -4.2751091703056771E-02
   0.1042212518195051     -4.2751091703056771E-02
   0.1048180494905386     -4.2983988355167389E-02
   0.1050509461426492     -4.3100436681222702E-02
   0.1056331877729258     -4.3114992721979613E-02
   0.1060553129548763     -4.3114992721979613E-02
   0.1066521106259097     -4.3202328966521104E-02
   0.1073071324599709     -4.3435225618631730E-02
   0.1078311499272198     -4.3609898107714699E-02
   0.1083406113537118     -4.3726346433770012E-02
   0.1092285298398835     -4.3609898107714699E-02
   0.1099854439592431     -4.3668122270742356E-02
   0.1108296943231441     -4.3770014556040758E-02
   0.1115574963609898     -4.3784570596797669E-02
   0.1126200873362445     -4.3842794759825325E-02
   0.1134206695778748     -4.3959243085880638E-02
   0.1141339155749636     -4.4017467248908294E-02
   0.1148326055312955     -4.4148471615720518E-02
   0.1154876273653566     -4.4628820960698687E-02
   0.1162299854439592     -4.4788937409024746E-02
   0.1170451237263464     -4.4890829694323141E-02
   0.1179330422125182     -4.4687045123726343E-02
   0.1183988355167395     -4.4730713245997089E-02
   0.1191266375545851     -4.4934497816593887E-02
   0.1187627365356623     -4.5225618631732169E-02
   0.1186899563318777     -4.5429403202328966E-02
   0.1189082969432314     -4.5866084425036382E-02
   0.1192867540029112     -4.6302765647743813E-02
   0.1195487627365356     -4.6652110625909751E-02
   0.1199417758369723     -4.6870451237263466E-02
   0.1210917030567686     -4.7088791848617174E-02
   0.1215429403202329     -4.7569141193595336E-02
   0.1221688500727802     -4.7598253275109172E-02
   0.1226783114992722     -4.7554585152838426E-02
   0.1232459970887918     -4.7409024745269285E-02
   0.1240320232896652     -4.7321688500727800E-02
   0.1242649199417758     -4.7016011644832600E-02
   0.1245560407569141     -4.6870451237263466E-02
   0.1248617176128093     -4.6826783114992721E-02
   0.1252983988355167     -4.6710334788937408E-02
   0.1259097525473071     -4.6724890829694318E-02
   0.1263901018922853     -4.6928675400291123E-02
   0.1268995633187773     -4.6768558951965064E-02
   0.1273216885007278     -4.6783114992721975E-02
   0.1278748180494905     -4.6652110625909751E-02
   0.1283697234352256     -4.6622998544395923E-02
   0.1288791848617176     -4.6695778748180497E-02
   0.1292576419213974     -4.6783114992721975E-02
   0.1302765647743813     -4.7336244541484711E-02
   0.1308879184861718     -4.7481804949053859E-02
   0.1318340611353712     -4.7612809315866082E-02
   0.1324163027656477     -4.7714701601164485E-02
   0.1331732168850073     -4.7816593886462880E-02
   0.1339155749636099     -4.7903930131004364E-02
   0.1344541484716157     -4.7933042212518193E-02
   0.1350509461426492     -4.8078602620087334E-02
   0.1355458515283843     -4.7860262008733619E-02
   0.1360844250363901     -4.7772925764192141E-02
   0.1367394468704512     -4.7787481804949052E-02
   0.1372343522561863     -4.7918486171761275E-02
   0.1379475982532751     -4.7976710334788931E-02
   0.1385589519650655     -4.7991266375545849E-02
   0.1394905385735080     -4.8646288209606987E-02
   0.1402037845705968     -4.8777292576419211E-02
   0.1406404657933042     -4.8820960698689957E-02
   0.1412663755458515     -4.8820960698689957E-02
   0.1417758369723435     -4.8791848617176121E-02
   0.1423580786026201     -4.8791848617176121E-02
   0.1423871906841339     -4.8995633187772926E-02
   0.1428529839883552     -4.9359534206695775E-02
   0.1435225618631732     -4.9548762736535662E-02
   0.1440902474526929     -4.9228529839883552E-02
   0.1444250363901019     -4.8966521106259091E-02
   0.1446142649199418     -4.8835516739446867E-02
   0.1446288209606987     -4.8995633187772926E-02
   0.1449053857350801     -4.9170305676855895E-02
   0.1454294032023289     -4.9243085880640462E-02
   0.1458951965065502     -4.9199417758369716E-02
   0.1465502183406114     -4.8908296943231434E-02
   0.1468704512372634     -4.8864628820960702E-02
   0.1473653566229985     -4.9403202328966521E-02
   0.1480349344978166     -4.9519650655021834E-02
   0.1485443959243086     -4.9534206695778744E-02
   0.1492576419213974     -4.9534206695778744E-02
   0.1496943231441048     -4.9621542940320229E-02
   0.1502037845705968     -4.9708879184861714E-02
   0.1506550218340611     -4.9461426491994177E-02
   0.1513973799126637     -4.9519650655021834E-02
   0.1521251819505095     -4.9519650655021834E-02
   0.1527365356622999     -4.9446870451237267E-02
   0.1532314410480349     -4.9330422125181954E-02
   0.1545705967976710     -4.9825327510917027E-02
   0.1567976710334789     -5.0072780203784570E-02
   0.1590101892285298     -5.0029112081513824E-02
   0.1613537117903930     -5.0655021834061134E-02
   0.1634206695778748     -5.0931586608442506E-02
   0.1650800582241630     -5.1091703056768550E-02
   0.1657205240174672     -5.0771470160116447E-02
   0.1658224163027656     -5.1004366812227073E-02
   0.1660116448326055     -5.1120815138282386E-02
   0.1663609898107715     -5.1237263464337698E-02
   0.1668558951965065     -5.1368267831149922E-02
   0.1673799126637555     -5.1455604075691413E-02
   0.1680494905385735     -5.1513828238719070E-02
   0.1687918486171761     -5.1557496360989809E-02
   0.1697671033478894     -5.1615720524017472E-02
   0.1704221251819505     -5.1732168850072785E-02
   0.1708296943231441     -5.2183406113537112E-02
   0.1713973799126638     -5.2270742358078603E-02
   0.1725909752547307     -5.2489082969432312E-02
   0.1735516739446870     -5.2328966521106253E-02
   0.1744250363901019     -5.2314410480349342E-02
   0.1751237263464338     -5.2328966521106253E-02
   0.1757641921397380     -5.2343522561863171E-02
   0.1763318777292577     -5.2445414847161566E-02
   0.1770742358078602     -5.2474526928675401E-02
   0.1778602620087336     -5.2605531295487624E-02
   0.1785443959243086     -5.2692867540029109E-02
   0.1792139737991266     -5.2794759825327504E-02
   0.1798835516739447     -5.3304221251819502E-02
   0.1805676855895196     -5.3464337700145560E-02
   0.1812663755458515     -5.3653566229985440E-02
   0.1819941775836972     -5.3784570596797664E-02
   0.1829112081513828     -5.3449781659388650E-02
   0.1837554585152839     -5.3551673944687045E-02
   0.1842212518195051     -5.3624454148471619E-02
   0.1842358078602620     -5.3639010189228530E-02
   0.1844541484716157     -5.3668122270742358E-02
   0.1851819505094614     -5.3813682678311499E-02
   0.1863901018922853     -5.3930131004366812E-02
   0.1873653566229985     -5.4046579330422125E-02
   0.1877729257641921     -5.4061135371179035E-02
   0.1884861717612809     -5.4556040756914122E-02
   0.1889810771470160     -5.4556040756914122E-02
   0.1899272197962154     -5.4687045123726345E-02
   0.1909315866084425     -5.4890829694323143E-02
   0.1916302765647744     -5.5050946142649194E-02
   0.1924017467248908     -5.5167394468704507E-02
   0.1932605531295487     -5.5429403202328961E-02
   0.1943377001455604     -5.5531295487627363E-02
   0.1951965065502183     -5.5618631732168841E-02
   0.1961717612809316     -5.5749636098981079E-02
   0.1970014556040757     -5.5924308588064048E-02
   0.1977874818049490     -5.6055312954876271E-02
   0.1984279475982533     -5.6098981077147017E-02
   0.1989082969432314     -5.6113537117903928E-02
   0.1997525473071325     -5.6186317321688495E-02
   0.2006695778748180     -5.6259097525473069E-02
   0.2016011644832605     -5.6375545851528389E-02
   0.2019068413391557     -5.6419213973799121E-02
   0.2024308588064047     -5.6506550218340612E-02
   0.2033042212518195     -5.6579330422125179E-02
   0.2039592430858806     -5.6739446870451238E-02
   0.2046579330422125     -5.6870451237263461E-02
   0.2057496360989811     -5.6972343522561864E-02
   0.2065356622998544     -5.7030567685589520E-02
   0.2072052401746725     -5.7059679767103341E-02
   0.2081368267831150     -5.7103347889374087E-02
   0.2092867540029112     -5.7234352256186317E-02
   0.2098544395924309     -5.7234352256186317E-02
   0.2106986899563319     -5.7278020378457056E-02
   0.2118049490538574     -5.7336244541484713E-02
   0.2131441048034934     -5.7409024745269287E-02
   0.2141193595342067     -5.7438136826783108E-02
   0.2151091703056769     -5.7219796215429400E-02
   0.2158806404657933     -5.7205240174672489E-02
   0.2163318777292576     -5.7219796215429400E-02
   0.2172489082969432     -5.7467248908296943E-02
   0.2186899563318777     -5.7758369723435225E-02
   0.2199708879184862     -5.7874818049490538E-02
   0.2210771470160116     -5.7962154294032023E-02
   0.2220378457059680     -5.8136826783114985E-02
   0.2230567685589520     -5.8267831149927216E-02
   0.2241339155749636     -5.8049490538573507E-02
   0.2251673944687045     -5.8195050946142649E-02
   0.2266084425036390     -5.8253275109170298E-02
   0.2277292576419214     -5.8340611353711790E-02
   0.2288646288209607     -5.8558951965065498E-02
   0.2299563318777292     -5.8966521106259100E-02
   0.2308733624454148     -5.8966521106259100E-02
   0.2319650655021834     -5.8850072780203787E-02
   0.2330567685589519     -5.8500727802037848E-02
   0.2348471615720524     -5.8529839883551669E-02
   0.2360989810771470     -5.8573508005822415E-02
   0.2372489082969432     -5.8602620087336237E-02
   0.2380349344978166     -5.8646288209606982E-02
   0.2391557496360990     -5.8704512372634646E-02
   0.2401892285298399     -5.8748180494905378E-02
   0.2409898107714702     -5.8893740902474526E-02
   0.2416885007278020     -5.9010189228529839E-02
   0.2424599708879185     -5.9053857350800584E-02
   0.2433624454148472     -5.9053857350800584E-02
   0.2436972343522562     -5.8937409024745271E-02
   0.2440320232896652     -5.8864628820960690E-02
   0.2450655021834061     -5.8369723435225611E-02
