   1.5909752547307133E-02  3.3362445414847154E-02
   1.5662299854439593E-02  3.3522561863173213E-02
   1.5458515283842796E-02  3.3522561863173213E-02
   1.5385735080058223E-02  3.3406113537117900E-02
   1.5298398835516739E-02  3.3129548762736528E-02
   1.5109170305676855E-02  3.3158660844250364E-02
   1.4818049490538573E-02  3.3260553129548766E-02
   1.4541484716157205E-02  3.3347889374090244E-02
   1.4250363901018921E-02  3.3377001455604079E-02
   1.4046579330422124E-02  3.3347889374090244E-02
   1.3842794759825326E-02  3.3216885007278020E-02
   1.3609898107714702E-02  3.2998544395924305E-02
   1.3347889374090248E-02  3.2401746724890830E-02
   1.3333333333333332E-02  3.1921397379912661E-02
   1.3464337700145561E-02  3.1703056768558953E-02
   1.3668122270742357E-02  3.1542940320232894E-02
   1.3071324599708879E-02  3.1572052401746722E-02
   1.2678311499272198E-02  3.1513828238719066E-02
   1.2372634643377001E-02  3.1382823871906843E-02
   1.2081513828238718E-02  3.1164483260553127E-02
   1.1819505094614265E-02  3.0742358078602622E-02
   1.1557496360989811E-02  3.0582241630276563E-02
   1.1280931586608442E-02  3.0043668122270741E-02
   1.0975254730713245E-02  2.9563318777292576E-02
   1.0800582241630276E-02  2.9257641921397376E-02
   1.0640465793304221E-02  2.8966521106259097E-02
   1.0407569141193595E-02  2.8631732168850073E-02
   1.0291120815138281E-02  2.8413391557496358E-02
   1.0131004366812225E-02  2.8151382823871907E-02
   1.0014556040756913E-02  2.7962154294032024E-02
   9.9563318777292579E-03  2.7874818049490539E-02
   9.6797671033478899E-03  2.7758369723435226E-02
   9.4468704512372641E-03  2.7700145560407570E-02
   8.7918486171761276E-03  2.7088791848617174E-02
   8.0640465793304222E-03  2.6608442503639008E-02
   7.8457059679767106E-03  2.6011644832605530E-02
   7.8165938864628824E-03  2.6011644832605530E-02
   7.5400291120815135E-03  2.5574963609898107E-02
   7.2343522561863173E-03  2.5080058224163024E-02
   6.9141193595342060E-03  2.4585152838427948E-02
   6.6957787481804953E-03  2.4192139737991263E-02
   6.4483260553129546E-03  2.3828238719068414E-02
   6.1135371179039293E-03  2.3435225618631730E-02
   5.8369723435225621E-03  2.3173216885007279E-02
   5.5167394468704509E-03  2.3129548762736533E-02
   5.1965065502183405E-03  2.2678311499272196E-02
   4.8762736535662302E-03  2.2401746724890832E-02
   4.5705967976710331E-03  2.1979621542940319E-02
   4.3668122270742356E-03  2.1615720524017463E-02
   4.0902474526928675E-03  2.1280931586608442E-02
   3.8427947598253277E-03  2.0917030567685589E-02
   3.6681222707423580E-03  2.0538573508005822E-02
   3.5080058224163024E-03  2.0218340611353712E-02
   2.9839883551673941E-03  2.0218340611353712E-02
   2.6200873362445414E-03  2.0160116448326056E-02
   2.2707423580786024E-03  1.9708879184861718E-02
   1.9359534206695780E-03  1.9548762736535660E-02
   1.7321688500727800E-03  1.9388646288209608E-02
   1.5574963609898108E-03  1.9170305676855893E-02
   1.4556040756914120E-03  1.8864628820960700E-02
   1.5574963609898108E-03  1.8413391557496363E-02
   1.7612809315866083E-03  1.8078602620087335E-02
   1.9359534206695780E-03  1.7816593886462881E-02
   1.5866084425036390E-03  1.7598253275109169E-02
   1.4992721979621541E-03  1.7176128093158660E-02
   1.3828238719068413E-03  1.6754002911208151E-02
   1.3100436681222707E-03  1.6331877729257639E-02
   1.1208151382823871E-03  1.6040756914119360E-02
   9.6069868995633193E-04  1.5924308588064047E-02
   4.8034934497816597E-04  1.5618631732168849E-02
   4.3668122270742355E-05  1.5356622998544395E-02
  -3.6390101892285300E-04  1.5109170305676855E-02
  -9.3158660844250361E-04  1.4425036390101892E-02
  -1.3537117903930130E-03  1.4090247452692866E-02
  -1.7758369723435224E-03  1.3697234352256185E-02
  -2.0087336244541485E-03  1.3420669577874819E-02
  -2.2998544395924306E-03  1.3158660844250363E-02
  -2.2998544395924306E-03  1.2925764192139737E-02
  -1.9068413391557495E-03  1.2896652110625909E-02
  -1.4992721979621541E-03  1.2780203784570596E-02
  -1.1353711790393012E-03  1.2678311499272198E-02
  -1.2372634643377002E-03  1.2561863173216885E-02
  -1.3828238719068413E-03  1.2328966521106259E-02
  -1.2809315866084423E-03  1.1979621542940319E-02
  -1.1353711790393012E-03  1.1717612809315867E-02
  -8.2969432314410475E-04  1.1586608442503640E-02
  -4.9490538573508007E-04  1.1557496360989811E-02
  -5.3857350800582239E-04  1.1251819505094613E-02
  -5.9679767103347893E-04  1.0756914119359534E-02
  -6.8413391557496357E-04  1.0524017467248908E-02
  -8.1513828238719064E-04  1.0625909752547307E-02
  -9.8981077147016015E-04  1.0480349344978166E-02
  -1.0771470160116448E-03  1.0291120815138281E-02
  -1.1353711790393012E-03  9.7379912663755463E-03
  -1.1062590975254730E-03  9.3449781659388637E-03
  -1.1062590975254730E-03  8.9956331877729251E-03
  -1.1208151382823871E-03  8.5880640465793301E-03
  -1.1499272197962153E-03  8.4716157205240172E-03
  -1.3245997088791848E-03  8.1950509461426475E-03
  -1.6448326055312954E-03  7.9767103347889376E-03
  -2.0378457059679767E-03  7.7147016011644837E-03
  -2.3726346433770016E-03  7.4381368267831148E-03
  -2.5764192139737987E-03  7.2489082969432314E-03
  -2.6928675400291120E-03  7.1033478893740894E-03
  -2.7074235807860261E-03  6.6957787481804953E-03
  -2.4163027656477439E-03  6.2445414847161571E-03
  -2.2561863173216883E-03  5.7641921397379916E-03
  -2.2561863173216883E-03  5.7350800582241634E-03
  -1.9941775836972344E-03  5.7350800582241634E-03
  -1.6157205240174672E-03  5.7205240174672493E-03
  -1.3391557496360989E-03  5.5604075691411932E-03
  -1.1644832605531294E-03  5.2401746724890829E-03
  -1.1644832605531294E-03  4.6433770014556036E-03
  -1.1644832605531294E-03  4.1775836972343513E-03
  -1.1790393013100438E-03  3.7845705967976709E-03
  -1.0917030567685589E-03  3.3187772925764190E-03
  -8.5880640465793297E-04  2.9985443959243082E-03
  -8.5880640465793297E-04  2.6200873362445414E-03
  -9.4614264919941772E-04  2.2852983988355165E-03
  -9.6069868995633193E-04  1.9505094614264921E-03
  -7.4235807860262000E-04  1.6885007278020379E-03
  -7.7147016011644832E-04  1.1062590975254730E-03
  -5.6768558951965061E-04  4.2212518195050948E-04
  -4.5123726346433770E-04 -1.0189228529839883E-04
  -3.2023289665211057E-04 -6.6957787481804947E-04
  -1.8922852983988353E-04 -1.2081513828238720E-03
   1.3100436681222707E-04 -1.7612809315866083E-03
   5.0946142649199418E-04 -2.4454148471615722E-03
   6.1135371179039304E-04 -2.9548762736535663E-03
   7.4235807860262000E-04 -3.9010189228529842E-03
   8.1513828238719064E-04 -4.5414847161572049E-03
   1.2227074235807861E-03 -5.2838427947598252E-03
   1.4264919941775838E-03 -5.7933042212518198E-03
   1.6593886462882095E-03 -6.1863173216885007E-03
   2.0960698689956331E-03 -7.1615720524017467E-03
   2.5909752547307132E-03 -7.7001455604075696E-03
   2.7510917030567684E-03 -8.3114992721979603E-03
   3.1441048034934497E-03 -8.9665211062590969E-03
   3.5225618631732165E-03 -9.3013100436681213E-03
   3.8719068413391559E-03 -9.7379912663755463E-03
   4.3231441048034933E-03 -1.0305676855895195E-02
   4.5560407569141190E-03 -1.0669577874818049E-02
   4.5997088791848613E-03 -1.1120815138282386E-02
   4.5851528384279472E-03 -1.1411935953420670E-02
   4.6724890829694318E-03 -1.1863173216885006E-02
   4.9490538573508007E-03 -1.2474526928675400E-02
   5.2983988355167393E-03 -1.2794759825327510E-02
   5.8078602620087339E-03 -1.2969432314410480E-02
   6.3027656477438136E-03 -1.3158660844250363E-02
   6.6521106259097521E-03 -1.3377001455604077E-02
   7.1179039301310035E-03 -1.3697234352256185E-02
   7.4526928675400289E-03 -1.3988355167394467E-02
   7.9330422125181953E-03 -1.3959243085880639E-02
   8.1804949053857351E-03 -1.4308588064046579E-02
   8.4425036390101890E-03 -1.4628820960698688E-02
   8.4425036390101890E-03 -1.5167394468704512E-02
   8.3988355167394467E-03 -1.5662299854439593E-02
   8.3551673944687026E-03 -1.6026200873362446E-02
   8.5298398835516737E-03 -1.6462882096069869E-02
   8.7918486171761276E-03 -1.6855895196506550E-02
   9.0829694323144097E-03 -1.7103347889374090E-02
   9.3886462882096077E-03 -1.7278020378457059E-02
   1.0101892285298397E-02 -1.7350800582241629E-02
   1.0727802037845706E-02 -1.7772925764192139E-02
   1.1266375545851528E-02 -1.7729257641921396E-02
   1.1848617176128092E-02 -1.7685589519650654E-02
   1.2503639010189228E-02 -1.7845705967976709E-02
   1.2882096069868995E-02 -1.8267831149927218E-02
   1.3129548762736535E-02 -1.8777292576419215E-02
   1.3653566229985443E-02 -1.9039301310043669E-02
   1.3595342066957788E-02 -1.9490538573508003E-02
   1.3493449781659389E-02 -1.9767103347889375E-02
   1.3857350800582240E-02 -2.0058224163027657E-02
   1.4439592430858806E-02 -2.0378457059679764E-02
   1.4861717612809314E-02 -2.0684133915574963E-02
   1.5342066957787483E-02 -2.0960698689956331E-02
   1.5778748180494906E-02 -2.1033478893740902E-02
   1.6390101892285295E-02 -2.1048034934497816E-02
   1.7103347889374090E-02 -2.1048034934497816E-02
   1.7481804949053856E-02 -2.1106259097525473E-02
   1.7903930131004366E-02 -2.1397379912663755E-02
   1.8253275109170304E-02 -2.1863173216885006E-02
   1.8646288209606988E-02 -2.2343522561863175E-02
   1.8748180494905384E-02 -2.2620087336244540E-02
   1.9126637554585154E-02 -2.2969432314410478E-02
   1.9388646288209608E-02 -2.3173216885007279E-02
   1.9854439592430856E-02 -2.3406113537117905E-02
   2.0101892285298399E-02 -2.3449781659388644E-02
   2.0553129548762733E-02 -2.3304221251819503E-02
   2.0858806404657933E-02 -2.3245997088791846E-02
   2.1251819505094614E-02 -2.3653566229985441E-02
   2.1339155749636098E-02 -2.3784570596797668E-02
   2.1470160116448325E-02 -2.3930131004366813E-02
   2.2081513828238718E-02 -2.3959243085880638E-02
   2.2518195050946144E-02 -2.3828238719068414E-02
   2.3056768558951966E-02 -2.3609898107714699E-02
   2.3944687045123727E-02 -2.3726346433770012E-02
   2.4439592430858807E-02 -2.3959243085880638E-02
   2.5123726346433770E-02 -2.4250363901018920E-02
   2.5676855895196506E-02 -2.4439592430858807E-02
   2.5836972343522561E-02 -2.4599708879184858E-02
   2.6098981077147018E-02 -2.4730713245997085E-02
   2.6724890829694321E-02 -2.4934497816593886E-02
   2.7365356622998542E-02 -2.5138282387190680E-02
   2.7583697234352254E-02 -2.5574963609898107E-02
   2.7903930131004367E-02 -2.6419213973799125E-02
   2.8064046579330419E-02 -2.6754002911208153E-02
   2.8209606986899560E-02 -2.6943231441048033E-02
   2.8267831149927217E-02 -2.6972343522561861E-02
   2.8544395924308585E-02 -2.6899563318777291E-02
   2.8966521106259097E-02 -2.6739446870451235E-02
   2.9403202328966521E-02 -2.6681222707423579E-02
   2.9636098981077146E-02 -2.6506550218340610E-02
   2.9941775836972342E-02 -2.6419213973799125E-02
   3.0349344978165937E-02 -2.6433770014556036E-02
   3.0713245997088790E-02 -2.6462882096069867E-02
   3.1106259097525471E-02 -2.6564774381368266E-02
   3.1572052401746722E-02 -2.6739446870451235E-02
   3.1892285298398833E-02 -2.6899563318777291E-02
   3.2183406113537115E-02 -2.7190684133915573E-02
   3.2416302765647741E-02 -2.7510917030567687E-02
   3.2518195050946143E-02 -2.7758369723435226E-02
   3.2852983988355171E-02 -2.8209606986899560E-02
   3.3318777292576422E-02 -2.8253275109170303E-02
   3.3857350800582241E-02 -2.8136826783114993E-02
   3.4410480349344977E-02 -2.7874818049490539E-02
   3.4774381368267833E-02 -2.7656477438136824E-02
   3.5516739446870449E-02 -2.8180494905385732E-02
   3.5720524017467253E-02 -2.8384279475982530E-02
   3.6040756914119357E-02 -2.8602620087336241E-02
   3.6302765647743811E-02 -2.8675400291120815E-02
   3.6957787481804949E-02 -2.8820960698689956E-02
   3.7205240174672485E-02 -2.8689956331877729E-02
   3.7569141193595341E-02 -2.8529839883551671E-02
   3.8180494905385734E-02 -2.8558951965065499E-02
   3.8719068413391559E-02 -2.8922852983988355E-02
   3.9374090247452691E-02 -2.9112081513828238E-02
   3.9927219796215427E-02 -2.9184861717612805E-02
   4.0436681222707424E-02 -2.9388646288209606E-02
   4.0931586608442504E-02 -2.9592430858806404E-02
   4.1513828238719068E-02 -2.9665211062590971E-02
   4.1790393013100433E-02 -2.9694323144104803E-02
   4.2358078602620086E-02 -2.9956331877729253E-02
   4.2678311499272197E-02 -2.9665211062590971E-02
   4.3347889374090245E-02 -2.9985443959243085E-02
   4.4221251819505092E-02 -3.0407569141193594E-02
   4.4541484716157202E-02 -3.0582241630276563E-02
   4.4905385735080058E-02 -3.0742358078602622E-02
   4.5429403202328966E-02 -3.0989810771470158E-02
   4.5749636098981070E-02 -3.1193595342066952E-02
   4.6229985443959246E-02 -3.1193595342066952E-02
   4.6681222707423579E-02 -3.1310043668122269E-02
   4.6972343522561862E-02 -3.1455604075691410E-02
   4.7831149927219797E-02 -3.1673944687045125E-02
   4.8966521106259091E-02 -3.1935953420669579E-02
   4.9490538573508006E-02 -3.1965065502183407E-02
   5.0087336244541480E-02 -3.2081513828238720E-02
   5.0698689956331880E-02 -3.2212518195050943E-02
   5.1368267831149922E-02 -3.2270742358078600E-02
   5.2096069868995627E-02 -3.2430858806404658E-02
   5.2590975254730714E-02 -3.2590975254730710E-02
   5.2911208151382817E-02 -3.2721979621542940E-02
   5.3566229985443962E-02 -3.2882096069868992E-02
   5.4119359534206692E-02 -3.3056768558951961E-02
   5.4832605531295486E-02 -3.3173216885007274E-02
   5.5458515283842796E-02 -3.3362445414847154E-02
   5.6069868995633182E-02 -3.3551673944687048E-02
   5.6666666666666664E-02 -3.3828238719068413E-02
   5.7117903930130998E-02 -3.3901018922852987E-02
   5.7758369723435225E-02 -3.4104803493449777E-02
   5.8500727802037848E-02 -3.4425036390101894E-02
   5.9082969432314413E-02 -3.4585152838427946E-02
   5.9752547307132461E-02 -3.4788937409024744E-02
   6.0727802037845696E-02 -3.5138282387190682E-02
   6.1572052401746728E-02 -3.5298398835516734E-02
   6.2503639010189224E-02 -3.5400291120815136E-02
   6.2809315866084431E-02 -3.5473071324599703E-02
   6.3260553129548758E-02 -3.5560407569141195E-02
   6.3770014556040755E-02 -3.5720524017467253E-02
   6.4730713245997093E-02 -3.5866084425036387E-02
   6.5167394468704509E-02 -3.5982532751091700E-02
   6.6113537117903923E-02 -3.6069868995633185E-02
   6.6448326055312951E-02 -3.6186317321688498E-02
   6.6652110625909741E-02 -3.6259097525473072E-02
   6.7001455604075680E-02 -3.6244541484716161E-02
   6.7714701601164481E-02 -3.6317321688500728E-02
   6.8326055312954867E-02 -3.6419213973799124E-02
   6.8951965065502177E-02 -3.6564774381368265E-02
   6.9737991266375546E-02 -3.6695778748180495E-02
   7.0218340611353708E-02 -3.6783114992721980E-02
   7.0713245997088781E-02 -3.6855895196506547E-02
   7.1397379912663761E-02 -3.7016011644832605E-02
   7.2125181950509459E-02 -3.7467248908296939E-02
   7.2547307132459965E-02 -3.7554585152838431E-02
   7.3100436681222708E-02 -3.7569141193595341E-02
   7.3944687045123719E-02 -3.7671033478893744E-02
   7.4585152838427940E-02 -3.7452692867540029E-02
   7.5807860262008739E-02 -3.7598253275109170E-02
   7.6346433770014557E-02 -3.7729257641921400E-02
   7.6855895196506555E-02 -3.7831149927219795E-02
   7.7540029112081507E-02 -3.7991266375545847E-02
   7.8558951965065502E-02 -3.8282387190684129E-02
   7.9708879184861720E-02 -3.8515283842794755E-02
   8.0465793304221253E-02 -3.8981077147016006E-02
   8.1149927219796220E-02 -3.9068413391557498E-02
   8.1906841339155739E-02 -3.9228529839883550E-02
   8.2605531295487616E-02 -3.9301310043668124E-02
   8.3173216885007284E-02 -3.9010189228529842E-02
   8.3930131004366804E-02 -3.9024745269286752E-02
   8.4716157205240172E-02 -3.9243085880640460E-02
   8.5647743813682675E-02 -3.9534206695778749E-02
   8.6244541484716150E-02 -3.9621542940320234E-02
   8.7103347889374086E-02 -4.0247452692867537E-02
   8.7845705967976709E-02 -4.0407569141193589E-02
   8.8689956331877720E-02 -4.0596797671033483E-02
   8.9417758369723432E-02 -4.0320232896652111E-02
   9.0247452692867533E-02 -4.0363901018922850E-02
   9.1193595342066947E-02 -4.0494905385735080E-02
   9.2154294032023298E-02 -4.0625909752547304E-02
   9.2605531295487625E-02 -4.0625909752547304E-02
   9.3318777292576413E-02 -4.0727802037845706E-02
   9.4119359534206692E-02 -4.0829694323144108E-02
   9.4657933042212511E-02 -4.0946142649199414E-02
   9.5371179039301299E-02 -4.1572052401746724E-02
   9.6244541484716159E-02 -4.1717612809315865E-02
   9.7016011644832603E-02 -4.1732168850072776E-02
   9.7845705967976704E-02 -4.1368267831149927E-02
   9.8005822416302762E-02 -4.1353711790393016E-02
   0.1006157205240175     -4.1576419213973800E-02
   0.1057991266375546     -4.2442503639010185E-02
   0.1095342066957787     -4.3062590975254729E-02
   0.1118340611353712     -4.3411935953420668E-02
   0.1144032023289665     -4.3823871906841338E-02
   0.1145269286754003     -4.4352256186317322E-02
   0.1147452692867540     -4.4410480349344979E-02
   0.1151673944687045     -4.4541484716157202E-02
   0.1155167394468705     -4.4395924308588061E-02
   0.1159970887918486     -4.4599708879184859E-02
   0.1164774381368268     -4.4774381368267828E-02
   0.1169432314410480     -4.4919941775836969E-02
   0.1174235807860262     -4.5094614264919938E-02
   0.1179621542940320     -4.5225618631732169E-02
   0.1183697234352256     -4.5356622998544392E-02
   0.1187336244541485     -4.5866084425036382E-02
   0.1189810771470160     -4.5953420669577874E-02
   0.1192430858806405     -4.6171761280931589E-02
   0.1196215429403202     -4.6331877729257641E-02
   0.1201164483260553     -4.6433770014556036E-02
   0.1205531295487627     -4.6491994177583693E-02
   0.1208005822416303     -4.6448326055312954E-02
   0.1209606986899563     -4.6288209606986902E-02
   0.1211353711790393     -4.6142649199417754E-02
   0.1213973799126637     -4.5836972343522561E-02
   0.1217321688500728     -4.5400291120815131E-02
