   5.4439592430858804E-03  2.2809315866084423E-02
   5.2547307132459970E-03  2.3056768558951966E-02
   5.0946142649199409E-03  2.3435225618631730E-02
   4.8617176128093161E-03  2.3639010189228531E-02
   4.5705967976710331E-03  2.3493449781659386E-02
   4.1339155749636090E-03  2.3566229985443957E-02
   3.7554585152838427E-03  2.3639010189228531E-02
   3.4643377001455601E-03  2.3770014556040758E-02
   3.1732168850072779E-03  2.3959243085880638E-02
   3.0713245997088788E-03  2.4075691411935950E-02
   2.9257641921397381E-03  2.4177583697234353E-02
   2.8093158660844248E-03  2.4410480349344978E-02
   2.6055312954876273E-03  2.4716157205240175E-02
   2.3871906841339157E-03  2.4876273653566230E-02
   2.1688500727802037E-03  2.4934497816593886E-02
   1.9941775836972344E-03  2.4905385735080054E-02
   1.8486171761280931E-03  2.4745269286754003E-02
   1.6739446870451238E-03  2.4395924308588064E-02
   1.5866084425036390E-03  2.4075691411935950E-02
   1.4992721979621541E-03  2.3770014556040758E-02
   1.3537117903930130E-03  2.3537117903930128E-02
   1.2227074235807861E-03  2.3347889374090249E-02
   1.1790393013100438E-03  2.3085880640465791E-02
   1.0917030567685589E-03  2.2838427947598251E-02
   8.8791848617176118E-04  2.2270742358078601E-02
   9.1703056768558950E-04  2.1630276564774380E-02
   1.0189228529839884E-03  2.0873362445414847E-02
   1.1208151382823871E-03  2.0174672489082970E-02
   1.2663755458515282E-03  1.9839883551673945E-02
   8.0058224163027654E-04  1.9679767103347887E-02
   5.3857350800582239E-04  1.9417758369723436E-02
   3.9301310043668122E-04  1.9039301310043669E-02
   3.9301310043668122E-04  1.8689956331877727E-02
   5.9679767103347893E-04  1.8078602620087335E-02
   7.1324599708879190E-04  1.7365356622998544E-02
   5.6768558951965061E-04  1.6841339155749636E-02
   4.9490538573508007E-04  1.6055312954876274E-02
   4.3668122270742354E-04  1.5647743813682675E-02
  -2.9112081513828238E-05  1.5342066957787483E-02
  -3.2023289665211057E-04  1.5065502183406111E-02
  -5.2401746724890829E-04  1.4701601164483260E-02
  -6.5502183406113536E-04  1.4264919941775835E-02
  -7.5691411935953411E-04  1.3813682678311498E-02
  -8.1513828238719064E-04  1.3245997088791848E-02
  -8.7336244541484707E-04  1.2896652110625909E-02
  -9.1703056768558950E-04  1.2590975254730713E-02
  -9.6069868995633193E-04  1.1630276564774382E-02
  -1.0917030567685589E-03  1.1339155749636098E-02
  -1.2081513828238720E-03  1.1091703056768558E-02
  -1.2809315866084423E-03  1.0524017467248908E-02
  -1.3391557496360989E-03  1.0218340611353710E-02
  -1.7176128093158659E-03  1.0655021834061135E-02
  -2.2852983988355165E-03  1.0756914119359534E-02
  -2.6637554585152838E-03  1.0480349344978166E-02
  -2.9112081513828240E-03  9.9854439592430861E-03
  -3.1732168850072779E-03  9.3158660844250354E-03
  -3.2751091703056767E-03  8.8355167394468699E-03
  -3.3042212518195049E-03  8.6026200873362442E-03
  -3.1004366812227074E-03  8.4570596797671031E-03
  -2.8093158660844248E-03  8.2096069868995616E-03
  -2.5181950509461423E-03  7.9475982532751094E-03
  -2.2561863173216883E-03  7.4672489082969430E-03
  -2.2707423580786024E-03  7.0160116448326048E-03
  -2.3871906841339157E-03  6.8413391557496355E-03
  -2.2125181950509460E-03  6.6229985443959239E-03
  -2.4599708879184863E-03  6.2590975254730712E-03
  -2.6200873362445414E-03  6.0553129548762729E-03
  -2.9403202328966522E-03  5.8515283842794762E-03
  -3.2459970887918485E-03  5.5167394468704509E-03
  -3.3042212518195049E-03  5.2256186317321688E-03
  -3.3187772925764190E-03  4.8762736535662302E-03
  -3.1004366812227074E-03  4.6142649199417754E-03
  -2.7656477438136825E-03  4.3959243085880638E-03
  -2.5473071324599705E-03  4.1921397379912663E-03
  -2.2852983988355165E-03  3.9592430858806406E-03
  -2.0232896652110626E-03  3.4934497816593883E-03
  -1.8922852983988354E-03  3.0858806404657933E-03
  -1.9068413391557495E-03  2.5909752547307132E-03
  -2.1106259097525473E-03  2.0669577874818045E-03
  -2.3580786026200875E-03  1.7030567685589520E-03
  -2.8093158660844248E-03  1.2518195050946141E-03
  -3.1441048034934497E-03  5.6768558951965061E-04
  -3.0567685589519646E-03 -1.4556040756914119E-05
  -2.9112081513828240E-03 -3.2023289665211057E-04
  -2.8675400291120817E-03 -9.3158660844250361E-04
  -2.6928675400291120E-03 -1.2227074235807861E-03
  -2.3289665211062589E-03 -1.0625909752547307E-03
  -2.0378457059679767E-03 -1.0625909752547307E-03
  -1.7321688500727800E-03 -1.6739446870451238E-03
  -1.2954876273653566E-03 -1.7176128093158659E-03
  -8.8791848617176118E-04 -1.7612809315866083E-03
  -4.8034934497816597E-04 -1.8486171761280931E-03
  -2.7656477438136825E-04 -2.2270742358078601E-03
  -8.7336244541484710E-05 -2.6491994177583696E-03
  -2.3289665211062590E-04 -2.9403202328966522E-03
  -5.8224163027656472E-04 -3.2896652110625908E-03
  -5.3857350800582239E-04 -3.5225618631732165E-03
  -1.6011644832605529E-04 -4.0029112081513829E-03
   2.9112081513828238E-05 -4.4687045123726343E-03
   2.9112081513828236E-04 -4.8326055312954879E-03
   7.1324599708879190E-04 -5.2401746724890829E-03
   9.8981077147016015E-04 -5.4002911208151380E-03
   1.3100436681222707E-03 -5.7205240174672493E-03
   1.5429403202328966E-03 -6.3901018922852982E-03
   1.8195050946142649E-03 -6.6957787481804953E-03
   2.1979621542940319E-03 -6.8413391557496355E-03
   2.3580786026200875E-03 -7.1615720524017467E-03
   2.4308588064046580E-03 -7.6710334788937413E-03
   2.4599708879184863E-03 -8.0203784570596799E-03
   2.4599708879184863E-03 -8.5152838427947596E-03
   2.5036390101892281E-03 -8.5298398835516737E-03
   2.8238719068413389E-03 -8.5443959243085878E-03
   3.3187772925764190E-03 -8.5589519650655019E-03
   3.6826783114992721E-03 -8.4716157205240172E-03
   3.8719068413391559E-03 -8.8937409024745263E-03
   4.0611353711790393E-03 -9.3449781659388637E-03
   4.4395924308588061E-03 -9.7379912663755463E-03
   4.8471615720524020E-03 -1.0232896652110624E-02
   5.1091703056768550E-03 -1.0524017467248908E-02
   5.6331877729257638E-03 -1.0931586608442503E-02
   6.1135371179039293E-03 -1.1382823871906842E-02
   6.6375545851528380E-03 -1.1834061135371178E-02
   7.0305676855895189E-03 -1.2125181950509460E-02
   7.5545851528384276E-03 -1.2547307132459971E-02
   7.8893740902474530E-03 -1.2896652110625909E-02
   8.3697234352256185E-03 -1.3202328966521105E-02
   8.7772925764192135E-03 -1.3682678311499271E-02
   9.0101892285298392E-03 -1.4221251819505093E-02
   9.5050946142649206E-03 -1.4759825327510917E-02
   9.8835516739446874E-03 -1.5312954876273653E-02
   1.0160116448326054E-02 -1.5516739446870452E-02
   1.0698689956331877E-02 -1.5924308588064047E-02
   1.1222707423580785E-02 -1.6142649199417759E-02
   1.1804949053857351E-02 -1.6390101892285295E-02
   1.2561863173216885E-02 -1.6928675400291120E-02
   1.3071324599708879E-02 -1.7365356622998544E-02
   1.3595342066957788E-02 -1.7729257641921396E-02
   1.4308588064046579E-02 -1.8005822416302768E-02
   1.4934497816593886E-02 -1.8209606986899562E-02
   1.5604075691411937E-02 -1.8515283842794758E-02
   1.6259097525473071E-02 -1.8981077147016013E-02
   1.6666666666666666E-02 -1.9374090247452690E-02
   1.7147016011644832E-02 -1.9781659388646289E-02
   1.7481804949053856E-02 -2.0029112081513825E-02
   1.7860262008733627E-02 -2.0058224163027657E-02
   1.8253275109170304E-02 -2.0174672489082970E-02
   1.8864628820960700E-02 -2.0393013100436681E-02
   1.9330422125181951E-02 -2.0684133915574963E-02
   1.9592430858806405E-02 -2.0960698689956331E-02
   2.0160116448326056E-02 -2.1251819505094614E-02
   2.0742358078602620E-02 -2.1542940320232896E-02
   2.1499272197962150E-02 -2.1877729257641924E-02
   2.2154294032023288E-02 -2.2125181950509460E-02
   2.2911208151382822E-02 -2.2401746724890832E-02
   2.3245997088791846E-02 -2.2503639010189227E-02
   2.3755458515283844E-02 -2.2678311499272196E-02
   2.4454148471615721E-02 -2.3260553129548760E-02
   2.4687045123726346E-02 -2.3406113537117905E-02
   2.5094614264919941E-02 -2.3624454148471613E-02
   2.5502183406113536E-02 -2.3915574963609899E-02
   2.5953420669577874E-02 -2.3973799126637555E-02
   2.6360989810771469E-02 -2.4032023289665212E-02
   2.6608442503639008E-02 -2.3959243085880638E-02
   2.6943231441048033E-02 -2.4483260553129545E-02
   2.7176128093158659E-02 -2.4847161572052398E-02
   2.7307132459970886E-02 -2.5007278020378457E-02
   2.8180494905385732E-02 -2.5036390101892285E-02
   2.8369723435225615E-02 -2.5094614264919941E-02
   2.9024745269286754E-02 -2.5283842794759825E-02
   2.9446870451237263E-02 -2.5604075691411935E-02
   3.0087336244541487E-02 -2.6084425036390101E-02
   3.0640465793304220E-02 -2.6288209606986898E-02
   3.1528384279475984E-02 -2.6593886462882094E-02
   3.2183406113537115E-02 -2.6695778748180497E-02
   3.2503639010189225E-02 -2.6739446870451235E-02
   3.2940320232896649E-02 -2.6622998544395923E-02
   3.3275109170305676E-02 -2.7001455604075689E-02
   3.3799126637554584E-02 -2.7438136826783113E-02
   3.4570596797671035E-02 -2.7743813682678312E-02
   3.5021834061135369E-02 -2.7918486171761282E-02
   3.5633187772925762E-02 -2.8078602620087337E-02
   3.6273653566229982E-02 -2.8224163027656478E-02
   3.6986899563318777E-02 -2.8340611353711791E-02
   3.7569141193595341E-02 -2.8355167394468701E-02
   3.8151382823871906E-02 -2.8471615720524014E-02
   3.8922852983988350E-02 -2.8689956331877729E-02
   3.9475982532751086E-02 -2.8806404657933042E-02
   4.0393013100436678E-02 -2.9010189228529836E-02
   4.1193595342066958E-02 -2.9082969432314410E-02
   4.1077147016011645E-02 -2.9315866084425032E-02
   4.1499272197962150E-02 -2.9505094614264919E-02
   4.2168850072780206E-02 -3.0174672489082968E-02
   4.2736535662299853E-02 -3.0320232896652113E-02
   4.3391557496360984E-02 -3.0422125181950505E-02
   4.4250363901018920E-02 -3.0218340611353710E-02
   4.5065502183406110E-02 -3.0276564774381367E-02
   4.5691411935953420E-02 -3.0480349344978161E-02
   4.6375545851528380E-02 -3.0684133915574965E-02
   4.7234352256186315E-02 -3.0873362445414845E-02
   4.7903930131004364E-02 -3.1499272197962155E-02
   4.8733624454148465E-02 -3.1601164483260551E-02
   4.9039301310043665E-02 -3.1717612809315864E-02
   4.9039301310043665E-02 -3.2212518195050943E-02
   4.9170305676855895E-02 -3.2838427947598253E-02
   4.9243085880640462E-02 -3.3551673944687048E-02
   4.9286754002911208E-02 -3.4221251819505090E-02
   4.9359534206695775E-02 -3.4716157205240170E-02
   4.9475982532751088E-02 -3.4919941775836974E-02
   4.9519650655021834E-02 -3.4803493449781661E-02
   4.9519650655021834E-02 -3.4643377001455603E-02
   4.9665211062590975E-02 -3.4090247452692866E-02
   4.9679767103347885E-02 -3.3609898107714704E-02
   4.9665211062590975E-02 -3.3071324599708879E-02
   4.9781659388646288E-02 -3.2430858806404658E-02
   4.9912663755458511E-02 -3.2023289665211063E-02
   5.0480349344978165E-02 -3.1994177583697235E-02
   5.1179039301310042E-02 -3.2066957787481802E-02
   5.1877729257641919E-02 -3.2343522561863174E-02
   5.2634643377001453E-02 -3.2605531295487628E-02
   5.3202328966521106E-02 -3.2780203784570590E-02
   5.3595342066957784E-02 -3.2940320232896649E-02
   5.3857350800582245E-02 -3.3245997088791841E-02
   5.4090247452692870E-02 -3.3478893740902474E-02
   5.4425036390101891E-02 -3.3580786026200869E-02
   5.5109170305676851E-02 -3.3639010189228526E-02
   5.6128093158660838E-02 -3.3770014556040756E-02
   5.6855895196506551E-02 -3.3988355167394464E-02
   5.7510917030567682E-02 -3.4264919941775836E-02
   5.8326055312954872E-02 -3.4395924308588059E-02
   5.9184861717612808E-02 -3.4163027656477434E-02
   6.0160116448326049E-02 -3.4323144104803492E-02
   6.0349344978165936E-02 -3.4337700145560403E-02
   6.0349344978165936E-02 -3.4541484716157207E-02
   6.0393013100436682E-02 -3.4949053857350795E-02
   6.0538573508005816E-02 -3.5269286754002913E-02
   6.0800582241630270E-02 -3.5473071324599703E-02
   6.1266375545851522E-02 -3.5531295487627360E-02
   6.1630276564774378E-02 -3.5502183406113538E-02
   6.2241630276564770E-02 -3.5633187772925762E-02
   6.2794759825327506E-02 -3.5531295487627360E-02
   6.3085880640465788E-02 -3.5502183406113538E-02
   6.3799126637554576E-02 -3.5560407569141195E-02
   6.4730713245997093E-02 -3.5691411935953418E-02
   6.5720524017467238E-02 -3.6040756914119357E-02
   6.6215429403202325E-02 -3.6229985443959237E-02
   6.6768558951965054E-02 -3.6346433770014550E-02
   6.7190684133915574E-02 -3.6360989810771474E-02
   6.7845705967976705E-02 -3.5982532751091700E-02
   6.8646288209606984E-02 -3.5997088791848611E-02
   6.9170305676855892E-02 -3.6259097525473072E-02
   6.9068413391557490E-02 -3.6477438136826787E-02
   6.9184861717612803E-02 -3.6855895196506547E-02
   6.9650655021834054E-02 -3.6928675400291121E-02
   6.9868995633187769E-02 -3.6928675400291121E-02
   7.0160116448326051E-02 -3.6841339155749636E-02
   7.0567685589519646E-02 -3.7161572052401746E-02
   7.1062590975254719E-02 -3.7379912663755455E-02
   7.1630276564774387E-02 -3.7656477438136819E-02
   7.2023289665211071E-02 -3.7612809315866087E-02
   7.2678311499272202E-02 -3.7510917030567685E-02
   7.3391557496360990E-02 -3.7525473071324596E-02
   7.4250363901018926E-02 -3.7569141193595341E-02
   7.5123726346433758E-02 -3.7758369723435221E-02
   7.6229985443959244E-02 -3.8093158660844249E-02
   7.6506550218340616E-02 -3.8093158660844249E-02
   7.6724890829694317E-02 -3.8165938864628816E-02
   7.7117903930131002E-02 -3.8282387190684129E-02
   7.7598253275109177E-02 -3.8282387190684129E-02
   7.8355167394468697E-02 -3.8122270742358071E-02
   7.8660844250363890E-02 -3.8340611353711786E-02
   7.9301310043668125E-02 -3.8864628820960694E-02
   7.9621542940320228E-02 -3.8908296943231439E-02
   8.0334788937409030E-02 -3.8908296943231439E-02
   8.0902474526928669E-02 -3.8981077147016006E-02
   8.1004366812227058E-02 -3.9082969432314409E-02
   8.1586608442503636E-02 -3.9257641921397378E-02
   8.2358078602620094E-02 -3.9112081513828244E-02
   8.3333333333333329E-02 -3.9199417758369721E-02
   8.3915574963609893E-02 -3.9228529839883550E-02
   8.4759825327510918E-02 -3.9257641921397378E-02
   8.5822416302765644E-02 -3.9650655021834062E-02
   8.7016011644832594E-02 -3.9927219796215427E-02
   8.8165938864628826E-02 -4.0611353711790393E-02
   8.8937409024745270E-02 -4.0713245997088796E-02
   8.9606986899563312E-02 -4.0902474526928675E-02
   9.0917030567685589E-02 -4.0960698689956332E-02
   9.1994177583697240E-02 -4.1048034934497810E-02
   9.2896652110625907E-02 -4.1237263464337703E-02
   9.4075691411935947E-02 -4.1572052401746724E-02
   9.5414847161572044E-02 -4.1703056768558955E-02
   9.6288209606986905E-02 -4.1804949053857350E-02
   9.7496360989810779E-02 -4.2445414847161571E-02
   9.8311499272197955E-02 -4.2576419213973794E-02
   9.9548762736535665E-02 -4.2634643377001458E-02
   0.1002037845705968     -4.2416302765647743E-02
   0.1007132459970888     -4.2634643377001458E-02
   0.1013828238719068     -4.2852983988355166E-02
   0.1022852983988355     -4.2823871906841338E-02
   0.1027656477438137     -4.2998544395924300E-02
   0.1037554585152838     -4.3347889374090245E-02
   0.1050946142649199     -4.3639010189228535E-02
   0.1058660844250364     -4.3347889374090245E-02
   0.1063173216885007     -4.3377001455604074E-02
   0.1071906841339156     -4.3566229985443954E-02
   0.1082387190684134     -4.3813682678311497E-02
   0.1091120815138282     -4.4002911208151384E-02
   0.1101892285298399     -4.4352256186317322E-02
   0.1106841339155750     -4.4410480349344979E-02
   0.1115866084425036     -4.4890829694323141E-02
   0.1124454148471616     -4.5036390101892282E-02
   0.1135225618631732     -4.5225618631732169E-02
   0.1149636098981077     -4.5109170305676856E-02
   0.1165502183406113     -4.5385735080058220E-02
   0.1180931586608442     -4.6084425036390098E-02
   0.1192139737991266     -4.6491994177583693E-02
   0.1192430858806405     -4.6724890829694318E-02
   0.1192285298398836     -4.7714701601164485E-02
   0.1190975254730713     -4.8719068413391554E-02
   0.1190538573508006     -4.9272197962154290E-02
   0.1187918486171761     -5.0058224163027652E-02
   0.1185443959243086     -5.0538573508005821E-02
   0.1182678311499272     -5.1164483260553131E-02
   0.1180786026200873     -5.2052401746724888E-02
   0.1184133915574963     -5.1935953420669576E-02
   0.1187190684133916     -5.1586608442503637E-02
   0.1191266375545851     -5.1120815138282386E-02
   0.1194323144104803     -5.0407569141193598E-02
   0.1198398835516740     -4.9708879184861714E-02
   0.1203639010189228     -4.8951965065502180E-02
   0.1207132459970888     -4.8296943231441049E-02
   0.1212663755458515     -4.7627365356623000E-02
   0.1215574963609898     -4.7874818049490536E-02
   0.1220232896652110     -4.7962154294032021E-02
   0.1226783114992722     -4.7991266375545849E-02
   0.1231877729257642     -4.7598253275109172E-02
   0.1234934497816594     -4.7350800582241628E-02
   0.1239010189228530     -4.7059679767103346E-02
   0.1245123726346434     -4.7336244541484711E-02
   0.1250655021834061     -4.7452692867540024E-02
   0.1254585152838428     -4.7365356622998546E-02
   0.1262590975254731     -4.7933042212518193E-02
   0.1269723435225619     -4.8005822416302767E-02
   0.1276855895196506     -4.8107714701601162E-02
   0.1285443959243086     -4.8195050946142647E-02
   0.1294323144104803     -4.8326055312954870E-02
   0.1304657933042212     -4.8457059679767107E-02
   0.1308733624454148     -4.8500727802037839E-02
   0.1319650655021834     -4.8136826783114990E-02
   0.1331295487627366     -4.8340611353711788E-02
   0.1340611353711791     -4.8457059679767107E-02
   0.1352692867540029     -4.9243085880640462E-02
   0.1360262008733625     -4.9417758369723432E-02
   0.1368704512372635     -4.9461426491994177E-02
   0.1374672489082970     -4.9475982532751088E-02
   0.1387627365356623     -4.9621542940320229E-02
   0.1401018922852984     -4.9825327510917027E-02
   0.1409606986899563     -4.9825327510917027E-02
   0.1422125181950509     -4.9999999999999996E-02
   0.1432459970887918     -5.0116448326055309E-02
   0.1445269286754003     -5.0451237263464337E-02
   0.1459534206695779     -5.0640465793304223E-02
   0.1474235807860262     -5.0800582241630275E-02
   0.1482969432314410     -5.1048034934497818E-02
   0.1491120815138282     -5.1382823871906839E-02
   0.1497671033478894     -5.1513828238719070E-02
   0.1506113537117904     -5.1717612809315860E-02
   0.1515720524017467     -5.1965065502183404E-02
   0.1524017467248908     -5.2052401746724888E-02
   0.1533915574963610     -5.2008733624454143E-02
   0.1540611353711790     -5.1659388646288204E-02
   0.1547307132459971     -5.0887918486171760E-02
   0.1551528384279476     -5.0422125181950508E-02
   0.1567976710334789     -5.0072780203784570E-02
   0.1590101892285298     -5.0029112081513824E-02
   0.1613537117903930     -5.0655021834061134E-02
   0.1618340611353712     -5.1470160116448324E-02
   0.1621397379912664     -5.1630276564774383E-02
   0.1625327510917031     -5.1732168850072785E-02
   0.1629548762736536     -5.1863173216885002E-02
   0.1632168850072780     -5.2052401746724888E-02
   0.1636535662299854     -5.2270742358078603E-02
   0.1641775836972343     -5.2416302765647745E-02
   0.1648471615720524     -5.2678311499272192E-02
   0.1653275109170306     -5.2780203784570594E-02
   0.1663027656477438     -5.2707423580786027E-02
   0.1667540029112081     -5.2707423580786027E-02
   0.1673071324599709     -5.2503639010189229E-02
   0.1677147016011645     -5.2590975254730714E-02
   0.1684133915574964     -5.2751091703056766E-02
   0.1692430858806405     -5.2911208151382817E-02
   0.1705676855895197     -5.3478893740902471E-02
   0.1716593886462882     -5.3566229985443962E-02
   0.1726346433770014     -5.3697234352256186E-02
   0.1737263464337700     -5.3842794759825320E-02
   0.1745997088791849     -5.3959243085880633E-02
   0.1757059679767103     -5.4002911208151379E-02
   0.1767685589519651     -5.4133915574963602E-02
   0.1778457059679767     -5.4264919941775833E-02
   0.1788500727802038     -5.4497816593886458E-02
   0.1796215429403202     -5.4730713245997084E-02
   0.1805240174672489     -5.4934497816593882E-02
   0.1811790393013100     -5.5138282387190686E-02
   0.1824163027656477     -5.5342066957787484E-02
   0.1836535662299854     -5.5545851528384274E-02
   0.1844395924308588     -5.5924308588064048E-02
   0.1855021834061135     -5.6098981077147017E-02
   0.1867103347889374     -5.6302765647743808E-02
   0.1881222707423581     -5.6550218340611351E-02
   0.1892721979621543     -5.6724890829694327E-02
   0.1903493449781659     -5.6841339155749640E-02
   0.1918049490538573     -5.7030567685589520E-02
   0.1929548762736536     -5.7117903930130998E-02
   0.1939592430858806     -5.7292576419213974E-02
   0.1949053857350801     -5.7452692867540026E-02
   0.1962008733624454     -5.7743813682678308E-02
   0.1969141193595342     -5.7860262008733621E-02
   0.1975109170305677     -5.7933042212518195E-02
   0.1982096069868996     -5.8020378457059672E-02
   0.1993740902474527     -5.8151382823871903E-02
   0.2004075691411936     -5.8267831149927216E-02
   0.2012954876273653     -5.8355167394468707E-02
   0.2021397379912664     -5.8369723435225611E-02
   0.2032023289665211     -5.8529839883551669E-02
   0.2041630276564774     -5.8689956331877728E-02
   0.2050800582241630     -5.8908296943231436E-02
   0.2061280931586608     -5.9024745269286749E-02
   0.2069286754002911     -5.9155749636098980E-02
   0.2079330422125182     -5.9243085880640464E-02
   0.2093304221251819     -5.9344978165938859E-02
   0.2102620087336244     -5.9432314410480351E-02
   0.2110189228529840     -5.9126637554585151E-02
   0.2121834061135371     -5.9213973799126629E-02
   0.2131732168850073     -5.9315866084425038E-02
   0.2141630276564774     -5.9970887918486170E-02
   0.2150509461426492     -6.0116448326055311E-02
   0.2159970887918486     -6.0174672489082974E-02
   0.2167103347889374     -6.0116448326055311E-02
   0.2177147016011645     -6.0145560407569132E-02
   0.2192430858806405     -6.0276564774381369E-02
   0.2202328966521106     -6.0232896652110623E-02
   0.2211499272197962     -6.0291120815138287E-02
   0.2227510917030568     -6.0451237263464332E-02
   0.2242212518195051     -6.0684133915574957E-02
   0.2252838427947598     -6.1062590975254731E-02
   0.2263173216885007     -6.1237263464337693E-02
   0.2275691411935953     -6.1353711790393006E-02
   0.2289665211062591     -6.1310043668122267E-02
   0.2303784570596798     -6.1441048034934498E-02
   0.2316593886462882     -6.1426491994177580E-02
   0.2325327510917030     -6.1441048034934498E-02
   0.2336390101892285     -6.1426491994177580E-02
   0.2343522561863173     -6.1499272197962147E-02
   0.2359097525473071     -6.1572052401746728E-02
   0.2378165938864629     -6.1484716157205244E-02
   0.2383697234352256     -6.1499272197962147E-02
   0.2392430858806404     -6.1528384279475982E-02
   0.2397962154294032     -6.1557496360989811E-02
   0.2409752547307132     -6.1149927219796209E-02
   0.2414992721979622     -6.1324599708879185E-02
   0.2424163027656477     -6.1397379912663752E-02
   0.2435516739446870     -6.1732168850072773E-02
   0.2444395924308588     -6.1819505094614258E-02
   0.2453711790393013     -6.1921397379912653E-02
   0.2463464337700145     -6.2008733624454145E-02
   0.2471906841339156     -6.2066957787481808E-02
   0.2481659388646288     -6.1892285298398832E-02
   0.2487336244541485     -6.1586608442503632E-02
   0.2490101892285298     -6.1397379912663752E-02
