   3.8427947598253277E-03  1.9184861717612810E-02
   3.6681222707423580E-03  1.9374090247452690E-02
   3.5225618631732165E-03  1.9490538573508003E-02
   3.2023289665211062E-03  1.9737991266375543E-02
   2.9548762736535663E-03  1.9941775836972344E-02
   2.6055312954876273E-03  2.0145560407569138E-02
   2.1834061135371178E-03  2.0378457059679764E-02
   1.8631732168850072E-03  2.0538573508005822E-02
   1.5429403202328966E-03  2.0669577874818046E-02
   1.2518195050946141E-03  2.0698689956331878E-02
   1.0043668122270743E-03  2.0698689956331878E-02
   7.8602620087336243E-04  2.0363901018922853E-02
   6.9868995633187768E-04  2.0116448326055313E-02
   5.9679767103347893E-04  1.9810771470160117E-02
   5.0946142649199418E-04  1.9374090247452690E-02
   6.2590975254730704E-04  1.8879184861717611E-02
   6.9868995633187768E-04  1.8282387190684132E-02
   6.2590975254730704E-04  1.7772925764192139E-02
   4.5123726346433770E-04  1.7452692867540028E-02
   4.6579330422125181E-04  1.6928675400291120E-02
   5.3857350800582239E-04  1.6506550218340608E-02
   2.3289665211062590E-04  1.6288209606986900E-02
  -4.6579330422125181E-04  1.5836972343522562E-02
  -5.3857350800582239E-04  1.5312954876273653E-02
  -5.9679767103347893E-04  1.4905385735080058E-02
  -5.5312954876273650E-04  1.4526928675400291E-02
  -5.2401746724890829E-04  1.4148471615720522E-02
  -4.3668122270742354E-04  1.4017467248908295E-02
  -1.8922852983988353E-04  1.3871906841339154E-02
  -1.4556040756914119E-05  1.3697234352256185E-02
   1.1644832605531295E-04  1.3537117903930132E-02
   8.7336244541484710E-05  1.3333333333333332E-02
  -7.2780203784570589E-05  1.2882096069868995E-02
  -3.3478893740902473E-04  1.2547307132459971E-02
  -3.6390101892285300E-04  1.2270742358078601E-02
  -4.3668122270742354E-04  1.1863173216885006E-02
  -5.5312954876273650E-04  1.1382823871906842E-02
  -7.1324599708879190E-04  1.0800582241630276E-02
  -6.9868995633187768E-04  1.0465793304221252E-02
  -8.0058224163027654E-04  9.6069868995633193E-03
  -8.8791848617176118E-04  9.1703056768558944E-03
  -9.3158660844250361E-04  8.5880640465793301E-03
  -9.6069868995633193E-04  8.2241630276564757E-03
  -9.7525473071324604E-04  7.6564774381368264E-03
  -1.1353711790393012E-03  7.3508005822416301E-03
  -1.2227074235807861E-03  7.1179039301310035E-03
  -1.4556040756914120E-03  6.7831149927219800E-03
  -1.7467248908296941E-03  6.6084425036390098E-03
  -2.0960698689956331E-03  6.3755458515283841E-03
  -2.2852983988355165E-03  5.8806404657933044E-03
  -2.5618631732168846E-03  5.5167394468704509E-03
  -2.7365356622998543E-03  4.9053857350800584E-03
  -2.6637554585152838E-03  4.7452692867540032E-03
  -2.2998544395924306E-03  4.6724890829694318E-03
  -2.1542940320232896E-03  4.5851528384279472E-03
  -1.7467248908296941E-03  4.1921397379912663E-03
  -1.5138282387190682E-03  3.9155749636098983E-03
  -1.3537117903930130E-03  3.4788937409024742E-03
  -1.2227074235807861E-03  3.1004366812227074E-03
  -1.2081513828238720E-03  2.6928675400291120E-03
  -1.6011644832605531E-03  2.2707423580786024E-03
  -1.7321688500727800E-03  1.6593886462882095E-03
  -1.7612809315866083E-03  1.0625909752547307E-03
  -1.5866084425036390E-03  5.3857350800582239E-04
  -1.4992721979621541E-03  2.1834061135371177E-04
  -1.5138282387190682E-03  2.9112081513828238E-05
  -1.3828238719068413E-03 -8.7336244541484710E-05
  -1.1353711790393012E-03 -2.0378457059679766E-04
  -8.1513828238719064E-04 -4.0756914119359532E-04
  -6.1135371179039304E-04 -6.9868995633187768E-04
  -5.0946142649199418E-04 -9.7525473071324604E-04
  -4.0756914119359532E-04 -1.2954876273653566E-03
  -8.7336244541484710E-05 -1.7612809315866083E-03
  -2.3289665211062590E-04 -2.2707423580786024E-03
  -6.4046579330422114E-04 -2.5909752547307132E-03
  -6.5502183406113536E-04 -2.8529839883551676E-03
  -3.3478893740902473E-04 -3.1149927219796215E-03
  -1.7467248908296942E-04 -3.2023289665211062E-03
   2.0378457059679766E-04 -3.4788937409024742E-03
   4.3668122270742354E-04 -3.4934497816593883E-03
   7.1324599708879190E-04 -3.9301310043668124E-03
   1.3245997088791848E-03 -5.1237263464337691E-03
   1.5574963609898108E-03 -5.5021834061135368E-03
   1.7612809315866083E-03 -5.8515283842794762E-03
   2.0232896652110626E-03 -6.2590975254730712E-03
   2.3435225618631730E-03 -6.5647743813682675E-03
   2.7219796215429402E-03 -7.1615720524017467E-03
   3.2751091703056767E-03 -7.6564774381368264E-03
   3.6681222707423580E-03 -8.7481804949053853E-03
   4.0465793304221252E-03 -9.4032023289665218E-03
   4.4687045123726343E-03 -1.0000000000000000E-02
   4.8326055312954879E-03 -1.0524017467248908E-02
   5.2983988355167393E-03 -1.0946142649199417E-02
   5.8660844250363903E-03 -1.1499272197962155E-02
   6.2882096069868994E-03 -1.1965065502183405E-02
   7.1033478893740894E-03 -1.2954876273653566E-02
   7.9475982532751094E-03 -1.3770014556040756E-02
   8.4716157205240172E-03 -1.4264919941775835E-02
   8.8209606986899558E-03 -1.4730713245997088E-02
   9.2576419213973790E-03 -1.4949053857350798E-02
   9.7379912663755463E-03 -1.5269286754002910E-02
   1.0684133915574963E-02 -1.6098981077147016E-02
   1.1499272197962155E-02 -1.6593886462882096E-02
   1.2183406113537116E-02 -1.6885007278020378E-02
   1.2576419213973799E-02 -1.7132459970887918E-02
   1.3158660844250363E-02 -1.7714701601164482E-02
   1.3842794759825326E-02 -1.8398835516739445E-02
   1.4381368267831150E-02 -1.8791848617176126E-02
   1.5065502183406111E-02 -1.8879184861717611E-02
   1.5691411935953421E-02 -1.9199417758369721E-02
   1.6914119359534206E-02 -1.9781659388646289E-02
   1.8020378457059678E-02 -2.0393013100436681E-02
   1.8762736535662298E-02 -2.0815138282387190E-02
   1.9286754002911206E-02 -2.1033478893740902E-02
   1.9810771470160117E-02 -2.1411935953420669E-02
   2.0640465793304218E-02 -2.1834061135371178E-02
   2.1135371179039301E-02 -2.2416302765647742E-02
   2.1819505094614267E-02 -2.2649199417758368E-02
   2.2692867540029114E-02 -2.3042212518195049E-02
   2.3653566229985441E-02 -2.3362445414847159E-02
   2.4032023289665212E-02 -2.3595342066957785E-02
   2.4381368267831150E-02 -2.3842794759825325E-02
   2.4570596797671030E-02 -2.4017467248908294E-02
   2.5050946142649199E-02 -2.4119359534206696E-02
   2.5749636098981080E-02 -2.4410480349344978E-02
   2.6273653566229987E-02 -2.4701601164483260E-02
   2.6899563318777291E-02 -2.5021834061135367E-02
   2.7772925764192137E-02 -2.5298398835516739E-02
   2.8675400291120815E-02 -2.5589519650655021E-02
   2.9694323144104803E-02 -2.5735080058224162E-02
   3.0334788937409023E-02 -2.6098981077147018E-02
   3.0858806404657935E-02 -2.6448326055312953E-02
   3.1280931586608440E-02 -2.6724890829694321E-02
   3.1703056768558953E-02 -2.6914119359534205E-02
   3.2285298398835517E-02 -2.7030567685589518E-02
   3.2751091703056769E-02 -2.7147016011644830E-02
   3.3042212518195051E-02 -2.7190684133915573E-02
   3.3522561863173213E-02 -2.7234352256186315E-02
   3.3959243085880643E-02 -2.7292576419213972E-02
   3.4177583697234351E-02 -2.7379912663755456E-02
   3.4774381368267833E-02 -2.7627365356622999E-02
   3.5167394468704510E-02 -2.7656477438136824E-02
   3.6200873362445415E-02 -2.7772925764192137E-02
   3.6681222707423577E-02 -2.7889374090247450E-02
   3.7132459970887918E-02 -2.8151382823871907E-02
   3.7321688500727798E-02 -2.8195050946142650E-02
   3.7554585152838431E-02 -2.8224163027656478E-02
   3.7991266375545847E-02 -2.8311499272197959E-02
   3.8544395924308590E-02 -2.8704512372634643E-02
   3.8791848617176126E-02 -2.8850072780203784E-02
   3.9184861717612811E-02 -2.9039301310043668E-02
   3.9679767103347890E-02 -2.9141193595342063E-02
   4.0436681222707424E-02 -2.9330422125181950E-02
   4.1411935953420666E-02 -2.9301310043668118E-02
   4.2212518195050945E-02 -2.9563318777292576E-02
   4.2940320232896650E-02 -2.9752547307132459E-02
   4.3653566229985445E-02 -2.9956331877729253E-02
   4.4337700145560405E-02 -3.0611353711790395E-02
   4.5181950509461423E-02 -3.0917030567685591E-02
   4.5633187772925757E-02 -3.0989810771470158E-02
   4.6259097525473067E-02 -3.1149927219796217E-02
   4.7088791848617174E-02 -3.1339155749636097E-02
   4.7248908296943226E-02 -3.1644832605531296E-02
   4.7394468704512374E-02 -3.2081513828238720E-02
   4.7467248908296941E-02 -3.2096069868995630E-02
   4.7729257641921395E-02 -3.1877729257641922E-02
   4.7918486171761275E-02 -3.1804949053857348E-02
   4.8151382823871901E-02 -3.1819505094614266E-02
   4.8762736535662300E-02 -3.1921397379912661E-02
   4.9592430858806401E-02 -3.2212518195050943E-02
   5.0247452692867539E-02 -3.2401746724890830E-02
   5.1179039301310042E-02 -3.2620087336244545E-02
   5.1877729257641919E-02 -3.2794759825327514E-02
   5.2358078602620088E-02 -3.2809315866084425E-02
   5.2882096069868996E-02 -3.2838427947598253E-02
   5.3289665211062591E-02 -3.3027656477438140E-02
   5.3740902474526932E-02 -3.3129548762736528E-02
   5.4512372634643376E-02 -3.3362445414847154E-02
   5.5181950509461425E-02 -3.3508005822416302E-02
   5.6259097525473069E-02 -3.3260553129548766E-02
   5.6622998544395925E-02 -3.3275109170305676E-02
   5.7001455604075685E-02 -3.3537117903930130E-02
   5.7671033478893734E-02 -3.3828238719068413E-02
   5.8864628820960690E-02 -3.4410480349344977E-02
   5.9505094614264918E-02 -3.4512372634643372E-02
   6.0116448326055311E-02 -3.4541484716157207E-02
   6.0786026200873360E-02 -3.4628820960698692E-02
   6.0946142649199418E-02 -3.4847161572052400E-02
   6.1397379912663752E-02 -3.4978165938864630E-02
   6.2154294032023279E-02 -3.5123726346433765E-02
   6.2794759825327506E-02 -3.5312954876273651E-02
   6.3187772925764191E-02 -3.5443959243085882E-02
   6.3973799126637546E-02 -3.5662299854439597E-02
   6.4934497816593884E-02 -3.5487627365356621E-02
   6.5589519650655029E-02 -3.5647743813682672E-02
   6.6317321688500727E-02 -3.5807860262008731E-02
   6.6957787481804948E-02 -3.6011644832605536E-02
   6.7365356622998543E-02 -3.6535662299854436E-02
   6.7598253275109169E-02 -3.6550218340611354E-02
   6.8049490538573509E-02 -3.6579330422125182E-02
   6.8908296943231431E-02 -3.6768558951965062E-02
   6.9301310043668116E-02 -3.6812227074235808E-02
   6.9737991266375546E-02 -3.6826783114992725E-02
   7.0553129548762722E-02 -3.6986899563318777E-02
   7.1353711790393015E-02 -3.7205240174672485E-02
   7.1994177583697222E-02 -3.7263464337700142E-02
   7.2561863173216889E-02 -3.7263464337700142E-02
   7.3216885007278021E-02 -3.7394468704512372E-02
   7.3770014556040750E-02 -3.7045123726346434E-02
   7.4337700145560404E-02 -3.7205240174672485E-02
   7.5050946142649191E-02 -3.7379912663755455E-02
   7.5807860262008739E-02 -3.7641921397379909E-02
   7.6098981077147007E-02 -3.8122270742358071E-02
   7.6550218340611362E-02 -3.8355167394468703E-02
   7.7074235807860256E-02 -3.8500727802037844E-02
   7.7510917030567686E-02 -3.8529839883551673E-02
   7.7991266375545848E-02 -3.8471615720524016E-02
   7.8675400291120814E-02 -3.8486171761280934E-02
   7.9767103347889376E-02 -3.8180494905385734E-02
   8.0509461426491985E-02 -3.8267831149927219E-02
   8.1004366812227058E-02 -3.8340611353711786E-02
   8.1644832605531292E-02 -3.8457059679767099E-02
   8.2241630276564781E-02 -3.8646288209606992E-02
   8.2969432314410480E-02 -3.8806404657933037E-02
   8.3493449781659387E-02 -3.8937409024745268E-02
   8.4148471615720519E-02 -3.9126637554585147E-02
   8.4818049490538575E-02 -3.9636098981077145E-02
   8.5560407569141197E-02 -3.9767103347889375E-02
   8.6171761280931583E-02 -3.9883551673944688E-02
   8.6870451237263460E-02 -4.0043668122270740E-02
   8.7496360989810770E-02 -4.0160116448326053E-02
   8.8471615720524019E-02 -3.9883551673944688E-02
   8.9068413391557494E-02 -4.0043668122270740E-02
   8.9592430858806402E-02 -4.0247452692867537E-02
   9.0538573508005815E-02 -4.0480349344978163E-02
   9.1033478893740888E-02 -4.0582241630276565E-02
   9.1659388646288198E-02 -4.0669577874818050E-02
   9.2270742358078611E-02 -4.0756914119359527E-02
   9.2794759825327505E-02 -4.0873362445414840E-02
   9.3522561863173204E-02 -4.1280931586608435E-02
   9.3944687045123723E-02 -4.1615720524017463E-02
   9.4454148471615720E-02 -4.1746724890829694E-02
   9.5036390101892285E-02 -4.1877729257641917E-02
   9.5429403202328969E-02 -4.1877729257641917E-02
   9.6244541484716159E-02 -4.1950509461426491E-02
   9.6754002911208156E-02 -4.1644832605531291E-02
   9.7481804949053855E-02 -4.1732168850072776E-02
   9.8180494905385732E-02 -4.1834061135371178E-02
   9.8850072780203788E-02 -4.1921397379912663E-02
   9.9315866084425039E-02 -4.2066957787481804E-02
   9.9606986899563307E-02 -4.2561863173216884E-02
   0.1000727802037846     -4.2561863173216884E-02
   0.1005094614264920     -4.2620087336244540E-02
   0.1010771470160116     -4.2794759825327509E-02
   0.1016157205240175     -4.2940320232896650E-02
   0.1021834061135371     -4.3042212518195046E-02
   0.1027802037845706     -4.2823871906841338E-02
   0.1035080058224163     -4.2896652110625912E-02
   0.1044541484716157     -4.2911208151382822E-02
   0.1051382823871907     -4.2925764192139733E-02
   0.1059388646288210     -4.2925764192139733E-02
   0.1063755458515284     -4.2925764192139733E-02
   0.1067976710334789     -4.2998544395924300E-02
   0.1071906841339156     -4.3071324599708881E-02
   0.1075691411935953     -4.3289665211062589E-02
   0.1081804949053857     -4.3580786026200871E-02
   0.1088500727802038     -4.4017467248908294E-02
   0.1096360989810771     -4.4061135371179040E-02
   0.1103493449781659     -4.4133915574963607E-02
   0.1107132459970888     -4.4352256186317322E-02
   0.1110625909752547     -4.4177583697234353E-02
   0.1117030567685589     -4.4163027656477435E-02
   0.1123580786026201     -4.4206695778748174E-02
   0.1131877729257642     -4.4250363901018920E-02
   0.1143085880640466     -4.4876273653566230E-02
   0.1148034934497817     -4.4919941775836969E-02
   0.1152983988355167     -4.5021834061135371E-02
   0.1158369723435226     -4.5181950509461423E-02
   0.1165211062590975     -4.5385735080058220E-02
   0.1171324599708879     -4.5443959243085877E-02
   0.1175545851528384     -4.5458515283842794E-02
   0.1179912663755458     -4.5429403202328966E-02
   0.1184425036390102     -4.5443959243085877E-02
   0.1190101892285298     -4.5502183406113533E-02
   0.1190393013100437     -4.5866084425036382E-02
   0.1190829694323144     -4.6346433770014558E-02
   0.1191557496360990     -4.6710334788937408E-02
   0.1196652110625910     -4.6797671033478892E-02
   0.1201164483260553     -4.6448326055312954E-02
   0.1206550218340611     -4.6390101892285297E-02
   0.1209024745269287     -4.6535662299854438E-02
   0.1211353711790393     -4.6812227074235810E-02
   0.1214701601164483     -4.7147016011644831E-02
   0.1217467248908297     -4.7248908296943226E-02
   0.1222270742358079     -4.7161572052401748E-02
   0.1226491994177584     -4.6914119359534205E-02
   0.1231877729257642     -4.7045123726346436E-02
   0.1237117903930131     -4.6797671033478892E-02
   0.1239737991266375     -4.6681222707423579E-02
   0.1239592430858806     -4.6943231441048033E-02
   0.1239301310043668     -4.7045123726346436E-02
   0.1241484716157205     -4.7234352256186315E-02
   0.1245851528384279     -4.7307132459970883E-02
   0.1249344978165939     -4.7350800582241628E-02
   0.1252401746724891     -4.7350800582241628E-02
   0.1255749636098981     -4.7292576419213972E-02
   0.1261572052401747     -4.7045123726346436E-02
   0.1265793304221252     -4.6914119359534205E-02
   0.1268704512372635     -4.6826783114992721E-02
   0.1271179039301310     -4.6870451237263466E-02
   0.1279330422125182     -4.6899563318777288E-02
   0.1281222707423581     -4.6914119359534205E-02
   0.1285152838427948     -4.6914119359534205E-02
   0.1288646288209607     -4.6637554585152841E-02
   0.1294032023289665     -4.6797671033478892E-02
   0.1298544395924308     -4.6885007278020377E-02
   0.1305531295487627     -4.7030567685589518E-02
   0.1311353711790393     -4.7234352256186315E-02
   0.1320087336244541     -4.7816593886462880E-02
   0.1327947598253275     -4.7991266375545849E-02
   0.1334206695778748     -4.8064046579330423E-02
   0.1339592430858806     -4.8107714701601162E-02
   0.1346724890829694     -4.8151382823871901E-02
   0.1354730713245997     -4.8151382823871901E-02
   0.1362736535662300     -4.8165938864628818E-02
   0.1367248908296943     -4.8282387190684131E-02
   0.1371470160116448     -4.8384279475982526E-02
   0.1374963609898108     -4.8398835516739444E-02
   0.1380058224163028     -4.8529839883551674E-02
   0.1386899563318777     -4.8675400291120809E-02
   0.1391848617176128     -4.8660844250363898E-02
   0.1396652110625910     -4.8544395924308585E-02
   0.1400436681222707     -4.8631732168850077E-02
   0.1407278020378457     -4.8835516739446867E-02
   0.1414847161572052     -4.8937409024745269E-02
   0.1421688500727802     -4.8981077147016015E-02
   0.1428966521106259     -4.9039301310043665E-02
   0.1435225618631732     -4.9330422125181954E-02
   0.1441921397379913     -4.9548762736535662E-02
   0.1449781659388646     -4.9737991266375542E-02
   0.1457205240174672     -4.9825327510917027E-02
   0.1464628820960699     -4.9999999999999996E-02
   0.1470596797671034     -5.0232896652110622E-02
   0.1476419213973799     -5.0349344978165934E-02
   0.1480349344978166     -5.0262008733624450E-02
   0.1484425036390102     -5.0043668122270742E-02
   0.1490247452692867     -4.9883551673944683E-02
   0.1497962154294032     -4.9927219796215429E-02
   0.1504949053857351     -5.0218340611353711E-02
   0.1511935953420669     -5.0451237263464337E-02
   0.1519068413391557     -5.0684133915574962E-02
   0.1526637554585153     -5.0887918486171760E-02
   0.1532605531295488     -5.1018922852983983E-02
   0.1540756914119360     -5.1149927219796214E-02
   0.1545414847161572     -5.1179039301310042E-02
   0.1547743813682678     -5.1193595342066953E-02
   0.1549636098981077     -5.1091703056768550E-02
   0.1550946142649199     -5.0436681222707419E-02
   0.1551819505094614     -5.0014556040756913E-02
   0.1552256186317321     -4.9679767103347885E-02
   0.1567976710334789     -5.0072780203784570E-02
   0.1590101892285298     -5.0029112081513824E-02
   0.1613537117903930     -5.0655021834061134E-02
   0.1634206695778748     -5.0931586608442506E-02
   0.1650800582241630     -5.1091703056768550E-02
   0.1659097525473071     -5.1339155749636101E-02
   0.1660844250363901     -5.1790393013100434E-02
   0.1665938864628821     -5.2066957787481799E-02
   0.1669577874818050     -5.2256186317321686E-02
   0.1676855895196507     -5.2401746724890827E-02
   0.1684861717612809     -5.2445414847161566E-02
   0.1689228529839883     -5.2459970887918483E-02
   0.1692867540029112     -5.2459970887918483E-02
   0.1697962154294032     -5.2445414847161566E-02
   0.1705822416302765     -5.2445414847161566E-02
   0.1711790393013100     -5.2503639010189229E-02
   0.1717903930131004     -5.2692867540029109E-02
   0.1721106259097525     -5.2736535662299855E-02
   0.1722852983988355     -5.2838427947598250E-02
   0.1727074235807860     -5.3100436681222704E-02
   0.1731732168850073     -5.3173216885007278E-02
   0.1738282387190684     -5.3202328966521106E-02
   0.1744541484716157     -5.3260553129548756E-02
   0.1752256186317322     -5.3318777292576419E-02
   0.1762590975254731     -5.3202328966521106E-02
   0.1771470160116448     -5.3347889374090247E-02
   0.1778893740902474     -5.3478893740902471E-02
   0.1784570596797671     -5.3551673944687045E-02
   0.1793449781659389     -5.3595342066957784E-02
   0.1803347889374090     -5.3770014556040753E-02
   0.1813973799126637     -5.4279475982532750E-02
   0.1823871906841339     -5.4366812227074235E-02
   0.1834934497816594     -5.4497816593886458E-02
   0.1843813682678311     -5.4643377001455599E-02
   0.1850946142649199     -5.4759825327510912E-02
   0.1857059679767103     -5.4788937409024747E-02
   0.1862299854439592     -5.4759825327510912E-02
   0.1867831149927220     -5.4818049490538569E-02
   0.1872780203784571     -5.4832605531295486E-02
   0.1879475982532751     -5.4934497816593882E-02
   0.1886608442503639     -5.5050946142649194E-02
   0.1903493449781659     -5.5196506550218336E-02
   0.1909024745269287     -5.5254730713245999E-02
   0.1918195050946143     -5.5312954876273648E-02
   0.1929839883551674     -5.5531295487627363E-02
   0.1942649199417758     -5.5676855895196505E-02
   0.1952547307132460     -5.5735080058224154E-02
   0.1965938864628821     -5.5895196506550213E-02
   0.1975836972343522     -5.5997088791848615E-02
   0.1984716157205240     -5.6113537117903928E-02
   0.1994614264919942     -5.6259097525473069E-02
   0.2003784570596798     -5.6404657933042210E-02
   0.2013245997088792     -5.6433770014556038E-02
   0.2025327510917030     -5.6622998544395925E-02
   0.2037845705967977     -5.6783114992721977E-02
   0.2049053857350800     -5.6885007278020372E-02
   0.2057205240174672     -5.6928675400291118E-02
   0.2066229985443959     -5.7016011644832602E-02
   0.2075836972343522     -5.7147016011644833E-02
   0.2086026200873362     -5.6943231441048028E-02
   0.2098689956331878     -5.7016011644832602E-02
   0.2110480349344978     -5.7438136826783108E-02
   0.2121542940320233     -5.7510917030567682E-02
   0.2131295487627365     -5.7525473071324600E-02
   0.2144104803493450     -5.7554585152838421E-02
   0.2153129548762736     -5.7685589519650651E-02
   0.2161717612809316     -5.7743813682678308E-02
   0.2171761280931586     -5.7496360989810771E-02
   0.2183697234352256     -5.7583697234352256E-02
   0.2193595342066958     -5.7700145560407569E-02
   0.2205676855895196     -5.7860262008733621E-02
   0.2218340611353712     -5.8020378457059672E-02
   0.2230422125181951     -5.8355167394468707E-02
   0.2239446870451237     -5.8413391557496357E-02
   0.2248326055312955     -5.8457059679767102E-02
   0.2254730713245997     -5.8369723435225611E-02
   0.2261135371179039     -5.8384279475982535E-02
   0.2271470160116448     -5.8427947598253274E-02
   0.2284570596797671     -5.8617176128093161E-02
   0.2299126637554585     -5.8806404657933041E-02
   0.2309606986899563     -5.8922852983988354E-02
   0.2320815138282387     -5.9097525473071316E-02
   0.2331732168850073     -5.9301310043668121E-02
   0.2347307132459971     -5.9475982532751097E-02
   0.2366957787481805     -5.9636098981077149E-02
   0.2376564774381368     -5.9650655021834059E-02
   0.2389082969432314     -5.9679767103347880E-02
   0.2397379912663755     -5.9577874818049485E-02
   0.2408005822416303     -5.9534206695778746E-02
   0.2420087336244542     -5.9548762736535664E-02
   0.2427074235807860     -5.9563318777292568E-02
   0.2435807860262009     -5.9097525473071316E-02
   0.2444104803493450     -5.8777292576419213E-02
