   2.9519650655021833E-02  4.3464337700145558E-02
   2.9359534206695775E-02  4.3726346433770012E-02
   2.9199417758369720E-02  4.4133915574963607E-02
   2.9039301310043668E-02  4.4352256186317322E-02
   2.8893740902474523E-02  4.4366812227074233E-02
   2.8602620087336241E-02  4.4163027656477435E-02
   2.8486171761280928E-02  4.3653566229985445E-02
   2.8515283842794760E-02  4.3114992721979613E-02
   2.8631732168850073E-02  4.2969432314410479E-02
   2.7976710334788938E-02  4.2474526928675399E-02
   2.7452692867540030E-02  4.2037845705967976E-02
   2.6899563318777291E-02  4.1601164483260553E-02
   2.6754002911208153E-02  4.1790393013100433E-02
   2.6550218340611352E-02  4.1994177583697230E-02
   2.6200873362445413E-02  4.2023289665211058E-02
   2.5924308588064049E-02  4.1673944687045120E-02
   2.5895196506550217E-02  4.1339155749636092E-02
   2.6011644832605530E-02  4.1077147016011645E-02
   2.5749636098981080E-02  4.0756914119359527E-02
   2.5560407569141193E-02  4.0611353711790393E-02
   2.5414847161572052E-02  4.0640465793304215E-02
   2.5167394468704512E-02  4.0887918486171765E-02
   2.4556040756914119E-02  4.0625909752547304E-02
   2.4294032023289665E-02  4.0465793304221252E-02
   2.3973799126637555E-02  4.0203784570596798E-02
   2.3784570596797668E-02  3.9737991266375547E-02
   2.3770014556040758E-02  3.9374090247452691E-02
   2.3842794759825325E-02  3.9053857350800580E-02
   2.3580786026200874E-02  3.8806404657933037E-02
   2.3260553129548760E-02  3.8500727802037844E-02
   2.2940320232896654E-02  3.8282387190684129E-02
   2.2867540029112080E-02  3.8442503639010188E-02
   2.2721979621542938E-02  3.8719068413391559E-02
   2.2401746724890832E-02  3.8835516739446872E-02
   2.2110625909752549E-02  3.9199417758369721E-02
   2.1935953420669580E-02  3.8631732168850068E-02
   2.2008733624454147E-02  3.8340611353711786E-02
   2.1484716157205239E-02  3.7860262008733624E-02
   2.0698689956331878E-02  3.7176128093158664E-02
   1.9883551673944688E-02  3.6550218340611354E-02
   1.9694323144104801E-02  3.6666666666666667E-02
   1.9374090247452690E-02  3.6914119359534203E-02
   1.8457059679767102E-02  3.7030567685589516E-02
   1.8122270742358081E-02  3.6855895196506547E-02
   1.8020378457059678E-02  3.6477438136826787E-02
   1.8049490538573507E-02  3.5953420669577872E-02
   1.8267831149927218E-02  3.5342066957787480E-02
   1.8020378457059678E-02  3.4963609898107713E-02
   1.7583697234352255E-02  3.4483260553129544E-02
   1.7278020378457059E-02  3.4454148471615716E-02
   1.7088791848617176E-02  3.4599708879184857E-02
   1.6885007278020378E-02  3.5036390101892287E-02
   1.6754002911208151E-02  3.5269286754002913E-02
   1.6637554585152838E-02  3.5487627365356621E-02
   1.6331877729257639E-02  3.5487627365356621E-02
   1.6026200873362446E-02  3.5007278020378459E-02
   1.5749636098981078E-02  3.4832605531295482E-02
   1.5502183406113536E-02  3.4468704512372633E-02
   1.5167394468704512E-02  3.3842794759825330E-02
   1.4803493449781657E-02  3.3333333333333333E-02
   1.4628820960698688E-02  3.3071324599708879E-02
   1.4337700145560408E-02  3.2663755458515277E-02
   1.3901018922852983E-02  3.2212518195050943E-02
   1.3551673944687046E-02  3.1834061135371176E-02
   1.3173216885007277E-02  3.1848617176128094E-02
   1.2925764192139737E-02  3.1441048034934499E-02
   1.2489082969432314E-02  3.0800582241630278E-02
   1.2212518195050944E-02  3.0393013100436680E-02
   1.1775836972343523E-02  2.9927219796215428E-02
   1.1237263464337699E-02  2.9432314410480345E-02
   1.0756914119359534E-02  2.8791848617176128E-02
   1.0174672489082968E-02  2.8136826783114993E-02
   9.6797671033478899E-03  2.7641921397379914E-02
   9.3595342066957778E-03  2.7321688500727800E-02
   8.8500727802037840E-03  2.6739446870451235E-02
   8.4133915574963608E-03  2.6215429403202331E-02
   8.0203784570596799E-03  2.5778748180494904E-02
   7.1906841339155749E-03  2.4526928675400291E-02
   6.4483260553129546E-03  2.3828238719068414E-02
   5.7933042212518198E-03  2.3362445414847159E-02
   5.4294032023289663E-03  2.2983988355167392E-02
   5.1965065502183405E-03  2.2503639010189227E-02
   4.6870451237263459E-03  2.1921397379912663E-02
   4.4832605531295484E-03  2.1572052401746724E-02
   3.9883551673944688E-03  2.0873362445414847E-02
   3.5953420669577875E-03  1.9985443959243086E-02
   3.3624454148471618E-03  1.9403202328966519E-02
   2.7365356622998543E-03  1.9199417758369721E-02
   2.2998544395924306E-03  1.9155749636098982E-02
   1.7321688500727800E-03  1.8937409024745267E-02
   1.5574963609898108E-03  1.8704512372634641E-02
   1.2663755458515282E-03  1.8064046579330424E-02
   1.2372634643377002E-03  1.7525473071324599E-02
   1.4556040756914120E-03  1.6943231441048034E-02
   1.6739446870451238E-03  1.6622998544395921E-02
   1.4556040756914120E-03  1.6171761280931587E-02
   1.2954876273653566E-03  1.5778748180494906E-02
   8.8791848617176118E-04  1.5283842794759825E-02
   6.5502183406113536E-04  1.4818049490538573E-02
   5.3857350800582239E-04  1.4701601164483260E-02
   1.7467248908296942E-04  1.4745269286754001E-02
  -2.7656477438136825E-04  1.4672489082969432E-02
  -6.9868995633187768E-04  1.4352256186317322E-02
  -1.1499272197962153E-03  1.3682678311499271E-02
  -1.2809315866084423E-03  1.3085880640465793E-02
  -1.3537117903930130E-03  1.2328966521106259E-02
  -1.2809315866084423E-03  1.1761280931586609E-02
  -1.0043668122270743E-03  1.1557496360989811E-02
  -5.6768558951965061E-04  1.1353711790393012E-02
  -6.8413391557496357E-04  1.0742358078602620E-02
  -8.2969432314410475E-04  1.0029112081513827E-02
  -9.4614264919941772E-04  9.1994177583697226E-03
  -1.0917030567685589E-03  8.1950509461426475E-03
  -1.1790393013100438E-03  7.5254730713245994E-03
  -1.3391557496360989E-03  7.4818049490538571E-03
  -2.0232896652110626E-03  7.1906841339155749E-03
  -2.2561863173216883E-03  6.9432314410480343E-03
  -2.3871906841339157E-03  6.1135371179039293E-03
  -2.3726346433770016E-03  5.3857350800582239E-03
  -2.0815138282387186E-03  5.1382823871906833E-03
  -1.7758369723435224E-03  4.9053857350800584E-03
  -1.3682678311499271E-03  4.6433770014556036E-03
  -1.3100436681222707E-03  4.2940320232896650E-03
  -1.3100436681222707E-03  3.6535662299854439E-03
  -1.1790393013100438E-03  3.3915574963609900E-03
  -1.3100436681222707E-03  3.3624454148471618E-03
  -1.8486171761280931E-03  2.8238719068413389E-03
  -1.7612809315866083E-03  2.5909752547307132E-03
  -1.3391557496360989E-03  2.4745269286754004E-03
  -1.0189228529839884E-03  2.3289665211062589E-03
  -9.7525473071324604E-04  1.8631732168850072E-03
  -9.3158660844250361E-04  9.7525473071324604E-04
  -8.7336244541484707E-04  3.0567685589519652E-04
  -9.4614264919941772E-04 -2.3289665211062590E-04
  -1.0043668122270743E-03 -7.8602620087336243E-04
  -8.4425036390101897E-04 -1.5429403202328966E-03
  -6.8413391557496357E-04 -1.4264919941775838E-03
  -4.2212518195050948E-04 -1.2954876273653566E-03
  -3.2023289665211057E-04 -2.1251819505094614E-03
  -1.4556040756914118E-04 -3.0276564774381364E-03
   1.4556040756914118E-04 -3.6972343522561862E-03
   6.8413391557496357E-04 -4.4541484716157202E-03
   9.3158660844250361E-04 -5.1528384279475974E-03
   1.6011644832605531E-03 -5.9097525473071327E-03
   1.9068413391557495E-03 -6.5502183406113534E-03
   2.4308588064046580E-03 -6.9868995633187766E-03
   2.9548762736535663E-03 -7.6128093158660841E-03
   3.3478893740902477E-03 -8.3114992721979603E-03
   3.7845705967976709E-03 -8.9519650655021828E-03
   4.2212518195050945E-03 -9.5924308588064052E-03
   4.8617176128093161E-03 -1.0087336244541483E-02
   5.4730713245997086E-03 -1.0844250363901018E-02
   5.9825327510917023E-03 -1.1572052401746726E-02
   6.3027656477438136E-03 -1.1994177583697233E-02
   6.7976710334788941E-03 -1.2561863173216885E-02
   7.3799126637554583E-03 -1.3639010189228530E-02
   7.9475982532751094E-03 -1.4206695778748179E-02
   8.4861717612809313E-03 -1.4730713245997088E-02
   8.8064046579330417E-03 -1.5109170305676855E-02
   9.4032023289665218E-03 -1.5458515283842796E-02
   1.0014556040756913E-02 -1.5778748180494906E-02
   1.0844250363901018E-02 -1.6157205240174673E-02
   1.1528384279475983E-02 -1.6506550218340608E-02
   1.2590975254730713E-02 -1.7059679767103347E-02
   1.3085880640465793E-02 -1.7350800582241629E-02
   1.3639010189228530E-02 -1.8238719068413393E-02
   1.4133915574963608E-02 -1.8573508005822414E-02
   1.4701601164483260E-02 -1.8850072780203782E-02
   1.5327510917030567E-02 -1.9199417758369721E-02
   1.5720524017467249E-02 -1.9403202328966519E-02
   1.6390101892285295E-02 -1.9868995633187773E-02
   1.6797671033478893E-02 -2.0189228529839884E-02
   1.7307132459970887E-02 -2.0509461426491994E-02
   1.8049490538573507E-02 -2.0989810771470160E-02
   1.8748180494905384E-02 -2.1484716157205239E-02
   1.9577874818049488E-02 -2.1965065502183405E-02
   1.9650655021834062E-02 -2.2372634643377000E-02
   2.0189228529839884E-02 -2.2154294032023288E-02
   2.0174672489082970E-02 -2.2270742358078601E-02
   2.0203784570596794E-02 -2.2620087336244540E-02
   2.0655021834061135E-02 -2.2954876273653564E-02
   2.1004366812227074E-02 -2.3100436681222705E-02
   2.1426491994177583E-02 -2.3100436681222705E-02
   2.1935953420669580E-02 -2.3071324599708877E-02
   2.2314410480349343E-02 -2.3071324599708877E-02
   2.2751091703056767E-02 -2.3129548762736533E-02
   2.3173216885007279E-02 -2.3275109170305674E-02
   2.4046579330422126E-02 -2.3711790393013101E-02
   2.4759825327510917E-02 -2.3799126637554586E-02
   2.5516739446870450E-02 -2.4148471615720524E-02
   2.6433770014556036E-02 -2.4410480349344978E-02
   2.7641921397379914E-02 -2.4745269286754003E-02
   2.8719068413391554E-02 -2.5007278020378457E-02
   2.9737991266375548E-02 -2.5458515283842794E-02
   3.0713245997088790E-02 -2.5851528384279475E-02
   3.1572052401746722E-02 -2.6433770014556036E-02
   3.2328966521106256E-02 -2.6608442503639008E-02
   3.2911208151382827E-02 -2.6914119359534205E-02
   3.3828238719068413E-02 -2.7016011644832603E-02
   3.4526928675400290E-02 -2.7452692867540030E-02
   3.5109170305676854E-02 -2.7743813682678312E-02
   3.5866084425036387E-02 -2.7933042212518196E-02
   3.6608442503639010E-02 -2.8136826783114993E-02
   3.7307132459970881E-02 -2.8340611353711791E-02
   3.8093158660844249E-02 -2.8471615720524014E-02
   3.8893740902474529E-02 -2.8748180494905386E-02
   3.9432314410480347E-02 -2.8908296943231441E-02
   4.0247452692867537E-02 -2.9141193595342063E-02
   4.1033478893740899E-02 -2.9403202328966521E-02
   4.1703056768558955E-02 -2.9679767103347889E-02
   4.2299854439592430E-02 -2.9810771470160115E-02
   4.3114992721979613E-02 -3.0014556040756910E-02
   4.3973799126637549E-02 -3.0276564774381367E-02
   4.4963609898107715E-02 -3.0713245997088790E-02
   4.5225618631732169E-02 -3.0771470160116447E-02
   4.5662299854439592E-02 -3.0815138282387189E-02
   4.6288209606986902E-02 -3.0902474526928677E-02
   4.7117903930131003E-02 -3.1193595342066952E-02
   4.7976710334788931E-02 -3.1630276564774379E-02
   4.8893740902474524E-02 -3.1790393013100438E-02
   4.9825327510917027E-02 -3.2008733624454146E-02
   5.0771470160116447E-02 -3.2139737991266376E-02
   5.1542940320232891E-02 -3.2561863173216882E-02
   5.2489082969432312E-02 -3.2794759825327514E-02
   5.3318777292576419E-02 -3.2867540029112081E-02
   5.4148471615720520E-02 -3.2969432314410484E-02
   5.4512372634643376E-02 -3.3042212518195051E-02
   5.5167394468704507E-02 -3.3333333333333333E-02
   5.6186317321688495E-02 -3.3740902474526928E-02
   5.6652110625909746E-02 -3.3915574963609897E-02
   5.7845705967976710E-02 -3.3770014556040756E-02
   5.8893740902474526E-02 -3.4061135371179038E-02
   5.9723435225618626E-02 -3.4177583697234351E-02
   6.0218340611353713E-02 -3.4628820960698692E-02
   6.0713245997088792E-02 -3.4628820960698692E-02
   6.1280931586608439E-02 -3.4643377001455603E-02
   6.1877729257641921E-02 -3.4745269286754005E-02
   6.2314410480349337E-02 -3.4963609898107713E-02
   6.2751091703056761E-02 -3.5342066957787480E-02
   6.3508005822416294E-02 -3.5473071324599703E-02
   6.4177583697234350E-02 -3.5371179039301308E-02
   6.4716157205240168E-02 -3.5633187772925762E-02
   6.5254730713245987E-02 -3.5662299854439597E-02
   6.5924308588064043E-02 -3.5662299854439597E-02
   6.6535662299854428E-02 -3.5400291120815136E-02
   6.7423580786026199E-02 -3.5531295487627360E-02
   6.7933042212518183E-02 -3.5793304221251820E-02
   6.8558951965065493E-02 -3.6026200873362446E-02
   6.9301310043668116E-02 -3.6652110625909749E-02
   6.9985443959243082E-02 -3.6841339155749636E-02
   7.0829694323144093E-02 -3.6972343522561860E-02
   7.1542940320232895E-02 -3.7147016011644829E-02
   7.2314410480349339E-02 -3.6972343522561860E-02
   7.2969432314410471E-02 -3.7132459970887918E-02
   7.3653566229985437E-02 -3.7307132459970881E-02
   7.4541484716157208E-02 -3.7481804949053857E-02
   7.5473071324599697E-02 -3.7656477438136819E-02
   7.6957787481804943E-02 -3.7918486171761280E-02
   7.8020378457059683E-02 -3.8427947598253277E-02
   7.8835516739446873E-02 -3.8588064046579329E-02
   7.9708879184861720E-02 -3.8675400291120814E-02
   8.0960698689956326E-02 -3.8500727802037844E-02
   8.1994177583697231E-02 -3.8689956331877724E-02
   8.2867540029112077E-02 -3.8733624454148470E-02
   8.3784570596797669E-02 -3.8922852983988350E-02
   8.4803493449781650E-02 -3.9082969432314409E-02
   8.5909752547307136E-02 -3.9315866084425034E-02
   8.6870451237263460E-02 -4.0000000000000001E-02
   8.7700145560407575E-02 -4.0203784570596798E-02
   8.8617176128093153E-02 -4.0422125181950506E-02
   9.0218340611353712E-02 -4.0291120815138276E-02
   9.0436681222707427E-02 -4.0524017467248902E-02
   9.0844250363901008E-02 -4.0625909752547304E-02
   9.1397379912663751E-02 -4.0611353711790393E-02
   9.1863173216885002E-02 -4.0553129548762737E-02
   9.2547307132459969E-02 -4.0713245997088796E-02
   9.3260553129548757E-02 -4.1353711790393016E-02
   9.3740902474526933E-02 -4.1339155749636092E-02
   9.4104803493449782E-02 -4.1324599708879181E-02
   9.4133915574963603E-02 -4.1426491994177583E-02
   9.4323144104803497E-02 -4.1717612809315865E-02
   9.4876273653566226E-02 -4.1906841339155745E-02
   9.5240174672489075E-02 -4.1761280931586604E-02
   9.5414847161572044E-02 -4.1426491994177583E-02
   9.5866084425036385E-02 -4.1411935953420666E-02
   9.7219796215429408E-02 -4.1601164483260553E-02
   9.8165938864628807E-02 -4.1703056768558955E-02
   9.9301310043668115E-02 -4.1790393013100433E-02
   0.1005094614264920     -4.1863173216885007E-02
   0.1015720524017467     -4.2474526928675399E-02
   0.1015574963609898     -4.2649199417758368E-02
   0.1015138282387191     -4.2896652110625912E-02
   0.1017321688500728     -4.2911208151382822E-02
   0.1021688500727802     -4.2852983988355166E-02
   0.1025473071324600     -4.2780203784570599E-02
   0.1033042212518195     -4.2809315866084420E-02
   0.1037409024745269     -4.2911208151382822E-02
   0.1043668122270742     -4.2634643377001458E-02
   0.1051091703056768     -4.2721979621542942E-02
   0.1059097525473071     -4.2896652110625912E-02
   0.1067394468704512     -4.2983988355167389E-02
   0.1076564774381368     -4.3493449781659387E-02
   0.1084279475982533     -4.3537117903930132E-02
   0.1088791848617176     -4.3726346433770012E-02
   0.1097234352256186     -4.4061135371179040E-02
   0.1106113537117904     -4.4250363901018920E-02
   0.1114264919941776     -4.4366812227074233E-02
   0.1119505094614265     -4.4483260553129546E-02
   0.1128529839883552     -4.4468704512372635E-02
   0.1133770014556041     -4.4454148471615718E-02
   0.1138864628820961     -4.4526928675400292E-02
   0.1147307132459971     -4.4687045123726343E-02
   0.1154002911208151     -4.4774381368267828E-02
   0.1162590975254731     -4.5298398835516736E-02
   0.1170305676855895     -4.5531295487627368E-02
   0.1176710334788937     -4.5764192139737994E-02
   0.1181513828238719     -4.5807860262008726E-02
   0.1190975254730713     -4.5836972343522561E-02
   0.1199708879184862     -4.5851528384279472E-02
   0.1198981077147016     -4.6317321688500723E-02
   0.1198107714701601     -4.6579330422125184E-02
   0.1198107714701601     -4.6812227074235810E-02
   0.1203347889374090     -4.6914119359534205E-02
   0.1206259097525473     -4.6797671033478892E-02
   0.1216011644832605     -4.6579330422125184E-02
   0.1219359534206696     -4.6317321688500723E-02
   0.1217903930131004     -4.6608442503639005E-02
   0.1216302765647744     -4.7307132459970883E-02
   0.1215574963609898     -4.7540029112081515E-02
   0.1220524017467249     -4.7438136826783113E-02
   0.1223580786026201     -4.7350800582241628E-02
   0.1227802037845706     -4.7132459970887913E-02
   0.1233624454148472     -4.7074235807860257E-02
   0.1239010189228530     -4.7001455604075690E-02
   0.1244541484716157     -4.6957787481804944E-02
   0.1248762736535662     -4.7467248908296941E-02
   0.1255312954876274     -4.7612809315866082E-02
   0.1260553129548763     -4.7612809315866082E-02
   0.1265065502183406     -4.7467248908296941E-02
   0.1272343522561863     -4.7496360989810769E-02
   0.1277001455604076     -4.7583697234352254E-02
   0.1284133915574963     -4.7787481804949052E-02
   0.1291703056768559     -4.8005822416302767E-02
   0.1302183406113537     -4.8311499272197959E-02
   0.1311062590975255     -4.8005822416302767E-02
   0.1319796215429403     -4.8093158660844244E-02
   0.1326637554585153     -4.8151382823871901E-02
   0.1337409024745269     -4.8675400291120809E-02
   0.1349199417758370     -4.8748180494905390E-02
   0.1360262008733625     -4.8835516739446867E-02
   0.1373362445414847     -4.8500727802037839E-02
   0.1381659388646288     -4.8573508005822420E-02
   0.1394177583697234     -4.8733624454148465E-02
   0.1401601164483260     -4.8806404657933039E-02
   0.1412954876273654     -4.8864628820960702E-02
   0.1425764192139738     -4.8937409024745269E-02
   0.1436535662299854     -4.9141193595342060E-02
   0.1446724890829694     -4.9374090247452693E-02
   0.1455167394468704     -4.9563318777292580E-02
   0.1467540029112082     -4.9723435225618631E-02
   0.1481222707423581     -4.9883551673944683E-02
   0.1493740902474527     -5.0451237263464337E-02
   0.1503784570596798     -5.0567685589519649E-02
   0.1517176128093159     -5.0349344978165934E-02
   0.1526783114992722     -5.0465793304221254E-02
   0.1535080058224163     -5.0524017467248911E-02
   0.1537700145560408     -5.0451237263464337E-02
   0.1545123726346434     -5.0465793304221254E-02
   0.1551965065502184     -5.0567685589519649E-02
   0.1554148471615720     -5.0494905385735075E-02
   0.1557787481804949     -5.0072780203784570E-02
   0.1590101892285298     -5.0029112081513824E-02
   0.1613537117903930     -5.0655021834061134E-02
   0.1634206695778748     -5.0931586608442506E-02
   0.1639155749636099     -5.1062590975254729E-02
   0.1639592430858806     -5.1455604075691413E-02
   0.1642503639010189     -5.1630276564774383E-02
   0.1647161572052402     -5.1790393013100434E-02
   0.1652838427947598     -5.1906841339155747E-02
   0.1658660844250364     -5.2066957787481799E-02
   0.1665793304221252     -5.2125181950509455E-02
   0.1674235807860262     -5.2212518195050940E-02
   0.1681513828238719     -5.2256186317321686E-02
   0.1691848617176128     -5.2518195050946140E-02
   0.1701455604075691     -5.2809315866084422E-02
   0.1709898107714702     -5.2867540029112078E-02
   0.1717030567685589     -5.2838427947598250E-02
   0.1726637554585153     -5.2896652110625907E-02
   0.1734352256186317     -5.2969432314410481E-02
   0.1746579330422125     -5.3144104803493443E-02
   0.1755749636098981     -5.3013100436681219E-02
   0.1766375545851528     -5.3173216885007278E-02
   0.1774526928675400     -5.3245997088791845E-02
   0.1784133915574964     -5.3304221251819502E-02
   0.1796652110625910     -5.3522561863173217E-02
   0.1805385735080058     -5.3740902474526932E-02
   0.1811790393013100     -5.3842794759825320E-02
   0.1818340611353712     -5.4046579330422125E-02
   0.1826491994177584     -5.4235807860262004E-02
   0.1835080058224163     -5.4425036390101891E-02
   0.1841339155749636     -5.4556040756914122E-02
   0.1848617176128093     -5.4556040756914122E-02
   0.1858369723435225     -5.4585152838427943E-02
   0.1866084425036390     -5.4643377001455599E-02
   0.1875109170305677     -5.4832605531295486E-02
   0.1882241630276565     -5.4934497816593882E-02
   0.1888355167394469     -5.4963609898107710E-02
   0.1895342066957788     -5.4963609898107710E-02
   0.1904366812227074     -5.5123726346433768E-02
   0.1911790393013100     -5.5211062590975253E-02
   0.1920378457059680     -5.5342066957787484E-02
   0.1928966521106259     -5.5429403202328961E-02
   0.1939592430858806     -5.5545851528384274E-02
   0.1955312954876273     -5.5895196506550213E-02
   0.1968850072780204     -5.6200873362445412E-02
   0.1975109170305677     -5.6346433770014553E-02
   0.1982678311499272     -5.6477438136826777E-02
   0.1997962154294032     -5.6826783114992716E-02
   0.2009024745269287     -5.6943231441048028E-02
   0.2018777292576419     -5.6637554585152836E-02
   0.2031004366812227     -5.6666666666666664E-02
   0.2045705967976710     -5.7103347889374087E-02
   0.2053566229985444     -5.7132459970887915E-02
   0.2065793304221252     -5.7321688500727795E-02
   0.2079621542940320     -5.7569141193595338E-02
   0.2089665211062591     -5.7714701601164480E-02
   0.2101310043668122     -5.7540029112081510E-02
   0.2112663755458515     -5.7583697234352256E-02
   0.2129403202328966     -5.7612809315866084E-02
   0.2139883551673945     -5.7583697234352256E-02
   0.2156040756914119     -5.7787481804949047E-02
   0.2171615720524017     -5.8064046579330418E-02
   0.2184133915574964     -5.8107714701601164E-02
   0.2201018922852984     -5.8093158660844246E-02
   0.2209606986899563     -5.8180494905385731E-02
   0.2220669577874818     -5.8238719068413394E-02
   0.2231877729257642     -5.8340611353711790E-02
   0.2245123726346434     -5.8515283842794752E-02
   0.2262299854439592     -5.8631732168850065E-02
   0.2277583697234352     -5.8806404657933041E-02
   0.2294759825327511     -5.8966521106259100E-02
   0.2308588064046579     -5.8981077147016003E-02
   0.2318631732168850     -5.8981077147016003E-02
   0.2331441048034934     -5.9024745269286749E-02
   0.2341484716157205     -5.9141193595342062E-02
   0.2349344978165939     -5.9126637554585151E-02
   0.2356186317321688     -5.9097525473071316E-02
   0.2366375545851528     -5.9141193595342062E-02
   0.2377438136826783     -5.9228529839883547E-02
   0.2391557496360990     -5.9388646288209605E-02
   0.2402620087336244     -5.9446870451237255E-02
   0.2414701601164483     -5.9563318777292568E-02
   0.2425473071324600     -5.9723435225618626E-02
   0.2443959243085880     -5.9810771470160111E-02
   0.2452256186317322     -5.9898107714701602E-02
   0.2462736535662300     -5.9868995633187774E-02
   0.2483114992721980     -5.9927219796215424E-02
