   2.9432314410480345E-02  4.4119359534206697E-02
   2.9286754002911208E-02  4.4395924308588061E-02
   2.9184861717612805E-02  4.4585152838427948E-02
   2.9053857350800582E-02  4.4788937409024746E-02
   2.8893740902474523E-02  4.4905385735080058E-02
   2.8689956331877729E-02  4.4905385735080058E-02
   2.8544395924308585E-02  4.4745269286754000E-02
   2.8355167394468701E-02  4.4395924308588061E-02
   2.8326055312954873E-02  4.4017467248908294E-02
   2.8413391557496358E-02  4.3726346433770012E-02
   2.8558951965065499E-02  4.3522561863173215E-02
   2.8165938864628821E-02  4.2838427947598255E-02
   2.7729257641921398E-02  4.2372634643376997E-02
   2.7321688500727800E-02  4.2110625909752543E-02
   2.7147016011644830E-02  4.2168850072780206E-02
   2.6899563318777291E-02  4.2256186317321684E-02
   2.6637554585152837E-02  4.2270742358078602E-02
   2.6317321688500726E-02  4.2081513828238715E-02
   2.6055312954876272E-02  4.1688500727802037E-02
   2.5953420669577874E-02  4.1193595342066958E-02
   2.5589519650655021E-02  4.1164483260553122E-02
   2.5458515283842794E-02  4.1382823871906838E-02
   2.5327510917030567E-02  4.1615720524017463E-02
   2.5080058224163024E-02  4.1732168850072776E-02
   2.4832605531295487E-02  4.1688500727802037E-02
   2.4614264919941772E-02  4.1368267831149927E-02
   2.4526928675400291E-02  4.1033478893740899E-02
   2.4526928675400291E-02  4.0800582241630273E-02
   2.4599708879184858E-02  4.0640465793304215E-02
   2.4250363901018920E-02  4.0320232896652111E-02
   2.3988355167394469E-02  4.0131004366812224E-02
   2.3886462882096070E-02  4.0218340611353709E-02
   2.3740902474526929E-02  4.0378457059679768E-02
   2.3493449781659386E-02  4.0378457059679768E-02
   2.3318777292576417E-02  4.0072780203784568E-02
   2.3289665211062592E-02  3.9825327510917025E-02
   2.3304221251819503E-02  3.9665211062590973E-02
   2.3042212518195049E-02  3.9432314410480347E-02
   2.2532751091703055E-02  3.9039301310043663E-02
   2.2037845705967975E-02  3.8733624454148470E-02
   2.1528384279475982E-02  3.8427947598253277E-02
   2.1324599708879184E-02  3.8544395924308590E-02
   2.1018922852983988E-02  3.8704512372634642E-02
   2.0655021834061135E-02  3.8704512372634642E-02
   2.0451237263464338E-02  3.8384279475982531E-02
   2.0407569141193595E-02  3.7918486171761280E-02
   2.0567685589519651E-02  3.7641921397379909E-02
   2.0305676855895197E-02  3.7336244541484716E-02
   1.9956331877729258E-02  3.7001455604075688E-02
   1.9286754002911206E-02  3.6186317321688498E-02
   1.8748180494905384E-02  3.5807860262008731E-02
   1.8311499272197961E-02  3.5443959243085882E-02
   1.8107714701601163E-02  3.5531295487627360E-02
   1.7860262008733627E-02  3.5676855895196508E-02
   1.7540029112081513E-02  3.5822416302765642E-02
   1.7103347889374090E-02  3.5589519650655016E-02
   1.6986899563318777E-02  3.4992721979621541E-02
   1.7088791848617176E-02  3.4585152838427946E-02
   1.7132459970887918E-02  3.4468704512372633E-02
   1.6666666666666666E-02  3.4221251819505090E-02
   1.6069868995633188E-02  3.3755458515283839E-02
   1.5371179039301311E-02  3.3144104803493453E-02
   1.5152838427947596E-02  3.3027656477438140E-02
   1.5021834061135371E-02  3.3056768558951961E-02
   1.4759825327510917E-02  3.3114992721979618E-02
   1.4294032023289665E-02  3.3071324599708879E-02
   1.3988355167394467E-02  3.2576419213973799E-02
   1.4075691411935952E-02  3.2285298398835517E-02
   1.4264919941775835E-02  3.2008733624454146E-02
   1.4090247452692866E-02  3.1688500727802035E-02
   1.3755458515283842E-02  3.1382823871906843E-02
   1.3609898107714702E-02  3.1572052401746722E-02
   1.3377001455604077E-02  3.1819505094614266E-02
   1.2867540029112081E-02  3.1921397379912661E-02
   1.2459970887918486E-02  3.1863173216885005E-02
   1.2197962154294030E-02  3.1441048034934499E-02
   1.1994177583697233E-02  3.0829694323144103E-02
   1.1950509461426491E-02  3.0276564774381367E-02
   1.1906841339155748E-02  2.9679767103347889E-02
   1.1775836972343523E-02  2.9461426491994177E-02
   1.1397379912663756E-02  2.9141193595342063E-02
   1.1222707423580785E-02  2.9359534206695775E-02
   1.1048034934497816E-02  2.9723435225618627E-02
   1.0655021834061135E-02  3.0305676855895192E-02
   1.0422125181950509E-02  2.9825327510917030E-02
   1.0203784570596796E-02  2.9490538573508002E-02
   1.0101892285298397E-02  2.9213973799126637E-02
   9.8544395924308591E-03  2.8835516739446867E-02
   9.6215429403202334E-03  2.8588064046579331E-02
   9.2430858806404649E-03  2.8515283842794760E-02
   8.9228529839883546E-03  2.8398835516739447E-02
   8.6608442503639006E-03  2.8267831149927217E-02
   8.3114992721979603E-03  2.8020378457059680E-02
   8.1804949053857351E-03  2.7598253275109168E-02
   8.0640465793304222E-03  2.7219796215429404E-02
   7.6855895196506555E-03  2.6797671033478892E-02
   7.3799126637554583E-03  2.6448326055312953E-02
   7.2052401746724891E-03  2.6200873362445413E-02
   7.0160116448326048E-03  2.5924308588064049E-02
   6.8267831149927214E-03  2.5574963609898107E-02
   6.6521106259097521E-03  2.5167394468704512E-02
   6.3901018922852982E-03  2.4614264919941772E-02
   6.1426491994177575E-03  2.4323144104803494E-02
   5.7933042212518198E-03  2.3901018922852981E-02
   5.5895196506550214E-03  2.3508005822416300E-02
   5.2547307132459970E-03  2.2925764192139736E-02
   4.9053857350800584E-03  2.2532751091703055E-02
   4.4978165938864625E-03  2.2052401746724893E-02
   4.0611353711790393E-03  2.1542940320232896E-02
   3.6535662299854439E-03  2.0946142649199417E-02
   3.3770014556040759E-03  2.0494905385735077E-02
   3.1586608442503638E-03  1.9970887918486169E-02
   3.0276564774381364E-03  1.9490538573508003E-02
   2.8966521106259099E-03  1.8966521106259095E-02
   2.6783114992721979E-03  1.8660844250363899E-02
   2.4599708879184863E-03  1.8064046579330424E-02
   2.2270742358078601E-03  1.7860262008733627E-02
   1.8195050946142649E-03  1.7423580786026200E-02
   1.3828238719068413E-03  1.6841339155749636E-02
   1.1644832605531294E-03  1.6200873362445415E-02
   1.0189228529839884E-03  1.5691411935953421E-02
   8.4425036390101897E-04  1.5342066957787483E-02
   5.9679767103347893E-04  1.4978165938864627E-02
   3.9301310043668122E-04  1.4992721979621542E-02
   1.0189228529839883E-04  1.5036390101892283E-02
  -2.7656477438136825E-04  1.4847161572052401E-02
  -5.9679767103347893E-04  1.4410480349344978E-02
  -6.5502183406113536E-04  1.4017467248908295E-02
  -4.8034934497816597E-04  1.3857350800582240E-02
  -2.4745269286754004E-04  1.3609898107714702E-02
  -4.3668122270742355E-05  1.3289665211062590E-02
  -4.3668122270742355E-05  1.2620087336244541E-02
  -2.1834061135371177E-04  1.2096069868995632E-02
  -3.0567685589519652E-04  1.1703056768558952E-02
  -3.2023289665211057E-04  1.1048034934497816E-02
  -5.3857350800582239E-04  1.0247452692867538E-02
  -6.5502183406113536E-04  9.6506550218340616E-03
  -8.0058224163027654E-04  9.3304221251819495E-03
  -1.0043668122270743E-03  9.1557496360989803E-03
  -1.5429403202328966E-03  9.1703056768558944E-03
  -1.9213973799126639E-03  8.8646288209606981E-03
  -2.1688500727802037E-03  8.4570596797671031E-03
  -2.3435225618631730E-03  8.0931586608442505E-03
  -2.3871906841339157E-03  7.8311499272197965E-03
  -2.2707423580786024E-03  7.4526928675400289E-03
  -1.9213973799126639E-03  7.2052401746724891E-03
  -1.4992721979621541E-03  6.5356622998544393E-03
  -1.2372634643377002E-03  6.3027656477438136E-03
  -1.0917030567685589E-03  5.5604075691411932E-03
  -1.0917030567685589E-03  4.7889374090247456E-03
  -1.0480349344978166E-03  3.9010189228529842E-03
  -9.3158660844250361E-04  3.3187772925764190E-03
  -9.0247452692867540E-04  2.8529839883551676E-03
  -8.0058224163027654E-04  2.0669577874818045E-03
  -7.8602620087336243E-04  2.0232896652110626E-03
  -1.6593886462882095E-03  2.2707423580786024E-03
  -2.1979621542940319E-03  2.2561863173216883E-03
  -2.4163027656477439E-03  2.1542940320232896E-03
  -2.4745269286754004E-03  1.6593886462882095E-03
  -2.0524017467248904E-03  1.3828238719068413E-03
  -1.4556040756914120E-03  7.4235807860262000E-04
  -1.0189228529839884E-03  5.0946142649199418E-04
  -5.6768558951965061E-04  1.6011644832605529E-04
  -2.6200873362445414E-04 -4.3668122270742354E-04
  -2.0378457059679766E-04 -1.1499272197962153E-03
   8.7336244541484710E-05 -2.0378457059679767E-03
   2.4745269286754004E-04 -2.6200873362445414E-03
   4.5123726346433770E-04 -3.1295487627365356E-03
   6.6957787481804947E-04 -3.9301310043668124E-03
   8.7336244541484707E-04 -4.5269286754002908E-03
   1.1935953420669579E-03 -4.9781659388646289E-03
   1.4119359534206695E-03 -5.6040756914119355E-03
   1.7176128093158659E-03 -6.1717612809315866E-03
   2.0815138282387186E-03 -6.7248908296943235E-03
   2.5473071324599705E-03 -7.9039301310043671E-03
   3.0276564774381364E-03 -8.3988355167394467E-03
   3.1441048034934497E-03 -8.5152838427947596E-03
   3.6244541484716157E-03 -9.2139737991266367E-03
   4.0174672489082970E-03 -9.8398835516739450E-03
   4.2358078602620086E-03 -1.0145560407569140E-02
   4.7452692867540032E-03 -1.0727802037845706E-02
   5.4148471615720522E-03 -1.1368267831149928E-02
   5.8660844250363903E-03 -1.1906841339155748E-02
   6.1863173216885007E-03 -1.2459970887918486E-02
   6.5793304221251816E-03 -1.3056768558951964E-02
   7.1615720524017467E-03 -1.3420669577874819E-02
   7.5545851528384276E-03 -1.3508005822416303E-02
   7.9475982532751094E-03 -1.3784570596797670E-02
   8.3406113537117885E-03 -1.4061135371179038E-02
   8.9082969432314404E-03 -1.4628820960698688E-02
   9.6069868995633193E-03 -1.5691411935953421E-02
   1.0058224163027655E-02 -1.6055312954876274E-02
   1.0509461426491994E-02 -1.6491994177583697E-02
   1.1164483260553129E-02 -1.7030567685589519E-02
   1.1673944687045124E-02 -1.7379912663755458E-02
   1.2663755458515284E-02 -1.7874818049490537E-02
   1.3187772925764191E-02 -1.8020378457059678E-02
   1.3886462882096069E-02 -1.8267831149927218E-02
   1.4206695778748179E-02 -1.8369723435225617E-02
   1.4206695778748179E-02 -1.8617176128093157E-02
   1.4061135371179038E-02 -1.8951965065502185E-02
   1.4308588064046579E-02 -1.9024745269286752E-02
   1.4687045123726344E-02 -1.8995633187772924E-02
   1.5007278020378455E-02 -1.8995633187772924E-02
   1.5298398835516739E-02 -1.9068413391557498E-02
   1.5924308588064047E-02 -1.9636098981077144E-02
   1.6506550218340608E-02 -1.9868995633187773E-02
   1.7030567685589519E-02 -2.0145560407569138E-02
   1.7336244541484715E-02 -2.0276564774381368E-02
   1.7685589519650654E-02 -2.0596797671033479E-02
   1.7991266375545850E-02 -2.0887918486171761E-02
   1.8326055312954875E-02 -2.1135371179039301E-02
   1.8689956331877727E-02 -2.1295487627365356E-02
   1.9344978165938862E-02 -2.1542940320232896E-02
   2.0029112081513825E-02 -2.1848617176128092E-02
   2.0291120815138283E-02 -2.1965065502183405E-02
   2.0305676855895197E-02 -2.2023289665211061E-02
   2.0247452692867540E-02 -2.2605531295487626E-02
   2.0247452692867540E-02 -2.2925764192139736E-02
   2.0334788937409025E-02 -2.3391557496360987E-02
   2.0873362445414847E-02 -2.3420669577874816E-02
   2.1804949053857350E-02 -2.3508005822416300E-02
   2.2547307132459969E-02 -2.3551673944687043E-02
   2.3216885007278018E-02 -2.3566229985443957E-02
   2.3842794759825325E-02 -2.3508005822416300E-02
   2.4701601164483260E-02 -2.3580786026200874E-02
   2.5429403202328962E-02 -2.3973799126637555E-02
   2.6113537117903929E-02 -2.4366812227074233E-02
   2.6768558951965064E-02 -2.4657933042212518E-02
   2.7292576419213972E-02 -2.4788937409024742E-02
   2.7991266375545852E-02 -2.5036390101892285E-02
   2.8529839883551671E-02 -2.5342066957787481E-02
   2.9272197962154294E-02 -2.5589519650655021E-02
   3.0014556040756910E-02 -2.5778748180494904E-02
   3.0655021834061134E-02 -2.5924308588064049E-02
   3.1368267831149925E-02 -2.6142649199417757E-02
   3.2037845705967974E-02 -2.6288209606986898E-02
   3.2503639010189225E-02 -2.6433770014556036E-02
   3.3347889374090244E-02 -2.7132459970887916E-02
   3.3231441048034931E-02 -2.6826783114992720E-02
   3.2940320232896649E-02 -2.6986899563318779E-02
   3.2751091703056769E-02 -2.7248908296943229E-02
   3.3042212518195051E-02 -2.7627365356622999E-02
   3.3653566229985443E-02 -2.8136826783114993E-02
   3.4454148471615716E-02 -2.7991266375545852E-02
   3.4556040756914118E-02 -2.7991266375545852E-02
   3.5094614264919943E-02 -2.8078602620087337E-02
   3.5487627365356621E-02 -2.8180494905385732E-02
   3.6244541484716161E-02 -2.7860262008733625E-02
   3.6855895196506547E-02 -2.8195050946142650E-02
   3.7394468704512372E-02 -2.8515283842794760E-02
   3.8209606986899562E-02 -2.8689956331877729E-02
   3.9097525473071319E-02 -2.8850072780203784E-02
   4.0043668122270740E-02 -2.9388646288209606E-02
   4.1091703056768555E-02 -2.9650655021834060E-02
   4.2314410480349340E-02 -2.9898107714701597E-02
   4.3231441048034926E-02 -3.0145560407569143E-02
   4.3784570596797669E-02 -3.0291120815138281E-02
   4.4483260553129546E-02 -3.0538573508005821E-02
   4.5473071324599712E-02 -3.0873362445414845E-02
   4.6666666666666662E-02 -3.1222707423580784E-02
   4.7889374090247454E-02 -3.1528384279475984E-02
   4.8675400291120809E-02 -3.1732168850072781E-02
   4.9388646288209603E-02 -3.2023289665211063E-02
   5.0131004366812226E-02 -3.2285298398835517E-02
   5.0800582241630275E-02 -3.2605531295487628E-02
   5.1426491994177578E-02 -3.2649199417758366E-02
   5.2241630276564768E-02 -3.2663755458515277E-02
   5.3144104803493443E-02 -3.2663755458515277E-02
   5.3973799126637557E-02 -3.2678311499272202E-02
   5.4788937409024747E-02 -3.3144104803493453E-02
   5.5618631732168841E-02 -3.3522561863173213E-02
   5.6448326055312956E-02 -3.3799126637554584E-02
   5.7161572052401743E-02 -3.4061135371179038E-02
   5.8078602620087336E-02 -3.4352256186317320E-02
   5.9039301310043667E-02 -3.4614264919941774E-02
   5.9839883551673939E-02 -3.4395924308588059E-02
   6.1062590975254731E-02 -3.4454148471615716E-02
   6.1979621542940316E-02 -3.4468704512372633E-02
   6.2518195050946135E-02 -3.5036390101892287E-02
   6.3013100436681221E-02 -3.5283842794759823E-02
   6.3435225618631727E-02 -3.5385735080058225E-02
   6.4235807860262006E-02 -3.5400291120815136E-02
   6.4788937409024736E-02 -3.5662299854439597E-02
   6.5720524017467238E-02 -3.5967976710334790E-02
   6.6593886462882099E-02 -3.6171761280931580E-02
   6.7685589519650660E-02 -3.6288209606986893E-02
   6.8457059679767104E-02 -3.5924308588064044E-02
   6.9126637554585146E-02 -3.5982532751091700E-02
   6.9767103347889367E-02 -3.6215429403202326E-02
   7.0698689956331884E-02 -3.6317321688500728E-02
   7.1630276564774387E-02 -3.7001455604075688E-02
   7.2707423580786024E-02 -3.7292576419213977E-02
   7.3639010189228526E-02 -3.7714701601164483E-02
   7.5007278020378446E-02 -3.7525473071324596E-02
   7.5924308588064052E-02 -3.7685589519650654E-02
   7.6972343522561867E-02 -3.7802037845705967E-02
   7.7962154294032013E-02 -3.8005822416302758E-02
   7.8879184861717605E-02 -3.8165938864628816E-02
   7.9446870451237259E-02 -3.8340611353711786E-02
   7.9548762736535661E-02 -3.8602620087336247E-02
   7.9679767103347884E-02 -3.9213973799126632E-02
   8.0000000000000002E-02 -3.9854439592430860E-02
   8.0698689956331879E-02 -3.9548762736535660E-02
   8.1251819505094608E-02 -3.9315866084425034E-02
   8.1732168850072784E-02 -3.9199417758369721E-02
   8.3027656477438136E-02 -3.9024745269286752E-02
   8.3595342066957790E-02 -3.8879184861717618E-02
   8.4337700145560413E-02 -3.9024745269286752E-02
   8.4745269286753994E-02 -3.9170305676855893E-02
   8.5298398835516737E-02 -3.9461426491994175E-02
   8.6200873362445404E-02 -3.9665211062590973E-02
   8.6899563318777281E-02 -3.9825327510917025E-02
   8.7845705967976709E-02 -3.9985443959243083E-02
   8.8689956331877720E-02 -4.0538573508005826E-02
   8.9810771470160117E-02 -4.0640465793304215E-02
   9.0524017467248905E-02 -4.0684133915574960E-02
   9.1368267831149930E-02 -4.0771470160116452E-02
   9.2328966521106254E-02 -4.0655021834061139E-02
   9.2983988355167385E-02 -4.0756914119359527E-02
   9.3871906841339156E-02 -4.0902474526928675E-02
   9.4541484716157198E-02 -4.1149927219796212E-02
   9.5327510917030567E-02 -4.1542940320232896E-02
   9.6200873362445413E-02 -4.1601164483260553E-02
   9.6972343522561857E-02 -4.1644832605531291E-02
   9.6870451237263469E-02 -4.1834061135371178E-02
   9.6681222707423575E-02 -4.2081513828238715E-02
   9.6768558951965053E-02 -4.2372634643376997E-02
   9.7263464337700153E-02 -4.2387190684133914E-02
   9.7874818049490539E-02 -4.1921397379912663E-02
   9.8558951965065492E-02 -4.1834061135371178E-02
   9.9097525473071324E-02 -4.1746724890829694E-02
   9.9810771470160112E-02 -4.1761280931586604E-02
   0.1006550218340611     -4.1863173216885007E-02
   0.1012518195050946     -4.2052401746724893E-02
   0.1017903930131004     -4.2168850072780206E-02
   0.1025618631732169     -4.2314410480349340E-02
   0.1033187772925764     -4.2605531295487629E-02
   0.1039010189228530     -4.2823871906841338E-02
   0.1043813682678311     -4.2896652110625912E-02
   0.1049490538573508     -4.3042212518195046E-02
   0.1057059679767103     -4.3173216885007276E-02
   0.1065502183406113     -4.2911208151382822E-02
   0.1074818049490539     -4.2925764192139733E-02
   0.1081659388646288     -4.3114992721979613E-02
   0.1088500727802038     -4.3129548762736537E-02
   0.1094905385735080     -4.3668122270742356E-02
   0.1101892285298399     -4.3857350800582236E-02
   0.1108296943231441     -4.3944687045123727E-02
   0.1113682678311499     -4.4075691411935951E-02
   0.1120669577874818     -4.4250363901018920E-02
   0.1130276564774381     -4.4323144104803487E-02
   0.1134643377001456     -4.4337700145560405E-02
   0.1141921397379913     -4.4395924308588061E-02
   0.1150509461426492     -4.4163027656477435E-02
   0.1159825327510917     -4.4337700145560405E-02
   0.1170742358078602     -4.4556040756914120E-02
   0.1180640465793304     -4.5138282387190684E-02
   0.1191411935953421     -4.5327510917030564E-02
   0.1198253275109170     -4.5385735080058220E-02
   0.1203784570596798     -4.5531295487627368E-02
   0.1201164483260553     -4.5895196506550218E-02
   0.1199417758369723     -4.6244541484716156E-02
   0.1197816593886463     -4.6579330422125184E-02
   0.1197671033478894     -4.7074235807860257E-02
   0.1199854439592431     -4.7248908296943226E-02
   0.1203056768558952     -4.7234352256186315E-02
   0.1208588064046579     -4.6812227074235810E-02
   0.1211208151382824     -4.6681222707423579E-02
   0.1215574963609898     -4.6928675400291123E-02
   0.1223144104803493     -4.7132459970887913E-02
   0.1230713245997089     -4.7132459970887913E-02
   0.1232459970887918     -4.6943231441048033E-02
   0.1234206695778748     -4.6739446870451236E-02
   0.1236390101892285     -4.6084425036390098E-02
   0.1243668122270742     -4.6098981077147008E-02
   0.1251091703056769     -4.6113537117903933E-02
   0.1264337700145560     -4.6331877729257641E-02
   0.1271033478893741     -4.6841339155749631E-02
   0.1281077147016011     -4.6957787481804944E-02
   0.1289082969432314     -4.7117903930131003E-02
   0.1297088791848617     -4.7248908296943226E-02
   0.1303784570596798     -4.7467248908296941E-02
   0.1309752547307132     -4.7729257641921395E-02
   0.1316448326055313     -4.7903930131004364E-02
   0.1322852983988355     -4.7685589519650649E-02
   0.1329839883551674     -4.7685589519650649E-02
   0.1336390101892285     -4.7656477438136828E-02
   0.1341630276564774     -4.7598253275109172E-02
   0.1347307132459971     -4.7612809315866082E-02
   0.1357933042212518     -4.8165938864628818E-02
   0.1366812227074236     -4.8282387190684131E-02
   0.1374235807860262     -4.8413391557496362E-02
   0.1383260553129549     -4.8413391557496362E-02
   0.1390538573508006     -4.8267831149927214E-02
   0.1399854439592431     -4.8296943231441049E-02
   0.1406841339155749     -4.8311499272197959E-02
   0.1413828238719068     -4.8471615720524018E-02
   0.1419068413391558     -4.8471615720524018E-02
   0.1426783114992722     -4.8806404657933039E-02
   0.1433478893740903     -4.8893740902474524E-02
   0.1443231441048035     -4.8937409024745269E-02
   0.1451528384279476     -4.8981077147016015E-02
   0.1457933042212518     -4.9650655021834057E-02
   0.1464628820960699     -4.9650655021834057E-02
   0.1471470160116448     -4.9694323144104803E-02
   0.1480349344978166     -4.9767103347889370E-02
   0.1488937409024745     -4.9708879184861714E-02
   0.1499417758369724     -4.9665211062590975E-02
   0.1510043668122271     -5.0189228529839883E-02
   0.1517176128093159     -5.0247452692867539E-02
   0.1525764192139738     -5.0480349344978165E-02
   0.1535516739446870     -5.0349344978165934E-02
   0.1543522561863173     -5.0378457059679763E-02
   0.1548326055312955     -5.0145560407569137E-02
   0.1550655021834061     -4.9767103347889370E-02
   0.1567976710334789     -5.0072780203784570E-02
   0.1590101892285298     -5.0029112081513824E-02
   0.1613537117903930     -5.0655021834061134E-02
   0.1634206695778748     -5.0931586608442506E-02
   0.1644104803493450     -5.1033478893740901E-02
   0.1647452692867540     -5.1179039301310042E-02
   0.1657933042212518     -5.1339155749636101E-02
   0.1668850072780204     -5.1557496360989809E-02
   0.1682096069868996     -5.2212518195050940E-02
   0.1690393013100437     -5.2358078602620088E-02
   0.1698107714701601     -5.2416302765647745E-02
   0.1709315866084425     -5.2125181950509455E-02
   0.1721834061135371     -5.2256186317321686E-02
   0.1729257641921397     -5.2343522561863171E-02
   0.1739155749636099     -5.2547307132459968E-02
   0.1749199417758369     -5.2692867540029109E-02
   0.1758224163027657     -5.2823871906841340E-02
   0.1771615720524017     -5.3318777292576419E-02
   0.1785443959243086     -5.3435225618631732E-02
   0.1791848617176128     -5.3464337700145560E-02
   0.1798981077147016     -5.3566229985443962E-02
   0.1807714701601164     -5.3697234352256186E-02
   0.1819213973799126     -5.3871906841339155E-02
   0.1834061135371179     -5.4075691411935946E-02
   0.1844250363901019     -5.4133915574963602E-02
   0.1852983988355167     -5.4206695778748183E-02
   0.1866375545851528     -5.4381368267831146E-02
   0.1875109170305677     -5.4512372634643376E-02
   0.1886754002911208     -5.4657933042212517E-02
   0.1897962154294032     -5.4774381368267830E-02
   0.1906259097525473     -5.4818049490538569E-02
   0.1917321688500728     -5.4978165938864627E-02
   0.1925036390101892     -5.5036390101892284E-02
   0.1933042212518195     -5.5094614264919940E-02
   0.1940320232896652     -5.5181950509461425E-02
   0.1947161572052402     -5.5269286754002910E-02
   0.1957350800582242     -5.5458515283842796E-02
   0.1970742358078602     -5.5531295487627363E-02
   0.1982969432314410     -5.5604075691411931E-02
   0.1994032023289665     -5.5691411935953422E-02
   0.2004221251819505     -5.5749636098981079E-02
   0.2011790393013100     -5.5836972343522556E-02
   0.2018049490538573     -5.5938864628820958E-02
   0.2027510917030568     -5.6331877729257643E-02
   0.2039010189228530     -5.6564774381368269E-02
   0.2049199417758369     -5.6622998544395925E-02
   0.2056622998544396     -5.6375545851528389E-02
   0.2063609898107714     -5.6535662299854433E-02
   0.2070742358078603     -5.6622998544395925E-02
   0.2081077147016012     -5.6812227074235805E-02
   0.2092139737991266     -5.7088791848617176E-02
   0.2100727802037846     -5.7205240174672489E-02
   0.2106404657933042     -5.7234352256186317E-02
   0.2109606986899563     -5.7234352256186317E-02
   0.2115866084425036     -5.7321688500727795E-02
   0.2120815138282387     -5.7336244541484713E-02
   0.2128529839883551     -5.7394468704512369E-02
   0.2137700145560407     -5.7554585152838421E-02
   0.2145851528384279     -5.7612809315866084E-02
   0.2155021834061135     -5.7627365356622995E-02
   0.2167394468704512     -5.7714701601164480E-02
   0.2180203784570597     -5.7816593886462882E-02
   0.2189956331877729     -5.7962154294032023E-02
   0.2197671033478894     -5.8034934497816590E-02
   0.2207278020378457     -5.8078602620087336E-02
   0.2216157205240175     -5.8180494905385731E-02
   0.2226200873362445     -5.8253275109170298E-02
   0.2235371179039301     -5.8282387190684126E-02
   0.2252110625909752     -5.8398835516739439E-02
   0.2261717612809316     -5.8471615720524020E-02
   0.2273216885007278     -5.8544395924308587E-02
   0.2287918486171761     -5.8573508005822415E-02
   0.2298544395924308     -5.8588064046579333E-02
   0.2304949053857351     -5.8617176128093161E-02
   0.2319359534206696     -5.8660844250363900E-02
   0.2330858806404658     -5.8719068413391549E-02
   0.2343231441048035     -5.8820960698689959E-02
   0.2356622998544396     -5.8835516739446862E-02
   0.2368267831149927     -5.8835516739446862E-02
   0.2376564774381368     -5.8835516739446862E-02
   0.2381513828238719     -5.8850072780203787E-02
   0.2389374090247453     -5.8748180494905378E-02
   0.2395924308588064     -5.8602620087336237E-02
   0.2403347889374090     -5.8427947598253274E-02
