   3.0611353711790395E-02  4.4235807860262009E-02
   3.0465793304221250E-02  4.4323144104803487E-02
   3.0262008733624456E-02  4.4454148471615718E-02
   3.0014556040756910E-02  4.4323144104803487E-02
   2.9810771470160115E-02  4.4439592430858807E-02
   2.9505094614264919E-02  4.4628820960698687E-02
   2.9374090247452689E-02  4.4657933042212515E-02
   2.9053857350800582E-02  4.4352256186317322E-02
   2.9053857350800582E-02  4.3871906841339153E-02
   2.9010189228529836E-02  4.3508005822416297E-02
   2.9097525473071324E-02  4.3100436681222702E-02
   2.8573508005822416E-02  4.2634643377001458E-02
   2.7714701601164481E-02  4.2139737991266371E-02
   2.7045123726346435E-02  4.2096069868995632E-02
   2.6739446870451235E-02  4.2241630276564773E-02
   2.6521106259097524E-02  4.2270742358078602E-02
   2.6142649199417757E-02  4.2183406113537117E-02
   2.5967976710334788E-02  4.1848617176128089E-02
   2.5982532751091705E-02  4.1601164483260553E-02
   2.5997088791848616E-02  4.1426491994177583E-02
   2.5574963609898107E-02  4.0989810771470153E-02
   2.5211062590975254E-02  4.0655021834061139E-02
   2.5167394468704512E-02  4.0756914119359527E-02
   2.5021834061135367E-02  4.1018922852983988E-02
   2.4716157205240175E-02  4.1135371179039301E-02
   2.4235807860262009E-02  4.1120815138282391E-02
   2.3770014556040758E-02  4.0800582241630273E-02
   2.3449781659388644E-02  4.0393013100436678E-02
   2.3304221251819503E-02  4.0000000000000001E-02
   2.3318777292576417E-02  3.9650655021834062E-02
   2.3187772925764190E-02  3.9737991266375547E-02
   2.2940320232896654E-02  4.0014556040756911E-02
   2.2663755458515282E-02  4.0087336244541485E-02
   2.2328966521106258E-02  3.9985443959243083E-02
   2.2227074235807862E-02  3.9388646288209601E-02
   2.2241630276564773E-02  3.9010189228529842E-02
   2.2314410480349343E-02  3.8791848617176126E-02
   2.1848617176128092E-02  3.8253275109170308E-02
   2.1018922852983988E-02  3.7176128093158664E-02
   2.0684133915574963E-02  3.7365356622998544E-02
   2.0145560407569138E-02  3.7598253275109170E-02
   1.9592430858806405E-02  3.7496360989810767E-02
   1.8995633187772924E-02  3.7016011644832605E-02
   1.8937409024745267E-02  3.6448326055312952E-02
   1.9068413391557498E-02  3.6040756914119357E-02
   1.9243085880640467E-02  3.5880640465793298E-02
   1.8719068413391556E-02  3.5473071324599703E-02
   1.8486171761280930E-02  3.5662299854439597E-02
   1.8398835516739445E-02  3.5938864628820955E-02
   1.8151382823871905E-02  3.6215429403202326E-02
   1.7540029112081513E-02  3.6462882096069869E-02
   1.7248908296943231E-02  3.6448326055312952E-02
   1.7045123726346433E-02  3.5662299854439597E-02
   1.7074235807860261E-02  3.5065502183406108E-02
   1.7365356622998544E-02  3.4847161572052400E-02
   1.6899563318777292E-02  3.4366812227074231E-02
   1.6666666666666666E-02  3.4483260553129544E-02
   1.6375545851528384E-02  3.4818049490538572E-02
   1.6055312954876274E-02  3.5080058224163026E-02
   1.5778748180494906E-02  3.5371179039301308E-02
   1.5283842794759825E-02  3.5094614264919943E-02
   1.4803493449781657E-02  3.4672489082969431E-02
   1.4206695778748179E-02  3.3770014556040756E-02
   1.3697234352256185E-02  3.3377001455604079E-02
   1.3347889374090248E-02  3.3013100436681216E-02
   1.3027656477438136E-02  3.2678311499272202E-02
   1.2911208151382823E-02  3.2270742358078600E-02
   1.2882096069868995E-02  3.1790393013100438E-02
   1.2911208151382823E-02  3.1324599708879186E-02
   1.2765647743813682E-02  3.0931586608442502E-02
   1.2503639010189228E-02  3.0625909752547305E-02
   1.2285298398835515E-02  3.0553129548762738E-02
   1.1804949053857351E-02  3.0058224163027655E-02
   1.1426491994177584E-02  2.9621542940320232E-02
   1.0989810771470159E-02  2.8981077147016011E-02
   1.0713245997088791E-02  2.8398835516739447E-02
   1.0131004366812225E-02  2.7612809315866082E-02
   9.8253275109170309E-03  2.7103347889374092E-02
   9.4032023289665218E-03  2.7059679767103346E-02
   8.7481804949053853E-03  2.6608442503639008E-02
   8.4279475982532749E-03  2.6288209606986898E-02
   7.9039301310043671E-03  2.5676855895196506E-02
   7.2489082969432314E-03  2.4643377001455604E-02
   6.6521106259097521E-03  2.3799126637554586E-02
   6.0989810771470152E-03  2.3129548762736533E-02
   5.6768558951965061E-03  2.2692867540029114E-02
   5.4876273653566227E-03  2.3158660844250362E-02
   4.9344978165938866E-03  2.3289665211062592E-02
   4.4978165938864625E-03  2.3158660844250362E-02
   4.4541484716157202E-03  2.2634643377001457E-02
   4.4395924308588061E-03  2.2299854439592429E-02
   4.2649199417758368E-03  2.1630276564774380E-02
   4.1921397379912663E-03  2.1237263464337700E-02
   3.9737991266375547E-03  2.0669577874818046E-02
   3.6390101892285298E-03  2.0189228529839884E-02
   3.5225618631732165E-03  1.9650655021834062E-02
   3.1441048034934497E-03  1.9112081513828236E-02
   2.6055312954876273E-03  1.8675400291120813E-02
   2.2707423580786024E-03  1.8049490538573507E-02
   1.9068413391557495E-03  1.7729257641921396E-02
   1.6011644832605531E-03  1.7918486171761283E-02
   1.1353711790393012E-03  1.8078602620087335E-02
   7.5691411935953411E-04  1.8151382823871905E-02
   7.1324599708879190E-04  1.7423580786026200E-02
   9.0247452692867540E-04  1.7234352256186317E-02
   1.3828238719068413E-03  1.7147016011644832E-02
   1.4556040756914120E-03  1.6375545851528384E-02
   1.4410480349344979E-03  1.5487627365356624E-02
   1.2081513828238720E-03  1.4716157205240173E-02
   7.5691411935953411E-04  1.4046579330422124E-02
   0.0000000000000000E+00  1.3857350800582240E-02
  -7.5691411935953411E-04  1.3595342066957788E-02
  -1.1353711790393012E-03  1.3435225618631733E-02
  -1.1644832605531294E-03  1.3085880640465793E-02
  -1.0625909752547307E-03  1.2649199417758369E-02
  -1.2372634643377002E-03  1.1659388646288210E-02
  -1.3682678311499271E-03  1.1179039301310043E-02
  -1.4119359534206695E-03  1.0756914119359534E-02
  -1.3682678311499271E-03  1.0378457059679767E-02
  -1.1790393013100438E-03  1.0160116448326054E-02
  -9.7525473071324604E-04  9.8689956331877732E-03
  -9.7525473071324604E-04  9.2721979621542931E-03
  -8.5880640465793297E-04  7.9621542940320235E-03
  -7.8602620087336243E-04  7.1179039301310035E-03
  -9.1703056768558950E-04  6.5647743813682675E-03
  -1.2227074235807861E-03  6.1863173216885007E-03
  -1.4847161572052400E-03  5.9388646288209600E-03
  -1.9213973799126639E-03  5.4148471615720522E-03
  -2.0815138282387186E-03  5.0509461426491986E-03
  -2.1397379912663755E-03  4.6870451237263459E-03
  -1.6885007278020379E-03  4.4104803493449779E-03
  -1.9359534206695780E-03  4.0465793304221252E-03
  -2.0960698689956331E-03  3.6390101892285298E-03
  -2.1688500727802037E-03  2.9694323144104800E-03
  -2.1542940320232896E-03  2.9257641921397381E-03
  -1.5283842794759823E-03  2.7656477438136825E-03
  -1.2372634643377002E-03  2.6783114992721979E-03
  -9.3158660844250361E-04  2.0960698689956331E-03
  -7.8602620087336243E-04  1.1935953420669579E-03
  -1.1062590975254730E-03  2.3289665211062590E-04
  -1.2809315866084423E-03 -3.4934497816593884E-04
  -1.1062590975254730E-03 -4.5123726346433770E-04
  -6.4046579330422114E-04 -3.7845705967976705E-04
  -4.2212518195050948E-04 -9.0247452692867540E-04
  -1.8922852983988353E-04 -1.6885007278020379E-03
   4.8034934497816597E-04 -3.1732168850072779E-03
   8.7336244541484707E-04 -3.8136826783114991E-03
   1.3682678311499271E-03 -4.6579330422125177E-03
   1.7467248908296941E-03 -5.6768558951965061E-03
   2.4454148471615722E-03 -7.0887918486171753E-03
   3.0567685589519646E-03 -8.0203784570596799E-03
   3.8719068413391559E-03 -9.1848617176128085E-03
   4.6870451237263459E-03 -1.0494905385735080E-02
   5.7350800582241634E-03 -1.1644832605531296E-02
   6.4337700145560405E-03 -1.2518195050946142E-02
   7.2197962154294032E-03 -1.3245997088791848E-02
   8.1222707423580787E-03 -1.3973799126637553E-02
   9.0829694323144097E-03 -1.4905385735080058E-02
   9.6943231441048040E-03 -1.5589519650655021E-02
   1.0553129548762736E-02 -1.6186317321688501E-02
   1.1237263464337699E-02 -1.6579330422125182E-02
   1.1746724890829695E-02 -1.7059679767103347E-02
   1.2139737991266374E-02 -1.7758369723435224E-02
   1.2241630276564773E-02 -1.8253275109170304E-02
   1.2707423580786026E-02 -1.8675400291120813E-02
   1.3493449781659389E-02 -1.8951965065502185E-02
   1.4468704512372635E-02 -1.9257641921397377E-02
   1.5647743813682675E-02 -1.9592430858806405E-02
   1.6812227074235808E-02 -2.0000000000000000E-02
   1.7772925764192139E-02 -2.0567685589519651E-02
   1.8529839883551676E-02 -2.1091703056768558E-02
   1.8908296943231439E-02 -2.1659388646288209E-02
   1.9155749636098982E-02 -2.2154294032023288E-02
   1.9796215429403199E-02 -2.2328966521106258E-02
   2.0494905385735077E-02 -2.2518195050946144E-02
   2.1077147016011644E-02 -2.2692867540029114E-02
   2.1965065502183405E-02 -2.2983988355167392E-02
   2.3158660844250362E-02 -2.3333333333333331E-02
   2.4163027656477438E-02 -2.3639010189228531E-02
   2.5152838427947598E-02 -2.3901018922852981E-02
   2.6331877729257644E-02 -2.4716157205240175E-02
   2.7190684133915573E-02 -2.4963609898107711E-02
   2.7933042212518196E-02 -2.5487627365356619E-02
   2.8515283842794760E-02 -2.5880640465793303E-02
   2.9184861717612805E-02 -2.6404657933042211E-02
   3.0072780203784566E-02 -2.6550218340611352E-02
   3.1251819505094612E-02 -2.6914119359534205E-02
   3.2561863173216882E-02 -2.7219796215429404E-02
   3.3377001455604079E-02 -2.7278020378457061E-02
   3.4075691411935956E-02 -2.7452692867540030E-02
   3.4861717612809318E-02 -2.7598253275109168E-02
   3.5138282387190682E-02 -2.7700145560407570E-02
   3.5982532751091700E-02 -2.7918486171761282E-02
   3.7117903930131001E-02 -2.8413391557496358E-02
   3.8413391557496360E-02 -2.9010189228529836E-02
   3.9592430858806399E-02 -2.9359534206695775E-02
   4.0625909752547304E-02 -2.9708879184861717E-02
   4.1193595342066958E-02 -2.9883551673944686E-02
   4.2125181950509460E-02 -3.0116448326055312E-02
   4.3333333333333328E-02 -3.0363901018922848E-02
   4.4250363901018920E-02 -3.0713245997088790E-02
   4.4745269286754000E-02 -3.1135371179039303E-02
   4.5138282387190684E-02 -3.1441048034934499E-02
   4.5662299854439592E-02 -3.1484716157205238E-02
   4.6404657933042215E-02 -3.1499272197962155E-02
   4.7496360989810769E-02 -3.1804949053857348E-02
   4.8195050946142647E-02 -3.1979621542940317E-02
   4.8966521106259091E-02 -3.2183406113537115E-02
   5.0291120815138278E-02 -3.2445414847161569E-02
   5.1310043668122265E-02 -3.2721979621542940E-02
   5.2896652110625907E-02 -3.2809315866084425E-02
   5.4366812227074235E-02 -3.3129548762736528E-02
   5.5007278020378456E-02 -3.3609898107714704E-02
   5.5705967976710333E-02 -3.3871906841339151E-02
   5.6244541484716151E-02 -3.3930131004366808E-02
   5.7656477438136823E-02 -3.4119359534206695E-02
   5.8719068413391549E-02 -3.4657933042212520E-02
   5.9912663755458506E-02 -3.4745269286754005E-02
   6.0524017467248913E-02 -3.5065502183406108E-02
   6.1397379912663752E-02 -3.4949053857350795E-02
   6.2197962154294024E-02 -3.5109170305676854E-02
   6.3100436681222699E-02 -3.5152838427947600E-02
   6.3871906841339157E-02 -3.5793304221251820E-02
   6.5094614264919928E-02 -3.6229985443959237E-02
   6.6462882096069861E-02 -3.6579330422125182E-02
   6.7933042212518183E-02 -3.6885007278020375E-02
   6.8573508005822417E-02 -3.7161572052401746E-02
   6.8893740902474521E-02 -3.7147016011644829E-02
   6.9490538573508009E-02 -3.7001455604075688E-02
   7.0538573508005825E-02 -3.6870451237263464E-02
   7.1732168850072775E-02 -3.7147016011644829E-02
   7.2969432314410471E-02 -3.7758369723435221E-02
   7.4235807860262001E-02 -3.8005822416302758E-02
   7.5269286754002906E-02 -3.8064046579330421E-02
   7.6841339155749630E-02 -3.8078602620087339E-02
   7.7831149927219789E-02 -3.8209606986899562E-02
   7.8893740902474530E-02 -3.8355167394468703E-02
   8.0087336244541479E-02 -3.8486171761280934E-02
   8.0946142649199415E-02 -3.8864628820960694E-02
   8.1761280931586605E-02 -3.9519650655021832E-02
   8.2518195050946153E-02 -3.9548762736535660E-02
   8.3464337700145552E-02 -3.9737991266375547E-02
   8.4381368267831144E-02 -3.9577874818049488E-02
   8.6390101892285298E-02 -3.9854439592430860E-02
   8.7394468704512368E-02 -4.0058224163027650E-02
   8.8267831149927214E-02 -4.0247452692867537E-02
   8.8908296943231435E-02 -4.0422125181950506E-02
   8.9243085880640463E-02 -4.0640465793304215E-02
   8.9374090247452687E-02 -4.0742358078602617E-02
   9.0131004366812220E-02 -4.1106259097525466E-02
   9.0873362445414843E-02 -4.1106259097525466E-02
   9.1644832605531301E-02 -4.1120815138282391E-02
   9.2736535662299863E-02 -4.1324599708879181E-02
   9.3449781659388637E-02 -4.1048034934497810E-02
   9.4643377001455600E-02 -4.1237263464337703E-02
   9.5836972343522550E-02 -4.1397379912663755E-02
   9.6972343522561857E-02 -4.1994177583697230E-02
   9.7860262008733614E-02 -4.2154294032023289E-02
   9.8049490538573494E-02 -4.2474526928675399E-02
   9.8224163027656478E-02 -4.2838427947598255E-02
   9.8617176128093162E-02 -4.2620087336244540E-02
   9.9257641921397369E-02 -4.2154294032023289E-02
   0.1001164483260553     -4.2154294032023289E-02
   0.1012809315866084     -4.2416302765647743E-02
   0.1026491994177584     -4.2532751091703055E-02
   0.1037263464337700     -4.2678311499272197E-02
   0.1053566229985444     -4.3406113537117902E-02
   0.1069286754002911     -4.3653566229985445E-02
   0.1085589519650655     -4.3580786026200871E-02
   0.1108733624454148     -4.4439592430858807E-02
   0.1125909752547307     -4.4745269286754000E-02
   0.1140029112081514     -4.4978165938864625E-02
   0.1157350800582242     -4.5298398835516736E-02
   0.1174235807860262     -4.5225618631732169E-02
   0.1193158660844250     -4.5662299854439592E-02
   0.1203493449781659     -4.6229985443959246E-02
   0.1204657933042212     -4.6666666666666662E-02
   0.1201455604075691     -4.7248908296943226E-02
   0.1199563318777292     -4.7569141193595336E-02
   0.1198544395924308     -4.7976710334788931E-02
   0.1203347889374090     -4.8165938864628818E-02
   0.1210043668122271     -4.8107714701601162E-02
   0.1225327510917030     -4.7758369723435223E-02
   0.1239592430858806     -4.7510917030567687E-02
   0.1247598253275109     -4.7438136826783113E-02
   0.1255167394468704     -4.7074235807860257E-02
   0.1268995633187773     -4.7059679767103346E-02
   0.1282678311499272     -4.7365356622998546E-02
   0.1286608442503639     -4.7743813682678313E-02
   0.1291411935953421     -4.8209606986899557E-02
   0.1294759825327511     -4.8427947598253272E-02
   0.1304366812227074     -4.8413391557496362E-02
   0.1311935953420670     -4.8209606986899557E-02
   0.1319359534206696     -4.8238719068413392E-02
   0.1328675400291121     -4.8457059679767107E-02
   0.1345269286754003     -4.8340611353711788E-02
   0.1362590975254731     -4.8660844250363898E-02
   0.1377438136826783     -4.9272197962154290E-02
   0.1394614264919942     -4.9475982532751088E-02
   0.1413828238719068     -4.9388646288209603E-02
   0.1428966521106259     -4.9694323144104803E-02
   0.1443085880640466     -4.9825327510917027E-02
   0.1465065502183406     -5.0058224163027652E-02
   0.1483114992721979     -5.0349344978165934E-02
   0.1492430858806405     -5.0189228529839883E-02
   0.1501310043668122     -5.0334788937409024E-02
   0.1513682678311499     -5.0786026200873358E-02
   0.1525181950509461     -5.1091703056768550E-02
   0.1536972343522562     -5.1120815138282386E-02
   0.1542649199417759     -5.0713245997088791E-02
   0.1548326055312955     -5.0174672489082965E-02
   0.1567976710334789     -5.0072780203784570E-02
   0.1590101892285298     -5.0029112081513824E-02
   0.1613537117903930     -5.0655021834061134E-02
   0.1630131004366812     -5.1339155749636101E-02
   0.1636535662299854     -5.1237263464337698E-02
   0.1641193595342067     -5.1397379912663757E-02
   0.1648034934497817     -5.1615720524017472E-02
   0.1654002911208151     -5.1775836972343517E-02
   0.1662154294032023     -5.1950509461426486E-02
   0.1669868995633188     -5.2066957787481799E-02
   0.1678020378457060     -5.2256186317321686E-02
   0.1685007278020378     -5.2416302765647745E-02
   0.1693740902474527     -5.2590975254730714E-02
   0.1705240174672489     -5.2663755458515281E-02
   0.1711644832605531     -5.2707423580786027E-02
   0.1721251819505094     -5.2896652110625907E-02
   0.1728384279475983     -5.3173216885007278E-02
   0.1735807860262009     -5.3551673944687045E-02
   0.1743813682678312     -5.3915574963609894E-02
   0.1750509461426492     -5.4046579330422125E-02
   0.1761135371179039     -5.4323144104803496E-02
   0.1777583697234352     -5.4395924308588063E-02
   0.1786026200873362     -5.4381368267831146E-02
   0.1799854439592431     -5.4526928675400287E-02
   0.1809898107714701     -5.4541484716157204E-02
   0.1820378457059680     -5.4657933042212517E-02
   0.1829694323144105     -5.4759825327510912E-02
   0.1839155749636099     -5.4949053857350799E-02
   0.1847452692867540     -5.5109170305676851E-02
   0.1855312954876274     -5.5225618631732164E-02
   0.1864919941775837     -5.5327510917030566E-02
   0.1876419213973799     -5.5516739446870453E-02
   0.1887336244541485     -5.5633187772925766E-02
   0.1893449781659388     -5.5705967976710333E-02
   0.1902183406113537     -5.5866084425036391E-02
   0.1910771470160116     -5.5953420669577869E-02
   0.1918195050946143     -5.6040756914119361E-02
   0.1927219796215429     -5.6098981077147017E-02
   0.1936244541484716     -5.6200873362445412E-02
   0.1948908296943231     -5.6404657933042210E-02
   0.1958515283842795     -5.6637554585152836E-02
   0.1965065502183406     -5.6826783114992716E-02
   0.1969868995633188     -5.6928675400291118E-02
   0.1979767103347889     -5.7016011644832602E-02
   0.1985443959243086     -5.7045123726346431E-02
   0.1992430858806405     -5.7059679767103341E-02
   0.1999272197962154     -5.7074235807860266E-02
   0.2006841339155750     -5.7088791848617176E-02
   0.2016011644832605     -5.7161572052401743E-02
   0.2026346433770014     -5.7307132459970891E-02
   0.2042649199417758     -5.7350800582241630E-02
   0.2054002911208151     -5.7365356622998541E-02
   0.2067976710334789     -5.7452692867540026E-02
   0.2075836972343522     -5.7802037845705964E-02
   0.2087772925764192     -5.7918486171761277E-02
   0.2095196506550218     -5.7947598253275105E-02
   0.2103784570596798     -5.7947598253275105E-02
   0.2111208151382824     -5.7991266375545851E-02
   0.2121834061135371     -5.8078602620087336E-02
   0.2131004366812227     -5.7860262008733621E-02
   0.2137845705967976     -5.7933042212518195E-02
   0.2147161572052401     -5.8224163027656477E-02
   0.2160844250363901     -5.8340611353711790E-02
   0.2174672489082969     -5.8515283842794752E-02
   0.2186754002911208     -5.9053857350800584E-02
   0.2197234352256186     -5.9082969432314413E-02
   0.2208588064046579     -5.9170305676855897E-02
   0.2217467248908297     -5.8879184861717608E-02
   0.2227365356622998     -5.9024745269286749E-02
   0.2238427947598253     -5.9126637554585151E-02
   0.2247889374090247     -5.9184861717612808E-02
   0.2256914119359534     -5.9257641921397375E-02
   0.2266229985443959     -5.9257641921397375E-02
   0.2279330422125182     -5.9184861717612808E-02
   0.2292139737991266     -5.9155749636098980E-02
   0.2302037845705968     -5.9126637554585151E-02
   0.2308151382823872     -5.9184861717612808E-02
   0.2320232896652110     -5.9315866084425038E-02
   0.2329985443959243     -5.9446870451237255E-02
   0.2341193595342067     -5.9475982532751097E-02
   0.2352401746724891     -5.9505094614264918E-02
   0.2355458515283843     -5.9534206695778746E-02
   0.2362590975254731     -5.9679767103347880E-02
   0.2371761280931587     -5.9737991266375544E-02
   0.2388646288209607     -5.9767103347889372E-02
   0.2398689956331878     -5.9868995633187774E-02
   0.2409170305676856     -5.9956331877729252E-02
   0.2419505094614265     -5.9810771470160111E-02
   0.2432459970887918     -5.9737991266375544E-02
   0.2443231441048035     -5.9868995633187774E-02
   0.2449199417758370     -6.0058224163027661E-02
