   3.0509461426491993E-02  4.3973799126637549E-02
   3.0276564774381367E-02  4.4177583697234353E-02
   3.0043668122270741E-02  4.4323144104803487E-02
   2.9767103347889373E-02  4.4454148471615718E-02
   2.9403202328966521E-02  4.4512372634643374E-02
   2.8922852983988355E-02  4.4512372634643374E-02
   2.8558951965065499E-02  4.4745269286754000E-02
   2.8151382823871907E-02  4.4628820960698687E-02
   2.7860262008733625E-02  4.4235807860262009E-02
   2.7802037845705969E-02  4.3988355167394466E-02
   2.7976710334788938E-02  4.3391557496360984E-02
   2.8093158660844251E-02  4.3027656477438135E-02
   2.8209606986899560E-02  4.2867540029112076E-02
   2.7831149927219793E-02  4.2518195050946145E-02
   2.7481804949053855E-02  4.2212518195050945E-02
   2.7074235807860260E-02  4.1892285298398835E-02
   2.6462882096069867E-02  4.1411935953420666E-02
   2.6375545851528383E-02  4.1630276564774381E-02
   2.6171761280931585E-02  4.1994177583697230E-02
   2.5880640465793303E-02  4.2168850072780206E-02
   2.5356622998544395E-02  4.2227074235807856E-02
   2.4905385735080054E-02  4.2023289665211058E-02
   2.4818049490538573E-02  4.1601164483260553E-02
   2.4934497816593886E-02  4.1149927219796212E-02
   2.5138282387190680E-02  4.0946142649199414E-02
   2.5298398835516739E-02  4.0844250363901019E-02
   2.5109170305676855E-02  4.0567685589519648E-02
   2.4395924308588064E-02  4.0043668122270740E-02
   2.4250363901018920E-02  4.0160116448326053E-02
   2.4075691411935950E-02  4.0494905385735080E-02
   2.3784570596797668E-02  4.0698689956331878E-02
   2.3478893740902472E-02  4.0800582241630273E-02
   2.3202328966521104E-02  4.0829694323144108E-02
   2.3129548762736533E-02  4.0465793304221252E-02
   2.3144104803493448E-02  4.0000000000000001E-02
   2.3275109170305674E-02  3.9548762736535660E-02
   2.2721979621542938E-02  3.9563318777292578E-02
   2.2561863173216883E-02  3.9752547307132458E-02
   2.2561863173216883E-02  3.9315866084425034E-02
   2.2692867540029114E-02  3.8762736535662305E-02
   2.2256186317321687E-02  3.8267831149927219E-02
   2.1557496360989806E-02  3.7350800582241626E-02
   2.0960698689956331E-02  3.6986899563318777E-02
   2.0436681222707420E-02  3.6681222707423577E-02
   2.0174672489082970E-02  3.6885007278020375E-02
   1.9796215429403199E-02  3.7176128093158664E-02
   1.9388646288209608E-02  3.7831149927219795E-02
   1.9024745269286752E-02  3.8122270742358071E-02
   1.8689956331877727E-02  3.8136826783114995E-02
   1.8544395924308586E-02  3.7758369723435221E-02
   1.8515283842794758E-02  3.7336244541484716E-02
   1.8806404657933044E-02  3.6972343522561860E-02
   1.9039301310043669E-02  3.6550218340611354E-02
   1.9257641921397377E-02  3.6302765647743811E-02
   1.8908296943231439E-02  3.6317321688500728E-02
   1.8427947598253273E-02  3.6433770014556041E-02
   1.8107714701601163E-02  3.6608442503639010E-02
   1.7656477438136826E-02  3.6681222707423577E-02
   1.7248908296943231E-02  3.6695778748180495E-02
   1.6957787481804949E-02  3.6433770014556041E-02
   1.6943231441048034E-02  3.5866084425036387E-02
   1.7074235807860261E-02  3.5327510917030569E-02
   1.7161572052401746E-02  3.4832605531295482E-02
   1.7379912663755458E-02  3.4599708879184857E-02
   1.7117903930131004E-02  3.4294032023289664E-02
   1.6710334788937405E-02  3.3857350800582241E-02
   1.6666666666666666E-02  3.3988355167394464E-02
   1.6477438136826783E-02  3.4410480349344977E-02
   1.6113537117903930E-02  3.4163027656477434E-02
   1.6026200873362446E-02  3.3639010189228526E-02
   1.6098981077147016E-02  3.3435225618631735E-02
   1.5705967976710332E-02  3.3056768558951961E-02
   1.5123726346433768E-02  3.2590975254730710E-02
   1.4585152838427947E-02  3.2052401746724891E-02
   1.4366812227074236E-02  3.2110625909752548E-02
   1.4177583697234351E-02  3.2299854439592428E-02
   1.3930131004366811E-02  3.2518195050946143E-02
   1.3697234352256185E-02  3.2634643377001456E-02
   1.3362445414847162E-02  3.2532751091703054E-02
   1.3187772925764191E-02  3.2358078602620084E-02
   1.3362445414847162E-02  3.2081513828238720E-02
   1.3551673944687046E-02  3.1659388646288207E-02
   1.3770014556040756E-02  3.1295487627365351E-02
   1.3609898107714702E-02  3.1004366812227072E-02
   1.3377001455604077E-02  3.0655021834061134E-02
   1.3245997088791848E-02  3.0829694323144103E-02
   1.2940320232896652E-02  3.0756914119359532E-02
   1.2721979621542940E-02  3.1120815138282385E-02
   1.2430858806404658E-02  3.1411935953420664E-02
   1.2110625909752546E-02  3.1455604075691410E-02
   1.1703056768558952E-02  3.1222707423580784E-02
   1.1542940320232897E-02  3.0611353711790395E-02
   1.1513828238719069E-02  2.9999999999999999E-02
   1.1688500727802038E-02  2.9432314410480345E-02
   1.1863173216885006E-02  2.9141193595342063E-02
   1.2037845705967975E-02  2.8966521106259097E-02
   1.1848617176128092E-02  2.8675400291120815E-02
   1.1426491994177584E-02  2.8165938864628821E-02
   1.1251819505094613E-02  2.8282387190684134E-02
   1.1004366812227074E-02  2.8617176128093159E-02
   1.0582241630276564E-02  2.8850072780203784E-02
   1.0160116448326054E-02  2.9286754002911208E-02
   9.6652110625909757E-03  2.9388646288209606E-02
   9.3013100436681213E-03  2.9228529839883551E-02
   9.1994177583697226E-03  2.8777292576419210E-02
   9.3013100436681213E-03  2.8165938864628821E-02
   9.5050946142649206E-03  2.7554585152838425E-02
   9.6652110625909757E-03  2.7117903930131002E-02
   9.7234352256186322E-03  2.6797671033478892E-02
   9.4323144104803500E-03  2.6244541484716156E-02
   9.1266375545851521E-03  2.5822416302765647E-02
   8.8355167394468699E-03  2.5429403202328962E-02
   8.6754002911208147E-03  2.5487627365356619E-02
   8.4425036390101890E-03  2.5764192139737990E-02
   8.0931586608442505E-03  2.5938864628820960E-02
   7.7583697234352260E-03  2.5938864628820960E-02
   7.5254730713245994E-03  2.5895196506550217E-02
   7.5836972343522558E-03  2.5458515283842794E-02
   7.8602620087336247E-03  2.4905385735080054E-02
   8.0349344978165940E-03  2.4526928675400291E-02
   7.8748180494905388E-03  2.4526928675400291E-02
   7.5109170305676853E-03  2.4818049490538573E-02
   7.0742358078602612E-03  2.5225618631732168E-02
   6.6957787481804953E-03  2.5589519650655021E-02
   6.1280931586608434E-03  2.5807860262008736E-02
   5.6914119359534211E-03  2.5967976710334788E-02
   5.7641921397379916E-03  2.5531295487627365E-02
   6.0844250363901011E-03  2.5094614264919941E-02
   6.4337700145560405E-03  2.4643377001455604E-02
   7.0014556040756907E-03  2.4294032023289665E-02
   6.6084425036390098E-03  2.4308588064046576E-02
   6.1135371179039293E-03  2.4512372634643377E-02
   5.7350800582241634E-03  2.4847161572052398E-02
   5.3711790393013098E-03  2.5458515283842794E-02
   5.0218340611353704E-03  2.5851528384279475E-02
   4.5560407569141190E-03  2.6113537117903929E-02
   3.9592430858806406E-03  2.6229985443959242E-02
   3.4206695778748178E-03  2.6157205240174675E-02
   2.9694323144104800E-03  2.5880640465793303E-02
   2.8529839883551676E-03  2.5502183406113536E-02
   2.8820960698689958E-03  2.4949053857350800E-02
   2.8966521106259099E-03  2.4701601164483260E-02
   2.3871906841339157E-03  2.4570596797671030E-02
   1.8195050946142649E-03  2.4526928675400291E-02
   1.5574963609898108E-03  2.4294032023289665E-02
   1.3100436681222707E-03  2.4002911208151383E-02
   1.1644832605531294E-03  2.3624454148471613E-02
   1.2372634643377002E-03  2.3275109170305674E-02
   1.3391557496360989E-03  2.2852983988355165E-02
   1.4410480349344979E-03  2.2387190684133914E-02
   1.5866084425036390E-03  2.1877729257641924E-02
   1.7176128093158659E-03  2.1397379912663755E-02
   1.8340611353711790E-03  2.0786026200873362E-02
   1.7612809315866083E-03  2.0334788937409025E-02
   1.6157205240174672E-03  2.0000000000000000E-02
   1.5866084425036390E-03  1.9606986899563316E-02
   1.7030567685589520E-03  1.9272197962154295E-02
   1.7030567685589520E-03  1.8791848617176126E-02
   1.5574963609898108E-03  1.8398835516739445E-02
   1.3100436681222707E-03  1.8049490538573507E-02
   8.4425036390101897E-04  1.7831149927219798E-02
   4.6579330422125181E-04  1.7772925764192139E-02
   2.0378457059679766E-04  1.7641921397379912E-02
   1.3100436681222707E-04  1.7452692867540028E-02
  -1.0189228529839883E-04  1.6841339155749636E-02
  -2.3289665211062590E-04  1.6317321688500728E-02
  -4.6579330422125181E-04  1.5705967976710332E-02
  -8.1513828238719064E-04  1.5269286754002910E-02
  -1.2227074235807861E-03  1.4759825327510917E-02
  -1.3828238719068413E-03  1.4250363901018921E-02
  -1.3973799126637554E-03  1.3639010189228530E-02
  -1.3391557496360989E-03  1.2896652110625909E-02
  -1.4847161572052400E-03  1.2212518195050944E-02
  -1.9650655021834062E-03  1.1179039301310043E-02
  -2.0232896652110626E-03  1.0145560407569140E-02
  -2.1397379912663755E-03  9.9708879184861720E-03
  -2.6346433770014555E-03  1.0436681222707423E-02
  -2.8238719068413389E-03  1.0553129548762736E-02
  -3.1149927219796215E-03  1.0160116448326054E-02
  -3.3915574963609900E-03  9.5633187772925770E-03
  -3.3770014556040759E-03  8.9810771470160110E-03
  -3.2751091703056767E-03  8.6608442503639006E-03
  -2.9548762736535663E-03  8.0349344978165940E-03
  -2.8384279475982530E-03  7.5545851528384276E-03
  -3.1149927219796215E-03  7.2925764192139737E-03
  -3.2314410480349344E-03  6.7685589519650658E-03
  -3.4206695778748178E-03  6.3609898107714700E-03
  -3.7554585152838427E-03  6.1280931586608434E-03
  -3.9301310043668124E-03  5.5312954876273650E-03
  -4.1048034934497808E-03  4.7161572052401750E-03
  -4.2794759825327509E-03  4.1484716157205231E-03
  -4.3959243085880638E-03  3.2751091703056767E-03
  -4.2358078602620086E-03  2.6783114992721979E-03
  -3.7409024745269285E-03  2.4454148471615722E-03
  -3.1149927219796215E-03  2.0669577874818045E-03
  -2.7656477438136825E-03  1.9213973799126639E-03
  -2.5618631732168846E-03  1.6885007278020379E-03
  -2.5618631732168846E-03  1.0771470160116448E-03
  -2.3435225618631730E-03  2.6200873362445414E-04
  -2.2125181950509460E-03 -1.7467248908296942E-04
  -2.1834061135371178E-03 -7.8602620087336243E-04
  -2.1542940320232896E-03 -1.0480349344978166E-03
  -1.9796215429403203E-03 -1.3391557496360989E-03
  -1.8049490538573508E-03 -1.5574963609898108E-03
  -1.1208151382823871E-03 -2.1251819505094614E-03
  -9.4614264919941772E-04 -2.1834061135371178E-03
  -3.4934497816593884E-04 -2.3726346433770016E-03
  -3.0567685589519652E-04 -2.6783114992721979E-03
   1.3100436681222707E-04 -3.5371179039301306E-03
   3.4934497816593884E-04 -4.1193595342066949E-03
   4.5123726346433770E-04 -4.5851528384279472E-03
   5.9679767103347893E-04 -5.1819505094614264E-03
   6.5502183406113536E-04 -5.2983988355167393E-03
   9.3158660844250361E-04 -5.5167394468704509E-03
   1.4847161572052400E-03 -6.1863173216885007E-03
   1.8631732168850072E-03 -6.8995633187772919E-03
   2.1397379912663755E-03 -7.4381368267831148E-03
   2.2707423580786024E-03 -7.8457059679767106E-03
   2.6346433770014555E-03 -8.2532751091703039E-03
   2.9257641921397381E-03 -8.6754002911208147E-03
   2.9548762736535663E-03 -8.7918486171761276E-03
   3.2023289665211062E-03 -9.2576419213973790E-03
   3.4643377001455601E-03 -1.0131004366812225E-02
   3.6681222707423580E-03 -1.0407569141193595E-02
   3.9592430858806406E-03 -1.0625909752547307E-02
   4.3231441048034933E-03 -1.0887918486171761E-02
   4.8180494905385738E-03 -1.1208151382823871E-02
   5.3420669577874816E-03 -1.1601164483260554E-02
   5.6914119359534211E-03 -1.2052401746724889E-02
   5.9388646288209600E-03 -1.2416302765647744E-02
   6.3609898107714700E-03 -1.3042212518195050E-02
   6.7831149927219800E-03 -1.3609898107714702E-02
   7.2489082969432314E-03 -1.4090247452692866E-02
   7.7729257641921401E-03 -1.4643377001455604E-02
   8.2241630276564757E-03 -1.5138282387190683E-02
   8.9519650655021828E-03 -1.5385735080058223E-02
   9.4177583697234359E-03 -1.5895196506550219E-02
   9.6215429403202334E-03 -1.6171761280931587E-02
   1.0305676855895195E-02 -1.6754002911208151E-02
   1.0902474526928675E-02 -1.7612809315866083E-02
   1.1441048034934499E-02 -1.7933042212518194E-02
   1.2052401746724889E-02 -1.8195050946142648E-02
   1.2256186317321687E-02 -1.8311499272197961E-02
   1.2896652110625909E-02 -1.8544395924308586E-02
   1.3013100436681222E-02 -1.8675400291120813E-02
   1.3478893740902475E-02 -1.9053857350800580E-02
   1.4090247452692866E-02 -1.9505094614264921E-02
   1.4454148471615720E-02 -1.9767103347889375E-02
   1.5094614264919939E-02 -1.9985443959243086E-02
   1.5502183406113536E-02 -2.0131004366812227E-02
   1.6069868995633188E-02 -2.0393013100436681E-02
   1.6841339155749636E-02 -2.0727802037845706E-02
   1.7554585152838427E-02 -2.1091703056768558E-02
   1.8413391557496363E-02 -2.1557496360989806E-02
   1.8981077147016013E-02 -2.1877729257641924E-02
   1.9723435225618632E-02 -2.1921397379912663E-02
   2.0465793304221252E-02 -2.2197962154294031E-02
   2.0902474526928675E-02 -2.2358078602620086E-02
   2.0887918486171761E-02 -2.2751091703056767E-02
   2.0829694323144105E-02 -2.3013100436681221E-02
   2.1091703056768558E-02 -2.3624454148471613E-02
   2.1630276564774380E-02 -2.4002911208151383E-02
   2.2285298398835519E-02 -2.4337700145560408E-02
   2.2532751091703055E-02 -2.4366812227074233E-02
   2.3085880640465791E-02 -2.4512372634643377E-02
   2.3609898107714699E-02 -2.4890829694323144E-02
   2.4250363901018920E-02 -2.5298398835516739E-02
   2.4454148471615721E-02 -2.5560407569141193E-02
   2.4890829694323144E-02 -2.5633187772925763E-02
   2.5138282387190680E-02 -2.5356622998544395E-02
   2.5400291120815138E-02 -2.5152838427947598E-02
   2.5720524017467248E-02 -2.4832605531295487E-02
   2.6579330422125180E-02 -2.4905385735080054E-02
   2.7336244541484717E-02 -2.5167394468704512E-02
   2.7671033478893742E-02 -2.5327510917030567E-02
   2.8296943231441045E-02 -2.6200873362445413E-02
   2.8806404657933042E-02 -2.6404657933042211E-02
   2.9694323144104803E-02 -2.6783114992721978E-02
   3.0393013100436680E-02 -2.6972343522561861E-02
   3.1077147016011639E-02 -2.7103347889374092E-02
   3.1615720524017468E-02 -2.7132459970887916E-02
   3.2081513828238720E-02 -2.7147016011644830E-02
   3.2445414847161569E-02 -2.7278020378457061E-02
   3.2649199417758366E-02 -2.7336244541484717E-02
   3.3275109170305676E-02 -2.7321688500727800E-02
   3.3726346433770017E-02 -2.7350800582241628E-02
   3.4657933042212520E-02 -2.7816593886462883E-02
   3.5822416302765642E-02 -2.8471615720524014E-02
   3.6390101892285295E-02 -2.8719068413391554E-02
   3.6870451237263464E-02 -2.8893740902474523E-02
   3.7278020378457059E-02 -2.8733624454148472E-02
   3.7889374090247445E-02 -2.9010189228529836E-02
   3.8660844250363903E-02 -2.9359534206695775E-02
   3.9679767103347890E-02 -2.9534206695778744E-02
   4.0451237263464335E-02 -3.0174672489082968E-02
   4.1542940320232896E-02 -3.0480349344978161E-02
   4.2489082969432317E-02 -3.0829694323144103E-02
   4.3478893740902476E-02 -3.1062590975254729E-02
   4.4818049490538574E-02 -3.1499272197962155E-02
   4.5458515283842794E-02 -3.1644832605531296E-02
   4.5895196506550218E-02 -3.1761280931586609E-02
   4.6477438136826782E-02 -3.1906841339155750E-02
   4.7583697234352254E-02 -3.2197962154294033E-02
   4.8457059679767107E-02 -3.2387190684133912E-02
   4.9315866084425036E-02 -3.2721979621542940E-02
   4.9752547307132459E-02 -3.2852983988355171E-02
   5.0218340611353711E-02 -3.3289665211062587E-02
   5.0087336244541480E-02 -3.3493449781659392E-02
   4.9941775836972339E-02 -3.3915574963609897E-02
   4.9912663755458511E-02 -3.4221251819505090E-02
   5.0087336244541480E-02 -3.4614264919941774E-02
   5.0189228529839883E-02 -3.4788937409024744E-02
   5.0451237263464337E-02 -3.4803493449781661E-02
   5.0800582241630275E-02 -3.4774381368267833E-02
   5.1484716157205235E-02 -3.4934497816593885E-02
   5.2081513828238717E-02 -3.4745269286754005E-02
   5.2314410480349342E-02 -3.4672489082969431E-02
   5.2751091703056766E-02 -3.4381368267831149E-02
   5.3275109170305673E-02 -3.4061135371179038E-02
   5.3871906841339155E-02 -3.3842794759825330E-02
   5.4585152838427943E-02 -3.3726346433770017E-02
   5.5967976710334780E-02 -3.4177583697234351E-02
   5.7525473071324600E-02 -3.4541484716157207E-02
   5.9315866084425038E-02 -3.4934497816593885E-02
   6.0713245997088792E-02 -3.5749636098981075E-02
   6.1863173216885003E-02 -3.6011644832605536E-02
   6.3362445414847160E-02 -3.6098981077147013E-02
   6.4308588064046573E-02 -3.6375545851528385E-02
   6.5327510917030554E-02 -3.6754002911208151E-02
   6.6360989810771473E-02 -3.6986899563318777E-02
   6.6797671033478903E-02 -3.7088791848617172E-02
   6.7394468704512364E-02 -3.7248908296943231E-02
   6.7656477438136825E-02 -3.7117903930131001E-02
   6.7962154294032032E-02 -3.6914119359534203E-02
   6.8573508005822417E-02 -3.7030567685589516E-02
   6.9665211062590965E-02 -3.7452692867540029E-02
   6.9912663755458515E-02 -3.7583697234352252E-02
   7.0669577874818049E-02 -3.7729257641921400E-02
   7.1513828238719074E-02 -3.7816593886462878E-02
   7.2459970887918473E-02 -3.7962154294032026E-02
   7.3522561863173214E-02 -3.8340611353711786E-02
   7.4323144104803493E-02 -3.8471615720524016E-02
   7.4978165938864624E-02 -3.8471615720524016E-02
   7.5822416302765636E-02 -3.8733624454148470E-02
   7.6710334788937407E-02 -3.8893740902474529E-02
   7.7525473071324597E-02 -3.9155749636098976E-02
   7.8020378457059683E-02 -3.9388646288209601E-02
   7.8384279475982532E-02 -3.9374090247452691E-02
   7.8864628820960694E-02 -3.9374090247452691E-02
   7.9577874818049482E-02 -3.9475982532751086E-02
   8.0218340611353717E-02 -3.9475982532751086E-02
   8.0946142649199415E-02 -3.9927219796215427E-02
   8.1746724890829681E-02 -3.9970887918486173E-02
   8.2212518195050932E-02 -3.9985443959243083E-02
   8.2911208151382823E-02 -4.0072780203784568E-02
   8.3697234352256178E-02 -3.9796215429403203E-02
   8.4221251819505086E-02 -3.9970887918486173E-02
   8.4832605531295485E-02 -4.0072780203784568E-02
   8.5691411935953421E-02 -4.0145560407569142E-02
   8.6404657933042209E-02 -4.0363901018922850E-02
   8.7321688500727787E-02 -4.0494905385735080E-02
   8.7525473071324592E-02 -4.0538573508005826E-02
   8.8064046579330410E-02 -4.0553129548762737E-02
   8.8719068413391555E-02 -4.0655021834061139E-02
   8.9126637554585150E-02 -4.0756914119359527E-02
   8.9621542940320223E-02 -4.1266375545851525E-02
   9.0276564774381368E-02 -4.1441048034934494E-02
   9.1091703056768558E-02 -4.1688500727802037E-02
   9.1994177583697240E-02 -4.1775836972343522E-02
   9.2852983988355162E-02 -4.1441048034934494E-02
   9.3653566229985441E-02 -4.1470160116448329E-02
   9.4061135371179036E-02 -4.1484716157205240E-02
   9.4381368267831139E-02 -4.1703056768558955E-02
   9.4978165938864628E-02 -4.2008733624454148E-02
   9.5662299854439595E-02 -4.2620087336244540E-02
   9.6521106259097530E-02 -4.2736535662299853E-02
   9.7365356622998542E-02 -4.2838427947598255E-02
   9.8326055312954866E-02 -4.2692867540029107E-02
   9.8850072780203788E-02 -4.2911208151382822E-02
   9.9068413391557489E-02 -4.3013100436681224E-02
   9.9243085880640458E-02 -4.3100436681222702E-02
   9.9752547307132455E-02 -4.3260553129548761E-02
   0.1002037845705968     -4.3275109170305671E-02
   0.1004075691411936     -4.3275109170305671E-02
   0.1008296943231441     -4.3318777292576417E-02
   0.1017758369723435     -4.3624454148471610E-02
   0.1026783114992722     -4.3755458515283840E-02
   0.1033187772925764     -4.3668122270742356E-02
   0.1036681222707423     -4.3478893740902476E-02
   0.1039883551673945     -4.2823871906841338E-02
   0.1043522561863173     -4.2532751091703055E-02
   0.1047598253275109     -4.2736535662299853E-02
   0.1052256186317322     -4.3085880640465792E-02
   0.1058951965065502     -4.3304221251819507E-02
   0.1065211062590975     -4.3420669577874819E-02
   0.1074235807860262     -4.3304221251819507E-02
   0.1081659388646288     -4.3464337700145558E-02
   0.1088355167394469     -4.3609898107714699E-02
   0.1096215429403202     -4.3857350800582236E-02
   0.1106550218340611     -4.4294032023289666E-02
   0.1113245997088792     -4.4410480349344979E-02
   0.1125327510917030     -4.4788937409024746E-02
   0.1136972343522562     -4.5007278020378454E-02
   0.1147016011644833     -4.5342066957787482E-02
   0.1157641921397380     -4.5342066957787482E-02
   0.1166957787481805     -4.5633187772925757E-02
   0.1178457059679767     -4.6011644832605531E-02
   0.1194177583697234     -4.6768558951965064E-02
   0.1208879184861718     -4.7176128093158659E-02
   0.1218195050946143     -4.7423580786026202E-02
   0.1226928675400291     -4.7772925764192141E-02
   0.1235516739446870     -4.8122270742358079E-02
   0.1242212518195051     -4.8034934497816588E-02
   0.1244104803493450     -4.8020378457059677E-02
   0.1246870451237263     -4.7933042212518193E-02
   0.1253129548762736     -4.7787481804949052E-02
   0.1260553129548763     -4.7874818049490536E-02
   0.1267103347889374     -4.7903930131004364E-02
   0.1275691411935953     -4.8311499272197959E-02
   0.1283551673944687     -4.8500727802037839E-02
   0.1289956331877729     -4.8704512372634644E-02
   0.1294614264919942     -4.8791848617176121E-02
   0.1307860262008733     -4.9010189228529837E-02
   0.1318631732168850     -4.9112081513828239E-02
   0.1328093158660844     -4.9272197962154290E-02
   0.1337554585152838     -4.9053857350800582E-02
   0.1348326055312955     -4.9243085880640462E-02
   0.1357933042212518     -4.9490538573508006E-02
   0.1368122270742358     -4.9898107714701601E-02
   0.1377147016011645     -4.9956331877729257E-02
   0.1384279475982533     -5.0101892285298398E-02
   0.1391848617176128     -4.9825327510917027E-02
   0.1399708879184862     -4.9854439592430855E-02
   0.1409024745269287     -5.0145560407569137E-02
   0.1417758369723435     -5.0276564774381367E-02
   0.1425909752547307     -5.0407569141193598E-02
   0.1437263464337700     -5.0611353711790388E-02
   0.1441921397379913     -5.0946142649199416E-02
   0.1449053857350801     -5.1033478893740901E-02
   0.1458224163027657     -5.1077147016011640E-02
   0.1467248908296943     -5.0815138282387193E-02
   0.1472634643377002     -5.0538573508005821E-02
   0.1475836972343522     -5.0101892285298398E-02
   0.1481368267831150     -4.9694323144104803E-02
   0.1488064046579330     -4.9475982532751088E-02
   0.1496797671033479     -4.9650655021834057E-02
   0.1504221251819505     -5.0014556040756913E-02
   0.1507714701601164     -5.0625909752547299E-02
   0.1513391557496361     -5.0844250363901014E-02
   0.1520669577874818     -5.0917030567685588E-02
   0.1526928675400291     -5.0771470160116447E-02
   0.1534643377001455     -5.0218340611353711E-02
   0.1541339155749636     -4.9548762736535662E-02
   0.1545123726346434     -4.9257641921397373E-02
   0.1567976710334789     -5.0072780203784570E-02
   0.1590101892285298     -5.0029112081513824E-02
   0.1613537117903930     -5.0655021834061134E-02
   0.1634206695778748     -5.0931586608442506E-02
   0.1649781659388646     -5.0465793304221254E-02
   0.1651673944687045     -5.0713245997088791E-02
   0.1653420669577875     -5.0858806404657925E-02
   0.1656331877729257     -5.0902474526928670E-02
   0.1659825327510917     -5.0946142649199416E-02
   0.1671470160116448     -5.1062590975254729E-02
   0.1676855895196507     -5.1106259097525475E-02
   0.1684716157205240     -5.1528384279475981E-02
   0.1691994177583697     -5.1601164483260548E-02
   0.1700000000000000     -5.1804949053857352E-02
   0.1707132459970888     -5.1892285298398830E-02
   0.1713828238719068     -5.1673944687045122E-02
   0.1723144104803493     -5.1935953420669576E-02
   0.1731149927219796     -5.2227074235807858E-02
   0.1742649199417758     -5.2489082969432312E-02
   0.1753129548762737     -5.2605531295487624E-02
   0.1769141193595342     -5.2838427947598250E-02
   0.1780349344978166     -5.3362445414847158E-02
   0.1792285298398835     -5.3493449781659382E-02
   0.1804657933042212     -5.3726346433770007E-02
   0.1814119359534206     -5.3886462882096066E-02
   0.1825181950509461     -5.4017467248908289E-02
   0.1836244541484716     -5.4206695778748183E-02
   0.1850363901018923     -5.4512372634643376E-02
   0.1862154294032023     -5.4672489082969435E-02
   0.1869723435225619     -5.4876273653566225E-02
   0.1879330422125182     -5.4949053857350799E-02
   0.1889665211062591     -5.5123726346433768E-02
   0.1899563318777293     -5.5269286754002910E-02
   0.1908733624454148     -5.5400291120815140E-02
   0.1922852983988355     -5.5589519650655020E-02
   0.1934934497816594     -5.5822416302765646E-02
   0.1946870451237263     -5.5967976710334780E-02
   0.1960407569141193     -5.6157205240174674E-02
   0.1975400291120815     -5.6317321688500725E-02
   0.1987772925764192     -5.6462882096069866E-02
   0.2001310043668122     -5.6622998544395925E-02
   0.2014410480349345     -5.6841339155749640E-02
   0.2026637554585153     -5.6972343522561864E-02
   0.2039446870451237     -5.6768558951965059E-02
   0.2053566229985444     -5.6943231441048028E-02
   0.2072634643377002     -5.7583697234352256E-02
   0.2084861717612809     -5.7656477438136823E-02
   0.2100727802037846     -5.7772925764192136E-02
   0.2113245997088792     -5.7889374090247449E-02
   0.2124745269286754     -5.7612809315866084E-02
   0.2133042212518195     -5.7598253275109167E-02
   0.2146724890829694     -5.7641921397379912E-02
   0.2156622998544396     -5.7816593886462882E-02
   0.2168558951965065     -5.7918486171761277E-02
   0.2180349344978166     -5.8384279475982535E-02
   0.2191557496360990     -5.8457059679767102E-02
   0.2203202328966521     -5.8515283842794752E-02
   0.2215429403202329     -5.8180494905385731E-02
   0.2228384279475982     -5.8296943231441044E-02
   0.2238427947598253     -5.8355167394468707E-02
   0.2249781659388646     -5.8427947598253274E-02
   0.2260553129548762     -5.8558951965065498E-02
   0.2276855895196506     -5.8879184861717608E-02
   0.2291557496360990     -5.8951965065502175E-02
   0.2303639010189228     -5.9039301310043667E-02
   0.2318049490538573     -5.9126637554585151E-02
   0.2335080058224163     -5.9199417758369725E-02
   0.2349781659388646     -5.9301310043668121E-02
   0.2367103347889374     -5.9534206695778746E-02
   0.2378893740902474     -5.9621542940320231E-02
   0.2388209606986899     -5.9708879184861723E-02
   0.2397816593886463     -5.9781659388646290E-02
   0.2409024745269287     -5.9854439592430857E-02
   0.2419650655021834     -5.9927219796215424E-02
   0.2429985443959243     -6.0014556040756915E-02
   0.2440902474526928     -6.0174672489082974E-02
   0.2456914119359534     -6.0218340611353713E-02
   0.2468267831149927     -5.9970887918486170E-02
   0.2477438136826783     -5.9898107714701602E-02
   0.2485152838427948     -5.9796215429403193E-02
   0.2496069868995633     -5.9592430858806410E-02
