   3.0465793304221250E-02  4.4032023289665205E-02
   3.0320232896652113E-02  4.4163027656477435E-02
   2.9737991266375548E-02  4.4847161572052402E-02
   2.9417758369723431E-02  4.4934497816593887E-02
   2.8850072780203784E-02  4.4934497816593887E-02
   2.8471615720524014E-02  4.4847161572052402E-02
   2.8238719068413388E-02  4.4701601164483261E-02
   2.7976710334788938E-02  4.4454148471615718E-02
   2.7860262008733625E-02  4.4017467248908294E-02
   2.7860262008733625E-02  4.3508005822416297E-02
   2.7976710334788938E-02  4.2911208151382822E-02
   2.8078602620087337E-02  4.2649199417758368E-02
   2.7729257641921398E-02  4.2328966521106258E-02
   2.7117903930131002E-02  4.1542940320232896E-02
   2.6506550218340610E-02  4.1222707423580779E-02
   2.6142649199417757E-02  4.1018922852983988E-02
   2.5735080058224162E-02  4.1106259097525466E-02
   2.5167394468704512E-02  4.1280931586608435E-02
   2.4687045123726346E-02  4.1280931586608435E-02
   2.4235807860262009E-02  4.1266375545851525E-02
   2.3871906841339156E-02  4.1048034934497810E-02
   2.3697234352256187E-02  4.0742358078602617E-02
   2.3668122270742355E-02  4.0291120815138276E-02
   2.3973799126637555E-02  3.9970887918486173E-02
   2.3711790393013101E-02  3.9781659388646286E-02
   2.3580786026200874E-02  3.9563318777292578E-02
   2.3580786026200874E-02  3.9315866084425034E-02
   2.3347889374090249E-02  3.9359534206695773E-02
   2.2954876273653564E-02  3.9446870451237265E-02
   2.2678311499272196E-02  3.9446870451237265E-02
   2.2489082969432313E-02  3.9184861717612811E-02
   2.2343522561863175E-02  3.8777292576419216E-02
   2.2343522561863175E-02  3.8529839883551673E-02
   2.2168850072780206E-02  3.8267831149927219E-02
   2.1732168850072779E-02  3.7903930131004369E-02
   2.1266375545851528E-02  3.7554585152838431E-02
   2.0669577874818046E-02  3.6710334788937413E-02
   2.0116448326055313E-02  3.6652110625909749E-02
   1.9737991266375543E-02  3.6710334788937413E-02
   1.9286754002911206E-02  3.6812227074235808E-02
   1.8937409024745267E-02  3.6812227074235808E-02
   1.8457059679767102E-02  3.7030567685589516E-02
   1.8238719068413393E-02  3.6754002911208151E-02
   1.8326055312954875E-02  3.6419213973799124E-02
   1.8500727802037844E-02  3.6026200873362446E-02
   1.8588064046579332E-02  3.5851528384279477E-02
   1.8340611353711789E-02  3.5735080058224164E-02
   1.7933042212518194E-02  3.5647743813682672E-02
   1.7467248908296942E-02  3.5560407569141195E-02
   1.7176128093158660E-02  3.5283842794759823E-02
   1.7016011644832605E-02  3.4905385735080056E-02
   1.6914119359534206E-02  3.4643377001455603E-02
   1.6637554585152838E-02  3.4556040756914118E-02
   1.6186317321688501E-02  3.4337700145560403E-02
   1.5880640465793305E-02  3.3988355167394464E-02
   1.5807860262008734E-02  3.3799126637554584E-02
   1.5574963609898108E-02  3.3173216885007274E-02
   1.5443959243085880E-02  3.2969432314410484E-02
   1.5065502183406111E-02  3.2707423580786023E-02
   1.4716157205240173E-02  3.2416302765647741E-02
   1.4497816593886463E-02  3.2154294032023287E-02
   1.4468704512372635E-02  3.1819505094614266E-02
   1.4468704512372635E-02  3.1513828238719066E-02
   1.4279475982532749E-02  3.1280931586608440E-02
   1.3871906841339154E-02  3.0931586608442502E-02
   1.3464337700145561E-02  3.0553129548762738E-02
   1.3100436681222707E-02  3.0553129548762738E-02
   1.2605531295487627E-02  3.0567685589519649E-02
   1.2183406113537116E-02  3.0567685589519649E-02
   1.1601164483260554E-02  3.0480349344978161E-02
   1.1149927219796215E-02  3.0203784570596800E-02
   1.1077147016011644E-02  2.9825327510917030E-02
   1.0975254730713245E-02  2.9461426491994177E-02
   1.0873362445414847E-02  2.9272197962154294E-02
   1.0655021834061135E-02  2.8981077147016011E-02
   1.0276564774381367E-02  2.8646288209606987E-02
   9.8981077147016015E-03  2.8413391557496358E-02
   9.4323144104803500E-03  2.8005822416302763E-02
   9.2430858806404649E-03  2.7627365356622999E-02
   9.3158660844250354E-03  2.7205240174672487E-02
   8.9519650655021828E-03  2.6768558951965064E-02
   8.5443959243085878E-03  2.6448326055312953E-02
   8.4133915574963608E-03  2.6360989810771469E-02
   7.9475982532751094E-03  2.5982532751091705E-02
   7.3071324599708878E-03  2.5385735080058223E-02
   6.7831149927219800E-03  2.5065502183406113E-02
   6.4483260553129546E-03  2.4526928675400291E-02
   6.1863173216885007E-03  2.3770014556040758E-02
   5.8951965065502186E-03  2.3158660844250362E-02
   5.3857350800582239E-03  2.2227074235807862E-02
   5.3129548762736534E-03  2.2154294032023288E-02
   5.1237263464337691E-03  2.1804949053857350E-02
   4.8034934497816597E-03  2.1251819505094614E-02
   4.4687045123726343E-03  2.1222707423580785E-02
   3.9446870451237265E-03  2.1586608442503638E-02
   3.5807860262008734E-03  2.1834061135371178E-02
   2.7510917030567684E-03  2.2154294032023288E-02
   2.4017467248908298E-03  2.2532751091703055E-02
   1.8049490538573508E-03  2.2954876273653564E-02
   1.2663755458515282E-03  2.3493449781659386E-02
   6.4046579330422114E-04  2.3944687045123727E-02
   8.7336244541484710E-05  2.4264919941775837E-02
  -4.6579330422125181E-04  2.4468704512372635E-02
  -1.0625909752547307E-03  2.4395924308588064E-02
  -1.4556040756914120E-03  2.4323144104803494E-02
  -1.9796215429403203E-03  2.4279475982532751E-02
  -2.5181950509461423E-03  2.4163027656477438E-02
  -3.2751091703056767E-03  2.4133915574963607E-02
  -3.7263464337700144E-03  2.4061135371179040E-02
  -3.8864628820960700E-03  2.3813682678311500E-02
  -3.8427947598253277E-03  2.3391557496360987E-02
  -3.8282387190684132E-03  2.3042212518195049E-02
  -3.9301310043668124E-03  2.2765647743813684E-02
  -4.0320232896652111E-03  2.2503639010189227E-02
  -3.8719068413391559E-03  2.2052401746724893E-02
  -3.8136826783114991E-03  2.1746724890829693E-02
  -3.6244541484716157E-03  2.1295487627365356E-02
  -3.3333333333333331E-03  2.0902474526928675E-02
  -2.9839883551673941E-03  2.0524017467248905E-02
  -2.6783114992721979E-03  2.0378457059679764E-02
  -2.4308588064046580E-03  2.0291120815138283E-02
  -2.1397379912663755E-03  2.0160116448326056E-02
  -1.7758369723435224E-03  2.0160116448326056E-02
  -1.0625909752547307E-03  1.9868995633187773E-02
  -5.0946142649199418E-04  1.9737991266375543E-02
  -7.2780203784570589E-05  1.9650655021834062E-02
  -3.0567685589519652E-04  1.9155749636098982E-02
  -3.2023289665211057E-04  1.8879184861717611E-02
  -1.1644832605531295E-04  1.7947598253275111E-02
  -2.9112081513828238E-05  1.7103347889374090E-02
  -3.4934497816593884E-04  1.6724890829694323E-02
  -3.9301310043668122E-04  1.5909752547307133E-02
  -3.4934497816593884E-04  1.5385735080058223E-02
  -2.0378457059679766E-04  1.4992721979621542E-02
  -2.6200873362445414E-04  1.4556040756914119E-02
  -4.8034934497816597E-04  1.3653566229985443E-02
  -7.7147016011644832E-04  1.3304221251819504E-02
  -9.7525473071324604E-04  1.2547307132459971E-02
  -1.1935953420669579E-03  1.1877729257641920E-02
  -1.5138282387190682E-03  1.1018922852983988E-02
  -1.7758369723435224E-03  1.0407569141193595E-02
  -1.8049490538573508E-03  1.0043668122270741E-02
  -1.9505094614264921E-03  9.5196506550218347E-03
  -2.4163027656477439E-03  8.9374090247452687E-03
  -2.7656477438136825E-03  8.8064046579330417E-03
  -3.0422125181950505E-03  8.1368267831149928E-03
  -3.3915574963609900E-03  7.5836972343522558E-03
  -3.5080058224163024E-03  7.4090247452692866E-03
  -3.6972343522561862E-03  6.8704512372634637E-03
  -3.7991266375545850E-03  6.3464337700145559E-03
  -3.9592430858806406E-03  5.7350800582241634E-03
  -4.1048034934497808E-03  4.9199417758369725E-03
  -4.1339155749636090E-03  4.0320232896652111E-03
  -3.9010189228529842E-03  3.4934497816593883E-03
  -3.5516739446870447E-03  2.8820960698689958E-03
  -3.3187772925764190E-03  2.4308588064046580E-03
  -3.2023289665211062E-03  2.0378457059679767E-03
  -3.1149927219796215E-03  1.8922852983988354E-03
  -2.9403202328966522E-03  1.9941775836972344E-03
  -2.6055312954876273E-03  2.2852983988355165E-03
  -2.4599708879184863E-03  2.2125181950509460E-03
  -2.3435225618631730E-03  1.7467248908296941E-03
  -2.3435225618631730E-03  1.3245997088791848E-03
  -2.1397379912663755E-03  9.1703056768558950E-04
  -2.2707423580786024E-03  3.0567685589519652E-04
  -2.3726346433770016E-03 -2.3289665211062590E-04
  -2.4017467248908298E-03 -1.0334788937409023E-03
  -2.3435225618631730E-03 -1.8922852983988354E-03
  -2.1106259097525473E-03 -1.9505094614264921E-03
  -1.9068413391557495E-03 -1.7467248908296941E-03
  -1.8049490538573508E-03 -1.9359534206695780E-03
  -1.4410480349344979E-03 -1.8486171761280931E-03
  -1.1062590975254730E-03 -1.7467248908296941E-03
  -7.2780203784570600E-04 -1.7612809315866083E-03
  -5.6768558951965061E-04 -2.6200873362445414E-03
  -2.9112081513828236E-04 -3.3042212518195049E-03
  -4.0756914119359532E-04 -3.7845705967976709E-03
  -4.6579330422125181E-04 -4.2940320232896650E-03
  -4.2212518195050948E-04 -4.6579330422125177E-03
  -4.3668122270742355E-05 -4.7889374090247456E-03
   5.0946142649199418E-04 -5.0218340611353704E-03
   9.4614264919941772E-04 -5.5021834061135368E-03
   1.1644832605531294E-03 -6.1135371179039293E-03
   1.4556040756914120E-03 -6.7976710334788941E-03
   1.6739446870451238E-03 -7.3362445414847160E-03
   1.9650655021834062E-03 -7.8602620087336247E-03
   2.2998544395924306E-03 -8.3842794759825326E-03
   2.6200873362445414E-03 -8.9082969432314404E-03
   3.0858806404657933E-03 -9.7379912663755463E-03
   3.3042212518195049E-03 -1.0305676855895195E-02
   3.5516739446870447E-03 -1.0844250363901018E-02
   3.7554585152838427E-03 -1.1179039301310043E-02
   4.0174672489082970E-03 -1.1542940320232897E-02
   4.2940320232896650E-03 -1.1979621542940319E-02
   4.7307132459970891E-03 -1.2561863173216885E-02
   5.2256186317321688E-03 -1.3187772925764191E-02
   5.6040756914119355E-03 -1.3697234352256185E-02
   5.8660844250363903E-03 -1.4119359534206694E-02
   6.1280931586608434E-03 -1.4512372634643377E-02
   6.6375545851528380E-03 -1.4890829694323142E-02
   7.2197962154294032E-03 -1.5196506550218340E-02
   7.7583697234352260E-03 -1.5705967976710332E-02
   8.0786026200873363E-03 -1.5909752547307133E-02
   8.4279475982532749E-03 -1.6157205240174673E-02
   8.8791848617176122E-03 -1.6491994177583697E-02
   9.5342066957787488E-03 -1.6986899563318777E-02
   1.0087336244541483E-02 -1.7452692867540028E-02
   1.0582241630276564E-02 -1.7947598253275111E-02
   1.1048034934497816E-02 -1.8500727802037844E-02
   1.1441048034934499E-02 -1.8995633187772924E-02
   1.1804949053857351E-02 -1.9432314410480347E-02
   1.2081513828238718E-02 -1.9868995633187773E-02
   1.2547307132459971E-02 -2.0422125181950510E-02
   1.3100436681222707E-02 -2.0771470160116448E-02
   1.3406113537117905E-02 -2.1048034934497816E-02
   1.3682678311499271E-02 -2.1266375545851528E-02
   1.4061135371179038E-02 -2.1251819505094614E-02
   1.4483260553129549E-02 -2.1106259097525473E-02
   1.4890829694323142E-02 -2.0887918486171761E-02
   1.5109170305676855E-02 -2.0742358078602620E-02
   1.5225618631732168E-02 -2.0698689956331878E-02
   1.5705967976710332E-02 -2.0655021834061135E-02
   1.5982532751091703E-02 -2.0640465793304218E-02
   1.6186317321688501E-02 -2.0873362445414847E-02
   1.6229985443959243E-02 -2.1164483260553129E-02
   1.6113537117903930E-02 -2.1339155749636098E-02
   1.6229985443959243E-02 -2.1775836972343521E-02
   1.6506550218340608E-02 -2.2183406113537116E-02
   1.6812227074235808E-02 -2.2052401746724893E-02
   1.7379912663755458E-02 -2.1950509461426491E-02
   1.7962154294032022E-02 -2.1935953420669580E-02
   1.8733624454148470E-02 -2.2358078602620086E-02
   1.9344978165938862E-02 -2.2649199417758368E-02
   1.9694323144104801E-02 -2.3042212518195049E-02
   2.0014556040756915E-02 -2.3275109170305674E-02
   2.0393013100436681E-02 -2.3478893740902472E-02
   2.0771470160116448E-02 -2.3653566229985441E-02
   2.1266375545851528E-02 -2.4177583697234353E-02
   2.1717612809315865E-02 -2.4628820960698686E-02
   2.2256186317321687E-02 -2.4890829694323144E-02
   2.2751091703056767E-02 -2.4949053857350800E-02
   2.3173216885007279E-02 -2.5050946142649199E-02
   2.3595342066957785E-02 -2.5269286754002911E-02
   2.3915574963609899E-02 -2.5283842794759825E-02
   2.4119359534206696E-02 -2.5269286754002911E-02
   2.4425036390101889E-02 -2.5254730713245993E-02
   2.4643377001455604E-02 -2.5545851528384275E-02
   2.4701601164483260E-02 -2.5866084425036392E-02
   2.4701601164483260E-02 -2.6346433770014555E-02
   2.4919941775836972E-02 -2.6462882096069867E-02
   2.5589519650655021E-02 -2.6564774381368266E-02
   2.6098981077147018E-02 -2.6681222707423579E-02
   2.6579330422125180E-02 -2.6768558951965064E-02
   2.7059679767103346E-02 -2.6491994177583692E-02
   2.7234352256186315E-02 -2.6724890829694321E-02
   2.7758369723435226E-02 -2.6739446870451235E-02
   2.8136826783114993E-02 -2.6768558951965064E-02
   2.8311499272197959E-02 -2.7132459970887916E-02
   2.8471615720524014E-02 -2.7409024745269284E-02
   2.8646288209606987E-02 -2.7743813682678312E-02
   2.8820960698689956E-02 -2.7918486171761282E-02
   2.9053857350800582E-02 -2.7933042212518196E-02
   2.9330422125181950E-02 -2.7758369723435226E-02
   2.9563318777292576E-02 -2.7583697234352254E-02
   3.0014556040756910E-02 -2.8238719068413388E-02
   3.0494905385735082E-02 -2.8457059679767104E-02
   3.0771470160116447E-02 -2.8689956331877729E-02
   3.1077147016011639E-02 -2.8806404657933042E-02
   3.1484716157205238E-02 -2.8966521106259097E-02
   3.1819505094614266E-02 -2.9126637554585149E-02
   3.2227074235807861E-02 -2.9286754002911208E-02
   3.2780203784570590E-02 -2.9301310043668118E-02
   3.3100436681222707E-02 -2.9272197962154294E-02
   3.3639010189228526E-02 -2.9490538573508002E-02
   3.4017467248908299E-02 -2.9592430858806404E-02
   3.4439592430858805E-02 -2.9621542940320232E-02
   3.4978165938864630E-02 -2.9679767103347889E-02
   3.5502183406113538E-02 -2.9796215429403205E-02
   3.5967976710334790E-02 -2.9592430858806404E-02
   3.6521106259097526E-02 -2.9752547307132459E-02
   3.7030567685589516E-02 -2.9839883551673940E-02
   3.7496360989810767E-02 -2.9839883551673940E-02
   3.7962154294032026E-02 -2.9985443959243085E-02
   3.8369723435225621E-02 -3.0189228529839879E-02
   3.8762736535662305E-02 -3.0873362445414845E-02
   3.9126637554585147E-02 -3.0786026200873364E-02
   3.9592430858806399E-02 -3.0640465793304220E-02
   4.0029112081513829E-02 -3.0538573508005821E-02
   4.0189228529839881E-02 -3.0786026200873364E-02
   4.0422125181950506E-02 -3.1106259097525471E-02
   4.0829694323144108E-02 -3.1382823871906843E-02
   4.1237263464337703E-02 -3.1542940320232894E-02
   4.1732168850072776E-02 -3.1411935953420664E-02
   4.2241630276564773E-02 -3.1601164483260551E-02
   4.2678311499272197E-02 -3.1848617176128094E-02
   4.3056768558951963E-02 -3.2037845705967974E-02
   4.3595342066957789E-02 -3.2037845705967974E-02
   4.4337700145560405E-02 -3.2270742358078600E-02
   4.4934497816593887E-02 -3.2590975254730710E-02
   4.5502183406113533E-02 -3.2983988355167394E-02
   4.6084425036390098E-02 -3.3231441048034931E-02
   4.6564774381368267E-02 -3.3464337700145556E-02
   4.6899563318777288E-02 -3.3609898107714704E-02
   4.7103347889374085E-02 -3.3420669577874811E-02
   4.7350800582241628E-02 -3.3318777292576422E-02
   4.7641921397379910E-02 -3.3231441048034931E-02
   4.8195050946142647E-02 -3.3114992721979618E-02
   4.9097525473071328E-02 -3.3260553129548766E-02
   4.9679767103347885E-02 -3.3609898107714704E-02
   5.0043668122270742E-02 -3.3959243085880643E-02
   5.0393013100436680E-02 -3.4017467248908299E-02
   5.0524017467248911E-02 -3.4104803493449777E-02
   5.0669577874818045E-02 -3.4192139737991269E-02
   5.1033478893740901E-02 -3.4308588064046582E-02
   5.1295487627365355E-02 -3.4410480349344977E-02
   5.1688500727802039E-02 -3.4628820960698692E-02
   5.2081513828238717E-02 -3.4803493449781661E-02
   5.2387190684133916E-02 -3.5050946142649198E-02
   5.2852983988355168E-02 -3.5138282387190682E-02
   5.3318777292576419E-02 -3.5225618631732167E-02
   5.3333333333333330E-02 -3.5225618631732167E-02
   5.3595342066957784E-02 -3.5502183406113538E-02
   5.3755458515283842E-02 -3.5327510917030569E-02
   5.4133915574963602E-02 -3.4876273653566228E-02
   5.4337700145560407E-02 -3.4788937409024744E-02
   5.4832605531295486E-02 -3.4759825327510915E-02
   5.5123726346433768E-02 -3.5036390101892287E-02
   5.5371179039301312E-02 -3.5254730713245995E-02
   5.5705967976710333E-02 -3.5531295487627360E-02
   5.6098981077147017E-02 -3.5385735080058225E-02
   5.6491994177583701E-02 -3.5502183406113538E-02
   5.6914119359534207E-02 -3.5516739446870449E-02
   5.7409024745269287E-02 -3.5574963609898105E-02
   5.7860262008733621E-02 -3.5735080058224164E-02
   5.8165938864628820E-02 -3.5953420669577872E-02
   5.8588064046579333E-02 -3.6171761280931580E-02
   5.8617176128093161E-02 -3.6375545851528385E-02
   5.8850072780203787E-02 -3.6681222707423577E-02
   5.9010189228529839E-02 -3.6914119359534203E-02
   5.9286754002911210E-02 -3.7030567685589516E-02
   5.9577874818049485E-02 -3.7074235807860262E-02
   5.9985443959243087E-02 -3.7176128093158664E-02
   6.0232896652110623E-02 -3.7409024745269283E-02
   6.0553129548762734E-02 -3.7496360989810767E-02
   6.0873362445414851E-02 -3.7481804949053857E-02
   6.1382823871906834E-02 -3.7278020378457059E-02
   6.1906841339155749E-02 -3.7074235807860262E-02
   6.2489082969432314E-02 -3.7219796215429403E-02
   6.2867540029112073E-02 -3.6899563318777293E-02
   6.3406113537117906E-02 -3.6535662299854436E-02
   6.3682678311499263E-02 -3.6259097525473072E-02
   6.3813682678311501E-02 -3.6331877729257639E-02
   6.4017467248908291E-02 -3.6593886462882100E-02
   6.4483260553129543E-02 -3.6885007278020375E-02
   6.4759825327510914E-02 -3.6637554585152839E-02
   6.5167394468704509E-02 -3.6579330422125182E-02
   6.5909752547307132E-02 -3.6826783114992725E-02
   6.6186317321688490E-02 -3.6986899563318777E-02
   6.6724890829694308E-02 -3.7234352256186314E-02
   6.6972343522561859E-02 -3.7394468704512372E-02
   6.7292576419213976E-02 -3.7540029112081506E-02
   6.7467248908296931E-02 -3.7627365356622998E-02
   6.7933042212518183E-02 -3.7802037845705967E-02
   6.8326055312954867E-02 -3.8049490538573504E-02
   6.8704512372634641E-02 -3.8267831149927219E-02
   6.9403202328966518E-02 -3.8369723435225621E-02
   6.9708879184861711E-02 -3.8326055312954875E-02
   7.0407569141193588E-02 -3.8093158660844249E-02
   7.0989810771470152E-02 -3.8224163027656473E-02
   7.0931586608442510E-02 -3.8093158660844249E-02
   7.0917030567685585E-02 -3.8442503639010188E-02
   7.1048034934497822E-02 -3.8922852983988350E-02
   7.1513828238719074E-02 -3.8850072780203783E-02
   7.1804949053857342E-02 -3.8646288209606992E-02
   7.2096069868995638E-02 -3.8558951965065501E-02
   7.2314410480349339E-02 -3.8660844250363903E-02
   7.2751091703056769E-02 -3.8704512372634642E-02
   7.2940320232896649E-02 -3.8733624454148470E-02
   7.3013100436681216E-02 -3.8908296943231439E-02
   7.3129548762736529E-02 -3.9301310043668124E-02
   7.3187772925764186E-02 -3.9475982532751086E-02
   7.3609898107714705E-02 -3.9228529839883550E-02
   7.3959243085880644E-02 -3.9228529839883550E-02
   7.4235807860262001E-02 -3.9068413391557498E-02
   7.4468704512372627E-02 -3.8777292576419216E-02
   7.4759825327510909E-02 -3.8529839883551673E-02
   7.5167394468704504E-02 -3.8165938864628816E-02
   7.5443959243085876E-02 -3.8005822416302758E-02
   7.5545851528384278E-02 -3.8107714701601160E-02
   7.5720524017467247E-02 -3.8326055312954875E-02
   7.5924308588064052E-02 -3.8529839883551673E-02
   7.6215429403202320E-02 -3.8500727802037844E-02
   7.6535662299854437E-02 -3.8427947598253277E-02
   7.6637554585152826E-02 -3.8457059679767099E-02
   7.6899563318777300E-02 -3.8500727802037844E-02
   7.7467248908296940E-02 -3.8529839883551673E-02
   7.7903930131004370E-02 -3.8544395924308590E-02
   7.7845705967976700E-02 -3.8806404657933037E-02
   7.7743813682678312E-02 -3.9010189228529842E-02
   7.7758369723435222E-02 -3.9243085880640460E-02
   7.8078602620087326E-02 -3.9505094614264921E-02
   7.8369723435225622E-02 -3.9606986899563316E-02
   7.8966521106259097E-02 -3.9505094614264921E-02
   7.9315866084425035E-02 -3.9315866084425034E-02
   7.9679767103347884E-02 -3.9417758369723437E-02
   8.0058224163027658E-02 -3.9461426491994175E-02
   8.0407569141193597E-02 -3.9286754002911206E-02
   8.0858806404657924E-02 -3.9213973799126632E-02
   8.1004366812227058E-02 -3.9344978165938863E-02
   8.1164483260553116E-02 -3.9621542940320234E-02
   8.1324599708879175E-02 -3.9941775836972337E-02
   8.1382823871906845E-02 -4.0101892285298396E-02
   8.1848617176128097E-02 -3.9970887918486173E-02
   8.2081513828238722E-02 -3.9679767103347890E-02
   8.2343522561863169E-02 -3.9490538573508004E-02
   8.2430858806404661E-02 -3.9650655021834062E-02
   8.2605531295487616E-02 -3.9548762736535660E-02
   8.2838427947598242E-02 -3.9825327510917025E-02
   8.3231441048034926E-02 -4.0160116448326053E-02
   8.3537117903930119E-02 -4.0247452692867537E-02
   8.3988355167394460E-02 -4.0349344978165939E-02
   8.4352256186317323E-02 -4.0305676855895194E-02
   8.4832605531295485E-02 -4.0116448326055314E-02
   8.5065502183406111E-02 -4.0160116448326053E-02
   8.5065502183406111E-02 -4.0538573508005826E-02
   8.5080058224163022E-02 -4.0698689956331878E-02
   8.5385735080058214E-02 -4.0829694323144108E-02
   8.5851528384279466E-02 -4.0800582241630273E-02
   8.6288209606986896E-02 -4.0727802037845706E-02
   8.6593886462882089E-02 -4.0669577874818050E-02
   8.6797671033478893E-02 -4.0887918486171765E-02
   8.7088791848617161E-02 -4.0960698689956332E-02
   8.7569141193595337E-02 -4.1004366812227078E-02
   8.7831149927219784E-02 -4.1033478893740899E-02
   8.8529839883551661E-02 -4.1208151382823868E-02
   8.9141193595342061E-02 -4.1455604075691412E-02
   8.9577874818049491E-02 -4.1703056768558955E-02
   8.9999999999999997E-02 -4.1935953420669581E-02
   9.0349344978165935E-02 -4.2227074235807856E-02
   9.0363901018922846E-02 -4.2227074235807856E-02
   9.0596797671033472E-02 -4.1863173216885007E-02
   9.0742358078602620E-02 -4.1586608442503642E-02
   9.1193595342066947E-02 -4.1208151382823868E-02
   9.1572052401746720E-02 -4.1310043668122270E-02
   9.1819505094614257E-02 -4.1091703056768555E-02
   9.2008733624454137E-02 -4.0873362445414840E-02
   9.2270742358078611E-02 -4.0917030567685586E-02
   9.2620087336244536E-02 -4.1135371179039301E-02
   9.2663755458515282E-02 -4.1441048034934494E-02
   9.2663755458515282E-02 -4.1819505094614268E-02
   9.2736535662299863E-02 -4.1979621542940319E-02
   9.3260553129548757E-02 -4.2197962154294028E-02
   9.3711790393013097E-02 -4.2285298398835519E-02
   9.3901018922852977E-02 -4.2314410480349340E-02
   9.4119359534206692E-02 -4.2139737991266371E-02
   9.4454148471615720E-02 -4.1834061135371178E-02
   9.4847161572052405E-02 -4.1644832605531291E-02
   9.5152838427947597E-02 -4.1513828238719068E-02
   9.5211062590975254E-02 -4.1717612809315865E-02
   9.5211062590975254E-02 -4.1965065502183402E-02
   9.5327510917030567E-02 -4.2314410480349340E-02
   9.5458515283842790E-02 -4.2649199417758368E-02
   9.5516739446870447E-02 -4.2940320232896650E-02
   9.5647743813682670E-02 -4.3071324599708881E-02
   9.5967976710334787E-02 -4.3114992721979613E-02
   9.6331877729257637E-02 -4.3114992721979613E-02
   9.7030567685589528E-02 -4.2867540029112076E-02
   9.7423580786026184E-02 -4.2503639010189227E-02
   9.7831149927219793E-02 -4.2066957787481804E-02
   9.8078602620087330E-02 -4.1746724890829694E-02
   9.8326055312954866E-02 -4.1426491994177583E-02
   9.8034934497816598E-02 -4.1703056768558955E-02
   9.7991266375545852E-02 -4.2081513828238715E-02
   9.8034934497816598E-02 -4.2168850072780206E-02
   9.8311499272197955E-02 -4.2547307132459973E-02
   9.8267831149927223E-02 -4.2838427947598255E-02
   9.8209606986899553E-02 -4.3449781659388641E-02
   9.8311499272197955E-02 -4.3740902474526923E-02
   9.8850072780203788E-02 -4.3901018922852982E-02
   9.9330422125181950E-02 -4.3901018922852982E-02
   9.9767103347889366E-02 -4.3711790393013102E-02
   0.1003056768558952     -4.3173216885007276E-02
   0.1006259097525473     -4.3027656477438135E-02
   0.1009461426491994     -4.2794759825327509E-02
   0.1012954876273653     -4.2590975254730712E-02
   0.1015720524017467     -4.2430858806404653E-02
   0.1021106259097525     -4.2096069868995632E-02
   0.1057641921397380     -4.2649199417758368E-02
   0.1061135371179039     -4.2838427947598255E-02
   0.1064628820960699     -4.3013100436681224E-02
   0.1068558951965066     -4.3158660844250359E-02
   0.1073216885007278     -4.3275109170305671E-02
   0.1078748180494905     -4.3391557496360984E-02
   0.1083697234352256     -4.3609898107714699E-02
   0.1088646288209607     -4.3566229985443954E-02
   0.1093740902474527     -4.3478893740902476E-02
   0.1099417758369723     -4.3580786026200871E-02
   0.1104803493449782     -4.3726346433770012E-02
   0.1108005822416303     -4.3915574963609892E-02
   0.1111644832605531     -4.3988355167394466E-02
   0.1116011644832605     -4.4046579330422123E-02
   0.1119505094614265     -4.4133915574963607E-02
   0.1123871906841339     -4.4323144104803487E-02
   0.1128384279475982     -4.4294032023289666E-02
   0.1133478893740902     -4.4395924308588061E-02
   0.1137409024745269     -4.4585152838427948E-02
   0.1142066957787482     -4.5050946142649199E-02
   0.1143813682678311     -4.5356622998544392E-02
   0.1147598253275109     -4.5822416302765651E-02
   0.1149927219796215     -4.6055312954876276E-02
   0.1152983988355167     -4.6288209606986902E-02
   0.1157059679767103     -4.6404657933042215E-02
   0.1162154294032023     -4.6564774381368267E-02
   0.1164919941775837     -4.6695778748180497E-02
   0.1167540029112082     -4.6899563318777288E-02
   0.1170596797671033     -4.7190684133915570E-02
   0.1173362445414847     -4.7438136826783113E-02
   0.1178020378457060     -4.8224163027656475E-02
   0.1184425036390102     -4.8515283842794764E-02
   0.1189519650655022     -4.8704512372634644E-02
   0.1193886462882096     -4.8937409024745269E-02
   0.1197088791848617     -4.9286754002911208E-02
   0.1199563318777292     -4.9519650655021834E-02
   0.1202037845705968     -4.9810771470160116E-02
   0.1204803493449781     -5.0043668122270742E-02
   0.1207714701601165     -5.0276564774381367E-02
   0.1210189228529840     -5.0305676855895196E-02
   0.1211935953420670     -5.0232896652110622E-02
   0.1213537117903930     -4.9985443959243085E-02
   0.1216739446870451     -4.9490538573508006E-02
   0.1218340611353712     -4.8995633187772926E-02
   0.1220087336244541     -4.8544395924308585E-02
   0.1221979621542940     -4.8064046579330423E-02
   0.1223726346433770     -4.7540029112081515E-02
   0.1225764192139738     -4.6986899563318779E-02
   0.1228093158660844     -4.6506550218340610E-02
   0.1230276564774381     -4.6055312954876276E-02
   0.1231149927219796     -4.5502183406113533E-02
   0.1236098981077147     -4.5502183406113533E-02
   0.1254876273653566     -4.5735080058224159E-02
   0.1266375545851528     -4.5909752547307128E-02
   0.1283842794759825     -4.6128093158660843E-02
   0.1300000000000000     -4.6346433770014558E-02
   0.1308879184861718     -4.6506550218340610E-02
   0.1327947598253275     -4.6710334788937408E-02
   0.1344541484716157     -4.7554585152838426E-02
   0.1347016011644832     -4.7685589519650649E-02
   0.1349199417758370     -4.7903930131004364E-02
   0.1351819505094614     -4.8020378457059677E-02
   0.1353711790393013     -4.7918486171761275E-02
   0.1357933042212518     -4.7918486171761275E-02
   0.1360116448326055     -4.8005822416302767E-02
   0.1365065502183406     -4.8093158660844244E-02
   0.1369286754002911     -4.8093158660844244E-02
   0.1374090247452693     -4.8093158660844244E-02
   0.1379184861717613     -4.8093158660844244E-02
   0.1383406113537118     -4.8573508005822420E-02
   0.1385735080058224     -4.8646288209606987E-02
   0.1388064046579330     -4.9068413391557493E-02
   0.1391120815138282     -4.9184861717612806E-02
   0.1395487627365357     -4.9257641921397373E-02
   0.1399272197962154     -4.9286754002911208E-02
   0.1405531295487627     -4.9374090247452693E-02
   0.1412227074235808     -4.9446870451237267E-02
   0.1417903930131004     -4.9446870451237267E-02
   0.1423144104803493     -4.9490538573508006E-02
   0.1422561863173217     -4.9708879184861714E-02
   0.1419505094614265     -5.0087336244541480E-02
   0.1418195050946143     -5.0451237263464337E-02
   0.1417612809315866     -5.0829694323144103E-02
   0.1418922852983988     -5.0946142649199416E-02
   0.1423871906841339     -5.1018922852983983E-02
   0.1427802037845706     -5.1018922852983983E-02
   0.1432023289665211     -5.0771470160116447E-02
   0.1434206695778748     -5.0611353711790388E-02
   0.1437409024745269     -5.0203784570596793E-02
   0.1441921397379913     -4.9374090247452693E-02
   0.1447598253275109     -4.8733624454148465E-02
   0.1450363901018923     -4.8398835516739444E-02
   0.1469868995633188     -4.8893740902474524E-02
   0.1496797671033479     -4.8850072780203778E-02
   0.1496943231441048     -4.9010189228529837E-02
   0.1498544395924309     -4.9388646288209603E-02
   0.1502911208151383     -4.9563318777292580E-02
   0.1506404657933042     -4.9694323144104803E-02
   0.1509315866084425     -4.9898107714701601E-02
   0.1510480349344978     -5.0072780203784570E-02
   0.1511790393013100     -5.0334788937409024E-02
   0.1512809315866084     -5.0524017467248911E-02
   0.1515574963609898     -5.0669577874818045E-02
   0.1519359534206696     -5.0800582241630275E-02
   0.1522707423580786     -5.0815138282387193E-02
   0.1525909752547307     -5.0698689956331880E-02
   0.1529257641921397     -5.0218340611353711E-02
   0.1531586608442504     -4.9970887918486168E-02
   0.1534643377001455     -4.9650655021834057E-02
   0.1537991266375546     -4.9417758369723432E-02
   0.1545705967976710     -4.9825327510917027E-02
   0.1567976710334789     -5.0072780203784570E-02
   0.1590101892285298     -5.0029112081513824E-02
   0.1613537117903930     -5.0655021834061134E-02
   0.1634206695778748     -5.0931586608442506E-02
   0.1650800582241630     -5.1091703056768550E-02
   0.1667394468704512     -5.1310043668122265E-02
   0.1675691411935953     -5.1310043668122265E-02
   0.1677438136826783     -5.1557496360989809E-02
   0.1681513828238719     -5.1819505094614263E-02
   0.1685152838427947     -5.2125181950509455E-02
   0.1689519650655022     -5.2430858806404655E-02
   0.1692867540029112     -5.2503639010189229E-02
   0.1696652110625910     -5.2532751091703057E-02
   0.1699563318777293     -5.2532751091703057E-02
   0.1705822416302765     -5.2561863173216879E-02
   0.1709752547307132     -5.2707423580786027E-02
   0.1713100436681223     -5.2823871906841340E-02
   0.1719796215429403     -5.2867540029112078E-02
   0.1726928675400291     -5.2969432314410481E-02
   0.1733333333333333     -5.3027656477438130E-02
   0.1736972343522562     -5.3085880640465793E-02
   0.1744832605531295     -5.3275109170305673E-02
   0.1748762736535662     -5.3347889374090247E-02
   0.1754439592430859     -5.3347889374090247E-02
   0.1760262008733624     -5.3347889374090247E-02
   0.1766084425036390     -5.3435225618631732E-02
   0.1773216885007278     -5.3464337700145560E-02
   0.1782387190684134     -5.3537117903930127E-02
   0.1790684133915575     -5.3639010189228530E-02
   0.1799854439592431     -5.3770014556040753E-02
   0.1808296943231441     -5.3842794759825320E-02
   0.1817176128093159     -5.3930131004366812E-02
   0.1826055312954876     -5.3915574963609894E-02
   0.1839592430858806     -5.4032023289665207E-02
   0.1849636098981077     -5.4090247452692870E-02
   0.1859097525473071     -5.4177583697234348E-02
   0.1867248908296943     -5.4279475982532750E-02
   0.1876855895196506     -5.4381368267831146E-02
   0.1886462882096070     -5.4759825327510912E-02
   0.1894614264919942     -5.4788937409024747E-02
   0.1901746724890830     -5.5050946142649194E-02
   0.1903784570596798     -5.5211062590975253E-02
   0.1911790393013100     -5.4934497816593882E-02
   0.1919068413391557     -5.4963609898107710E-02
   0.1928820960698690     -5.4934497816593882E-02
   0.1937409024745269     -5.5443959243085879E-02
   0.1947452692867540     -5.5574963609898109E-02
   0.1957059679767103     -5.5749636098981079E-02
   0.1966229985443959     -5.5938864628820958E-02
   0.1975982532751092     -5.6084425036390100E-02
   0.1984861717612809     -5.6128093158660838E-02
   0.1992721979621543     -5.6288209606986897E-02
   0.2001746724890830     -5.6404657933042210E-02
   0.2011062590975255     -5.6477438136826777E-02
   0.2020378457059680     -5.6550218340611351E-02
   0.2030858806404658     -5.6710334788937403E-02
   0.2041484716157205     -5.6885007278020372E-02
   0.2053129548762737     -5.7030567685589520E-02
   0.2063027656477438     -5.7074235807860266E-02
   0.2073508005822416     -5.7147016011644833E-02
   0.2083260553129549     -5.7205240174672489E-02
   0.2094759825327511     -5.7379912663755459E-02
   0.2105967976710335     -5.7467248908296943E-02
   0.2112518195050946     -5.7540029112081510E-02
   0.2126055312954876     -5.7729257641921397E-02
   0.2137991266375546     -5.7802037845705964E-02
   0.2150946142649199     -5.7903930131004359E-02
   0.2162008733624454     -5.8005822416302762E-02
   0.2171470160116448     -5.8034934497816590E-02
   0.2182532751091703     -5.8107714701601164E-02
   0.2194614264919942     -5.8209606986899559E-02
   0.2207714701601164     -5.8340611353711790E-02
   0.2214992721979621     -5.8369723435225611E-02
   0.2225909752547307     -5.8442503639010185E-02
   0.2241193595342067     -5.8326055312954872E-02
   0.2248180494905386     -5.8427947598253274E-02
   0.2254876273653566     -5.8529839883551669E-02
   0.2264046579330422     -5.8704512372634646E-02
   0.2273071324599709     -5.8748180494905378E-02
   0.2282969432314410     -5.8777292576419213E-02
   0.2292139737991266     -5.8748180494905378E-02
   0.2300873362445415     -5.8748180494905378E-02
   0.2308879184861718     -5.8733624454148474E-02
   0.2319796215429403     -5.8777292576419213E-02
   0.2331441048034934     -5.8806404657933041E-02
   0.2339446870451237     -5.8864628820960690E-02
   0.2348908296943231     -5.9010189228529839E-02
   0.2356331877729257     -5.9053857350800584E-02
   0.2367831149927219     -5.9141193595342062E-02
   0.2377438136826783     -5.9126637554585151E-02
   0.2386754002911208     -5.9141193595342062E-02
   0.2395778748180495     -5.9213973799126629E-02
   0.2404949053857350     -5.9257641921397375E-02
   0.2413100436681223     -5.9272197962154292E-02
   0.2421542940320233     -5.9272197962154292E-02
   0.2431004366812227     -5.9272197962154292E-02
   0.2438136826783115     -5.9199417758369725E-02
   0.2442794759825327     -5.9141193595342062E-02
