   1.5269286754002910E-02  3.3799126637554584E-02
   1.4847161572052401E-02  3.4119359534206695E-02
   1.4643377001455604E-02  3.4323144104803492E-02
   1.4395924308588064E-02  3.4614264919941774E-02
   1.4206695778748179E-02  3.4847161572052400E-02
   1.3915574963609897E-02  3.5371179039301308E-02
   1.3784570596797670E-02  3.5604075691411934E-02
   1.3391557496360991E-02  3.5851528384279477E-02
   1.3129548762736535E-02  3.6040756914119357E-02
   1.2896652110625909E-02  3.6215429403202326E-02
   1.1935953420669576E-02  3.6754002911208151E-02
   1.1746724890829695E-02  3.7059679767103351E-02
   1.1251819505094613E-02  3.7583697234352252E-02
   1.0858806404657933E-02  3.7889374090247445E-02
   1.0553129548762736E-02  3.7903930131004369E-02
   1.0247452692867538E-02  3.7772925764192132E-02
   9.8398835516739450E-03  3.7598253275109170E-02
   9.4323144104803500E-03  3.7845705967976713E-02
   9.1557496360989803E-03  3.8209606986899562E-02
   8.6899563318777288E-03  3.8733624454148470E-02
   8.2823871906841321E-03  3.8981077147016006E-02
   7.6564774381368264E-03  3.9228529839883550E-02
   6.9141193595342060E-03  3.9243085880640460E-02
   6.5647743813682675E-03  3.9155749636098976E-02
   6.1426491994177575E-03  3.9155749636098976E-02
   5.5895196506550214E-03  3.9010189228529842E-02
   5.2256186317321688E-03  3.8719068413391559E-02
   4.7889374090247456E-03  3.8078602620087339E-02
   4.5560407569141190E-03  3.7583697234352252E-02
   4.2503639010189227E-03  3.7176128093158664E-02
   4.1048034934497808E-03  3.6783114992721980E-02
   4.0756914119359534E-03  3.6084425036390103E-02
   4.0611353711790393E-03  3.5298398835516734E-02
   4.0611353711790393E-03  3.4425036390101894E-02
   4.1484716157205231E-03  3.3682678311499271E-02
   4.2358078602620086E-03  3.3056768558951961E-02
   4.4104803493449779E-03  3.2634643377001456E-02
   4.6724890829694318E-03  3.1892285298398833E-02
   4.8180494905385738E-03  3.1542940320232894E-02
   5.0363901018922845E-03  3.1077147016011639E-02
   5.4730713245997086E-03  3.0480349344978161E-02
   5.7350800582241634E-03  3.0218340611353710E-02
   6.1135371179039293E-03  3.0203784570596800E-02
   6.6521106259097521E-03  3.0131004366812222E-02
   7.0887918486171753E-03  3.0014556040756910E-02
   7.4526928675400289E-03  2.9781659388646284E-02
   7.8893740902474530E-03  2.9446870451237263E-02
   8.0349344978165940E-03  2.8558951965065499E-02
   7.7001455604075696E-03  2.8020378457059680E-02
   7.3071324599708878E-03  2.7598253275109168E-02
   6.8122270742358082E-03  2.7219796215429404E-02
   6.2445414847161571E-03  2.6957787481804947E-02
   5.6477438136826779E-03  2.6724890829694321E-02
   5.0800582241630268E-03  2.6404657933042211E-02
   4.7598253275109173E-03  2.5851528384279475E-02
   4.5851528384279472E-03  2.5080058224163024E-02
   4.6288209606986895E-03  2.4410480349344978E-02
   4.8617176128093161E-03  2.3566229985443957E-02
   4.8762736535662302E-03  2.2983988355167392E-02
   4.8180494905385738E-03  2.2489082969432313E-02
   4.3959243085880638E-03  2.1877729257641924E-02
   4.1775836972343513E-03  2.1586608442503638E-02
   3.6826783114992721E-03  2.1513828238719068E-02
   3.1149927219796215E-03  2.1863173216885006E-02
   2.3726346433770016E-03  2.2503639010189227E-02
   1.9068413391557495E-03  2.3042212518195049E-02
   1.4119359534206695E-03  2.3260553129548760E-02
   1.0189228529839884E-03  2.2561863173216883E-02
   6.2590975254730704E-04  2.2227074235807862E-02
  -5.8224163027656476E-05  2.2139737991266374E-02
  -7.5691411935953411E-04  2.2358078602620086E-02
  -1.4119359534206695E-03  2.2576419213973801E-02
  -1.9650655021834062E-03  2.2590975254730711E-02
  -2.4308588064046580E-03  2.2459970887918488E-02
  -3.0276564774381364E-03  2.1965065502183405E-02
  -3.4643377001455601E-03  2.1542940320232896E-02
  -4.0029112081513829E-03  2.1222707423580785E-02
  -4.5560407569141190E-03  2.0684133915574963E-02
  -5.1528384279475974E-03  1.9708879184861718E-02
  -5.5167394468704509E-03  1.8922852983988356E-02
  -5.5312954876273650E-03  1.8049490538573507E-02
  -5.1237263464337691E-03  1.7481804949053856E-02
  -4.2794759825327509E-03  1.7190684133915574E-02
  -3.6681222707423580E-03  1.7030567685589519E-02
  -3.2023289665211062E-03  1.7190684133915574E-02
  -2.6783114992721979E-03  1.7001455604075691E-02
  -2.0815138282387186E-03  1.6783114992721979E-02
  -1.4701601164483261E-03  1.6521106259097525E-02
  -1.1499272197962153E-03  1.5938864628820961E-02
  -1.3682678311499271E-03  1.5618631732168849E-02
  -1.9941775836972344E-03  1.4730713245997088E-02
  -2.7947598253275107E-03  1.4192139737991265E-02
  -3.4352256186317319E-03  1.3799126637554584E-02
  -4.3377001455604074E-03  1.3231441048034934E-02
  -5.1528384279475974E-03  1.2794759825327510E-02
  -5.8224163027656480E-03  1.2503639010189228E-02
  -6.6229985443959239E-03  1.2387190684133915E-02
  -7.4526928675400289E-03  1.2037845705967975E-02
  -8.0931586608442505E-03  1.1644832605531296E-02
  -8.8791848617176122E-03  1.1280931586608442E-02
  -9.2721979621542931E-03  1.0727802037845706E-02
  -9.3449781659388637E-03  9.9417758369723438E-03
  -9.2430858806404649E-03  9.4759825327510924E-03
  -9.0829694323144097E-03  9.1266375545851521E-03
  -8.7481804949053853E-03  8.9374090247452687E-03
  -8.2096069868995616E-03  8.7045123726346429E-03
  -7.8893740902474530E-03  8.5880640465793301E-03
  -7.0596797671033471E-03  8.3842794759825326E-03
  -6.5502183406113534E-03  7.7438136826783119E-03
  -6.1280931586608434E-03  7.5109170305676853E-03
  -5.6768558951965061E-03  7.0887918486171753E-03
  -5.6768558951965061E-03  6.6521106259097521E-03
  -5.9243085880640459E-03  6.0262008733624447E-03
  -6.1135371179039293E-03  5.3857350800582239E-03
  -6.1717612809315866E-03  4.5997088791848613E-03
  -5.8078602620087339E-03  4.3959243085880638E-03
  -5.3857350800582239E-03  4.0320232896652111E-03
  -4.8762736535662302E-03  3.7117903930131003E-03
  -4.7161572052401750E-03  3.3478893740902477E-03
  -4.6870451237263459E-03  2.8093158660844248E-03
  -4.4541484716157202E-03  2.2998544395924306E-03
  -4.1921397379912663E-03  1.8777292576419213E-03
  -3.7117903930131003E-03  1.4410480349344979E-03
  -3.2314410480349344E-03  1.1499272197962153E-03
  -2.3435225618631730E-03  9.4614264919941772E-04
  -1.9650655021834062E-03  6.1135371179039304E-04
  -1.4847161572052400E-03  2.9112081513828238E-05
  -1.0043668122270743E-03 -3.9301310043668122E-04
  -8.1513828238719064E-04 -9.0247452692867540E-04
  -9.1703056768558950E-04 -1.5138282387190682E-03
  -9.8981077147016015E-04 -2.2707423580786024E-03
  -9.3158660844250361E-04 -3.3042212518195049E-03
  -7.8602620087336243E-04 -3.5371179039301306E-03
  -4.5123726346433770E-04 -3.7700145560407568E-03
  -2.9112081513828236E-04 -3.9883551673944688E-03
   2.4745269286754004E-04 -4.1630276564774372E-03
   9.7525473071324604E-04 -4.6142649199417754E-03
   1.4410480349344979E-03 -5.1091703056768550E-03
   1.7176128093158659E-03 -5.7205240174672493E-03
   1.9650655021834062E-03 -6.3755458515283841E-03
   2.2416302765647742E-03 -7.0305676855895189E-03
   2.6783114992721979E-03 -7.7874818049490542E-03
   3.1586608442503638E-03 -8.5007278020378454E-03
   3.7700145560407568E-03 -9.4323144104803500E-03
   4.0611353711790393E-03 -9.9854439592430861E-03
   4.5560407569141190E-03 -1.0524017467248908E-02
   4.9490538573508007E-03 -1.1062590975254730E-02
   5.6040756914119355E-03 -1.1877729257641920E-02
   5.9825327510917023E-03 -1.2489082969432314E-02
   6.2590975254730712E-03 -1.3013100436681222E-02
   6.7540029112081517E-03 -1.3435225618631733E-02
   7.2925764192139737E-03 -1.3770014556040756E-02
   8.0640465793304222E-03 -1.4192139737991265E-02
   8.6171761280931583E-03 -1.4512372634643377E-02
   8.9082969432314404E-03 -1.5283842794759825E-02
   8.9956331877729251E-03 -1.6084425036390102E-02
   9.0829694323144097E-03 -1.6695778748180495E-02
   9.3013100436681213E-03 -1.6885007278020378E-02
   9.5633187772925770E-03 -1.6972343522561863E-02
   9.7962154294032027E-03 -1.7176128093158660E-02
   1.0247452692867538E-02 -1.7176128093158660E-02
   1.0567685589519650E-02 -1.7248908296943231E-02
   1.0946142649199417E-02 -1.7219796215429403E-02
   1.1251819505094613E-02 -1.7190684133915574E-02
   1.1732168850072781E-02 -1.7117903930131004E-02
   1.2081513828238718E-02 -1.7190684133915574E-02
   1.2241630276564773E-02 -1.7438136826783114E-02
   1.2241630276564773E-02 -1.7612809315866083E-02
   1.2081513828238718E-02 -1.8064046579330424E-02
   1.1863173216885006E-02 -1.8413391557496363E-02
   1.1979621542940319E-02 -1.8748180494905384E-02
   1.2241630276564773E-02 -1.9199417758369721E-02
   1.2416302765647744E-02 -1.9417758369723436E-02
   1.2780203784570596E-02 -1.9417758369723436E-02
   1.3216885007278020E-02 -1.9388646288209608E-02
   1.3740902474526927E-02 -1.9272197962154295E-02
   1.4294032023289665E-02 -1.9184861717612810E-02
   1.4643377001455604E-02 -1.9112081513828236E-02
   1.4992721979621542E-02 -1.9039301310043669E-02
   1.4818049490538573E-02 -1.9257641921397377E-02
   1.4585152838427947E-02 -1.9723435225618632E-02
   1.4294032023289665E-02 -2.0203784570596794E-02
   1.4090247452692866E-02 -2.0640465793304218E-02
   1.4206695778748179E-02 -2.0742358078602620E-02
   1.4716157205240173E-02 -2.0771470160116448E-02
   1.4949053857350798E-02 -2.0771470160116448E-02
   1.5225618631732168E-02 -2.0713245997088792E-02
   1.5007278020378455E-02 -2.0931586608442503E-02
   1.4774381368267829E-02 -2.1368267831149926E-02
   1.4847161572052401E-02 -2.1644832605531295E-02
   1.5050946142649199E-02 -2.2023289665211061E-02
   1.5123726346433768E-02 -2.2139737991266374E-02
   1.5487627365356624E-02 -2.2285298398835519E-02
   1.6055312954876274E-02 -2.2372634643377000E-02
   1.6608442503639010E-02 -2.2416302765647742E-02
   1.7278020378457059E-02 -2.2576419213973801E-02
   1.7496360989810771E-02 -2.2561863173216883E-02
   1.8136826783114991E-02 -2.2459970887918488E-02
   1.8544395924308586E-02 -2.2387190684133914E-02
   1.8922852983988356E-02 -2.2634643377001457E-02
   1.9243085880640467E-02 -2.2954876273653564E-02
   1.9563318777292574E-02 -2.3406113537117905E-02
   2.0116448326055313E-02 -2.3522561863173218E-02
   2.0771470160116448E-02 -2.3304221251819503E-02
   2.1455604075691411E-02 -2.3304221251819503E-02
   2.2008733624454147E-02 -2.3304221251819503E-02
   2.2576419213973801E-02 -2.3333333333333331E-02
   2.2867540029112080E-02 -2.3508005822416300E-02
   2.3216885007278018E-02 -2.3930131004366813E-02
   2.3420669577874816E-02 -2.4264919941775837E-02
   2.3653566229985441E-02 -2.4978165938864628E-02
   2.3886462882096070E-02 -2.5487627365356619E-02
   2.4366812227074233E-02 -2.5749636098981080E-02
   2.5065502183406113E-02 -2.5793304221251818E-02
   2.5356622998544395E-02 -2.5647743813682677E-02
   2.5749636098981080E-02 -2.5400291120815138E-02
   2.6069868995633187E-02 -2.5065502183406113E-02
   2.6433770014556036E-02 -2.4905385735080054E-02
   2.6957787481804947E-02 -2.4803493449781659E-02
   2.7234352256186315E-02 -2.4818049490538573E-02
   2.7379912663755456E-02 -2.5298398835516739E-02
   2.7540029112081511E-02 -2.5851528384279475E-02
   2.7656477438136824E-02 -2.6579330422125180E-02
   2.7889374090247450E-02 -2.6637554585152837E-02
   2.8427947598253272E-02 -2.6462882096069867E-02
   2.9257641921397376E-02 -2.6739446870451235E-02
   2.9927219796215428E-02 -2.6637554585152837E-02
   3.0422125181950505E-02 -2.6521106259097524E-02
   3.0640465793304220E-02 -2.6462882096069867E-02
   3.0887918486171759E-02 -2.6695778748180497E-02
   3.1164483260553127E-02 -2.6972343522561861E-02
   3.1542940320232894E-02 -2.7292576419213972E-02
   3.1892285298398833E-02 -2.7365356622998542E-02
   3.2037845705967974E-02 -2.7336244541484717E-02
   3.2125181950509459E-02 -2.7365356622998542E-02
   3.2547307132459964E-02 -2.7627365356622999E-02
   3.2823871906841336E-02 -2.7816593886462883E-02
   3.2925764192139738E-02 -2.8355167394468701E-02
   3.3071324599708879E-02 -2.8806404657933042E-02
   3.3318777292576422E-02 -2.9184861717612805E-02
   3.3988355167394464E-02 -2.9199417758369720E-02
   3.4876273653566228E-02 -2.8719068413391554E-02
   3.5473071324599703E-02 -2.8515283842794760E-02
   3.6098981077147013E-02 -2.8471615720524014E-02
   3.6550218340611354E-02 -2.8442503639010186E-02
   3.7132459970887918E-02 -2.8573508005822416E-02
   3.7583697234352252E-02 -2.8777292576419210E-02
   3.7758369723435221E-02 -2.9548762736535658E-02
   3.8224163027656473E-02 -2.9548762736535658E-02
   3.8835516739446872E-02 -2.9403202328966521E-02
   3.9315866084425034E-02 -2.9213973799126637E-02
   4.0087336244541485E-02 -2.9315866084425032E-02
   4.0727802037845706E-02 -2.9519650655021833E-02
   4.1382823871906838E-02 -2.9403202328966521E-02
   4.1804949053857350E-02 -2.9548762736535658E-02
   4.2052401746724893E-02 -2.9737991266375548E-02
   4.2372634643376997E-02 -2.9898107714701597E-02
   4.2649199417758368E-02 -3.0203784570596800E-02
   4.2721979621542942E-02 -3.0611353711790395E-02
   4.2823871906841338E-02 -3.0960698689956326E-02
   4.2896652110625912E-02 -3.1004366812227072E-02
   4.3653566229985445E-02 -3.0960698689956326E-02
   4.4352256186317322E-02 -3.0873362445414845E-02
   4.4774381368267828E-02 -3.0800582241630278E-02
   4.5240174672489079E-02 -3.0611353711790395E-02
   4.5574963609898107E-02 -3.0567685589519649E-02
   4.6040756914119352E-02 -3.0917030567685591E-02
   4.5836972343522561E-02 -3.1295487627365351E-02
   4.5618631732168846E-02 -3.2445414847161569E-02
   4.5676855895196503E-02 -3.2911208151382827E-02
   4.5880640465793307E-02 -3.3187772925764192E-02
   4.6317321688500723E-02 -3.3420669577874811E-02
   4.7103347889374085E-02 -3.3347889374090244E-02
   4.7802037845705962E-02 -3.3085880640465797E-02
   4.8602620087336242E-02 -3.2576419213973799E-02
   4.8937409024745269E-02 -3.2314410480349345E-02
   4.9199417758369716E-02 -3.1877729257641922E-02
   4.9490538573508006E-02 -3.1673944687045125E-02
   5.0043668122270742E-02 -3.1644832605531296E-02
   5.0480349344978165E-02 -3.1892285298398833E-02
   5.1222707423580788E-02 -3.2445414847161569E-02
   5.1746724890829696E-02 -3.2663755458515277E-02
   5.2197962154294029E-02 -3.2474526928675397E-02
   5.2896652110625907E-02 -3.3056768558951961E-02
   5.3915574963609894E-02 -3.3304221251819498E-02
   5.4308588064046578E-02 -3.3420669577874811E-02
   5.4890829694323143E-02 -3.3551673944687048E-02
   5.5283842794759827E-02 -3.3377001455604079E-02
   5.5822416302765646E-02 -3.3377001455604079E-02
   5.6535662299854433E-02 -3.3478893740902474E-02
   5.7321688500727795E-02 -3.3624454148471615E-02
   5.8442503639010185E-02 -3.3842794759825330E-02
   5.8995633187772921E-02 -3.4002911208151382E-02
   5.9548762736535664E-02 -3.4148471615720523E-02
   6.0276564774381369E-02 -3.4337700145560403E-02
   6.0931586608442501E-02 -3.4570596797671035E-02
   6.1906841339155749E-02 -3.5269286754002913E-02
   6.2678311499272193E-02 -3.5356622998544390E-02
   6.3333333333333325E-02 -3.5443959243085882E-02
   6.3609898107714696E-02 -3.5531295487627360E-02
   6.3944687045123724E-02 -3.5604075691411934E-02
   6.4425036390101886E-02 -3.5283842794759823E-02
   6.5021834061135361E-02 -3.5342066957787480E-02
   6.5458515283842791E-02 -3.5429403202328964E-02
   6.5836972343522551E-02 -3.5545851528384277E-02
   6.6288209606986906E-02 -3.5691411935953418E-02
   6.6302765647743803E-02 -3.5735080058224164E-02
   6.6317321688500727E-02 -3.5909752547307133E-02
   6.6491994177583683E-02 -3.6404657933042206E-02
   6.6637554585152844E-02 -3.6695778748180495E-02
   6.6754002911208157E-02 -3.6812227074235808E-02
   6.7307132459970886E-02 -3.6841339155749636E-02
   6.7612809315866079E-02 -3.6812227074235808E-02
   6.8136826783114987E-02 -3.6695778748180495E-02
   6.8646288209606984E-02 -3.6521106259097526E-02
   6.9243085880640459E-02 -3.6521106259097526E-02
   6.9956331877729261E-02 -3.6855895196506547E-02
   7.0553129548762722E-02 -3.7612809315866087E-02
   7.1106259097525465E-02 -3.7845705967976713E-02
   7.1615720524017462E-02 -3.7860262008733624E-02
   7.2023289665211071E-02 -3.7743813682678311E-02
   7.2620087336244532E-02 -3.7627365356622998E-02
   7.3027656477438141E-02 -3.7161572052401746E-02
   7.3551673944687035E-02 -3.7350800582241626E-02
   7.3959243085880644E-02 -3.7409024745269283E-02
   7.5007278020378446E-02 -3.7627365356622998E-02
   7.5967976710334784E-02 -3.7831149927219795E-02
   7.6855895196506555E-02 -3.7933042212518191E-02
   7.7467248908296940E-02 -3.8064046579330421E-02
   7.7874818049490535E-02 -3.8107714701601160E-02
   7.8340611353711787E-02 -3.8311499272197964E-02
   7.8835516739446873E-02 -3.8500727802037844E-02
   7.9417758369723437E-02 -3.9039301310043663E-02
   8.0363901018922851E-02 -3.9301310043668124E-02
   8.1135371179039295E-02 -3.9446870451237265E-02
   8.1703056768558949E-02 -3.9592430858806399E-02
   8.2401746724890826E-02 -3.9301310043668124E-02
   8.2765647743813675E-02 -3.9301310043668124E-02
   8.3275109170305672E-02 -3.9374090247452691E-02
   8.3915574963609893E-02 -3.9432314410480347E-02
   8.4483260553129547E-02 -3.9650655021834062E-02
   8.5123726346433767E-02 -3.9956331877729255E-02
   8.5895196506550212E-02 -4.0131004366812224E-02
   8.6550218340611343E-02 -4.0189228529839881E-02
   8.7103347889374086E-02 -4.0160116448326053E-02
   8.7933042212518200E-02 -4.0116448326055314E-02
   8.8675400291120809E-02 -4.0218340611353709E-02
   8.9577874818049491E-02 -4.0451237263464335E-02
   9.0276564774381368E-02 -4.0640465793304215E-02
   9.1135371179039304E-02 -4.1295487627365353E-02
   9.1717612809315868E-02 -4.1455604075691412E-02
   9.2285298398835508E-02 -4.1615720524017463E-02
   9.2721979621542938E-02 -4.1746724890829694E-02
   9.3493449781659382E-02 -4.1790393013100433E-02
   9.4308588064046572E-02 -4.1804949053857350E-02
   9.4949053857350793E-02 -4.1935953420669581E-02
   9.5720524017467237E-02 -4.2197962154294028E-02
   9.6652110625909740E-02 -4.2314410480349340E-02
   9.7933042212518182E-02 -4.2328966521106258E-02
   9.8617176128093162E-02 -4.2459970887918481E-02
   9.8966521106259100E-02 -4.2372634643376997E-02
   9.9563318777292575E-02 -4.2634643377001458E-02
   0.1004657933042212     -4.2983988355167389E-02
   0.1010189228529840     -4.3144104803493448E-02
   0.1016302765647744     -4.3245997088791850E-02
   0.1024745269286754     -4.3216885007278015E-02
   0.1029985443959243     -4.3202328966521104E-02
   0.1034061135371179     -4.3435225618631730E-02
   0.1040029112081514     -4.3478893740902476E-02
   0.1048326055312955     -4.3624454148471610E-02
   0.1059534206695779     -4.3959243085880638E-02
   0.1066957787481805     -4.4308588064046577E-02
   0.1073508005822416     -4.4643377001455604E-02
   0.1078311499272198     -4.4468704512372635E-02
   0.1083697234352256     -4.4294032023289666E-02
   0.1092139737991266     -4.4250363901018920E-02
   0.1100145560407569     -4.4395924308588061E-02
   0.1106986899563319     -4.4614264919941776E-02
   0.1112372634643377     -4.4716157205240172E-02
   0.1115429403202329     -4.4599708879184859E-02
   0.1121688500727802     -4.4818049490538574E-02
   0.1130422125181950     -4.5021834061135371E-02
   0.1138573508005822     -4.5167394468704512E-02
   0.1148180494905386     -4.5589519650655025E-02
   0.1156040756914119     -4.5720524017467248E-02
   0.1162299854439592     -4.5705967976710338E-02
   0.1170596797671033     -4.5836972343522561E-02
   0.1172197962154294     -4.5764192139737994E-02
   0.1176855895196507     -4.5545851528384279E-02
   0.1180931586608442     -4.5327510917030564E-02
   0.1185735080058224     -4.5429403202328966E-02
   0.1184425036390102     -4.5822416302765651E-02
   0.1180203784570597     -4.6506550218340610E-02
   0.1177001455604076     -4.7103347889374085E-02
   0.1175109170305677     -4.7845705967976708E-02
   0.1174381368267831     -4.8384279475982526E-02
   0.1175836972343522     -4.8951965065502180E-02
   0.1180058224163028     -4.9388646288209603E-02
   0.1185152838427947     -4.9708879184861714E-02
   0.1193013100436681     -4.9752547307132459E-02
   0.1201018922852984     -4.9679767103347885E-02
   0.1209606986899563     -4.9490538573508006E-02
   0.1216011644832605     -4.9184861717612806E-02
   0.1221979621542940     -4.8704512372634644E-02
   0.1227219796215429     -4.8326055312954870E-02
   0.1231295487627365     -4.8005822416302767E-02
   0.1234934497816594     -4.7612809315866082E-02
   0.1238282387190684     -4.7278020378457061E-02
   0.1241775836972344     -4.6914119359534205E-02
   0.1246579330422125     -4.6768558951965064E-02
   0.1251528384279476     -4.6812227074235810E-02
   0.1257933042212518     -4.6928675400291123E-02
   0.1268122270742358     -4.6914119359534205E-02
   0.1275400291120815     -4.6957787481804944E-02
   0.1280640465793304     -4.7147016011644831E-02
   0.1283551673944687     -4.7438136826783113E-02
   0.1288791848617176     -4.7612809315866082E-02
   0.1296506550218341     -4.7962154294032021E-02
   0.1304221251819505     -4.8369723435225616E-02
   0.1311353711790393     -4.8631732168850077E-02
   0.1320815138282387     -4.8879184861717613E-02
   0.1329257641921397     -4.8951965065502180E-02
   0.1338719068413391     -4.9184861717612806E-02
   0.1347743813682678     -4.9446870451237267E-02
   0.1355604075691412     -4.9301310043668119E-02
   0.1364628820960699     -4.9563318777292580E-02
   0.1373653566229985     -4.9810771470160116E-02
   0.1383114992721980     -5.0247452692867539E-02
   0.1394323144104803     -5.0509461426491986E-02
   0.1403056768558952     -5.0625909752547299E-02
   0.1415429403202329     -5.0742358078602612E-02
   0.1424599708879185     -5.0844250363901014E-02
   0.1431877729257642     -5.1033478893740901E-02
   0.1439737991266375     -5.1048034934497818E-02
   0.1446288209606987     -5.1106259097525475E-02
   0.1450946142649199     -5.1091703056768550E-02
   0.1455749636098981     -5.0742358078602612E-02
   0.1460989810771470     -5.0378457059679763E-02
   0.1465647743813683     -4.9898107714701601E-02
   0.1468704512372634     -4.9694323144104803E-02
   0.1475836972343522     -4.9592430858806401E-02
   0.1485007278020379     -4.9650655021834057E-02
   0.1498398835516739     -5.0101892285298398E-02
   0.1507278020378457     -5.0276564774381367E-02
   0.1512227074235808     -5.0262008733624450E-02
   0.1520815138282387     -5.0305676855895196E-02
   0.1528093158660844     -5.0203784570596793E-02
   0.1530276564774381     -5.0640465793304223E-02
   0.1531586608442504     -5.0858806404657925E-02
   0.1536826783114993     -5.0800582241630275E-02
   0.1540756914119360     -5.0465793304221254E-02
   0.1543085880640466     -5.0145560407569137E-02
   0.1546433770014556     -4.9636098981077147E-02
   0.1567976710334789     -5.0072780203784570E-02
   0.1590101892285298     -5.0029112081513824E-02
   0.1613537117903930     -5.0655021834061134E-02
   0.1634206695778748     -5.0931586608442506E-02
   0.1650800582241630     -5.1091703056768550E-02
   0.1667394468704512     -5.1310043668122265E-02
   0.1674963609898108     -5.1324599708879183E-02
   0.1679767103347889     -5.1441048034934496E-02
   0.1684133915574964     -5.1819505094614263E-02
   0.1688646288209607     -5.2168850072780201E-02
   0.1691848617176128     -5.2489082969432312E-02
   0.1694759825327511     -5.2721979621542937E-02
   0.1698107714701601     -5.2911208151382817E-02
   0.1703347889374090     -5.3071324599708876E-02
   0.1709606986899563     -5.3260553129548756E-02
   0.1714556040756914     -5.3406113537117904E-02
   0.1716885007278020     -5.3493449781659382E-02
   0.1722561863173217     -5.3580786026200873E-02
   0.1727656477438137     -5.3784570596797664E-02
   0.1733915574963610     -5.3988355167394468E-02
   0.1743377001455604     -5.4133915574963602E-02
   0.1747743813682678     -5.4133915574963602E-02
   0.1753857350800582     -5.4090247452692870E-02
   0.1759970887918486     -5.3988355167394468E-02
   0.1768704512372634     -5.3959243085880633E-02
   0.1776273653566230     -5.3944687045123722E-02
   0.1781659388646288     -5.3813682678311499E-02
   0.1789374090247453     -5.3799126637554581E-02
   0.1796506550218341     -5.3828238719068409E-02
   0.1800436681222707     -5.3973799126637557E-02
   0.1802328966521106     -5.4104803493449781E-02
   0.1806841339155750     -5.4221251819505094E-02
   0.1811499272197962     -5.4410480349344974E-02
   0.1813682678311499     -5.4497816593886458E-02
   0.1820087336244541     -5.4366812227074235E-02
   0.1824890829694323     -5.4352256186317317E-02
   0.1832896652110626     -5.4483260553129548E-02
   0.1838136826783115     -5.4687045123726345E-02
   0.1845123726346434     -5.4832605531295486E-02
   0.1852110625909753     -5.4890829694323143E-02
   0.1858078602620087     -5.4876273653566225E-02
   0.1864192139737991     -5.4978165938864627E-02
   0.1871324599708879     -5.5007278020378456E-02
   0.1878748180494905     -5.5604075691411931E-02
   0.1884570596797671     -5.5720524017467243E-02
   0.1888646288209607     -5.5982532751091704E-02
   0.1893013100436681     -5.6128093158660838E-02
   0.1901018922852984     -5.6128093158660838E-02
   0.1905967976710335     -5.5691411935953422E-02
   0.1908442503639010     -5.5647743813682676E-02
   0.1915283842794760     -5.5822416302765646E-02
   0.1923435225618632     -5.6040756914119361E-02
   0.1931441048034934     -5.6259097525473069E-02
   0.1935662299854440     -5.6608442503639014E-02
   0.1941048034934498     -5.6579330422125179E-02
   0.1948908296943231     -5.6564774381368269E-02
   0.1955312954876273     -5.6550218340611351E-02
   0.1965793304221252     -5.6579330422125179E-02
   0.1975691411935953     -5.6637554585152836E-02
   0.1985589519650655     -5.6754002911208148E-02
   0.1991266375545852     -5.6768558951965059E-02
   0.1997234352256186     -5.6666666666666664E-02
   0.2003202328966521     -5.6535662299854433E-02
   0.2011208151382824     -5.6491994177583701E-02
   0.2018049490538573     -5.6535662299854433E-02
   0.2021979621542940     -5.6506550218340612E-02
   0.2031586608442504     -5.6550218340611351E-02
   0.2039592430858806     -5.6637554585152836E-02
   0.2047307132459971     -5.6710334788937403E-02
   0.2054876273653566     -5.6724890829694327E-02
   0.2061426491994178     -5.6710334788937403E-02
   0.2069141193595342     -5.6593886462882090E-02
   0.2079039301310044     -5.6768558951965059E-02
   0.2084716157205240     -5.7045123726346431E-02
   0.2093595342066958     -5.7263464337700146E-02
   0.2104949053857351     -5.7321688500727795E-02
   0.2116011644832606     -5.7452692867540026E-02
   0.2122998544395924     -5.7452692867540026E-02
   0.2132314410480349     -5.7467248908296943E-02
   0.2140029112081514     -5.7452692867540026E-02
   0.2148762736535662     -5.7438136826783108E-02
   0.2156622998544396     -5.7423580786026197E-02
   0.2165793304221252     -5.7481804949053854E-02
   0.2174818049490539     -5.7569141193595338E-02
   0.2185443959243086     -5.7671033478893734E-02
   0.2201018922852984     -5.7772925764192136E-02
   0.2214556040756914     -5.7903930131004359E-02
   0.2222998544395924     -5.8005822416302762E-02
   0.2232459970887918     -5.8005822416302762E-02
   0.2244541484716157     -5.8049490538573507E-02
   0.2254876273653566     -5.8151382823871903E-02
   0.2260698689956332     -5.8209606986899559E-02
   0.2268413391557496     -5.8180494905385731E-02
   0.2279621542940320     -5.8296943231441044E-02
   0.2289956331877729     -5.8311499272197961E-02
   0.2301164483260553     -5.8413391557496357E-02
   0.2311935953420669     -5.8442503639010185E-02
   0.2321834061135371     -5.8457059679767102E-02
   0.2333624454148472     -5.8631732168850065E-02
   0.2344978165938864     -5.8689956331877728E-02
   0.2353129548762737     -5.8675400291120811E-02
   0.2365647743813682     -5.8689956331877728E-02
   0.2381804949053857     -5.9010189228529839E-02
   0.2391266375545852     -5.9097525473071316E-02
   0.2397671033478894     -5.9112081513828234E-02
   0.2405531295487627     -5.9082969432314413E-02
   0.2412809315866084     -5.8951965065502175E-02
   0.2421106259097525     -5.8704512372634646E-02
   0.2426346433770014     -5.8457059679767102E-02
