   1.4235807860262007E-02  3.1644832605531296E-02
   1.4104803493449780E-02  3.1746724890829692E-02
   1.4046579330422124E-02  3.2197962154294033E-02
   1.4017467248908295E-02  3.2445414847161569E-02
   1.3930131004366811E-02  3.2911208151382827E-02
   1.3740902474526927E-02  3.3420669577874811E-02
   1.3478893740902475E-02  3.3740902474526928E-02
   1.2983988355167394E-02  3.4133915574963605E-02
   1.2620087336244541E-02  3.4410480349344977E-02
   1.2299854439592429E-02  3.4745269286754005E-02
   1.2052401746724889E-02  3.5080058224163026E-02
   1.1804949053857351E-02  3.5589519650655016E-02
   1.1586608442503640E-02  3.5967976710334790E-02
   1.1368267831149928E-02  3.6244541484716161E-02
   1.1251819505094613E-02  3.6579330422125182E-02
   1.0931586608442503E-02  3.7103347889374090E-02
   1.0713245997088791E-02  3.7467248908296939E-02
   1.0232896652110624E-02  3.8020378457059682E-02
   9.8107714701601168E-03  3.8369723435225621E-02
   9.4032023289665218E-03  3.8689956331877724E-02
   8.5880640465793301E-03  3.8981077147016006E-02
   8.0058224163027658E-03  3.9184861717612811E-02
   8.1513828238719069E-03  3.8995633187772931E-02
   8.3551673944687026E-03  3.8529839883551673E-02
   8.4570596797671031E-03  3.8195050946142652E-02
   8.1804949053857351E-03  3.7962154294032026E-02
   8.0058224163027658E-03  3.7772925764192132E-02
   7.8602620087336247E-03  3.7452692867540029E-02
   7.8893740902474530E-03  3.6826783114992725E-02
   7.9767103347889376E-03  3.6026200873362446E-02
   7.9330422125181953E-03  3.5705967976710329E-02
   7.7147016011644837E-03  3.5312954876273651E-02
   7.5545851528384276E-03  3.4934497816593885E-02
   7.5254730713245994E-03  3.4512372634643372E-02
   7.6855895196506555E-03  3.3537117903930130E-02
   7.7292576419213978E-03  3.2969432314410484E-02
   7.7583697234352260E-03  3.2314410480349345E-02
   7.6855895196506555E-03  3.2299854439592428E-02
   7.4235807860262007E-03  3.2299854439592428E-02
   7.3216885007278019E-03  3.2183406113537115E-02
   7.1906841339155749E-03  3.1775836972343520E-02
   7.0451237263464330E-03  3.1499272197962155E-02
   7.1615720524017467E-03  3.1164483260553127E-02
   7.3508005822416301E-03  3.0742358078602622E-02
   7.4235807860262007E-03  3.0247452692867535E-02
   7.6564774381368264E-03  2.9723435225618627E-02
   7.8457059679767106E-03  2.9301310043668118E-02
   7.8165938864628824E-03  2.8762736535662300E-02
   7.5109170305676853E-03  2.7933042212518196E-02
   7.2925764192139737E-03  2.7569141193595343E-02
   6.7540029112081517E-03  2.7074235807860260E-02
   6.4774381368267828E-03  2.6783114992721978E-02
   6.1280931586608434E-03  2.6346433770014555E-02
   5.8224163027656480E-03  2.5749636098981080E-02
   5.6914119359534211E-03  2.5312954876273649E-02
   5.2692867540029111E-03  2.4687045123726346E-02
   4.9490538573508007E-03  2.4308588064046576E-02
   4.4978165938864625E-03  2.3711790393013101E-02
   4.0756914119359534E-03  2.3144104803493448E-02
   3.8136826783114991E-03  2.2328966521106258E-02
   3.3915574963609900E-03  2.1644832605531295E-02
   2.8966521106259099E-03  2.0815138282387190E-02
   2.5327510917030564E-03  2.0218340611353712E-02
   2.0378457059679767E-03  1.9534206695778749E-02
   1.5138282387190682E-03  1.8689956331877727E-02
   1.1062590975254730E-03  1.7962154294032022E-02
   6.4046579330422114E-04  1.7467248908296942E-02
   1.7467248908296942E-04  1.7117903930131004E-02
  -2.9112081513828236E-04  1.6928675400291120E-02
  -9.6069868995633193E-04  1.6754002911208151E-02
  -1.4701601164483261E-03  1.6652110625909749E-02
  -2.2998544395924306E-03  1.6259097525473071E-02
  -3.1295487627365356E-03  1.6288209606986900E-02
  -4.1484716157205231E-03  1.6113537117903930E-02
  -4.7307132459970891E-03  1.6011644832605532E-02
  -4.4978165938864625E-03  1.5778748180494906E-02
  -4.2503639010189227E-03  1.5342066957787483E-02
  -4.1048034934497808E-03  1.4716157205240173E-02
  -4.1048034934497808E-03  1.4250363901018921E-02
  -4.0320232896652111E-03  1.4046579330422124E-02
  -3.7554585152838427E-03  1.4002911208151381E-02
  -3.2459970887918485E-03  1.3901018922852983E-02
  -2.7802037845705966E-03  1.3842794759825326E-02
  -2.0815138282387186E-03  1.3464337700145561E-02
  -1.7467248908296941E-03  1.2954876273653566E-02
  -1.6011644832605531E-03  1.2911208151382823E-02
  -1.5429403202328966E-03  1.2532751091703057E-02
  -1.1790393013100438E-03  1.2299854439592429E-02
  -1.2518195050946141E-03  1.1877729257641920E-02
  -1.0189228529839884E-03  1.1630276564774382E-02
  -8.7336244541484707E-04  1.1237263464337699E-02
  -1.0917030567685589E-03  1.0509461426491994E-02
  -1.3973799126637554E-03  9.5778748180494911E-03
  -1.8049490538573508E-03  8.1804949053857351E-03
  -2.3435225618631730E-03  7.5836972343522558E-03
  -2.8966521106259099E-03  6.9432314410480343E-03
  -3.4788937409024742E-03  6.0989810771470152E-03
  -3.9737991266375547E-03  5.4730713245997086E-03
  -4.8180494905385738E-03  4.3668122270742356E-03
  -5.2547307132459970E-03  4.1193595342066949E-03
  -5.6186317321688497E-03  3.5225618631732165E-03
  -5.7350800582241634E-03  3.2459970887918485E-03
  -5.5604075691411932E-03  2.9403202328966522E-03
  -5.1382823871906833E-03  2.8820960698689958E-03
  -4.7743813682678314E-03  2.5618631732168846E-03
  -4.4395924308588061E-03  2.7219796215429402E-03
  -3.9301310043668124E-03  2.8675400291120817E-03
  -3.4643377001455601E-03  2.9257641921397381E-03
  -3.0131004366812223E-03  2.8675400291120817E-03
  -2.5764192139737987E-03  2.8093158660844248E-03
  -2.1397379912663755E-03  2.7219796215429402E-03
  -2.3435225618631730E-03  2.3871906841339157E-03
  -2.4599708879184863E-03  2.0232896652110626E-03
  -2.3435225618631730E-03  1.4410480349344979E-03
  -2.0087336244541485E-03  1.0771470160116448E-03
  -1.5283842794759823E-03  1.2954876273653566E-03
  -1.2081513828238720E-03  1.1790393013100438E-03
  -1.0189228529839884E-03  6.9868995633187768E-04
  -9.3158660844250361E-04  7.2780203784570589E-05
  -8.5880640465793297E-04 -6.2590975254730704E-04
  -8.4425036390101897E-04 -1.4701601164483261E-03
  -8.2969432314410475E-04 -2.1542940320232896E-03
  -4.8034934497816597E-04 -2.8675400291120817E-03
  -1.8922852983988353E-04 -3.5080058224163024E-03
   8.7336244541484710E-05 -3.9010189228529842E-03
   3.2023289665211057E-04 -4.3085880640465792E-03
   6.6957787481804947E-04 -4.8617176128093161E-03
   1.0043668122270743E-03 -5.2401746724890829E-03
   1.1790393013100438E-03 -5.5749636098981073E-03
   1.4119359534206695E-03 -5.9679767103347882E-03
   1.6448326055312954E-03 -6.4337700145560405E-03
   1.9941775836972344E-03 -6.9577874818049484E-03
   2.3871906841339157E-03 -7.4818049490538571E-03
   2.7656477438136825E-03 -8.2678311499272180E-03
   3.1149927219796215E-03 -8.8791848617176122E-03
   3.7700145560407568E-03 -9.7671033478893745E-03
   4.2212518195050945E-03 -1.0349344978165939E-02
   4.5705967976710331E-03 -1.0727802037845706E-02
   4.8326055312954879E-03 -1.1222707423580785E-02
   5.4730713245997086E-03 -1.2081513828238718E-02
   5.8224163027656480E-03 -1.2401746724890830E-02
   6.1426491994177575E-03 -1.2896652110625909E-02
   6.5938864628820957E-03 -1.3275109170305676E-02
   7.0596797671033471E-03 -1.3653566229985443E-02
   7.6710334788937413E-03 -1.4061135371179038E-02
   8.1950509461426475E-03 -1.4468704512372635E-02
   8.7045123726346429E-03 -1.4949053857350798E-02
   9.5487627365356629E-03 -1.5633187772925765E-02
   1.0553129548762736E-02 -1.6491994177583697E-02
   1.1499272197962155E-02 -1.7176128093158660E-02
   1.2285298398835515E-02 -1.7787481804949053E-02
   1.2547307132459971E-02 -1.8034934497816592E-02
   1.2256186317321687E-02 -1.8573508005822414E-02
   1.2023289665211061E-02 -1.9082969432314408E-02
   1.1950509461426491E-02 -1.9621542940320230E-02
   1.1950509461426491E-02 -2.0276564774381368E-02
   1.2270742358078601E-02 -2.0582241630276561E-02
   1.2692867540029112E-02 -2.0815138282387190E-02
   1.3245997088791848E-02 -2.1018922852983988E-02
   1.3944687045123725E-02 -2.1018922852983988E-02
   1.4541484716157205E-02 -2.1033478893740902E-02
   1.4963609898107714E-02 -2.1033478893740902E-02
   1.4934497816593886E-02 -2.1382823871906837E-02
   1.4890829694323142E-02 -2.2037845705967975E-02
   1.4978165938864627E-02 -2.2459970887918488E-02
   1.5152838427947596E-02 -2.2692867540029114E-02
   1.5531295487627364E-02 -2.2736535662299856E-02
   1.6229985443959243E-02 -2.2547307132459969E-02
   1.6972343522561863E-02 -2.2459970887918488E-02
   1.7452692867540028E-02 -2.2401746724890832E-02
   1.7743813682678310E-02 -2.2489082969432313E-02
   1.8282387190684132E-02 -2.2270742358078601E-02
   1.8879184861717611E-02 -2.2241630276564773E-02
   1.9534206695778749E-02 -2.2139737991266374E-02
   2.0087336244541482E-02 -2.2037845705967975E-02
   2.0363901018922853E-02 -2.2765647743813684E-02
   2.0640465793304218E-02 -2.3406113537117905E-02
   2.1193595342066957E-02 -2.4308588064046576E-02
   2.1542940320232896E-02 -2.4526928675400291E-02
   2.2212518195050945E-02 -2.4570596797671030E-02
   2.2823871906841341E-02 -2.4454148471615721E-02
   2.3653566229985441E-02 -2.4264919941775837E-02
   2.4221251819505095E-02 -2.4163027656477438E-02
   2.4774381368267831E-02 -2.4687045123726346E-02
   2.5080058224163024E-02 -2.4949053857350800E-02
   2.5342066957787481E-02 -2.5371179039301306E-02
   2.5560407569141193E-02 -2.6011644832605530E-02
   2.5822416302765647E-02 -2.6477438136826782E-02
   2.6113537117903929E-02 -2.6637554585152837E-02
   2.6462882096069867E-02 -2.6593886462882094E-02
   2.6855895196506548E-02 -2.5953420669577874E-02
   2.7161572052401748E-02 -2.5531295487627365E-02
   2.7409024745269284E-02 -2.5254730713245993E-02
   2.7598253275109168E-02 -2.5036390101892285E-02
   2.7933042212518196E-02 -2.4934497816593886E-02
   2.8136826783114993E-02 -2.5298398835516739E-02
   2.8500727802037842E-02 -2.5356622998544395E-02
   2.8602620087336241E-02 -2.5473071324599708E-02
   2.8573508005822416E-02 -2.5909752547307131E-02
   2.8486171761280928E-02 -2.6200873362445413E-02
   2.8631732168850073E-02 -2.6724890829694321E-02
   2.8908296943231441E-02 -2.6986899563318779E-02
   2.9490538573508002E-02 -2.7016011644832603E-02
   2.9665211062590971E-02 -2.7016011644832603E-02
   3.0087336244541487E-02 -2.7045123726346435E-02
   3.0436681222707426E-02 -2.6957787481804947E-02
   3.1062590975254729E-02 -2.6914119359534205E-02
   3.1717612809315864E-02 -2.6986899563318779E-02
   3.2634643377001456E-02 -2.7234352256186315E-02
   3.3347889374090244E-02 -2.7336244541484717E-02
   3.4366812227074231E-02 -2.7612809315866082E-02
   3.4512372634643372E-02 -2.7685589519650656E-02
   3.4745269286754005E-02 -2.7860262008733625E-02
   3.5283842794759823E-02 -2.8078602620087337E-02
   3.6360989810771474E-02 -2.7903930131004367E-02
   3.6768558951965062E-02 -2.8107714701601165E-02
   3.7729257641921400E-02 -2.8457059679767104E-02
   3.8558951965065501E-02 -2.9199417758369720E-02
   3.9606986899563316E-02 -2.9606986899563315E-02
   4.0494905385735080E-02 -2.9999999999999999E-02
   4.1528384279475979E-02 -3.0116448326055312E-02
   4.2474526928675399E-02 -3.0393013100436680E-02
   4.3478893740902476E-02 -3.0684133915574965E-02
   4.4643377001455604E-02 -3.0800582241630278E-02
   4.4628820960698687E-02 -3.0975254730713248E-02
   4.4366812227074233E-02 -3.1411935953420664E-02
   4.4279475982532748E-02 -3.1863173216885005E-02
   4.4235807860262009E-02 -3.2459970887918486E-02
   4.4439592430858807E-02 -3.2911208151382827E-02
   4.4628820960698687E-02 -3.2823871906841336E-02
   4.5080058224163028E-02 -3.2620087336244545E-02
   4.5822416302765651E-02 -3.2576419213973799E-02
   4.6506550218340610E-02 -3.2692867540029112E-02
   4.7059679767103346E-02 -3.2605531295487628E-02
   4.7423580786026202E-02 -3.2459970887918486E-02
   4.7903930131004364E-02 -3.2299854439592428E-02
   4.8500727802037839E-02 -3.2139737991266376E-02
   4.9184861717612806E-02 -3.1979621542940317E-02
   4.9621542940320229E-02 -3.1921397379912661E-02
   5.0058224163027652E-02 -3.2066957787481802E-02
   5.0509461426491986E-02 -3.2343522561863174E-02
   5.1149927219796214E-02 -3.2620087336244545E-02
   5.1761280931586606E-02 -3.2838427947598253E-02
   5.2518195050946140E-02 -3.2998544395924305E-02
   5.3478893740902471E-02 -3.3551673944687048E-02
   5.4352256186317317E-02 -3.3770014556040756E-02
   5.5167394468704507E-02 -3.4002911208151382E-02
   5.5793304221251817E-02 -3.3857350800582241E-02
   5.6681222707423581E-02 -3.3944687045123725E-02
   5.7365356622998541E-02 -3.4090247452692866E-02
   5.8136826783114985E-02 -3.4294032023289664E-02
   5.8835516739446862E-02 -3.4541484716157207E-02
   5.9606986899563313E-02 -3.4774381368267833E-02
   6.0334788937409019E-02 -3.4963609898107713E-02
   6.1004366812227068E-02 -3.5123726346433765E-02
   6.2110625909752547E-02 -3.5822416302765642E-02
   6.2561863173216881E-02 -3.5924308588064044E-02
   6.2576419213973805E-02 -3.6026200873362446E-02
   6.2721979621542939E-02 -3.6259097525473072E-02
   6.2867540029112073E-02 -3.6491994177583698E-02
   6.3129548762736534E-02 -3.6724890829694323E-02
   6.3566229985443951E-02 -3.6972343522561860E-02
   6.4163027656477439E-02 -3.7030567685589516E-02
   6.4483260553129543E-02 -3.6841339155749636E-02
   6.4687045123726347E-02 -3.6564774381368265E-02
   6.4905385735080048E-02 -3.6331877729257639E-02
   6.5050946142649196E-02 -3.6171761280931580E-02
   6.5414847161572046E-02 -3.6084425036390103E-02
   6.6390101892285294E-02 -3.6098981077147013E-02
   6.7379912663755454E-02 -3.6142649199417759E-02
   6.8224163027656479E-02 -3.6259097525473072E-02
   6.9490538573508009E-02 -3.6404657933042206E-02
   7.0771470160116451E-02 -3.6826783114992725E-02
   7.1892285298398834E-02 -3.7030567685589516E-02
   7.2911208151382828E-02 -3.7278020378457059E-02
   7.4032023289665211E-02 -3.7554585152838431E-02
   7.4934497816593879E-02 -3.7802037845705967E-02
   7.5851528384279471E-02 -3.8005822416302758E-02
   7.6943231441048032E-02 -3.8326055312954875E-02
   7.8107714701601161E-02 -3.8558951965065501E-02
   7.8602620087336247E-02 -3.8675400291120814E-02
   7.9665211062590974E-02 -3.8617176128093157E-02
   7.9694323144104795E-02 -3.8631732168850068E-02
   8.0509461426491985E-02 -3.8689956331877724E-02
   8.0975254730713236E-02 -3.8820960698689955E-02
   8.1542940320232904E-02 -3.8981077147016006E-02
   8.2299854439592424E-02 -3.9621542940320234E-02
   8.2983988355167390E-02 -3.9737991266375547E-02
   8.3886462882096072E-02 -3.9985443959243083E-02
   8.4992721979621544E-02 -4.0276564774381365E-02
   8.6113537117903927E-02 -4.0567685589519648E-02
   8.7278020378457069E-02 -4.0844250363901019E-02
   8.8427947598253273E-02 -4.1004366812227078E-02
   8.9403202328966522E-02 -4.1120815138282391E-02
   9.0247452692867533E-02 -4.1208151382823868E-02
   9.1149927219796215E-02 -4.1659388646288209E-02
   9.2110625909752553E-02 -4.1892285298398835E-02
   9.3071324599708877E-02 -4.2110625909752543E-02
   9.4221251819505095E-02 -4.2314410480349340E-02
   9.5269286754002910E-02 -4.2503639010189227E-02
   9.6462882096069860E-02 -4.2707423580786025E-02
   9.8064046579330419E-02 -4.2445414847161571E-02
   9.9243085880640458E-02 -4.2663755458515286E-02
   0.1002911208151383     -4.3275109170305671E-02
   0.1014264919941776     -4.3391557496360984E-02
   0.1025181950509461     -4.3566229985443954E-02
   0.1032605531295488     -4.3653566229985445E-02
   0.1046870451237263     -4.3784570596797669E-02
   0.1061426491994178     -4.3580786026200871E-02
   0.1074963609898108     -4.3740902474526923E-02
   0.1087772925764192     -4.4337700145560405E-02
   0.1094323144104803     -4.4352256186317322E-02
   0.1099272197962154     -4.4628820960698687E-02
   0.1103930131004367     -4.4876273653566230E-02
   0.1109024745269287     -4.4963609898107715E-02
   0.1116448326055313     -4.5080058224163028E-02
   0.1124745269286754     -4.5196506550218341E-02
   0.1138427947598253     -4.5443959243085877E-02
   0.1152983988355167     -4.5342066957787482E-02
   0.1165065502183406     -4.5691411935953420E-02
   0.1172780203784571     -4.6040756914119352E-02
   0.1179621542940320     -4.6273653566229984E-02
   0.1180349344978166     -4.6477438136826782E-02
   0.1180786026200873     -4.7059679767103346E-02
   0.1180786026200873     -4.7598253275109172E-02
   0.1183697234352256     -4.8500727802037839E-02
   0.1185880640465793     -4.8602620087336242E-02
   0.1190684133915575     -4.8588064046579331E-02
   0.1197088791848617     -4.8704512372634644E-02
   0.1201601164483261     -4.9126637554585149E-02
   0.1207569141193595     -4.9257641921397373E-02
   0.1213245997088792     -4.9243085880640462E-02
   0.1220524017467249     -4.9184861717612806E-02
   0.1226055312954876     -4.9170305676855895E-02
   0.1228529839883552     -4.9126637554585149E-02
   0.1229257641921397     -4.8748180494905390E-02
   0.1229112081513828     -4.8165938864628818E-02
   0.1228529839883552     -4.7714701601164485E-02
   0.1229257641921397     -4.7161572052401748E-02
   0.1231877729257642     -4.6754002911208153E-02
   0.1234352256186317     -4.6535662299854438E-02
   0.1242503639010189     -4.6652110625909751E-02
   0.1250655021834061     -4.6841339155749631E-02
   0.1256914119359534     -4.6928675400291123E-02
   0.1265065502183406     -4.7205240174672487E-02
   0.1267831149927220     -4.7263464337700144E-02
   0.1274672489082969     -4.7394468704512374E-02
   0.1281804949053857     -4.7569141193595336E-02
   0.1287772925764192     -4.7671033478893739E-02
   0.1294759825327511     -4.7787481804949052E-02
   0.1299272197962154     -4.7947598253275110E-02
   0.1305531295487627     -4.8238719068413392E-02
   0.1313537117903930     -4.8719068413391554E-02
   0.1322998544395924     -4.8951965065502180E-02
   0.1330422125181951     -4.9141193595342060E-02
   0.1333770014556041     -4.9082969432314404E-02
   0.1337409024745269     -4.8864628820960702E-02
   0.1341339155749636     -4.8908296943231434E-02
   0.1346579330422125     -4.9243085880640462E-02
   0.1349927219796216     -4.9475982532751088E-02
   0.1354585152838428     -4.9432314410480349E-02
   0.1358806404657933     -4.9359534206695775E-02
   0.1366229985443959     -4.9592430858806401E-02
   0.1372197962154294     -4.9694323144104803E-02
   0.1378457059679767     -4.9999999999999996E-02
   0.1385735080058224     -5.0087336244541480E-02
   0.1392285298398835     -5.0276564774381367E-02
   0.1398253275109170     -5.0378457059679763E-02
   0.1406259097525473     -5.0465793304221254E-02
   0.1416448326055313     -5.0727802037845701E-02
   0.1425909752547307     -5.1018922852983983E-02
   0.1432314410480349     -5.1077147016011640E-02
   0.1439010189228530     -5.0756914119359536E-02
   0.1448762736535662     -5.0858806404657925E-02
   0.1457059679767103     -5.1062590975254729E-02
   0.1465938864628821     -5.1237263464337698E-02
   0.1475254730713246     -5.1411935953420668E-02
   0.1482241630276565     -5.1470160116448324E-02
   0.1491266375545851     -5.1673944687045122E-02
   0.1501310043668122     -5.2110625909752545E-02
   0.1511208151382824     -5.2256186317321686E-02
   0.1519213973799126     -5.2299854439592432E-02
   0.1524308588064046     -5.2183406113537112E-02
   0.1532314410480349     -5.1935953420669576E-02
   0.1536535662299854     -5.1892285298398830E-02
   0.1541921397379913     -5.1790393013100434E-02
   0.1545414847161572     -5.1499272197962159E-02
   0.1544395924308588     -5.0844250363901014E-02
   0.1541048034934498     -5.0174672489082965E-02
   0.1538864628820961     -4.9927219796215429E-02
   0.1534061135371179     -4.9475982532751088E-02
   0.1545705967976710     -4.9825327510917027E-02
   0.1567976710334789     -5.0072780203784570E-02
   0.1590101892285298     -5.0029112081513824E-02
   0.1613537117903930     -5.0655021834061134E-02
   0.1634206695778748     -5.0931586608442506E-02
   0.1648471615720524     -5.0655021834061134E-02
   0.1650800582241630     -5.0727802037845701E-02
   0.1653857350800582     -5.0873362445414849E-02
   0.1658224163027656     -5.1208151382823870E-02
   0.1661717612809316     -5.1397379912663757E-02
   0.1663609898107715     -5.1499272197962159E-02
   0.1668558951965065     -5.1630276564774383E-02
   0.1674381368267831     -5.1761280931586606E-02
   0.1678602620087336     -5.1834061135371173E-02
   0.1683114992721980     -5.1965065502183404E-02
   0.1687336244541485     -5.2052401746724888E-02
   0.1692139737991266     -5.2125181950509455E-02
   0.1697234352256186     -5.2241630276564768E-02
   0.1703784570596798     -5.2314410480349342E-02
   0.1708879184861718     -5.2387190684133916E-02
   0.1713682678311499     -5.2620087336244542E-02
   0.1716885007278020     -5.2692867540029109E-02
   0.1723871906841339     -5.2707423580786027E-02
   0.1730567685589519     -5.2736535662299855E-02
   0.1740611353711790     -5.2780203784570594E-02
   0.1751965065502183     -5.2882096069868996E-02
   0.1758806404657933     -5.2896652110625907E-02
   0.1768704512372634     -5.2983988355167391E-02
   0.1777874818049490     -5.3027656477438130E-02
   0.1788646288209607     -5.3624454148471619E-02
   0.1800582241630276     -5.3697234352256186E-02
   0.1813973799126637     -5.3522561863173217E-02
   0.1825036390101892     -5.3668122270742358E-02
   0.1838282387190684     -5.3857350800582245E-02
   0.1850363901018923     -5.4002911208151379E-02
   0.1860989810771470     -5.4104803493449781E-02
   0.1872052401746725     -5.4264919941775833E-02
   0.1881950509461426     -5.4716157205240173E-02
   0.1891120815138282     -5.4847161572052397E-02
   0.1901164483260553     -5.4890829694323143E-02
   0.1911208151382824     -5.5036390101892284E-02
   0.1924599708879185     -5.5196506550218336E-02
   0.1937554585152838     -5.5371179039301312E-02
   0.1944250363901019     -5.5443959243085879E-02
   0.1951528384279476     -5.5516739446870453E-02
   0.1964483260553130     -5.5604075691411931E-02
   0.1974526928675400     -5.5705967976710333E-02
   0.1986462882096070     -5.5793304221251817E-02
   0.1995633187772926     -5.5836972343522556E-02
   0.2006113537117904     -5.5880640465793302E-02
   0.2017903930131004     -5.5938864628820958E-02
   0.2033770014556041     -5.6113537117903928E-02
   0.2044978165938864     -5.6215429403202330E-02
   0.2057350800582242     -5.6331877729257643E-02
   0.2070451237263464     -5.6404657933042210E-02
   0.2082532751091703     -5.6550218340611351E-02
   0.2096069868995633     -5.6695778748180492E-02
   0.2108879184861717     -5.6826783114992716E-02
   0.2121106259097525     -5.6986899563318774E-02
   0.2131004366812227     -5.7336244541484713E-02
   0.2143085880640466     -5.7627365356622995E-02
   0.2153275109170305     -5.7874818049490538E-02
   0.2164046579330422     -5.8165938864628820E-02
   0.2171033478893741     -5.8355167394468707E-02
   0.2180786026200873     -5.8544395924308587E-02
   0.2192576419213974     -5.8646288209606982E-02
   0.2202911208151383     -5.8689956331877728E-02
   0.2205240174672489     -5.8689956331877728E-02
   0.2207278020378457     -5.8689956331877728E-02
   0.2214847161572052     -5.8602620087336237E-02
   0.2222707423580786     -5.8573508005822415E-02
   0.2230276564774381     -5.8558951965065498E-02
   0.2241921397379912     -5.8558951965065498E-02
   0.2253566229985444     -5.8558951965065498E-02
   0.2262445414847161     -5.8558951965065498E-02
   0.2272052401746725     -5.8660844250363900E-02
   0.2293886462882096     -5.8733624454148474E-02
   0.2307860262008734     -5.8791848617176123E-02
   0.2322270742358079     -5.8879184861717608E-02
   0.2335371179039301     -5.8981077147016003E-02
   0.2346579330422125     -5.9272197962154292E-02
   0.2363609898107714     -5.9403202328966523E-02
   0.2379767103347889     -5.9257641921397375E-02
   0.2390684133915575     -5.9286754002911210E-02
   0.2407860262008734     -5.9315866084425038E-02
   0.2428238719068413     -5.9519650655021836E-02
   0.2441339155749636     -5.9854439592430857E-02
   0.2459097525473071     -5.9723435225618626E-02
   0.2482823871906841     -5.9796215429403193E-02
   0.2497816593886463     -5.9956331877729252E-02
   0.2513537117903930     -6.0305676855895191E-02
