   6.5502183406113536E-04  1.3100436681222707E-02
   3.6390101892285300E-04  1.3100436681222707E-02
   7.2780203784570589E-05  1.3100436681222707E-02
  -1.8922852983988353E-04  1.3100436681222707E-02
  -4.5123726346433770E-04  1.3114992721979621E-02
  -7.7147016011644832E-04  1.3056768558951964E-02
  -9.0247452692867540E-04  1.3027656477438136E-02
  -1.0771470160116448E-03  1.2663755458515284E-02
  -1.2663755458515282E-03  1.2489082969432314E-02
  -1.5720524017467249E-03  1.2328966521106259E-02
  -1.9650655021834062E-03  1.2227074235807859E-02
  -2.5327510917030564E-03  1.2256186317321687E-02
  -3.1004366812227074E-03  1.2503639010189228E-02
  -3.4643377001455601E-03  1.2576419213973799E-02
  -3.9010189228529842E-03  1.2561863173216885E-02
  -4.2649199417758368E-03  1.2576419213973799E-02
  -4.6870451237263459E-03  1.2620087336244541E-02
  -5.2110625909752547E-03  1.2838427947598253E-02
  -5.5895196506550214E-03  1.3071324599708879E-02
  -5.8660844250363903E-03  1.3377001455604077E-02
  -6.2445414847161571E-03  1.3595342066957788E-02
  -6.4774381368267828E-03  1.3595342066957788E-02
  -6.4628820960698687E-03  1.3085880640465793E-02
  -6.3755458515283841E-03  1.2882096069868995E-02
  -6.4774381368267828E-03  1.2692867540029112E-02
  -6.4337700145560405E-03  1.2328966521106259E-02
  -6.4046579330422123E-03  1.2096069868995632E-02
  -6.4337700145560405E-03  1.1804949053857351E-02
  -6.4483260553129546E-03  1.1586608442503640E-02
  -6.1426491994177575E-03  1.1339155749636098E-02
  -5.7059679767103352E-03  1.1004366812227074E-02
  -5.2401746724890829E-03  1.0655021834061135E-02
  -4.8617176128093161E-03  1.0276564774381367E-02
  -4.1921397379912663E-03  9.8689956331877732E-03
  -3.8573508005822418E-03  9.4032023289665218E-03
  -3.4206695778748178E-03  8.7918486171761276E-03
  -3.2023289665211062E-03  8.4861717612809313E-03
  -2.8093158660844248E-03  8.1950509461426475E-03
  -2.1834061135371178E-03  8.0058224163027658E-03
  -1.7612809315866083E-03  7.8311499272197965E-03
  -1.6885007278020379E-03  7.3362445414847160E-03
  -1.5720524017467249E-03  6.8995633187772919E-03
  -1.3537117903930130E-03  6.3755458515283841E-03
  -1.3828238719068413E-03  5.9388646288209600E-03
  -1.5429403202328966E-03  5.4002911208151380E-03
  -1.4847161572052400E-03  4.8034934497816597E-03
  -1.5574963609898108E-03  4.4832605531295484E-03
  -1.5866084425036390E-03  3.9446870451237265E-03
  -1.4847161572052400E-03  3.4643377001455601E-03
  -1.3537117903930130E-03  3.0567685589519646E-03
  -1.3245997088791848E-03  2.5618631732168846E-03
  -1.5429403202328966E-03  1.8049490538573508E-03
  -1.4847161572052400E-03  1.1353711790393012E-03
  -1.2954876273653566E-03  3.9301310043668122E-04
  -1.0189228529839884E-03 -5.9679767103347893E-04
  -9.7525473071324604E-04 -1.5283842794759823E-03
  -9.1703056768558950E-04 -1.9941775836972344E-03
  -6.1135371179039304E-04 -3.2168850072780203E-03
  -2.3289665211062590E-04 -3.7554585152838427E-03
   2.0378457059679766E-04 -4.1484716157205231E-03
   5.6768558951965061E-04 -4.2649199417758368E-03
   8.1513828238719064E-04 -4.7452692867540032E-03
   8.8791848617176118E-04 -5.4876273653566227E-03
   1.3100436681222707E-03 -6.0844250363901011E-03
   1.6593886462882095E-03 -6.6084425036390098E-03
   1.9505094614264921E-03 -7.0305676855895189E-03
   2.4017467248908298E-03 -7.4090247452692866E-03
   2.6783114992721979E-03 -7.5691411935953417E-03
   3.0713245997088788E-03 -7.6710334788937413E-03
   3.4061135371179041E-03 -7.8311499272197965E-03
   3.7117903930131003E-03 -8.1950509461426475E-03
   3.9155749636098983E-03 -8.6462882096069865E-03
   4.1630276564774372E-03 -9.0393013100436674E-03
   4.5414847161572049E-03 -9.5050946142649206E-03
   4.9344978165938866E-03 -1.0087336244541483E-02
   5.0363901018922845E-03 -1.0742358078602620E-02
   5.4294032023289663E-03 -1.1339155749636098E-02
   5.7496360989810775E-03 -1.1572052401746726E-02
   6.2299854439592430E-03 -1.2023289665211061E-02
   6.6666666666666662E-03 -1.2430858806404658E-02
   7.0887918486171753E-03 -1.2809315866084425E-02
   7.5545851528384276E-03 -1.2983988355167394E-02
   7.8311499272197965E-03 -1.3275109170305676E-02
   8.0640465793304222E-03 -1.3813682678311498E-02
   8.3988355167394467E-03 -1.4337700145560408E-02
   8.6899563318777288E-03 -1.4716157205240173E-02
   9.0393013100436674E-03 -1.5123726346433768E-02
   9.4323144104803500E-03 -1.5240174672489080E-02
   9.8835516739446874E-03 -1.5604075691411937E-02
   1.0611353711790393E-02 -1.5938864628820961E-02
   1.0989810771470159E-02 -1.6055312954876274E-02
   1.1499272197962155E-02 -1.6593886462882096E-02
   1.1935953420669576E-02 -1.7147016011644832E-02
   1.2256186317321687E-02 -1.7583697234352255E-02
   1.2605531295487627E-02 -1.8034934497816592E-02
   1.3013100436681222E-02 -1.8442503639010187E-02
   1.3173216885007277E-02 -1.8457059679767102E-02
   1.3537117903930132E-02 -1.8413391557496363E-02
   1.3973799126637553E-02 -1.8529839883551676E-02
   1.4104803493449780E-02 -1.8951965065502185E-02
   1.3886462882096069E-02 -1.9359534206695780E-02
   1.3842794759825326E-02 -1.9679767103347887E-02
   1.4352256186317322E-02 -2.0276564774381368E-02
   1.4876273653566230E-02 -2.0611353711790389E-02
   1.5385735080058223E-02 -2.0873362445414847E-02
   1.5866084425036391E-02 -2.1033478893740902E-02
   1.6259097525473071E-02 -2.1077147016011644E-02
   1.6855895196506550E-02 -2.1120815138282387E-02
   1.7496360989810771E-02 -2.1120815138282387E-02
   1.8282387190684132E-02 -2.1062590975254730E-02
   1.8588064046579332E-02 -2.1033478893740902E-02
   1.8995633187772924E-02 -2.1848617176128092E-02
   1.9636098981077144E-02 -2.2416302765647742E-02
   2.0145560407569138E-02 -2.2896652110625908E-02
   2.0494905385735077E-02 -2.3158660844250362E-02
   2.0786026200873362E-02 -2.3377001455604073E-02
   2.1077147016011644E-02 -2.3580786026200874E-02
   2.1310043668122270E-02 -2.3595342066957785E-02
   2.1761280931586607E-02 -2.3551673944687043E-02
   2.1979621542940319E-02 -2.3551673944687043E-02
   2.2416302765647742E-02 -2.4046579330422126E-02
   2.2663755458515282E-02 -2.4395924308588064E-02
   2.3056768558951966E-02 -2.4803493449781659E-02
   2.3580786026200874E-02 -2.5109170305676855E-02
   2.3842794759825325E-02 -2.5211062590975254E-02
   2.4090247452692868E-02 -2.5065502183406113E-02
   2.4468704512372635E-02 -2.4905385735080054E-02
   2.5065502183406113E-02 -2.4774381368267831E-02
   2.5633187772925763E-02 -2.4832605531295487E-02
   2.6157205240174675E-02 -2.5036390101892285E-02
   2.6171761280931585E-02 -2.5050946142649199E-02
   2.6171761280931585E-02 -2.5604075691411935E-02
   2.6186317321688499E-02 -2.5982532751091705E-02
   2.6550218340611352E-02 -2.6331877729257644E-02
   2.7278020378457061E-02 -2.6550218340611352E-02
   2.7889374090247450E-02 -2.6040756914119362E-02
   2.8180494905385732E-02 -2.5822416302765647E-02
   2.8588064046579331E-02 -2.5574963609898107E-02
   2.8820960698689956E-02 -2.5356622998544395E-02
   2.9155749636098981E-02 -2.5312954876273649E-02
   2.9243085880640462E-02 -2.5443959243085880E-02
   2.9403202328966521E-02 -2.5735080058224162E-02
   2.9767103347889373E-02 -2.5924308588064049E-02
   2.9970887918486174E-02 -2.6157205240174675E-02
   2.9912663755458518E-02 -2.6550218340611352E-02
   2.9956331877729253E-02 -2.7059679767103346E-02
   3.0145560407569143E-02 -2.7248908296943229E-02
   3.0247452692867535E-02 -2.7481804949053855E-02
   3.0698689956331876E-02 -2.7350800582241628E-02
   3.0946142649199416E-02 -2.7656477438136824E-02
   3.1048034934497815E-02 -2.7889374090247450E-02
   3.1411935953420664E-02 -2.8049490538573509E-02
   3.1906841339155750E-02 -2.7962154294032024E-02
   3.2227074235807861E-02 -2.7772925764192137E-02
   3.2649199417758366E-02 -2.7525473071324597E-02
   3.3231441048034931E-02 -2.7467248908296941E-02
   3.3842794759825330E-02 -2.7161572052401748E-02
   3.4570596797671035E-02 -2.7350800582241628E-02
   3.5211062590975256E-02 -2.7467248908296941E-02
   3.5647743813682672E-02 -2.7612809315866082E-02
   3.6040756914119357E-02 -2.7772925764192137E-02
   3.6288209606986893E-02 -2.8224163027656478E-02
   3.6521106259097526E-02 -2.8500727802037842E-02
   3.7205240174672485E-02 -2.8573508005822416E-02
   3.7671033478893744E-02 -2.8442503639010186E-02
   3.7903930131004369E-02 -2.8369723435225615E-02
   3.7976710334788936E-02 -2.8791848617176128E-02
   3.8209606986899562E-02 -2.9112081513828238E-02
   3.8515283842794755E-02 -2.9301310043668118E-02
   3.9301310043668124E-02 -2.9184861717612805E-02
   3.9344978165938863E-02 -2.9184861717612805E-02
   3.9272197962154289E-02 -2.9563318777292576E-02
   3.9432314410480347E-02 -2.9883551673944686E-02
   3.9854439592430860E-02 -3.0058224163027655E-02
   4.0203784570596798E-02 -2.9985443959243085E-02
   4.0567685589519648E-02 -2.9825327510917030E-02
   4.0727802037845706E-02 -2.9999999999999999E-02
   4.0844250363901019E-02 -3.0378457059679769E-02
   4.1048034934497810E-02 -3.0960698689956326E-02
   4.1324599708879181E-02 -3.1411935953420664E-02
   4.1688500727802037E-02 -3.1615720524017468E-02
   4.1994177583697230E-02 -3.1557496360989812E-02
   4.2183406113537117E-02 -3.1164483260553127E-02
   4.2576419213973794E-02 -3.0538573508005821E-02
   4.2838427947598255E-02 -3.0218340611353710E-02
   4.3144104803493448E-02 -3.0669577874818051E-02
   4.3478893740902476E-02 -3.0989810771470158E-02
   4.3973799126637549E-02 -3.1179039301310042E-02
   4.4614264919941776E-02 -3.1208151382823873E-02
   4.5094614264919938E-02 -3.1120815138282385E-02
   4.5269286754002908E-02 -3.0946142649199416E-02
   4.5196506550218341E-02 -3.1149927219796217E-02
   4.5283842794759825E-02 -3.1280931586608440E-02
   4.5807860262008726E-02 -3.1091703056768560E-02
   4.6186317321688500E-02 -3.1091703056768560E-02
   4.6302765647743813E-02 -3.1004366812227072E-02
   4.6564774381368267E-02 -3.0742358078602622E-02
   4.6564774381368267E-02 -3.0815138282387189E-02
   4.6622998544395923E-02 -3.1208151382823873E-02
   4.7045123726346436E-02 -3.1615720524017468E-02
   4.7481804949053859E-02 -3.1775836972343520E-02
   4.7903930131004364E-02 -3.1834061135371176E-02
   4.8238719068413392E-02 -3.1746724890829692E-02
   4.8500727802037839E-02 -3.1688500727802035E-02
   4.8951965065502180E-02 -3.1673944687045125E-02
   4.9577874818049490E-02 -3.1775836972343520E-02
   5.0116448326055309E-02 -3.1848617176128094E-02
   5.0524017467248911E-02 -3.1906841339155750E-02
   5.0756914119359536E-02 -3.2023289665211063E-02
   5.0756914119359536E-02 -3.2066957787481802E-02
   5.1149927219796214E-02 -3.2299854439592428E-02
   5.1673944687045122E-02 -3.2459970887918486E-02
   5.2358078602620088E-02 -3.2459970887918486E-02
   5.2896652110625907E-02 -3.2445414847161569E-02
   5.3464337700145560E-02 -3.2605531295487628E-02
   5.4235807860262004E-02 -3.2969432314410484E-02
   5.4701601164483256E-02 -3.3508005822416302E-02
   5.5123726346433768E-02 -3.3682678311499271E-02
   5.5705967976710333E-02 -3.3930131004366808E-02
   5.6186317321688495E-02 -3.4017467248908299E-02
   5.6491994177583701E-02 -3.3973799126637554E-02
   5.6681222707423581E-02 -3.3537117903930130E-02
   5.7248908296943228E-02 -3.3537117903930130E-02
   5.8311499272197961E-02 -3.3653566229985443E-02
   5.8995633187772921E-02 -3.3770014556040756E-02
   5.9752547307132461E-02 -3.3973799126637554E-02
   6.0655021834061129E-02 -3.4294032023289664E-02
   6.1208151382823872E-02 -3.4541484716157207E-02
   6.2037845705967980E-02 -3.4643377001455603E-02
   6.2794759825327506E-02 -3.4657933042212520E-02
   6.3770014556040755E-02 -3.5356622998544390E-02
   6.4395924308588065E-02 -3.5560407569141195E-02
   6.5152838427947599E-02 -3.5822416302765642E-02
   6.5749636098981074E-02 -3.5589519650655016E-02
   6.6681222707423576E-02 -3.5851528384279477E-02
   6.7772925764192138E-02 -3.6069868995633185E-02
   6.8777292576419208E-02 -3.6302765647743811E-02
   6.9519650655021831E-02 -3.6390101892285295E-02
   7.0538573508005825E-02 -3.6550218340611354E-02
   7.1368267831149926E-02 -3.6681222707423577E-02
   7.2445414847161577E-02 -3.7147016011644829E-02
   7.3216885007278021E-02 -3.7336244541484716E-02
   7.3930131004366809E-02 -3.7496360989810767E-02
   7.4235807860262001E-02 -3.7729257641921400E-02
   7.4818049490538566E-02 -3.7569141193595341E-02
   7.5400291120815130E-02 -3.7700145560407565E-02
   7.6128093158660842E-02 -3.7918486171761280E-02
   7.6812227074235809E-02 -3.8151382823871906E-02
   7.7714701601164490E-02 -3.8413391557496360E-02
   7.8165938864628817E-02 -3.8529839883551673E-02
   7.8660844250363890E-02 -3.8646288209606992E-02
   7.9272197962154289E-02 -3.8748180494905381E-02
   8.0101892285298404E-02 -3.8850072780203783E-02
   8.1018922852983982E-02 -3.8951965065502185E-02
   8.1804949053857351E-02 -3.9082969432314409E-02
   8.2489082969432304E-02 -3.9141193595342065E-02
   8.3231441048034926E-02 -3.9199417758369721E-02
   8.3842794759825326E-02 -3.9621542940320234E-02
   8.4905385735080052E-02 -4.0087336244541485E-02
   8.5487627365356617E-02 -4.0320232896652111E-02
   8.5647743813682675E-02 -4.0422125181950506E-02
   8.6462882096069851E-02 -4.0611353711790393E-02
   8.7205240174672474E-02 -4.0742358078602617E-02
   8.7962154294032022E-02 -4.0873362445414840E-02
   8.8951965065502181E-02 -4.0960698689956332E-02
   8.9737991266375536E-02 -4.0582241630276565E-02
   9.0698689956331874E-02 -4.0625909752547304E-02
   9.1601164483260555E-02 -4.0684133915574960E-02
   9.2328966521106254E-02 -4.1033478893740899E-02
   9.3260553129548757E-02 -4.1135371179039301E-02
   9.3537117903930128E-02 -4.1266375545851525E-02
   9.3784570596797664E-02 -4.1411935953420666E-02
   9.4556040756914123E-02 -4.1688500727802037E-02
   9.5138282387190673E-02 -4.1834061135371178E-02
   9.5793304221251804E-02 -4.2037845705967976E-02
   9.6404657933042218E-02 -4.2183406113537117E-02
   9.7132459970887916E-02 -4.2314410480349340E-02
   9.7685589519650659E-02 -4.2401746724890832E-02
   9.8253275109170299E-02 -4.2183406113537117E-02
   9.9082969432314413E-02 -4.2314410480349340E-02
   9.9839883551673947E-02 -4.2474526928675399E-02
   0.1003056768558952     -4.2532751091703055E-02
   0.1010480349344978     -4.2518195050946145E-02
   0.1016739446870451     -4.3027656477438135E-02
   0.1025618631732169     -4.3158660844250359E-02
   0.1031586608442503     -4.3129548762736537E-02
   0.1036826783114993     -4.2983988355167389E-02
   0.1039737991266376     -4.2882096069868987E-02
   0.1057991266375546     -4.2442503639010185E-02
   0.1095342066957787     -4.3062590975254729E-02
   0.1117612809315866     -4.4264919941775831E-02
   0.1120669577874818     -4.4352256186317322E-02
   0.1127074235807860     -4.4541484716157202E-02
   0.1131441048034934     -4.4716157205240172E-02
   0.1134352256186317     -4.4905385735080058E-02
   0.1137991266375546     -4.5036390101892282E-02
   0.1141921397379913     -4.5196506550218341E-02
   0.1146870451237263     -4.5327510917030564E-02
   0.1152692867540029     -4.5531295487627368E-02
   0.1158806404657933     -4.5735080058224159E-02
   0.1166666666666667     -4.6026200873362441E-02
   0.1173944687045124     -4.6229985443959246E-02
   0.1179767103347889     -4.6506550218340610E-02
   0.1184716157205240     -4.6855895196506549E-02
   0.1191120815138282     -4.7234352256186315E-02
   0.1196215429403202     -4.7598253275109172E-02
   0.1199708879184862     -4.7889374090247454E-02
   0.1201310043668122     -4.8122270742358079E-02
   0.1204657933042212     -4.7933042212518193E-02
   0.1208733624454148     -4.7656477438136828E-02
   0.1213537117903930     -4.7321688500727800E-02
   0.1217612809315866     -4.7190684133915570E-02
   0.1223144104803493     -4.7045123726346436E-02
   0.1227947598253275     -4.6724890829694318E-02
   0.1230422125181950     -4.6491994177583693E-02
   0.1233478893740902     -4.6244541484716156E-02
   0.1236098981077147     -4.5502183406113533E-02
   0.1254876273653566     -4.5735080058224159E-02
   0.1266375545851528     -4.5909752547307128E-02
   0.1283842794759825     -4.6128093158660843E-02
   0.1300000000000000     -4.6346433770014558E-02
   0.1308879184861718     -4.6506550218340610E-02
   0.1327947598253275     -4.6710334788937408E-02
   0.1350072780203785     -4.7016011644832600E-02
   0.1365647743813683     -4.7234352256186315E-02
   0.1388646288209607     -4.7496360989810769E-02
   0.1409606986899563     -4.7831149927219797E-02
   0.1425181950509462     -4.7991266375545849E-02
   0.1448617176128093     -4.8326055312954870E-02
   0.1469868995633188     -4.8893740902474524E-02
   0.1496797671033479     -4.8850072780203778E-02
   0.1515574963609898     -4.9446870451237267E-02
   0.1526346433770015     -4.9534206695778744E-02
   0.1537845705967976     -5.0101892285298398E-02
   0.1539737991266375     -5.0320232896652106E-02
   0.1545269286754003     -5.0407569141193598E-02
   0.1546870451237264     -5.0538573508005821E-02
   0.1549490538573508     -5.0727802037845701E-02
   0.1551965065502184     -5.0727802037845701E-02
   0.1553420669577875     -5.0640465793304223E-02
   0.1555021834061135     -5.0393013100436680E-02
   0.1556040756914119     -5.0262008733624450E-02
