   2.8966521106259099E-03  1.8966521106259095E-02
   2.6200873362445414E-03  1.8995633187772924E-02
   2.2998544395924306E-03  1.9024745269286752E-02
   1.9213973799126639E-03  1.9068413391557498E-02
   1.6011644832605531E-03  1.9082969432314408E-02
   1.4264919941775838E-03  1.9184861717612810E-02
   1.0917030567685589E-03  1.9359534206695780E-02
   7.7147016011644832E-04  1.9490538573508003E-02
   4.6579330422125181E-04  1.9505094614264921E-02
   8.7336244541484710E-05  1.9505094614264921E-02
  -2.3289665211062590E-04  1.9505094614264921E-02
  -6.6957787481804947E-04  1.9257641921397377E-02
  -9.3158660844250361E-04  1.8864628820960700E-02
  -9.8981077147016015E-04  1.8529839883551676E-02
  -9.6069868995633193E-04  1.8195050946142648E-02
  -1.1790393013100438E-03  1.7831149927219798E-02
  -1.4264919941775838E-03  1.7627365356622997E-02
  -1.9650655021834062E-03  1.7583697234352255E-02
  -2.1542940320232896E-03  1.7714701601164482E-02
  -2.4454148471615722E-03  1.7991266375545850E-02
  -2.7219796215429402E-03  1.8020378457059678E-02
  -3.1004366812227074E-03  1.8005822416302768E-02
  -3.3042212518195049E-03  1.7656477438136826E-02
  -3.4061135371179041E-03  1.7205240174672488E-02
  -3.3915574963609900E-03  1.6579330422125182E-02
  -3.1732168850072779E-03  1.6288209606986900E-02
  -3.1149927219796215E-03  1.5633187772925765E-02
  -2.9403202328966522E-03  1.5283842794759825E-02
  -2.7074235807860261E-03  1.4774381368267829E-02
  -2.4890829694323145E-03  1.4468704512372635E-02
  -2.2852983988355165E-03  1.4308588064046579E-02
  -2.0378457059679767E-03  1.4163027656477437E-02
  -1.7758369723435224E-03  1.3959243085880639E-02
  -1.5138282387190682E-03  1.3653566229985443E-02
  -1.2081513828238720E-03  1.3231441048034934E-02
  -9.4614264919941772E-04  1.2852983988355167E-02
  -6.8413391557496357E-04  1.2590975254730713E-02
  -4.6579330422125181E-04  1.2372634643377001E-02
  -4.3668122270742354E-04  1.2081513828238718E-02
  -5.6768558951965061E-04  1.1717612809315867E-02
  -6.8413391557496357E-04  1.1484716157205241E-02
  -7.2780203784570600E-04  1.1048034934497816E-02
  -7.4235807860262000E-04  1.0669577874818049E-02
  -7.4235807860262000E-04  1.0072780203784569E-02
  -9.4614264919941772E-04  9.1703056768558944E-03
  -1.1499272197962153E-03  8.4570596797671031E-03
  -1.2663755458515282E-03  7.6710334788937413E-03
  -1.3682678311499271E-03  7.1324599708879177E-03
  -1.4701601164483261E-03  6.3901018922852982E-03
  -1.5283842794759823E-03  5.7496360989810775E-03
  -1.5720524017467249E-03  5.1819505094614264E-03
  -1.6302765647743813E-03  4.5560407569141190E-03
  -1.6302765647743813E-03  4.1630276564774372E-03
  -1.6593886462882095E-03  3.5225618631732165E-03
  -1.6885007278020379E-03  2.6783114992721979E-03
  -1.7176128093158659E-03  2.2416302765647742E-03
  -1.7176128093158659E-03  1.6011644832605531E-03
  -1.5720524017467249E-03  1.0917030567685589E-03
  -1.3537117903930130E-03  4.5123726346433770E-04
  -1.0917030567685589E-03 -3.6390101892285300E-04
  -9.3158660844250361E-04 -1.0334788937409023E-03
  -8.0058224163027654E-04 -1.8340611353711790E-03
  -5.3857350800582239E-04 -2.4454148471615722E-03
  -3.0567685589519652E-04 -2.8820960698689958E-03
  -5.8224163027656476E-05 -3.3770014556040759E-03
   2.3289665211062590E-04 -3.9301310043668124E-03
   5.6768558951965061E-04 -4.5123726346433767E-03
   8.0058224163027654E-04 -5.0363901018922845E-03
   1.3245997088791848E-03 -5.6768558951965061E-03
   1.6885007278020379E-03 -6.2445414847161571E-03
   1.8631732168850072E-03 -6.9141193595342060E-03
   2.1251819505094614E-03 -7.5545851528384276E-03
   2.4745269286754004E-03 -8.4861717612809313E-03
   2.8820960698689958E-03 -9.2285298398835508E-03
   3.3042212518195049E-03 -9.6215429403202334E-03
   3.7991266375545850E-03 -9.9272197962154297E-03
   4.4250363901018920E-03 -1.0145560407569140E-02
   4.7452692867540032E-03 -1.0611353711790393E-02
   5.2838427947598252E-03 -1.1382823871906842E-02
   5.5604075691411932E-03 -1.1790393013100437E-02
   6.0262008733624447E-03 -1.2445414847161572E-02
   6.4483260553129546E-03 -1.2998544395924308E-02
   6.7831149927219800E-03 -1.3333333333333332E-02
   7.3216885007278019E-03 -1.3944687045123725E-02
   7.7438136826783119E-03 -1.4323144104803493E-02
   8.1659388646288210E-03 -1.4628820960698688E-02
   8.4861717612809313E-03 -1.5036390101892283E-02
   8.8209606986899558E-03 -1.5371179039301311E-02
   9.1120815138282379E-03 -1.5618631732168849E-02
   9.4905385735080065E-03 -1.5909752547307133E-02
   9.9563318777292579E-03 -1.6375545851528384E-02
   1.0480349344978166E-02 -1.6986899563318777E-02
   1.0975254730713245E-02 -1.7525473071324599E-02
   1.1266375545851528E-02 -1.7933042212518194E-02
   1.1688500727802038E-02 -1.8326055312954875E-02
   1.2285298398835515E-02 -1.8748180494905384E-02
   1.3071324599708879E-02 -1.9141193595342065E-02
   1.3595342066957788E-02 -1.9344978165938862E-02
   1.4133915574963608E-02 -1.9592430858806405E-02
   1.4788937409024745E-02 -1.9839883551673945E-02
   1.5196506550218340E-02 -2.0160116448326056E-02
   1.5647743813682675E-02 -2.0669577874818046E-02
   1.6069868995633188E-02 -2.0800582241630276E-02
   1.6491994177583697E-02 -2.0727802037845706E-02
   1.7248908296943231E-02 -2.1062590975254730E-02
   1.7816593886462881E-02 -2.1266375545851528E-02
   1.8442503639010187E-02 -2.1455604075691411E-02
   1.9112081513828236E-02 -2.1703056768558951E-02
   1.9548762736535660E-02 -2.1906841339155748E-02
   1.9898107714701602E-02 -2.2096069868995632E-02
   2.0596797671033479E-02 -2.2663755458515282E-02
   2.1033478893740902E-02 -2.3013100436681221E-02
   2.1863173216885006E-02 -2.3304221251819503E-02
   2.2474526928675399E-02 -2.3595342066957785E-02
   2.3056768558951966E-02 -2.3915574963609899E-02
   2.3202328966521104E-02 -2.4235807860262009E-02
   2.3318777292576417E-02 -2.4643377001455604E-02
   2.3537117903930128E-02 -2.4992721979621543E-02
   2.3755458515283844E-02 -2.5196506550218337E-02
   2.4192139737991263E-02 -2.5312954876273649E-02
   2.4599708879184858E-02 -2.5560407569141193E-02
   2.5036390101892285E-02 -2.5385735080058223E-02
   2.5487627365356619E-02 -2.5138282387190680E-02
   2.5181950509461426E-02 -2.5211062590975254E-02
   2.5021834061135367E-02 -2.5342066957787481E-02
   2.5458515283842794E-02 -2.5574963609898107E-02
   2.5909752547307131E-02 -2.5705967976710334E-02
   2.6506550218340610E-02 -2.5793304221251818E-02
   2.6928675400291122E-02 -2.5880640465793303E-02
   2.7176128093158659E-02 -2.5909752547307131E-02
   2.7045123726346435E-02 -2.6215429403202331E-02
   2.6899563318777291E-02 -2.6550218340611352E-02
   2.7059679767103346E-02 -2.6579330422125180E-02
   2.7627365356622999E-02 -2.6724890829694321E-02
   2.7772925764192137E-02 -2.6506550218340610E-02
   2.7918486171761282E-02 -2.6462882096069867E-02
   2.8209606986899560E-02 -2.6302765647743812E-02
   2.8544395924308585E-02 -2.6244541484716156E-02
   2.8398835516739447E-02 -2.6608442503639008E-02
   2.8311499272197959E-02 -2.6783114992721978E-02
   2.8296943231441045E-02 -2.6826783114992720E-02
   2.8529839883551671E-02 -2.6855895196506548E-02
   2.8893740902474523E-02 -2.6739446870451235E-02
   2.9053857350800582E-02 -2.6652110625909751E-02
   2.9417758369723431E-02 -2.6448326055312953E-02
   2.9883551673944686E-02 -2.6419213973799125E-02
   2.9883551673944686E-02 -2.6579330422125180E-02
   2.9985443959243085E-02 -2.6855895196506548E-02
   3.0451237263464336E-02 -2.7001455604075689E-02
   3.0771470160116447E-02 -2.7161572052401748E-02
   3.0946142649199416E-02 -2.7452692867540030E-02
   3.1091703056768560E-02 -2.7860262008733625E-02
   3.1310043668122269E-02 -2.8180494905385732E-02
   3.1644832605531296E-02 -2.8384279475982530E-02
   3.1950509461426489E-02 -2.8384279475982530E-02
   3.2197962154294033E-02 -2.8253275109170303E-02
   3.2387190684133912E-02 -2.8136826783114993E-02
   3.2503639010189225E-02 -2.8326055312954873E-02
   3.2620087336244545E-02 -2.8573508005822416E-02
   3.2780203784570590E-02 -2.8719068413391554E-02
   3.3114992721979618E-02 -2.8631732168850073E-02
   3.3391557496360989E-02 -2.8384279475982530E-02
   3.3522561863173213E-02 -2.8209606986899560E-02
   3.3726346433770017E-02 -2.8064046579330419E-02
   3.4395924308588059E-02 -2.7874818049490539E-02
   3.4323144104803492E-02 -2.7976710334788938E-02
   3.4104803493449777E-02 -2.8296943231441045E-02
   3.4017467248908299E-02 -2.8573508005822416E-02
   3.4032023289665210E-02 -2.8602620087336241E-02
   3.4483260553129544E-02 -2.8704512372634643E-02
   3.4818049490538572E-02 -2.8806404657933042E-02
   3.5094614264919943E-02 -2.8820960698689956E-02
   3.5356622998544390E-02 -2.8704512372634643E-02
   3.5691411935953418E-02 -2.8588064046579331E-02
   3.6026200873362446E-02 -2.8573508005822416E-02
   3.6055312954876267E-02 -2.8573508005822416E-02
   3.6084425036390103E-02 -2.8893740902474523E-02
   3.6084425036390103E-02 -2.9141193595342063E-02
   3.6200873362445415E-02 -2.9388646288209606E-02
   3.6448326055312952E-02 -2.9432314410480345E-02
   3.6826783114992725E-02 -2.9272197962154294E-02
   3.7336244541484716E-02 -2.9126637554585149E-02
   3.7714701601164483E-02 -2.9053857350800582E-02
   3.7467248908296939E-02 -2.9184861717612805E-02
   3.7292576419213977E-02 -2.9301310043668118E-02
   3.7379912663755455E-02 -2.9417758369723431E-02
   3.7627365356622998E-02 -2.9577874818049490E-02
   3.8078602620087339E-02 -2.9810771470160115E-02
   3.8107714701601160E-02 -2.9839883551673940E-02
   3.8457059679767099E-02 -2.9694323144104803E-02
   3.8704512372634642E-02 -2.9592430858806404E-02
   3.8864628820960694E-02 -2.9577874818049490E-02
   3.9577874818049488E-02 -2.9810771470160115E-02
   3.9956331877729255E-02 -3.0131004366812222E-02
   4.0291120815138276E-02 -3.0218340611353710E-02
   4.0596797671033483E-02 -3.0276564774381367E-02
   4.0422125181950506E-02 -3.0393013100436680E-02
   4.0232896652110627E-02 -3.0567685589519649E-02
   4.0101892285298396E-02 -3.0669577874818051E-02
   4.0058224163027650E-02 -3.0771470160116447E-02
   4.0247452692867537E-02 -3.0989810771470158E-02
   4.0538573508005826E-02 -3.1004366812227072E-02
   4.0858806404657930E-02 -3.0989810771470158E-02
   4.1149927219796212E-02 -3.0946142649199416E-02
   4.1499272197962150E-02 -3.0902474526928677E-02
   4.1863173216885007E-02 -3.0887918486171759E-02
   4.1819505094614268E-02 -3.0975254730713248E-02
   4.1804949053857350E-02 -3.1484716157205238E-02
   4.1790393013100433E-02 -3.1717612809315864E-02
   4.1790393013100433E-02 -3.1790393013100438E-02
   4.1863173216885007E-02 -3.1863173216885005E-02
   4.2212518195050945E-02 -3.1441048034934499E-02
   4.2736535662299853E-02 -3.1368267831149925E-02
   4.3289665211062589E-02 -3.1295487627365351E-02
   4.3697234352256184E-02 -3.1237263464337698E-02
   4.4148471615720518E-02 -3.1193595342066952E-02
   4.4454148471615718E-02 -3.1193595342066952E-02
   4.4759825327510917E-02 -3.1266375545851530E-02
   4.4759825327510917E-02 -3.1484716157205238E-02
   4.4788937409024746E-02 -3.1790393013100438E-02
   4.4876273653566230E-02 -3.2052401746724891E-02
   4.5152838427947595E-02 -3.2416302765647741E-02
   4.5531295487627368E-02 -3.2707423580786023E-02
   4.5778748180494905E-02 -3.2838427947598253E-02
   4.6128093158660843E-02 -3.2852983988355171E-02
   4.6564774381368267E-02 -3.2707423580786023E-02
   4.7016011644832600E-02 -3.2576419213973799E-02
   4.7656477438136828E-02 -3.2430858806404658E-02
   4.7918486171761275E-02 -3.2314410480349345E-02
   4.8355167394468705E-02 -3.2503639010189225E-02
   4.8660844250363898E-02 -3.2328966521106256E-02
   4.8777292576419211E-02 -3.2328966521106256E-02
   4.9024745269286747E-02 -3.2445414847161569E-02
   4.9315866084425036E-02 -3.2532751091703054E-02
   4.9621542940320229E-02 -3.2561863173216882E-02
   4.9737991266375542E-02 -3.2707423580786023E-02
   4.9796215429403198E-02 -3.2867540029112081E-02
   4.9941775836972339E-02 -3.2925764192139738E-02
   5.0276564774381367E-02 -3.2969432314410484E-02
   5.0509461426491986E-02 -3.3173216885007274E-02
   5.0698689956331880E-02 -3.3333333333333333E-02
   5.1033478893740901E-02 -3.2809315866084425E-02
   5.1353711790393011E-02 -3.2736535662299858E-02
   5.1615720524017472E-02 -3.2692867540029112E-02
   5.1863173216885002E-02 -3.2852983988355171E-02
   5.1979621542940314E-02 -3.2954876273653566E-02
   5.2285298398835514E-02 -3.2940320232896649E-02
   5.2590975254730714E-02 -3.2867540029112081E-02
   5.2809315866084422E-02 -3.3129548762736528E-02
   5.2882096069868996E-02 -3.3420669577874811E-02
   5.2983988355167391E-02 -3.3639010189228526E-02
   5.3245997088791845E-02 -3.3842794759825330E-02
   5.3609898107714694E-02 -3.3842794759825330E-02
   5.3959243085880633E-02 -3.3813682678311495E-02
   5.4395924308588063E-02 -3.3755458515283839E-02
   5.4876273653566225E-02 -3.3726346433770017E-02
   5.5094614264919940E-02 -3.3726346433770017E-02
   5.5080058224163023E-02 -3.3944687045123725E-02
   5.5065502183406112E-02 -3.4206695778748179E-02
   5.5196506550218336E-02 -3.4439592430858805E-02
   5.5429403202328961E-02 -3.4512372634643372E-02
   5.5720524017467243E-02 -3.4512372634643372E-02
   5.5982532751091704E-02 -3.4337700145560403E-02
   5.6259097525473069E-02 -3.4148471615720523E-02
   5.6695778748180492E-02 -3.3944687045123725E-02
   5.6812227074235805E-02 -3.4192139737991269E-02
   5.6928675400291118E-02 -3.4264919941775836E-02
   5.7176128093158661E-02 -3.4919941775836974E-02
   5.7321688500727795E-02 -3.5109170305676854E-02
   5.7569141193595338E-02 -3.5298398835516734E-02
   5.7874818049490538E-02 -3.5414847161572047E-02
   5.8195050946142649E-02 -3.5342066957787480E-02
   5.8340611353711790E-02 -3.5211062590975256E-02
   5.8573508005822415E-02 -3.5167394468704510E-02
   5.8850072780203787E-02 -3.5254730713245995E-02
   5.9141193595342062E-02 -3.5443959243085882E-02
   5.9577874818049485E-02 -3.5473071324599703E-02
   6.0029112081513819E-02 -3.5080058224163026E-02
   6.0567685589519644E-02 -3.5094614264919943E-02
   6.0800582241630270E-02 -3.5371179039301308E-02
   6.1018922852983985E-02 -3.5531295487627360E-02
   6.1382823871906834E-02 -3.5851528384279477E-02
   6.1659388646288206E-02 -3.6084425036390103E-02
   6.1877729257641921E-02 -3.6229985443959237E-02
   6.1877729257641921E-02 -3.6229985443959237E-02
   6.2052401746724883E-02 -3.5735080058224164E-02
   6.2081513828238712E-02 -3.5400291120815136E-02
   6.2212518195050942E-02 -3.5181950509461421E-02
   6.2256186317321688E-02 -3.5211062590975256E-02
   6.2416302765647746E-02 -3.5705967976710329E-02
   6.2518195050946135E-02 -3.6084425036390103E-02
   6.2663755458515283E-02 -3.6433770014556041E-02
   6.2809315866084431E-02 -3.6695778748180495E-02
   6.3202328966521101E-02 -3.6754002911208151E-02
   6.3770014556040755E-02 -3.6491994177583698E-02
   6.4163027656477439E-02 -3.6288209606986893E-02
   6.4352256186317319E-02 -3.6244541484716161E-02
   6.4716157205240168E-02 -3.6200873362445415E-02
   6.5211062590975255E-02 -3.6229985443959237E-02
   6.5778748180494909E-02 -3.6783114992721980E-02
   6.6346433770014548E-02 -3.6855895196506547E-02
   6.6331877729257652E-02 -3.7016011644832605E-02
   6.6390101892285294E-02 -3.7394468704512372E-02
   6.6521106259097532E-02 -3.7598253275109170E-02
   6.6724890829694308E-02 -3.7772925764192132E-02
   6.7001455604075680E-02 -3.7816593886462878E-02
   6.7409024745269289E-02 -3.7787481804949057E-02
   6.7845705967976705E-02 -3.7598253275109170E-02
   6.8180494905385733E-02 -3.7510917030567685E-02
   6.8457059679767104E-02 -3.7394468704512372E-02
   6.8864628820960699E-02 -3.6826783114992725E-02
   6.8777292576419208E-02 -3.6928675400291121E-02
   6.8748180494905387E-02 -3.7132459970887918E-02
   6.8777292576419208E-02 -3.7321688500727798E-02
   6.8937409024745266E-02 -3.7525473071324596E-02
   6.9315866084425040E-02 -3.7525473071324596E-02
   6.9636098981077144E-02 -3.7612809315866087E-02
   7.0014556040756917E-02 -3.7612809315866087E-02
   7.0407569141193588E-02 -3.7510917030567685E-02
   7.0800582241630272E-02 -3.7452692867540029E-02
   7.1310043668122269E-02 -3.7409024745269283E-02
   7.1426491994177582E-02 -3.7496360989810767E-02
   7.1601164483260551E-02 -3.7656477438136819E-02
   7.1499272197962149E-02 -3.7685589519650654E-02
   7.1149927219796211E-02 -3.7787481804949057E-02
   7.0989810771470152E-02 -3.7831149927219795E-02
   7.1091703056768554E-02 -3.7991266375545847E-02
   7.1513828238719074E-02 -3.8107714701601160E-02
   7.1950509461426490E-02 -3.8195050946142652E-02
   7.2634643377001457E-02 -3.8238719068413383E-02
   7.3013100436681216E-02 -3.8238719068413383E-02
   7.3449781659388647E-02 -3.8165938864628816E-02
   7.3784570596797661E-02 -3.8093158660844249E-02
   7.4308588064046582E-02 -3.7947598253275108E-02
   7.4672489082969432E-02 -3.7933042212518191E-02
   7.4672489082969432E-02 -3.7933042212518191E-02
   7.4395924308588060E-02 -3.8122270742358071E-02
   7.4264919941775837E-02 -3.8282387190684129E-02
   7.4264919941775837E-02 -3.8413391557496360E-02
   7.4570596797671029E-02 -3.8588064046579329E-02
   7.5021834061135370E-02 -3.8660844250363903E-02
   7.5458515283842800E-02 -3.8646288209606992E-02
   7.6098981077147007E-02 -3.8515283842794755E-02
   7.6637554585152826E-02 -3.8398835516739442E-02
   7.6797671033478884E-02 -3.8384279475982531E-02
   7.6739446870451242E-02 -3.8544395924308590E-02
   7.6768558951965063E-02 -3.8748180494905381E-02
   7.6870451237263451E-02 -3.8879184861717618E-02
   7.7219796215429390E-02 -3.9170305676855893E-02
   7.7612809315866074E-02 -3.9752547307132458E-02
   7.8209606986899563E-02 -3.9767103347889375E-02
   7.8806404657933038E-02 -3.9752547307132458E-02
   7.9257641921397379E-02 -3.9636098981077145E-02
   7.9912663755458510E-02 -3.9519650655021832E-02
   7.9825327510917032E-02 -3.9577874818049488E-02
   7.9519650655021826E-02 -3.9796215429403203E-02
   7.9534206695778750E-02 -3.9883551673944688E-02
   7.9956331877729256E-02 -3.9941775836972337E-02
   8.0553129548762731E-02 -4.0000000000000001E-02
   8.1062590975254728E-02 -4.0058224163027650E-02
   8.1630276564774368E-02 -4.0072780203784568E-02
   8.2023289665211052E-02 -4.0029112081513829E-02
   8.2037845705967977E-02 -4.0145560407569142E-02
   8.2241630276564781E-02 -4.0247452692867537E-02
   8.2620087336244541E-02 -4.0393013100436678E-02
   8.3245997088791851E-02 -4.0131004366812224E-02
   8.3973799126637549E-02 -4.0014556040756911E-02
   8.4716157205240172E-02 -3.9970887918486173E-02
   8.5152838427947589E-02 -3.9941775836972337E-02
   8.4992721979621544E-02 -4.0000000000000001E-02
   8.4657933042212516E-02 -4.0131004366812224E-02
   8.4643377001455591E-02 -4.0349344978165939E-02
   8.4774381368267829E-02 -4.0538573508005826E-02
   8.5181950509461424E-02 -4.0553129548762737E-02
   8.5807860262008720E-02 -4.0494905385735080E-02
   8.6564774381368267E-02 -4.0829694323144108E-02
   8.7147016011644832E-02 -4.0829694323144108E-02
   8.7379912663755457E-02 -4.1062590975254727E-02
   8.7772925764192142E-02 -4.1237263464337703E-02
   8.8165938864628826E-02 -4.1513828238719068E-02
   8.8457059679767094E-02 -4.1542940320232896E-02
   8.8850072780203779E-02 -4.1586608442503642E-02
   8.9344978165938865E-02 -4.1615720524017463E-02
   8.9999999999999997E-02 -4.1644832605531291E-02
   9.0509461426491994E-02 -4.1644832605531291E-02
   9.0887918486171754E-02 -4.1601164483260553E-02
   9.1484716157205243E-02 -4.1572052401746724E-02
   9.2037845705967986E-02 -4.1310043668122270E-02
   9.2561863173216880E-02 -4.1353711790393016E-02
   9.2940320232896639E-02 -4.1470160116448329E-02
   9.3275109170305681E-02 -4.1513828238719068E-02
   9.3362445414847159E-02 -4.1892285298398835E-02
   9.3682678311499262E-02 -4.2139737991266371E-02
   9.4148471615720514E-02 -4.2299854439592430E-02
   9.4672489082969422E-02 -4.2445414847161571E-02
   9.4949053857350793E-02 -4.2634643377001458E-02
   9.5269286754002910E-02 -4.2634643377001458E-02
   9.5880640465793296E-02 -4.2634643377001458E-02
   9.6346433770014547E-02 -4.2634643377001458E-02
   9.6710334788937410E-02 -4.2620087336244540E-02
   9.7190684133915559E-02 -4.2590975254730712E-02
   9.7802037845705972E-02 -4.2590975254730712E-02
   9.7947598253275106E-02 -4.2678311499272197E-02
   9.8355167394468701E-02 -4.2692867540029107E-02
   9.8558951965065492E-02 -4.2925764192139733E-02
   9.8733624454148475E-02 -4.3114992721979613E-02
   9.9184861717612802E-02 -4.3216885007278015E-02
   9.9956331877729260E-02 -4.3275109170305671E-02
   0.1009170305676856     -4.3522561863173215E-02
   0.1017467248908297     -4.3580786026200871E-02
   0.1026055312954876     -4.3668122270742356E-02
   0.1034788937409025     -4.3508005822416297E-02
   0.1045414847161572     -4.3508005822416297E-02
   0.1054439592430859     -4.3566229985443954E-02
   0.1063173216885007     -4.3682678311499266E-02
   0.1067976710334789     -4.3857350800582236E-02
   0.1072780203784571     -4.4032023289665205E-02
   0.1076128093158661     -4.4148471615720518E-02
   0.1082096069868996     -4.4206695778748174E-02
   0.1090247452692868     -4.4570596797671030E-02
   0.1097816593886463     -4.4730713245997089E-02
   0.1107860262008734     -4.4978165938864625E-02
   0.1114119359534207     -4.5167394468704512E-02
   0.1121106259097525     -4.5414847161572049E-02
   0.1127802037845706     -4.5545851528384279E-02
   0.1136390101892285     -4.5807860262008726E-02
   0.1140465793304221     -4.5953420669577874E-02
   0.1143668122270742     -4.6055312954876276E-02
   0.1148326055312955     -4.6113537117903933E-02
   0.1152838427947598     -4.6215429403202321E-02
   0.1155895196506550     -4.6491994177583693E-02
   0.1155458515283843     -4.7088791848617174E-02
   0.1152110625909752     -4.7467248908296941E-02
   0.1145560407569141     -4.8049490538573505E-02
   0.1141339155749636     -4.8326055312954870E-02
   0.1138573508005822     -4.8515283842794764E-02
   0.1138864628820961     -4.8719068413391554E-02
   0.1140611353711790     -4.9010189228529837E-02
   0.1142358078602620     -4.9184861717612806E-02
   0.1146433770014556     -4.9257641921397373E-02
   0.1151965065502183     -4.9097525473071328E-02
   0.1156622998544396     -4.8937409024745269E-02
   0.1162008733624454     -4.8704512372634644E-02
   0.1168122270742358     -4.8675400291120809E-02
   0.1173216885007278     -4.8762736535662300E-02
   0.1177438136826783     -4.8922852983988352E-02
   0.1181659388646288     -4.9243085880640462E-02
   0.1185735080058224     -4.9534206695778744E-02
   0.1189810771470160     -4.9796215429403198E-02
   0.1195342066957787     -5.0058224163027652E-02
   0.1202911208151383     -5.0189228529839883E-02
   0.1211499272197962     -5.0116448326055309E-02
   0.1219068413391557     -4.9781659388646288E-02
   0.1224163027656477     -4.9519650655021834E-02
   0.1226928675400291     -4.9374090247452693E-02
   0.1230422125181950     -4.9082969432314404E-02
   0.1234061135371179     -4.8762736535662300E-02
   0.1237263464337700     -4.8398835516739444E-02
   0.1238573508005822     -4.7962154294032021E-02
   0.1238719068413391     -4.7510917030567687E-02
   0.1237554585152838     -4.7103347889374085E-02
   0.1236535662299854     -4.6812227074235810E-02
   0.1236535662299854     -4.6579330422125184E-02
   0.1254876273653566     -4.5735080058224159E-02
   0.1266375545851528     -4.5909752547307128E-02
   0.1283842794759825     -4.6128093158660843E-02
   0.1300000000000000     -4.6346433770014558E-02
   0.1308879184861718     -4.6506550218340610E-02
   0.1327947598253275     -4.6710334788937408E-02
   0.1328820960698690     -4.7496360989810769E-02
   0.1331586608442503     -4.7598253275109172E-02
   0.1335080058224163     -4.7816593886462880E-02
   0.1337700145560407     -4.7933042212518193E-02
   0.1343959243085881     -4.8020378457059677E-02
   0.1351237263464338     -4.8122270742358079E-02
   0.1358224163027656     -4.8719068413391554E-02
   0.1365211062590975     -4.8908296943231434E-02
   0.1372780203784570     -4.9024745269286747E-02
   0.1380640465793304     -4.9170305676855895E-02
   0.1389082969432314     -4.8864628820960702E-02
   0.1396360989810772     -4.8966521106259091E-02
   0.1402765647743814     -4.9112081513828239E-02
   0.1409024745269287     -4.9286754002911208E-02
   0.1413973799126638     -4.9490538573508006E-02
   0.1416302765647744     -4.9592430858806401E-02
   0.1417758369723435     -4.9737991266375542E-02
   0.1419941775836972     -5.0087336244541480E-02
   0.1422707423580786     -5.0524017467248911E-02
   0.1426491994177584     -5.0756914119359536E-02
   0.1432751091703057     -5.0858806404657925E-02
   0.1436681222707424     -5.0684133915574962E-02
   0.1440465793304221     -5.0524017467248911E-02
   0.1444978165938864     -5.0320232896652106E-02
   0.1448908296943232     -5.0145560407569137E-02
   0.1452838427947598     -4.9927219796215429E-02
   0.1456622998544396     -4.9723435225618631E-02
   0.1459679767103348     -4.9432314410480349E-02
   0.1462008733624454     -4.9243085880640462E-02
   0.1469868995633188     -4.8893740902474524E-02
   0.1493595342066958     -4.9723435225618631E-02
   0.1495778748180495     -5.0043668122270742E-02
   0.1499563318777292     -5.0320232896652106E-02
   0.1502183406113537     -5.0509461426491986E-02
   0.1506695778748180     -5.0786026200873358E-02
   0.1510334788937409     -5.0946142649199416E-02
   0.1514410480349345     -5.1048034934497818E-02
   0.1518049490538574     -5.1062590975254729E-02
   0.1522416302765648     -5.0960698689956327E-02
   0.1526055312954876     -5.0829694323144103E-02
   0.1531004366812227     -5.0582241630276567E-02
   0.1535371179039301     -5.0407569141193598E-02
   0.1538136826783115     -5.0334788937409024E-02
   0.1545705967976710     -4.9825327510917027E-02
   0.1567976710334789     -5.0072780203784570E-02
   0.1590101892285298     -5.0029112081513824E-02
   0.1613537117903930     -5.0655021834061134E-02
   0.1625764192139738     -5.1834061135371173E-02
   0.1628529839883552     -5.2139737991266373E-02
   0.1632896652110626     -5.2503639010189229E-02
   0.1638573508005822     -5.2736535662299855E-02
   0.1646724890829694     -5.2882096069868996E-02
   0.1656186317321688     -5.2663755458515281E-02
   0.1666375545851528     -5.2809315866084422E-02
   0.1676710334788937     -5.3260553129548756E-02
   0.1689519650655022     -5.3493449781659382E-02
   0.1702037845705968     -5.3668122270742358E-02
   0.1711062590975255     -5.3755458515283842E-02
   0.1723435225618632     -5.3842794759825320E-02
   0.1734061135371179     -5.4032023289665207E-02
   0.1745997088791849     -5.4235807860262004E-02
   0.1755458515283843     -5.4454148471615720E-02
   0.1762154294032023     -5.4526928675400287E-02
   0.1770742358078602     -5.4614264919941771E-02
   0.1780640465793304     -5.4759825327510912E-02
   0.1794323144104804     -5.5342066957787484E-02
   0.1805967976710335     -5.5574963609898109E-02
   0.1814701601164483     -5.5764192139737989E-02
   0.1825764192139738     -5.5982532751091704E-02
   0.1838719068413391     -5.6186317321688495E-02
   0.1852256186317321     -5.6346433770014553E-02
   0.1866521106259098     -5.6506550218340612E-02
   0.1879912663755458     -5.6666666666666664E-02
   0.1893886462882096     -5.6870451237263461E-02
   0.1904075691411936     -5.6957787481804953E-02
   0.1914992721979621     -5.7074235807860266E-02
   0.1928093158660844     -5.7219796215429400E-02
   0.1940465793304221     -5.7365356622998541E-02
   0.1950072780203785     -5.7540029112081510E-02
   0.1961280931586608     -5.7627365356622995E-02
   0.1973362445414847     -5.7816593886462882E-02
   0.1986171761280932     -5.7976710334788933E-02
   0.2001018922852984     -5.8151382823871903E-02
   0.2012663755458515     -5.8180494905385731E-02
   0.2022707423580786     -5.8267831149927216E-02
   0.2033915574963610     -5.8340611353711790E-02
   0.2044687045123726     -5.8413391557496357E-02
   0.2060262008733624     -5.8544395924308587E-02
   0.2072634643377002     -5.8660844250363900E-02
   0.2085735080058224     -5.8835516739446862E-02
   0.2100727802037846     -5.8748180494905378E-02
   0.2112954876273654     -5.8937409024745271E-02
   0.2123580786026201     -5.9097525473071316E-02
   0.2135371179039301     -5.9170305676855897E-02
   0.2149490538573508     -5.9082969432314413E-02
   0.2162736535662300     -5.9272197962154292E-02
   0.2171761280931586     -5.9374090247452688E-02
   0.2183114992721980     -5.9548762736535664E-02
   0.2191266375545851     -5.9606986899563313E-02
   0.2202911208151383     -5.9650655021834059E-02
   0.2212809315866084     -5.9694323144104798E-02
   0.2225764192139738     -5.9708879184861723E-02
   0.2241339155749636     -5.9927219796215424E-02
   0.2255021834061136     -6.0029112081513819E-02
   0.2264483260553130     -6.0218340611353713E-02
   0.2276273653566230     -6.0393013100436682E-02
   0.2287190684133915     -6.0582241630276562E-02
   0.2298689956331878     -6.0524017467248913E-02
   0.2305967976710335     -6.0582241630276562E-02
   0.2319068413391557     -6.0727802037845696E-02
   0.2334061135371179     -6.1266375545851522E-02
   0.2341193595342067     -6.1426491994177580E-02
   0.2354294032023289     -6.1484716157205244E-02
   0.2363609898107714     -6.1542940320232893E-02
   0.2370451237263464     -6.1615720524017460E-02
   0.2381659388646288     -6.1834061135371182E-02
   0.2394905385735080     -6.1746724890829691E-02
   0.2404366812227074     -6.1644832605531295E-02
   0.2413537117903930     -6.1644832605531295E-02
   0.2423144104803493     -6.1630276564774378E-02
   0.2433333333333333     -6.1630276564774378E-02
   0.2450655021834061     -6.1673944687045124E-02
   0.2462299854439592     -6.1761280931586608E-02
   0.2473653566229985     -6.1863173216885003E-02
   0.2491848617176128     -6.1979621542940316E-02
