   3.0072780203784566E-02  4.3784570596797669E-02
   2.9825327510917030E-02  4.4002911208151384E-02
   2.9446870451237263E-02  4.4410480349344979E-02
   2.9243085880640462E-02  4.4614264919941776E-02
   2.8893740902474523E-02  4.4614264919941776E-02
   2.8646288209606987E-02  4.4483260553129546E-02
   2.8384279475982530E-02  4.4104803493449779E-02
   2.8355167394468701E-02  4.3420669577874819E-02
   2.8500727802037842E-02  4.2969432314410479E-02
   2.8588064046579331E-02  4.2809315866084420E-02
   2.8238719068413388E-02  4.2285298398835519E-02
   2.7787481804949055E-02  4.2241630276564773E-02
   2.7263464337700143E-02  4.1848617176128089E-02
   2.6943231441048033E-02  4.1673944687045120E-02
   2.6681222707423579E-02  4.1775836972343522E-02
   2.6259097525473070E-02  4.1892285298398835E-02
   2.5836972343522561E-02  4.1921397379912663E-02
   2.5400291120815138E-02  4.1848617176128089E-02
   2.5211062590975254E-02  4.1688500727802037E-02
   2.5429403202328962E-02  4.1499272197962150E-02
   2.5705967976710334E-02  4.1339155749636092E-02
   2.6026200873362444E-02  4.1149927219796212E-02
   2.5822416302765647E-02  4.0946142649199414E-02
   2.5400291120815138E-02  4.0640465793304215E-02
   2.5080058224163024E-02  4.0363901018922850E-02
   2.4585152838427948E-02  4.0291120815138276E-02
   2.4032023289665212E-02  4.0189228529839881E-02
   2.3740902474526929E-02  4.0131004366812224E-02
   2.3522561863173218E-02  4.0043668122270740E-02
   2.3275109170305674E-02  3.9636098981077145E-02
   2.3187772925764190E-02  3.8995633187772931E-02
   2.3187772925764190E-02  3.8762736535662305E-02
   2.2736535662299856E-02  3.8442503639010188E-02
   2.2445414847161570E-02  3.8180494905385734E-02
   2.1790393013100436E-02  3.7671033478893744E-02
   2.1382823871906837E-02  3.7816593886462878E-02
   2.0917030567685589E-02  3.8122270742358071E-02
   2.0553129548762733E-02  3.8267831149927219E-02
   2.0174672489082970E-02  3.8311499272197964E-02
   1.9781659388646289E-02  3.8078602620087339E-02
   1.9519650655021831E-02  3.7933042212518191E-02
   1.9315866084425034E-02  3.7467248908296939E-02
   1.9228529839883549E-02  3.6972343522561860E-02
   1.9170305676855893E-02  3.6346433770014550E-02
   1.9228529839883549E-02  3.5749636098981075E-02
   1.7813682678311498E-02  3.4590975254730712E-02
   1.5793304221251820E-02  3.2445414847161569E-02
   1.5181950509461424E-02  3.2634643377001456E-02
   1.4803493449781657E-02  3.2765647743813679E-02
   1.4337700145560408E-02  3.2867540029112081E-02
   1.3915574963609897E-02  3.3013100436681216E-02
   1.3478893740902475E-02  3.3042212518195051E-02
   1.3304221251819504E-02  3.2954876273653566E-02
   1.3464337700145561E-02  3.2692867540029112E-02
   1.3959243085880639E-02  3.2430858806404658E-02
   1.4468704512372635E-02  3.2125181950509459E-02
   1.4788937409024745E-02  3.1863173216885005E-02
   1.5251819505094615E-02  3.2286754002911207E-02
   1.2938864628820960E-02  2.9991266375545850E-02
   1.0756914119359534E-02  2.7802037845705969E-02
   1.0422125181950509E-02  2.8122270742358076E-02
   1.0101892285298397E-02  2.8355167394468701E-02
   9.7234352256186322E-03  2.8573508005822416E-02
   9.3158660844250354E-03  2.8748180494905386E-02
   9.2576419213973790E-03  2.8631732168850073E-02
   9.5633187772925770E-03  2.7976710334788938E-02
   9.9417758369723438E-03  2.7423580786026198E-02
   9.6797671033478899E-03  2.7030567685589518E-02
   9.4323144104803500E-03  2.7438136826783113E-02
   9.2139737991266367E-03  2.8093158660844251E-02
   8.7190684133915571E-03  2.8151382823871907E-02
   8.0494905385735081E-03  2.8267831149927217E-02
   7.7438136826783119E-03  2.8427947598253272E-02
   7.6710334788937413E-03  2.8165938864628821E-02
   7.8602620087336247E-03  2.7612809315866082E-02
   7.8602620087336247E-03  2.6695778748180497E-02
   7.8311499272197965E-03  2.6084425036390101E-02
   8.0203784570596799E-03  2.5327510917030567E-02
   8.1804949053857351E-03  2.4687045123726346E-02
   7.8893740902474530E-03  2.4133915574963607E-02
   7.2634643377001455E-03  2.3071324599708877E-02
   6.7831149927219800E-03  2.2605531295487626E-02
   6.2154294032023289E-03  2.2838427947598251E-02
   5.9243085880640459E-03  2.3158660844250362E-02
   5.5021834061135368E-03  2.3289665211062592E-02
   5.2692867540029111E-03  2.2911208151382822E-02
   5.2401746724890829E-03  2.2299854439592429E-02
   5.2256186317321688E-03  2.1557496360989806E-02
   5.3129548762736534E-03  2.1091703056768558E-02
   5.0363901018922845E-03  2.0887918486171761E-02
   4.7016011644832609E-03  2.0786026200873362E-02
   4.1484716157205231E-03  2.0975254730713246E-02
   3.7117903930131003E-03  2.1411935953420669E-02
   3.1295487627365356E-03  2.2037845705967975E-02
   2.7510917030567684E-03  2.2634643377001457E-02
   2.4454148471615722E-03  2.2751091703056767E-02
   2.0524017467248904E-03  2.3013100436681221E-02
   1.5866084425036390E-03  2.2940320232896654E-02
   1.2372634643377002E-03  2.2765647743813684E-02
   1.0480349344978166E-03  2.2474526928675399E-02
   1.0334788937409023E-03  2.1950509461426491E-02
   7.4235807860262000E-04  2.1659388646288209E-02
   3.4934497816593884E-04  2.1834061135371178E-02
   5.8224163027656476E-05  2.2052401746724893E-02
  -4.3668122270742355E-05  2.2052401746724893E-02
  -4.3668122270742354E-04  2.1965065502183405E-02
  -6.1135371179039304E-04  2.1542940320232896E-02
  -4.8034934497816597E-04  2.1149927219796215E-02
  -3.4934497816593884E-04  2.0509461426491994E-02
  -2.9112081513828236E-04  2.0072780203784571E-02
  -1.1644832605531295E-04  1.9461426491994175E-02
  -1.0189228529839883E-04  1.8966521106259095E-02
  -1.7467248908296942E-04  1.8005822416302768E-02
   0.0000000000000000E+00  1.7117903930131004E-02
   1.8922852983988353E-04  1.6564774381368264E-02
   4.8034934497816597E-04  1.6142649199417759E-02
   7.8602620087336243E-04  1.5502183406113536E-02
   7.2780203784570600E-04  1.5152838427947596E-02
   4.2212518195050948E-04  1.4526928675400291E-02
   2.6200873362445414E-04  1.4061135371179038E-02
   2.3289665211062590E-04  1.3537117903930132E-02
   2.1834061135371177E-04  1.3013100436681222E-02
   8.7336244541484710E-05  1.2459970887918486E-02
  -1.0189228529839883E-04  1.2023289665211061E-02
  -3.2023289665211057E-04  1.1572052401746726E-02
  -4.9490538573508007E-04  1.1149927219796215E-02
  -1.0043668122270743E-03  1.0917030567685589E-02
  -1.2081513828238720E-03  1.0655021834061135E-02
  -1.3391557496360989E-03  1.0247452692867538E-02
  -1.3828238719068413E-03  9.7379912663755463E-03
  -1.3682678311499271E-03  9.1411935953420662E-03
  -1.2663755458515282E-03  8.4570596797671031E-03
  -1.2663755458515282E-03  7.6710334788937413E-03
  -1.5574963609898108E-03  7.3071324599708878E-03
  -1.8631732168850072E-03  7.0305676855895189E-03
  -2.1979621542940319E-03  6.4919941775836969E-03
  -2.2707423580786024E-03  5.7205240174672493E-03
  -2.4308588064046580E-03  5.0218340611353704E-03
  -2.2561863173216883E-03  4.2649199417758368E-03
  -2.0815138282387186E-03  4.0029112081513829E-03
  -1.6011644832605531E-03  3.5807860262008734E-03
  -9.8981077147016015E-04  3.2023289665211062E-03
  -1.0334788937409023E-03  2.8675400291120817E-03
  -1.2809315866084423E-03  2.5764192139737987E-03
  -1.4556040756914120E-03  2.0669577874818045E-03
  -1.4410480349344979E-03  1.5574963609898108E-03
  -1.3828238719068413E-03  1.1062590975254730E-03
  -1.3245997088791848E-03  6.5502183406113536E-04
  -1.1062590975254730E-03 -2.4745269286754004E-04
  -9.0247452692867540E-04 -8.4425036390101897E-04
  -5.2401746724890829E-04 -1.6593886462882095E-03
  -2.7656477438136825E-04 -2.1979621542940319E-03
   2.0378457059679766E-04 -3.1732168850072779E-03
   3.4934497816593884E-04 -3.5225618631732165E-03
   5.9679767103347893E-04 -4.3959243085880638E-03
   9.1703056768558950E-04 -4.8471615720524020E-03
   1.3828238719068413E-03 -5.3857350800582239E-03
   1.7030567685589520E-03 -6.1135371179039293E-03
   1.8922852983988354E-03 -6.4337700145560405E-03
   2.2561863173216883E-03 -7.0451237263464330E-03
   2.6200873362445414E-03 -7.7583697234352260E-03
   3.1586608442503638E-03 -8.6317321688500724E-03
   3.5371179039301306E-03 -9.4177583697234359E-03
   4.1193595342066949E-03 -1.0203784570596796E-02
   4.5851528384279472E-03 -1.0786026200873362E-02
   5.1965065502183405E-03 -1.1484716157205241E-02
   5.8369723435225621E-03 -1.2037845705967975E-02
   6.4774381368267828E-03 -1.2518195050946142E-02
   7.1470160116448326E-03 -1.3129548762736535E-02
   7.7438136826783119E-03 -1.3711790393013099E-02
   8.3551673944687026E-03 -1.4235807860262007E-02
   8.9519650655021828E-03 -1.4934497816593886E-02
   9.5487627365356629E-03 -1.5473071324599708E-02
   1.0276564774381367E-02 -1.5967976710334789E-02
   1.0960698689956331E-02 -1.6404657933042213E-02
   1.1513828238719069E-02 -1.6724890829694323E-02
   1.1921397379912662E-02 -1.7132459970887918E-02
   1.2285298398835515E-02 -1.7758369723435224E-02
   1.2634643377001455E-02 -1.8398835516739445E-02
   1.2998544395924308E-02 -1.8558951965065500E-02
   1.3478893740902475E-02 -1.8951965065502185E-02
   1.3930131004366811E-02 -1.9184861717612810E-02
   1.4556040756914119E-02 -1.9199417758369721E-02
   1.5312954876273653E-02 -1.9286754002911206E-02
   1.5982532751091703E-02 -1.9708879184861718E-02
   1.6040756914119360E-02 -2.0160116448326056E-02
   1.5676855895196504E-02 -2.0334788937409025E-02
   1.5312954876273653E-02 -2.0538573508005822E-02
   1.5342066957787483E-02 -2.0713245997088792E-02
   1.5720524017467249E-02 -2.0873362445414847E-02
   1.6142649199417759E-02 -2.0975254730713246E-02
   1.6710334788937405E-02 -2.1251819505094614E-02
   1.7161572052401746E-02 -2.1877729257641924E-02
   1.7423580786026200E-02 -2.1979621542940319E-02
   1.7991266375545850E-02 -2.1688500727802037E-02
   1.8398835516739445E-02 -2.1324599708879184E-02
   1.8820960698689954E-02 -2.1179039301310043E-02
   1.9417758369723436E-02 -2.1280931586608442E-02
   2.0101892285298399E-02 -2.1659388646288209E-02
   2.0669577874818046E-02 -2.2125181950509460E-02
   2.1164483260553129E-02 -2.2503639010189227E-02
   2.1426491994177583E-02 -2.3114992721979623E-02
   2.1804949053857350E-02 -2.3639010189228531E-02
   2.2212518195050945E-02 -2.4017467248908294E-02
   2.2809315866084423E-02 -2.4104803493449782E-02
   2.3144104803493448E-02 -2.3973799126637555E-02
   2.3435225618631730E-02 -2.3871906841339156E-02
   2.4177583697234353E-02 -2.3755458515283844E-02
   2.5050946142649199E-02 -2.4061135371179040E-02
   2.5633187772925763E-02 -2.4337700145560408E-02
   2.6317321688500726E-02 -2.4628820960698686E-02
   2.6885007278020377E-02 -2.5312954876273649E-02
   2.7016011644832603E-02 -2.5443959243085880E-02
   2.7030567685589518E-02 -2.5443959243085880E-02
   2.7481804949053855E-02 -2.5662299854439592E-02
   2.7758369723435226E-02 -2.6084425036390101E-02
   2.8034934497816594E-02 -2.6419213973799125E-02
   2.8427947598253272E-02 -2.6579330422125180E-02
   2.8908296943231441E-02 -2.6477438136826782E-02
   2.9461426491994177E-02 -2.6360989810771469E-02
   3.0203784570596800E-02 -2.6448326055312953E-02
   3.0698689956331876E-02 -2.6681222707423579E-02
   3.1222707423580784E-02 -2.6957787481804947E-02
   3.1717612809315864E-02 -2.7248908296943229E-02
   3.2678311499272202E-02 -2.7350800582241628E-02
   3.3318777292576422E-02 -2.7758369723435226E-02
   3.3697234352256182E-02 -2.7787481804949055E-02
   3.3959243085880643E-02 -2.7714701601164481E-02
   3.4308588064046582E-02 -2.7525473071324597E-02
   3.4614264919941774E-02 -2.7540029112081511E-02
   3.5269286754002913E-02 -2.7831149927219793E-02
   3.5676855895196508E-02 -2.8224163027656478E-02
   3.5866084425036387E-02 -2.8311499272197959E-02
   3.6244541484716161E-02 -2.8471615720524014E-02
   3.7001455604075688E-02 -2.8791848617176128E-02
   3.7758369723435221E-02 -2.9053857350800582E-02
   3.8413391557496360E-02 -2.9388646288209606E-02
   3.8937409024745268E-02 -2.9665211062590971E-02
   3.9737991266375547E-02 -2.9927219796215428E-02
   4.0480349344978163E-02 -3.0145560407569143E-02
   4.0786026200873363E-02 -3.0160116448326054E-02
   4.1048034934497810E-02 -3.0131004366812222E-02
   4.1353711790393016E-02 -3.0043668122270741E-02
   4.1644832605531291E-02 -2.9679767103347889E-02
   4.1906841339155745E-02 -3.0072780203784566E-02
   4.2692867540029107E-02 -3.0611353711790395E-02
   4.3085880640465792E-02 -3.0625909752547305E-02
   4.3624454148471610E-02 -3.0800582241630278E-02
   4.4337700145560405E-02 -3.0771470160116447E-02
   4.5240174672489079E-02 -3.1251819505094612E-02
   4.6288209606986902E-02 -3.1601164483260551E-02
   4.7132459970887913E-02 -3.1848617176128094E-02
   4.8034934497816588E-02 -3.2037845705967974E-02
   4.9432314410480349E-02 -3.2270742358078600E-02
   5.0931586608442506E-02 -3.2590975254730710E-02
   5.1950509461426486E-02 -3.2838427947598253E-02
   5.2852983988355168E-02 -3.3100436681222707E-02
   5.4017467248908289E-02 -3.3245997088791841E-02
   5.5298398835516738E-02 -3.3697234352256182E-02
   5.6521106259097523E-02 -3.4148471615720523E-02
   5.7554585152838421E-02 -3.4585152838427946E-02
   5.8544395924308587E-02 -3.4788937409024744E-02
   5.9388646288209605E-02 -3.5283842794759823E-02
   6.0189228529839878E-02 -3.5443959243085882E-02
   6.0931586608442501E-02 -3.5604075691411934E-02
   6.1790393013100436E-02 -3.5298398835516734E-02
   6.2765647743813685E-02 -3.5458515283842792E-02
   6.3580786026200875E-02 -3.5676855895196508E-02
   6.3886462882096068E-02 -3.5705967976710329E-02
   6.4381368267831154E-02 -3.5778748180494910E-02
   6.4672489082969423E-02 -3.5982532751091700E-02
   6.5138282387190674E-02 -3.6171761280931580E-02
   6.5735080058224163E-02 -3.6331877729257639E-02
   6.6084425036390101E-02 -3.6346433770014550E-02
   6.6491994177583683E-02 -3.6564774381368265E-02
   6.6928675400291113E-02 -3.6914119359534203E-02
   6.7365356622998543E-02 -3.7132459970887918E-02
   6.7627365356622990E-02 -3.7103347889374090E-02
   6.8005822416302764E-02 -3.7409024745269283E-02
   6.8806404657933043E-02 -3.7554585152838431E-02
   6.9359534206695772E-02 -3.7583697234352252E-02
   6.9694323144104800E-02 -3.7598253275109170E-02
   6.9708879184861711E-02 -3.7627365356622998E-02
   7.0043668122270739E-02 -3.7860262008733624E-02
   7.0538573508005825E-02 -3.7481804949053857E-02
   7.1077147016011644E-02 -3.7452692867540029E-02
   7.1644832605531283E-02 -3.7525473071324596E-02
   7.2183406113537116E-02 -3.7685589519650654E-02
   7.2430858806404652E-02 -3.7583697234352252E-02
   7.2721979621542948E-02 -3.7467248908296939E-02
   7.3333333333333334E-02 -3.7714701601164483E-02
   7.3522561863173214E-02 -3.7976710334788936E-02
   7.3726346433770018E-02 -3.8326055312954875E-02
   7.4192139737991269E-02 -3.8500727802037844E-02
   7.4847161572052401E-02 -3.8558951965065501E-02
   7.5109170305676862E-02 -3.8515283842794755E-02
   7.5458515283842800E-02 -3.8253275109170308E-02
   7.5793304221251814E-02 -3.8224163027656473E-02
   7.6142649199417753E-02 -3.8413391557496360E-02
   7.6637554585152826E-02 -3.8748180494905381E-02
   7.6914119359534197E-02 -3.8981077147016006E-02
   7.7307132459970881E-02 -3.8966521106259096E-02
   7.7685589519650641E-02 -3.9097525473071319E-02
   7.7685589519650641E-02 -3.9344978165938863E-02
   7.7656477438136820E-02 -3.9548762736535660E-02
   7.8165938864628817E-02 -3.9563318777292578E-02
   7.8675400291120814E-02 -3.9708879184861712E-02
   7.9126637554585155E-02 -3.9679767103347890E-02
   7.9679767103347884E-02 -3.9126637554585147E-02
   8.0203784570596792E-02 -3.9068413391557498E-02
   8.0844250363901013E-02 -3.9243085880640460E-02
   8.1193595342066965E-02 -3.9446870451237265E-02
   8.1586608442503636E-02 -3.9505094614264921E-02
   8.2547307132459974E-02 -3.9301310043668124E-02
   8.2576419213973795E-02 -3.9461426491994175E-02
   8.2911208151382823E-02 -3.9374090247452691E-02
   8.3333333333333329E-02 -3.9330422125181945E-02
   8.4308588064046577E-02 -3.9505094614264921E-02
   8.4046579330422116E-02 -3.9723435225618629E-02
   8.3551673944687044E-02 -4.0014556040756911E-02
   8.3682678311499267E-02 -4.0131004366812224E-02
   8.4090247452692862E-02 -4.0131004366812224E-02
   8.4381368267831144E-02 -4.0000000000000001E-02
   8.4599708879184859E-02 -3.9898107714701599E-02
   8.5327510917030572E-02 -4.0291120815138276E-02
   8.5196506550218334E-02 -4.0509461426491991E-02
   8.5181950509461424E-02 -4.0858806404657930E-02
   8.5749636098981077E-02 -4.1237263464337703E-02
   8.6084425036390091E-02 -4.1353711790393016E-02
   8.6360989810771463E-02 -4.1208151382823868E-02
   8.6754002911208147E-02 -4.1091703056768555E-02
   8.7423580786026203E-02 -4.1135371179039301E-02
   8.7889374090247455E-02 -4.1411935953420666E-02
   8.8224163027656469E-02 -4.1339155749636092E-02
   8.8806404657933033E-02 -4.0829694323144108E-02
   8.9505094614264910E-02 -4.0494905385735080E-02
   9.0189228529839877E-02 -4.0203784570596798E-02
   9.0160116448326055E-02 -4.0422125181950506E-02
   9.0232896652110622E-02 -4.0625909752547304E-02
   9.0582241630276561E-02 -4.0815138282387191E-02
   9.1193595342066947E-02 -4.1164483260553122E-02
   9.1775836972343511E-02 -4.1586608442503642E-02
   9.2299854439592433E-02 -4.1863173216885007E-02
   9.2780203784570595E-02 -4.2125181950509460E-02
   9.3682678311499262E-02 -4.2154294032023289E-02
   9.4235807860262005E-02 -4.1979621542940319E-02
   9.4803493449781659E-02 -4.1688500727802037E-02
   9.5254730713246000E-02 -4.1368267831149927E-02
   9.5735080058224162E-02 -4.1149927219796212E-02
   9.5880640465793296E-02 -4.1324599708879181E-02
   9.5967976710334787E-02 -4.1397379912663755E-02
   9.6055312954876279E-02 -4.1557496360989807E-02
   9.6302765647743802E-02 -4.1746724890829694E-02
   9.6637554585152843E-02 -4.1834061135371178E-02
   9.6957787481804933E-02 -4.1819505094614268E-02
   9.7481804949053855E-02 -4.2328966521106258E-02
   9.7569141193595346E-02 -4.2270742358078602E-02
   9.8064046579330419E-02 -4.2212518195050945E-02
   9.8602620087336237E-02 -4.2212518195050945E-02
   9.9010189228529832E-02 -4.2299854439592430E-02
   9.8893740902474533E-02 -4.2663755458515286E-02
   9.9024745269286743E-02 -4.2867540029112076E-02
   9.9475982532751084E-02 -4.3158660844250359E-02
   9.9970887918486170E-02 -4.3347889374090245E-02
   0.1003493449781659     -4.3478893740902476E-02
   0.1007714701601164     -4.3522561863173215E-02
   0.1011790393013100     -4.3508005822416297E-02
   0.1015138282387191     -4.3508005822416297E-02
   0.1020524017467249     -4.3609898107714699E-02
   0.1026200873362445     -4.3624454148471610E-02
   0.1032605531295488     -4.3071324599708881E-02
   0.1038282387190684     -4.2561863173216884E-02
   0.1043522561863173     -4.2241630276564773E-02
   0.1054294032023290     -4.2358078602620086E-02
   0.1061426491994178     -4.2838427947598255E-02
   0.1069723435225619     -4.2882096069868987E-02
   0.1078602620087336     -4.3085880640465792E-02
   0.1083551673944687     -4.3318777292576417E-02
   0.1087481804949054     -4.3609898107714699E-02
   0.1089665211062591     -4.3711790393013102E-02
   0.1093304221251819     -4.3595342066957789E-02
   0.1099417758369723     -4.3726346433770012E-02
   0.1106550218340611     -4.3988355167394466E-02
   0.1111644832605531     -4.4206695778748174E-02
   0.1118486171761281     -4.3784570596797669E-02
   0.1123726346433770     -4.3799126637554579E-02
   0.1128238719068413     -4.4090247452692861E-02
   0.1133042212518195     -4.4454148471615718E-02
   0.1139155749636099     -4.4701601164483261E-02
   0.1146433770014556     -4.4730713245997089E-02
   0.1153275109170306     -4.5240174672489079E-02
   0.1159534206695779     -4.5240174672489079E-02
   0.1167976710334789     -4.5254730713245997E-02
   0.1177147016011645     -4.5458515283842794E-02
   0.1182241630276565     -4.5778748180494905E-02
   0.1188937409024745     -4.6244541484716156E-02
   0.1193740902474527     -4.6739446870451236E-02
   0.1198981077147016     -4.7205240174672487E-02
   0.1208005822416303     -4.7350800582241628E-02
   0.1217321688500728     -4.7729257641921395E-02
   0.1225909752547307     -4.7918486171761275E-02
   0.1231295487627365     -4.8093158660844244E-02
   0.1234497816593886     -4.8777292576419211E-02
   0.1236390101892285     -4.8238719068413392E-02
   0.1238864628820961     -4.7510917030567687E-02
   0.1239592430858806     -4.6797671033478892E-02
   0.1242212518195051     -4.6186317321688500E-02
   0.1248908296943231     -4.6302765647743813E-02
   0.1257787481804949     -4.6419213973799126E-02
   0.1266812227074236     -4.6593886462882095E-02
   0.1276564774381368     -4.6783114992721975E-02
   0.1283551673944687     -4.6943231441048033E-02
   0.1292430858806405     -4.7045123726346436E-02
   0.1300145560407569     -4.7132459970887913E-02
   0.1306259097525473     -4.7205240174672487E-02
   0.1307278020378457     -4.7540029112081515E-02
   0.1314701601164483     -4.7685589519650649E-02
   0.1323144104803493     -4.7772925764192141E-02
   0.1336535662299854     -4.7816593886462880E-02
   0.1345269286754003     -4.7831149927219797E-02
   0.1348471615720524     -4.7831149927219797E-02
   0.1348326055312955     -4.8093158660844244E-02
   0.1349927219796216     -4.8253275109170303E-02
   0.1356040756914119     -4.8384279475982526E-02
   0.1367103347889374     -4.8238719068413392E-02
   0.1371761280931587     -4.8296943231441049E-02
   0.1372197962154294     -4.8486171761280929E-02
   0.1374963609898108     -4.8675400291120809E-02
   0.1378893740902475     -4.8646288209606987E-02
   0.1382969432314410     -4.8588064046579331E-02
   0.1387772925764192     -4.8791848617176121E-02
   0.1390101892285298     -4.9243085880640462E-02
   0.1394468704512373     -4.9344978165938864E-02
   0.1398981077147016     -4.9126637554585149E-02
   0.1401601164483260     -4.9024745269286747E-02
   0.1402037845705968     -4.9315866084425036E-02
   0.1403493449781659     -4.9563318777292580E-02
   0.1407569141193595     -4.9475982532751088E-02
   0.1412954876273654     -4.9024745269286747E-02
   0.1419359534206696     -4.9141193595342060E-02
   0.1425764192139738     -4.9344978165938864E-02
   0.1429112081513828     -4.9432314410480349E-02
   0.1433478893740903     -4.9708879184861714E-02
   0.1436244541484716     -5.0320232896652106E-02
   0.1438282387190684     -5.0960698689956327E-02
   0.1442212518195051     -5.1382823871906839E-02
   0.1445123726346434     -5.1382823871906839E-02
   0.1450509461426492     -5.1149927219796214E-02
   0.1453857350800582     -5.0713245997088791E-02
   0.1456331877729258     -5.0087336244541480E-02
   0.1459825327510917     -4.9417758369723432E-02
   0.1462008733624454     -4.9024745269286747E-02
   0.1467394468704512     -4.9024745269286747E-02
   0.1483697234352256     -4.9403202328966521E-02
   0.1488791848617176     -4.9548762736535662E-02
   0.1494614264919942     -4.9723435225618631E-02
   0.1500291120815138     -4.9475982532751088E-02
   0.1504512372634643     -4.9708879184861714E-02
   0.1508588064046579     -5.0014556040756913E-02
   0.1512954876273654     -5.0247452692867539E-02
   0.1517467248908297     -5.0262008733624450E-02
   0.1521106259097525     -5.0436681222707419E-02
   0.1523726346433770     -5.0669577874818045E-02
   0.1527656477438137     -5.0698689956331880E-02
   0.1532459970887919     -5.0698689956331880E-02
   0.1536244541484716     -5.0538573508005821E-02
   0.1537263464337700     -5.0101892285298398E-02
   0.1537700145560408     -4.9548762736535662E-02
   0.1545705967976710     -4.9825327510917027E-02
   0.1567976710334789     -5.0072780203784570E-02
   0.1590101892285298     -5.0029112081513824E-02
   0.1613537117903930     -5.0655021834061134E-02
   0.1634206695778748     -5.0931586608442506E-02
   0.1650800582241630     -5.1091703056768550E-02
   0.1667394468704512     -5.1310043668122265E-02
   0.1677583697234352     -5.1193595342066953E-02
   0.1685152838427947     -5.1499272197962159E-02
   0.1691266375545852     -5.1673944687045122E-02
   0.1695778748180495     -5.1804949053857352E-02
   0.1705240174672489     -5.1935953420669576E-02
   0.1712372634643377     -5.2183406113537112E-02
   0.1718195050946143     -5.2459970887918483E-02
   0.1720960698689956     -5.2532751091703057E-02
   0.1722561863173217     -5.2576419213973796E-02
   0.1726055312954876     -5.2634643377001453E-02
   0.1732023289665211     -5.2736535662299855E-02
   0.1737991266375546     -5.2911208151382817E-02
   0.1743377001455604     -5.3027656477438130E-02
   0.1753129548762737     -5.3318777292576419E-02
   0.1761280931586608     -5.3580786026200873E-02
   0.1772343522561863     -5.3682678311499268E-02
   0.1782678311499272     -5.3697234352256186E-02
   0.1790829694323144     -5.3784570596797664E-02
   0.1799272197962154     -5.3828238719068409E-02
   0.1808588064046579     -5.3944687045123722E-02
   0.1819941775836972     -5.4250363901018922E-02
   0.1832896652110626     -5.4352256186317317E-02
   0.1845269286754003     -5.4483260553129548E-02
   0.1860116448326055     -5.4264919941775833E-02
   0.1873799126637554     -5.4526928675400287E-02
   0.1888209606986899     -5.4905385735080060E-02
   0.1901601164483261     -5.5065502183406112E-02
   0.1912954876273653     -5.5123726346433768E-02
   0.1924745269286754     -5.5196506550218336E-02
   0.1932459970887918     -5.5342066957787484E-02
   0.1941484716157205     -5.5385735080058222E-02
   0.1950800582241630     -5.5487627365356625E-02
   0.1962736535662300     -5.5691411935953422E-02
   0.1975254730713246     -5.5836972343522556E-02
   0.1989082969432314     -5.5895196506550213E-02
   0.2002037845705968     -5.6128093158660838E-02
   0.2014556040756914     -5.6215429403202330E-02
   0.2024745269286754     -5.6404657933042210E-02
   0.2037991266375546     -5.6579330422125179E-02
   0.2047307132459971     -5.6739446870451238E-02
   0.2056040756914119     -5.6870451237263461E-02
   0.2073944687045124     -5.7278020378457056E-02
   0.2088209606986899     -5.7452692867540026E-02
   0.2101892285298399     -5.7685589519650651E-02
   0.2116739446870451     -5.7816593886462882E-02
   0.2129694323144105     -5.7918486171761277E-02
   0.2139301310043668     -5.8020378457059672E-02
   0.2151382823871907     -5.8078602620087336E-02
   0.2163464337700145     -5.8122270742358075E-02
   0.2174090247452693     -5.8224163027656477E-02
   0.2185007278020378     -5.8296943231441044E-02
   0.2195196506550218     -5.8340611353711790E-02
   0.2211062590975255     -5.8369723435225611E-02
   0.2227365356622998     -5.8471615720524020E-02
   0.2239883551673945     -5.8573508005822415E-02
   0.2252547307132460     -5.8719068413391549E-02
   0.2273508005822416     -5.8981077147016003E-02
   0.2285298398835517     -5.9199417758369725E-02
   0.2297234352256186     -5.8820960698689959E-02
   0.2310625909752547     -5.8908296943231436E-02
   0.2324890829694323     -5.9359534206695777E-02
   0.2341339155749636     -5.9461426491994172E-02
   0.2353711790393013     -5.9141193595342062E-02
   0.2360262008733624     -5.8995633187772921E-02
   0.2374818049490539     -5.9024745269286749E-02
   0.2387772925764192     -5.9184861717612808E-02
   0.2398544395924309     -5.9228529839883547E-02
   0.2408733624454149     -5.9577874818049485E-02
   0.2418922852983988     -5.9606986899563313E-02
   0.2426783114992722     -5.9606986899563313E-02
   0.2435371179039302     -5.9621542940320231E-02
