   4.0756914119359532E-04 -5.2401746724890829E-03
   4.6579330422125181E-04 -5.5021834061135368E-03
   7.1324599708879190E-04 -5.8660844250363903E-03
   9.0247452692867540E-04 -6.2736535662299853E-03
   1.1499272197962153E-03 -6.7394468704512376E-03
   1.4264919941775838E-03 -7.1179039301310035E-03
   1.7321688500727800E-03 -7.4381368267831148E-03
   2.0087336244541485E-03 -7.5836972343522558E-03
   2.2707423580786024E-03 -8.0203784570596799E-03
   2.5327510917030564E-03 -8.4279475982532749E-03
   2.6637554585152838E-03 -8.6171761280931583E-03
   2.9694323144104800E-03 -8.7336244541484712E-03
   3.2168850072780203E-03 -8.8355167394468699E-03
   3.3915574963609900E-03 -9.0393013100436674E-03
   3.5371179039301306E-03 -9.1703056768558944E-03
   3.9592430858806406E-03 -9.5487627365356629E-03
   4.1921397379912663E-03 -9.9417758369723438E-03
   4.4687045123726343E-03 -1.0262008733624452E-02
   4.5123726346433767E-03 -1.0305676855895195E-02
   4.8326055312954879E-03 -1.0800582241630276E-02
   5.1237263464337691E-03 -1.1353711790393012E-02
   5.4002911208151380E-03 -1.1935953420669576E-02
   5.7059679767103352E-03 -1.2299854439592429E-02
   5.9970887918486164E-03 -1.2620087336244541E-02
   6.4192139737991264E-03 -1.3187772925764191E-02
   6.8558951965065496E-03 -1.3551673944687046E-02
   7.1906841339155749E-03 -1.3871906841339154E-02
   7.5254730713245994E-03 -1.4163027656477437E-02
   7.4963609898107712E-03 -1.4512372634643377E-02
   7.2780203784570596E-03 -1.4788937409024745E-02
   7.0451237263464330E-03 -1.5021834061135371E-02
   7.0596797671033471E-03 -1.5327510917030567E-02
   7.3799126637554583E-03 -1.5516739446870452E-02
   7.9912663755458517E-03 -1.5633187772925765E-02
   8.1222707423580787E-03 -1.5662299854439593E-02
   8.7190684133915571E-03 -1.5691411935953421E-02
   9.1266375545851521E-03 -1.5764192139737992E-02
   9.5487627365356629E-03 -1.6026200873362446E-02
   9.9126637554585156E-03 -1.6419213973799127E-02
   1.0247452692867538E-02 -1.6797671033478893E-02
   9.7816593886462886E-03 -1.6972343522561863E-02
   9.3595342066957778E-03 -1.7117903930131004E-02
   9.1557496360989803E-03 -1.7205240174672488E-02
   9.4177583697234359E-03 -1.7423580786026200E-02
   1.0029112081513827E-02 -1.7627365356622997E-02
   1.0553129548762736E-02 -1.7802037845705967E-02
   1.1077147016011644E-02 -1.8107714701601163E-02
   1.1310043668122270E-02 -1.8500727802037844E-02
   1.1441048034934499E-02 -1.8951965065502185E-02
   1.1455604075691413E-02 -1.9475982532751093E-02
   1.1601164483260554E-02 -2.0087336244541482E-02
   1.1601164483260554E-02 -2.0494905385735077E-02
   1.1775836972343523E-02 -2.0582241630276561E-02
   1.2561863173216885E-02 -2.0727802037845706E-02
   1.3056768558951964E-02 -2.0858806404657933E-02
   1.3755458515283842E-02 -2.0815138282387190E-02
   1.4148471615720522E-02 -2.0756914119359534E-02
   1.4337700145560408E-02 -2.1135371179039301E-02
   1.4512372634643377E-02 -2.1644832605531295E-02
   1.4759825327510917E-02 -2.2052401746724893E-02
   1.4847161572052401E-02 -2.2285298398835519E-02
   1.4395924308588064E-02 -2.2634643377001457E-02
   1.3813682678311498E-02 -2.2823871906841341E-02
   1.3508005822416303E-02 -2.3100436681222705E-02
   1.3478893740902475E-02 -2.3595342066957785E-02
   1.3624454148471616E-02 -2.3755458515283844E-02
   1.4366812227074236E-02 -2.3770014556040758E-02
   1.4497816593886463E-02 -2.3828238719068414E-02
   1.5109170305676855E-02 -2.3915574963609899E-02
   1.5502183406113536E-02 -2.3668122270742355E-02
   1.5807860262008734E-02 -2.3813682678311500E-02
   1.5807860262008734E-02 -2.4628820960698686E-02
   1.5720524017467249E-02 -2.5065502183406113E-02
   1.5705967976710332E-02 -2.5502183406113536E-02
   1.5982532751091703E-02 -2.5574963609898107E-02
   1.6506550218340608E-02 -2.5312954876273649E-02
   1.6768558951965065E-02 -2.5094614264919941E-02
   1.7103347889374090E-02 -2.4847161572052398E-02
   1.7292576419213973E-02 -2.4628820960698686E-02
   1.7409024745269286E-02 -2.4337700145560408E-02
   1.7598253275109169E-02 -2.4104803493449782E-02
   1.7933042212518194E-02 -2.3770014556040758E-02
   1.8151382823871905E-02 -2.3522561863173218E-02
   1.8442503639010187E-02 -2.3784570596797668E-02
   1.8588064046579332E-02 -2.3799126637554586E-02
   1.8893740902474528E-02 -2.3886462882096070E-02
   1.9577874818049488E-02 -2.3901018922852981E-02
   2.0000000000000000E-02 -2.3901018922852981E-02
   2.0567685589519651E-02 -2.3901018922852981E-02
   2.0509461426491994E-02 -2.4395924308588064E-02
   2.0451237263464338E-02 -2.4949053857350800E-02
   2.0494905385735077E-02 -2.5385735080058223E-02
   2.0873362445414847E-02 -2.5735080058224162E-02
   2.1324599708879184E-02 -2.5778748180494904E-02
   2.1732168850072779E-02 -2.5502183406113536E-02
   2.2052401746724893E-02 -2.5152838427947598E-02
   2.2299854439592429E-02 -2.4890829694323144E-02
   2.2547307132459969E-02 -2.4745269286754003E-02
   2.2838427947598251E-02 -2.4730713245997085E-02
   2.3187772925764190E-02 -2.4818049490538573E-02
   2.3799126637554586E-02 -2.4628820960698686E-02
   2.4002911208151383E-02 -2.5109170305676855E-02
   2.3959243085880638E-02 -2.5502183406113536E-02
   2.3901018922852981E-02 -2.5604075691411935E-02
   2.4264919941775837E-02 -2.5138282387190680E-02
   2.4745269286754003E-02 -2.4919941775836972E-02
   2.5007278020378457E-02 -2.4890829694323144E-02
   2.5298398835516739E-02 -2.4963609898107711E-02
   2.5283842794759825E-02 -2.5662299854439592E-02
   2.5138282387190680E-02 -2.6215429403202331E-02
   2.5109170305676855E-02 -2.6564774381368266E-02
   2.5269286754002911E-02 -2.6564774381368266E-02
   2.5487627365356619E-02 -2.6666666666666665E-02
   2.5866084425036392E-02 -2.6797671033478892E-02
   2.6200873362445413E-02 -2.6826783114992720E-02
   2.6666666666666665E-02 -2.6899563318777291E-02
   2.7088791848617174E-02 -2.6972343522561861E-02
   2.7510917030567687E-02 -2.7481804949053855E-02
   2.8005822416302763E-02 -2.7671033478893742E-02
   2.8180494905385732E-02 -2.7860262008733625E-02
   2.8209606986899560E-02 -2.8224163027656478E-02
   2.8238719068413388E-02 -2.8660844250363898E-02
   2.8064046579330419E-02 -2.9126637554585149E-02
   2.8093158660844251E-02 -2.9577874818049490E-02
   2.8427947598253272E-02 -2.9927219796215428E-02
   2.8689956331877729E-02 -3.0145560407569143E-02
   2.8966521106259097E-02 -3.0320232896652113E-02
   2.9315866084425032E-02 -3.0334788937409023E-02
   2.9665211062590971E-02 -3.0189228529839879E-02
   3.0043668122270741E-02 -3.0072780203784566E-02
   3.0334788937409023E-02 -2.9898107714701597E-02
   3.0655021834061134E-02 -2.9810771470160115E-02
   3.1018922852983990E-02 -2.9737991266375548E-02
   3.1441048034934499E-02 -2.9636098981077146E-02
   3.1935953420669579E-02 -2.9417758369723431E-02
   3.2416302765647741E-02 -2.9155749636098981E-02
   3.2823871906841336E-02 -2.8951965065502180E-02
   3.3493449781659392E-02 -2.8311499272197959E-02
   3.4002911208151382E-02 -2.8107714701601165E-02
   3.4279475982532746E-02 -2.8093158660844251E-02
   3.4366812227074231E-02 -2.8486171761280928E-02
   3.4410480349344977E-02 -2.8806404657933042E-02
   3.4701601164483259E-02 -2.8937409024745269E-02
   3.5094614264919943E-02 -2.9053857350800582E-02
   3.5458515283842792E-02 -2.9082969432314410E-02
   3.5735080058224164E-02 -2.9243085880640462E-02
   3.5938864628820955E-02 -2.9097525473071324E-02
   3.6229985443959237E-02 -2.8922852983988355E-02
   3.6666666666666667E-02 -2.8864628820960699E-02
   3.7292576419213977E-02 -2.8951965065502180E-02
   3.7714701601164483E-02 -2.9053857350800582E-02
   3.7787481804949057E-02 -2.9257641921397376E-02
   3.8005822416302758E-02 -2.9694323144104803E-02
   3.8326055312954875E-02 -2.9941775836972342E-02
   3.8573508005822411E-02 -3.0072780203784566E-02
   3.8879184861717618E-02 -3.0305676855895192E-02
   3.8981077147016006E-02 -3.0422125181950505E-02
   3.9010189228529842E-02 -3.1004366812227072E-02
   3.8966521106259096E-02 -3.1484716157205238E-02
   3.8966521106259096E-02 -3.1877729257641922E-02
   3.9053857350800580E-02 -3.2168850072780204E-02
   3.9563318777292578E-02 -3.2227074235807861E-02
   4.0072780203784568E-02 -3.2183406113537115E-02
   4.0451237263464335E-02 -3.1979621542940317E-02
   4.0800582241630273E-02 -3.1746724890829692E-02
   4.1091703056768555E-02 -3.1441048034934499E-02
   4.1455604075691412E-02 -3.1237263464337698E-02
   4.1965065502183402E-02 -3.0975254730713248E-02
   4.2474526928675399E-02 -3.1077147016011639E-02
   4.2736535662299853E-02 -3.1280931586608440E-02
   4.3173216885007276E-02 -3.1441048034934499E-02
   4.3653566229985445E-02 -3.1557496360989812E-02
   4.4017467248908294E-02 -3.1557496360989812E-02
   4.4279475982532748E-02 -3.1455604075691410E-02
   4.4483260553129546E-02 -3.1280931586608440E-02
   4.4934497816593887E-02 -3.1237263464337698E-02
   4.5342066957787482E-02 -3.1353711790393007E-02
   4.5749636098981070E-02 -3.1790393013100438E-02
   4.5604075691411936E-02 -3.2037845705967974E-02
   4.5312954876273653E-02 -3.2401746724890830E-02
   4.5662299854439592E-02 -3.2503639010189225E-02
   4.6259097525473067E-02 -3.2503639010189225E-02
   4.6564774381368267E-02 -3.2561863173216882E-02
   4.7336244541484711E-02 -3.2547307132459964E-02
   4.7627365356623000E-02 -3.2474526928675397E-02
   4.8078602620087334E-02 -3.2372634643377002E-02
   4.8340611353711788E-02 -3.2372634643377002E-02
   4.8515283842794764E-02 -3.2197962154294033E-02
   4.8631732168850077E-02 -3.2125181950509459E-02
   4.9068413391557493E-02 -3.2052401746724891E-02
   4.9228529839883552E-02 -3.2081513828238720E-02
   4.9592430858806401E-02 -3.2343522561863174E-02
   4.9650655021834057E-02 -3.2489082969432315E-02
   5.0029112081513824E-02 -3.2605531295487628E-02
   5.0320232896652106E-02 -3.2590975254730710E-02
   5.0771470160116447E-02 -3.2925764192139738E-02
   5.1179039301310042E-02 -3.2954876273653566E-02
   5.1368267831149922E-02 -3.3144104803493453E-02
   5.1717612809315860E-02 -3.3289665211062587E-02
   5.2183406113537112E-02 -3.3493449781659392E-02
   5.2532751091703057E-02 -3.3639010189228526E-02
   5.2678311499272192E-02 -3.4017467248908299E-02
   5.2678311499272192E-02 -3.4381368267831149E-02
   5.2678311499272192E-02 -3.4628820960698692E-02
   5.3100436681222704E-02 -3.4716157205240170E-02
   5.3580786026200873E-02 -3.4337700145560403E-02
   5.3944687045123722E-02 -3.4221251819505090E-02
   5.4483260553129548E-02 -3.4017467248908299E-02
   5.4847161572052397E-02 -3.4002911208151382E-02
   5.5138282387190686E-02 -3.3988355167394464E-02
   5.5778748180494900E-02 -3.4017467248908299E-02
   5.6317321688500725E-02 -3.4104803493449777E-02
   5.6914119359534207E-02 -3.4395924308588059E-02
   5.7569141193595338E-02 -3.4730713245997087E-02
   5.7918486171761277E-02 -3.4890829694323146E-02
   5.8369723435225611E-02 -3.4978165938864630E-02
   5.8922852983988354E-02 -3.5036390101892287E-02
   5.9432314410480351E-02 -3.5618631732168851E-02
   5.9737991266375544E-02 -3.5764192139737985E-02
   6.0087336244541482E-02 -3.5851528384279477E-02
   6.0305676855895191E-02 -3.5967976710334790E-02
   6.0771470160116442E-02 -3.6302765647743811E-02
   6.0989810771470164E-02 -3.6419213973799124E-02
   6.1499272197962147E-02 -3.6419213973799124E-02
   6.1790393013100436E-02 -3.6419213973799124E-02
   6.2401746724890829E-02 -3.6302765647743811E-02
   6.2867540029112073E-02 -3.6506550218340608E-02
   6.3114992721979624E-02 -3.6521106259097526E-02
   6.3580786026200875E-02 -3.6404657933042206E-02
   6.3813682678311501E-02 -3.6273653566229982E-02
   6.4061135371179037E-02 -3.6084425036390103E-02
   6.4250363901018917E-02 -3.5909752547307133E-02
   6.4454148471615721E-02 -3.5778748180494910E-02
   6.4861717612809316E-02 -3.5778748180494910E-02
   6.5342066957787479E-02 -3.5938864628820955E-02
   6.5851528384279476E-02 -3.5967976710334790E-02
   6.6448326055312951E-02 -3.6040756914119357E-02
   6.6855895196506546E-02 -3.6186317321688498E-02
   6.7205240174672484E-02 -3.6375545851528385E-02
   6.7481804949053856E-02 -3.6521106259097526E-02
   6.7889374090247451E-02 -3.6593886462882100E-02
   6.8384279475982537E-02 -3.7132459970887918E-02
   6.8893740902474521E-02 -3.7525473071324596E-02
   6.9228529839883549E-02 -3.7831149927219795E-02
   6.9941775836972336E-02 -3.8544395924308590E-02
   7.0189228529839887E-02 -3.8835516739446872E-02
   7.0494905385735079E-02 -3.9053857350800580E-02
   7.0960698689956331E-02 -3.8762736535662305E-02
   7.1441048034934507E-02 -3.8937409024745268E-02
   7.1717612809315850E-02 -3.8879184861717618E-02
   7.2008733624454146E-02 -3.8704512372634642E-02
   7.2372634643376996E-02 -3.8689956331877724E-02
   7.3013100436681216E-02 -3.8820960698689955E-02
   7.3362445414847155E-02 -3.8966521106259096E-02
   7.3755458515283839E-02 -3.9039301310043663E-02
   7.4279475982532747E-02 -3.9184861717612811E-02
   7.4861717612809311E-02 -3.9374090247452691E-02
   7.5298398835516742E-02 -3.9563318777292578E-02
   7.5691411935953426E-02 -3.9796215429403203E-02
   7.6084425036390096E-02 -3.9941775836972337E-02
   7.6535662299854437E-02 -3.9912663755458516E-02
   7.7016011644832613E-02 -4.0029112081513829E-02
   7.7234352256186314E-02 -3.9927219796215427E-02
   7.7481804949053865E-02 -3.9737991266375547E-02
   7.7860262008733624E-02 -3.9490538573508004E-02
   7.8020378457059683E-02 -3.9359534206695773E-02
   7.8253275109170309E-02 -3.8937409024745268E-02
   7.8340611353711787E-02 -3.8791848617176126E-02
   7.8995633187772918E-02 -3.8704512372634642E-02
   7.9432314410480348E-02 -3.8893740902474529E-02
   8.0058224163027658E-02 -3.8573508005822411E-02
   8.0669577874818044E-02 -3.8791848617176126E-02
   8.1295487627365354E-02 -3.9024745269286752E-02
   8.1921397379912664E-02 -3.9228529839883550E-02
   8.2620087336244541E-02 -3.9490538573508004E-02
   8.3027656477438136E-02 -3.9708879184861712E-02
   8.3406113537117910E-02 -3.9912663755458516E-02
   8.3697234352256178E-02 -4.0203784570596798E-02
   8.4017467248908295E-02 -4.0218340611353709E-02
   8.4264919941775832E-02 -4.0218340611353709E-02
   8.4643377001455591E-02 -4.0058224163027650E-02
   8.4788937409024739E-02 -4.0000000000000001E-02
   8.5269286754002901E-02 -3.9854439592430860E-02
   8.5720524017467242E-02 -3.9868995633187770E-02
   8.6259097525473075E-02 -3.9912663755458516E-02
   8.6259097525473075E-02 -3.9985443959243083E-02
   8.6171761280931583E-02 -4.0538573508005826E-02
   8.6142649199417762E-02 -4.0858806404657930E-02
   8.6346433770014552E-02 -4.0844250363901019E-02
   8.6739446870451223E-02 -4.0625909752547304E-02
   8.7132459970887907E-02 -4.0451237263464335E-02
   8.7583697234352262E-02 -4.0334788937409022E-02
   8.8093158660844245E-02 -4.0363901018922850E-02
   8.8369723435225617E-02 -4.0538573508005826E-02
   8.8660844250363899E-02 -4.1048034934497810E-02
   8.8966521106259092E-02 -4.1339155749636092E-02
   8.9403202328966522E-02 -4.1601164483260553E-02
   8.9825327510917027E-02 -4.1935953420669581E-02
   9.0218340611353712E-02 -4.2168850072780206E-02
   9.0669577874818053E-02 -4.2358078602620086E-02
   9.1091703056768558E-02 -4.2649199417758368E-02
   9.1470160116448318E-02 -4.2692867540029107E-02
   9.1804949053857346E-02 -4.2503639010189227E-02
   9.1994177583697240E-02 -4.2358078602620086E-02
   9.2096069868995628E-02 -4.2241630276564773E-02
   9.2241630276564762E-02 -4.2096069868995632E-02
   9.2256186317321687E-02 -4.2096069868995632E-02
   9.2620087336244536E-02 -4.1848617176128089E-02
   9.2823871906841326E-02 -4.1790393013100433E-02
   9.3420669577874815E-02 -4.1790393013100433E-02
   9.3813682678311500E-02 -4.1717612809315865E-02
   9.4002911208151380E-02 -4.1542940320232896E-02
   9.4497816593886452E-02 -4.1732168850072776E-02
   9.5080058224163030E-02 -4.2125181950509460E-02
   9.5458515283842790E-02 -4.2358078602620086E-02
   9.5924308588064042E-02 -4.2358078602620086E-02
   9.6608442503639008E-02 -4.2445414847161571E-02
   9.7278020378457050E-02 -4.2576419213973794E-02
   9.7860262008733614E-02 -4.2649199417758368E-02
   9.8413391557496357E-02 -4.2954876273653568E-02
   9.9155749636098980E-02 -4.3391557496360984E-02
   9.9810771470160112E-02 -4.3726346433770012E-02
   0.1002911208151383     -4.3973799126637549E-02
   0.1005676855895196     -4.3886462882096071E-02
   0.1008151382823872     -4.3493449781659387E-02
   0.1010771470160116     -4.3304221251819507E-02
   0.1014847161572052     -4.3056768558951963E-02
   0.1019359534206696     -4.2634643377001458E-02
   0.1057991266375546     -4.2442503639010185E-02
   0.1095342066957787     -4.3062590975254729E-02
   0.1118340611353712     -4.3411935953420668E-02
   0.1144032023289665     -4.3823871906841338E-02
   0.1144395924308588     -4.4541484716157202E-02
   0.1145414847161572     -4.4643377001455604E-02
   0.1149781659388646     -4.5094614264919938E-02
   0.1152256186317322     -4.5312954876273653E-02
   0.1154002911208151     -4.5443959243085877E-02
   0.1156768558951965     -4.5516739446870444E-02
   0.1160698689956332     -4.5662299854439592E-02
   0.1164919941775837     -4.5982532751091695E-02
   0.1169577874818050     -4.6317321688500723E-02
   0.1174526928675400     -4.6608442503639005E-02
   0.1178020378457060     -4.6870451237263466E-02
   0.1183406113537118     -4.7176128093158659E-02
   0.1188355167394469     -4.7496360989810769E-02
   0.1192721979621543     -4.7787481804949052E-02
   0.1199126637554585     -4.8180494905385736E-02
   0.1202765647743814     -4.8427947598253272E-02
   0.1209461426491994     -4.8777292576419211E-02
   0.1217176128093159     -4.9082969432314404E-02
   0.1222852983988355     -4.9417758369723432E-02
   0.1226783114992722     -4.9737991266375542E-02
   0.1231004366812227     -5.0029112081513824E-02
   0.1234934497816594     -5.0276564774381367E-02
   0.1234934497816594     -5.0131004366812226E-02
   0.1234788937409025     -4.9854439592430855E-02
   0.1235371179039301     -4.9621542940320229E-02
   0.1236390101892285     -4.9417758369723432E-02
   0.1236390101892285     -4.9024745269286747E-02
   0.1235371179039301     -4.8689956331877726E-02
   0.1234643377001455     -4.8224163027656475E-02
   0.1236826783114993     -4.7816593886462880E-02
   0.1239301310043668     -4.7510917030567687E-02
   0.1240611353711790     -4.7074235807860257E-02
   0.1241193595342067     -4.6593886462882095E-02
