   2.9199417758369720E-02  4.3449781659388641E-02
   2.9053857350800582E-02  4.3609898107714699E-02
   2.8951965065502180E-02  4.3813682678311497E-02
   2.8835516739446867E-02  4.4032023289665205E-02
   2.8602620087336241E-02  4.4133915574963607E-02
   2.8326055312954873E-02  4.4235807860262009E-02
   2.8195050946142650E-02  4.4250363901018920E-02
   2.8107714701601165E-02  4.4133915574963607E-02
   2.8049490538573509E-02  4.3813682678311497E-02
   2.7991266375545852E-02  4.3537117903930132E-02
   2.8093158660844251E-02  4.3231441048034926E-02
   2.8224163027656478E-02  4.3042212518195046E-02
   2.8369723435225615E-02  4.2823871906841338E-02
   2.6570596797671035E-02  4.1417758369723438E-02
   2.4818049490538573E-02  4.0334788937409022E-02
   2.4628820960698686E-02  4.0422125181950506E-02
   2.4308588064046576E-02  4.0538573508005826E-02
   2.3959243085880638E-02  4.0553129548762737E-02
   2.3609898107714699E-02  4.0087336244541485E-02
   2.3377001455604073E-02  3.9898107714701599E-02
   2.3085880640465791E-02  3.9417758369723437E-02
   2.2998544395924310E-02  3.9010189228529842E-02
   2.2983988355167392E-02  3.8850072780203783E-02
   2.0953420669577873E-02  3.7203784570596796E-02
   2.0538573508005822E-02  3.7074235807860262E-02
   2.0378457059679764E-02  3.7234352256186314E-02
   2.0174672489082970E-02  3.7365356622998544E-02
   1.9956331877729258E-02  3.7438136826783111E-02
   1.9519650655021831E-02  3.7438136826783111E-02
   1.9213973799126639E-02  3.7248908296943231E-02
   1.9199417758369721E-02  3.7147016011644829E-02
   1.9184861717612810E-02  3.6812227074235808E-02
   1.9374090247452690E-02  3.6331877729257639E-02
   1.9184861717612810E-02  3.6069868995633185E-02
   1.8762736535662298E-02  3.5851528384279477E-02
   1.8355167394468706E-02  3.5473071324599703E-02
   1.8034934497816592E-02  3.5181950509461421E-02
   1.7743813682678310E-02  3.5211062590975256E-02
   1.7510917030567685E-02  3.5240174672489077E-02
   1.7117903930131004E-02  3.5254730713245995E-02
   1.6972343522561863E-02  3.5240174672489077E-02
   1.6855895196506550E-02  3.4774381368267833E-02
   1.6855895196506550E-02  3.4468704512372633E-02
   1.6885007278020378E-02  3.4308588064046582E-02
   1.6506550218340608E-02  3.4221251819505090E-02
   1.6360989810771470E-02  3.4454148471615716E-02
   1.6084425036390102E-02  3.4585152838427946E-02
   1.5793304221251820E-02  3.4585152838427946E-02
   1.5705967976710332E-02  3.4177583697234351E-02
   1.5895196506550219E-02  3.3799126637554584E-02
   1.6098981077147016E-02  3.3580786026200869E-02
   1.5793304221251820E-02  3.3304221251819498E-02
   1.5531295487627364E-02  3.3362445414847154E-02
   1.5269286754002910E-02  3.3609898107714704E-02
   1.4818049490538573E-02  3.3784570596797674E-02
   1.4410480349344978E-02  3.3799126637554584E-02
   1.4381368267831150E-02  3.3522561863173213E-02
   1.4643377001455604E-02  3.2969432314410484E-02
   1.4949053857350798E-02  3.2736535662299858E-02
   1.5094614264919939E-02  3.2503639010189225E-02
   1.4934497816593886E-02  3.2314410480349345E-02
   1.4614264919941776E-02  3.2008733624454146E-02
   1.4352256186317322E-02  3.1703056768558953E-02
   1.4090247452692866E-02  3.1688500727802035E-02
   1.3682678311499271E-02  3.1732168850072781E-02
   1.3362445414847162E-02  3.1732168850072781E-02
   1.3333333333333332E-02  3.1513828238719066E-02
   1.3406113537117905E-02  3.1164483260553127E-02
   1.3478893740902475E-02  3.1018922852983990E-02
   1.3377001455604077E-02  3.0873362445414845E-02
   1.3231441048034934E-02  3.0902474526928677E-02
   1.2998544395924308E-02  3.1091703056768560E-02
   1.2721979621542940E-02  3.1179039301310042E-02
   1.2489082969432314E-02  3.1149927219796217E-02
   1.2358078602620087E-02  3.0887918486171759E-02
   1.2372634643377001E-02  3.0524017467248907E-02
   1.2503639010189228E-02  3.0203784570596800E-02
   1.2620087336244541E-02  2.9912663755458518E-02
   1.2489082969432314E-02  2.9810771470160115E-02
   1.2387190684133915E-02  2.9854439592430861E-02
   1.2270742358078601E-02  3.0131004366812222E-02
   1.2110625909752546E-02  3.0349344978165937E-02
   1.1892285298398834E-02  3.0567685589519649E-02
   1.1703056768558952E-02  3.0742358078602622E-02
   1.1557496360989811E-02  3.0756914119359532E-02
   1.1324599708879184E-02  3.0669577874818051E-02
   1.1280931586608442E-02  3.0378457059679769E-02
   1.1382823871906842E-02  3.0029112081513831E-02
   1.1659388646288210E-02  2.9679767103347889E-02
   1.1863173216885006E-02  2.9505094614264919E-02
   1.1994177583697233E-02  2.9330422125181950E-02
   1.1790393013100437E-02  2.9112081513828238E-02
   1.1688500727802038E-02  2.9184861717612805E-02
   1.1470160116448327E-02  2.9417758369723431E-02
   1.1266375545851528E-02  2.9621542940320232E-02
   1.1106259097525472E-02  2.9708879184861717E-02
   1.0742358078602620E-02  2.9737991266375548E-02
   1.0480349344978166E-02  2.9723435225618627E-02
   1.0393013100436681E-02  2.9461426491994177E-02
   1.0553129548762736E-02  2.9184861717612805E-02
   1.0917030567685589E-02  2.8864628820960699E-02
   1.1164483260553129E-02  2.8660844250363898E-02
   1.1193595342066957E-02  2.8558951965065499E-02
   1.0800582241630276E-02  2.8078602620087337E-02
   1.0596797671033479E-02  2.8151382823871907E-02
   1.0334788937409023E-02  2.8369723435225615E-02
   9.9708879184861720E-03  2.8558951965065499E-02
   9.7816593886462886E-03  2.8660844250363898E-02
   9.4177583697234359E-03  2.8850072780203784E-02
   9.0101892285298392E-03  2.8966521106259097E-02
   8.6317321688500724E-03  2.8995633187772926E-02
   8.3260553129548744E-03  2.8864628820960699E-02
   8.1513828238719069E-03  2.8631732168850073E-02
   7.9330422125181953E-03  2.8238719068413388E-02
   7.8165938864628824E-03  2.7947598253275106E-02
   7.6419213973799123E-03  2.7656477438136824E-02
   7.5400291120815135E-03  2.7234352256186315E-02
   7.6273653566229982E-03  2.6724890829694321E-02
   7.5982532751091699E-03  2.6375545851528383E-02
   7.4526928675400289E-03  2.5851528384279475E-02
   7.4235807860262007E-03  2.5618631732168849E-02
   7.2489082969432314E-03  2.5298398835516739E-02
   6.9432314410480343E-03  2.5007278020378457E-02
   6.7103347889374094E-03  2.4730713245997085E-02
   6.1135371179039293E-03  2.4337700145560408E-02
   5.5021834061135368E-03  2.3828238719068414E-02
   5.2838427947598252E-03  2.3435225618631730E-02
   4.9490538573508007E-03  2.2765647743813684E-02
   4.7743813682678314E-03  2.2387190684133914E-02
   4.5269286754002908E-03  2.1965065502183405E-02
   4.3522561863173215E-03  2.1528384279475982E-02
   3.9301310043668124E-03  2.0960698689956331E-02
   3.7117903930131003E-03  2.0567685589519651E-02
   3.3187772925764190E-03  1.9868995633187773E-02
   2.9403202328966522E-03  1.9432314410480347E-02
   2.6637554585152838E-03  1.8981077147016013E-02
   2.5473071324599705E-03  1.8078602620087335E-02
   2.2416302765647742E-03  1.7525473071324599E-02
   1.9941775836972344E-03  1.7001455604075691E-02
   1.7176128093158659E-03  1.6564774381368264E-02
   1.3828238719068413E-03  1.5924308588064047E-02
   1.1499272197962153E-03  1.5502183406113536E-02
   9.4614264919941772E-04  1.5109170305676855E-02
   7.7147016011644832E-04  1.4774381368267829E-02
   2.9112081513828236E-04  1.4730713245997088E-02
   1.4556040756914119E-05  1.4745269286754001E-02
  -6.2590975254730704E-04  1.4672489082969432E-02
  -1.2227074235807861E-03  1.4919941775836970E-02
  -1.5429403202328966E-03  1.4512372634643377E-02
  -1.5574963609898108E-03  1.4046579330422124E-02
  -1.5720524017467249E-03  1.3347889374090248E-02
  -1.5574963609898108E-03  1.3013100436681222E-02
  -1.5720524017467249E-03  1.2532751091703057E-02
  -1.5574963609898108E-03  1.2037845705967975E-02
  -1.3391557496360989E-03  1.1528384279475983E-02
  -1.1353711790393012E-03  1.0946142649199417E-02
  -1.1062590975254730E-03  1.0320232896652109E-02
  -1.1208151382823871E-03  9.8981077147016015E-03
  -1.2954876273653566E-03  9.3886462882096077E-03
  -1.3537117903930130E-03  8.9374090247452687E-03
  -1.1935953420669579E-03  8.0931586608442505E-03
  -1.1499272197962153E-03  7.3944687045123724E-03
  -1.1499272197962153E-03  6.9577874818049484E-03
  -1.5283842794759823E-03  6.6812227074235812E-03
  -1.9068413391557495E-03  6.2882096069868994E-03
  -2.0524017467248904E-03  6.0844250363901011E-03
  -2.2998544395924306E-03  5.5895196506550214E-03
  -2.3871906841339157E-03  4.9053857350800584E-03
  -2.3871906841339157E-03  4.1630276564774372E-03
  -2.2270742358078601E-03  3.3770014556040759E-03
  -1.8922852983988354E-03  3.2605531295487626E-03
  -1.6011644832605531E-03  3.4352256186317319E-03
  -1.3391557496360989E-03  3.6390101892285298E-03
  -1.3828238719068413E-03  2.7802037845705966E-03
  -1.2809315866084423E-03  2.0669577874818045E-03
  -1.3391557496360989E-03  1.3973799126637554E-03
  -1.3828238719068413E-03  7.2780203784570600E-04
  -1.2954876273653566E-03  1.4556040756914119E-05
  -1.1353711790393012E-03 -5.9679767103347893E-04
  -8.2969432314410475E-04 -8.5880640465793297E-04
  -4.2212518195050948E-04 -1.3973799126637554E-03
  -8.7336244541484710E-05 -2.1542940320232896E-03
   2.4745269286754004E-04 -2.9985443959243082E-03
   5.5312954876273650E-04 -3.6972343522561862E-03
   9.8981077147016015E-04 -4.6142649199417754E-03
   1.3391557496360989E-03 -5.3566229985443957E-03
   1.6885007278020379E-03 -6.0989810771470152E-03
   2.0669577874818045E-03 -6.8850072780203778E-03
   2.4599708879184863E-03 -7.9039301310043671E-03
   2.9694323144104800E-03 -8.6754002911208147E-03
   3.6972343522561862E-03 -9.5050946142649206E-03
   4.5269286754002908E-03 -1.0582241630276564E-02
   4.8617176128093161E-03 -1.1310043668122270E-02
   5.7787481804949057E-03 -1.2125181950509460E-02
   6.4483260553129546E-03 -1.2518195050946142E-02
   7.0451237263464330E-03 -1.2969432314410480E-02
   7.4381368267831148E-03 -1.3333333333333332E-02
   8.0786026200873363E-03 -1.3799126637554584E-02
   8.7772925764192135E-03 -1.4541484716157205E-02
   9.3013100436681213E-03 -1.5050946142649199E-02
   9.8107714701601168E-03 -1.5502183406113536E-02
   1.0320232896652109E-02 -1.6040756914119360E-02
   1.0640465793304221E-02 -1.6302765647743814E-02
   1.1062590975254730E-02 -1.6390101892285295E-02
   1.1062590975254730E-02 -1.6564774381368264E-02
   1.0960698689956331E-02 -1.6870451237263464E-02
   1.0858806404657933E-02 -1.7205240174672488E-02
   1.1033478893740902E-02 -1.7612809315866083E-02
   1.1077147016011644E-02 -1.7787481804949053E-02
   1.1499272197962155E-02 -1.8122270742358081E-02
   1.2125181950509460E-02 -1.8413391557496363E-02
   1.2707423580786026E-02 -1.8442503639010187E-02
   1.3158660844250363E-02 -1.8442503639010187E-02
   1.3711790393013099E-02 -1.8777292576419215E-02
   1.4046579330422124E-02 -1.9024745269286752E-02
   1.4410480349344978E-02 -1.9199417758369721E-02
   1.4657933042212516E-02 -1.9170305676855893E-02
   1.5269286754002910E-02 -1.9184861717612810E-02
   1.5487627365356624E-02 -1.9330422125181951E-02
   1.5662299854439593E-02 -1.9708879184861718E-02
   1.5866084425036391E-02 -2.0043668122270743E-02
   1.6157205240174673E-02 -2.0349344978165939E-02
   1.6783114992721979E-02 -2.0698689956331878E-02
   1.7205240174672488E-02 -2.0756914119359534E-02
   1.7540029112081513E-02 -2.0858806404657933E-02
   1.7845705967976709E-02 -2.0975254730713246E-02
   1.8238719068413393E-02 -2.1266375545851528E-02
   1.8544395924308586E-02 -2.1542940320232896E-02
   1.9082969432314408E-02 -2.1804949053857350E-02
   1.9548762736535660E-02 -2.2037845705967975E-02
   2.0058224163027657E-02 -2.2256186317321687E-02
   2.0494905385735077E-02 -2.2489082969432313E-02
   2.0960698689956331E-02 -2.2765647743813684E-02
   2.1586608442503638E-02 -2.3056768558951966E-02
   2.2183406113537116E-02 -2.2867540029112080E-02
   2.2518195050946144E-02 -2.3114992721979623E-02
   2.2969432314410478E-02 -2.3377001455604073E-02
   2.3435225618631730E-02 -2.3580786026200874E-02
   2.4279475982532751E-02 -2.3784570596797668E-02
   2.5225618631732168E-02 -2.4657933042212518E-02
   2.5880640465793303E-02 -2.4861717612809316E-02
   2.6637554585152837E-02 -2.5283842794759825E-02
   2.7321688500727800E-02 -2.5545851528384275E-02
   2.8355167394468701E-02 -2.6026200873362444E-02
   2.8995633187772926E-02 -2.6259097525473070E-02
   2.9752547307132459E-02 -2.6419213973799125E-02
   3.0494905385735082E-02 -2.6273653566229987E-02
   3.1033478893740904E-02 -2.6579330422125180E-02
   3.1470160116448320E-02 -2.6899563318777291E-02
   3.2023289665211063E-02 -2.7292576419213972E-02
   3.2518195050946143E-02 -2.7336244541484717E-02
   3.3304221251819498E-02 -2.7787481804949055E-02
   3.3857350800582241E-02 -2.7976710334788938E-02
   3.5254730713245995E-02 -2.8544395924308585E-02
   3.5793304221251820E-02 -2.8719068413391554E-02
   3.6491994177583698E-02 -2.8777292576419210E-02
   3.7132459970887918E-02 -2.9010189228529836E-02
   3.7962154294032026E-02 -2.9199417758369720E-02
   3.8937409024745268E-02 -2.9374090247452689E-02
   3.9868995633187770E-02 -2.9286754002911208E-02
   4.0582241630276565E-02 -2.9490538573508002E-02
   4.1077147016011645E-02 -2.9636098981077146E-02
   4.1761280931586604E-02 -3.0218340611353710E-02
   4.2227074235807856E-02 -3.0407569141193594E-02
   4.3042212518195046E-02 -3.0669577874818051E-02
   4.4017467248908294E-02 -3.0960698689956326E-02
   4.4628820960698687E-02 -3.1106259097525471E-02
   4.5240174672489079E-02 -3.0989810771470158E-02
   4.5633187772925757E-02 -3.1324599708879186E-02
   4.5720524017467248E-02 -3.1659388646288207E-02
   4.5720524017467248E-02 -3.2052401746724891E-02
   4.5851528384279472E-02 -3.2503639010189225E-02
   4.6259097525473067E-02 -3.2445414847161569E-02
   4.6928675400291123E-02 -3.2227074235807861E-02
   4.7787481804949052E-02 -3.2183406113537115E-02
   4.8544395924308585E-02 -3.2139737991266376E-02
   4.9461426491994177E-02 -3.2197962154294033E-02
   5.0291120815138278E-02 -3.2358078602620084E-02
   5.1208151382823870E-02 -3.2663755458515277E-02
   5.2547307132459968E-02 -3.3085880640465797E-02
   5.3639010189228530E-02 -3.3478893740902474E-02
   5.4468704512372630E-02 -3.3682678311499271E-02
   5.5531295487627363E-02 -3.3930131004366808E-02
   5.7278020378457056E-02 -3.4730713245997087E-02
   5.7743813682678308E-02 -3.4832605531295482E-02
   5.8238719068413394E-02 -3.4949053857350795E-02
   5.8820960698689959E-02 -3.5109170305676854E-02
   5.9636098981077149E-02 -3.4861717612809318E-02
   6.0334788937409019E-02 -3.4949053857350795E-02
   6.1688500727802027E-02 -3.5065502183406108E-02
   6.2605531295487626E-02 -3.5283842794759823E-02
   6.3435225618631727E-02 -3.5487627365356621E-02
   6.4294032023289663E-02 -3.5676855895196508E-02
   6.4934497816593884E-02 -3.5720524017467253E-02
   6.5778748180494909E-02 -3.6084425036390103E-02
   6.6491994177583683E-02 -3.6244541484716161E-02
   6.6870451237263470E-02 -3.6375545851528385E-02
   6.7525473071324602E-02 -3.6564774381368265E-02
   6.8165938864628822E-02 -3.6652110625909749E-02
   6.8879184861717610E-02 -3.6899563318777293E-02
   6.9825327510917023E-02 -3.7117903930131001E-02
   7.0247452692867529E-02 -3.7234352256186314E-02
   7.0917030567685585E-02 -3.7292576419213977E-02
   7.1484716157205225E-02 -3.7365356622998544E-02
   7.2256186317321697E-02 -3.7423580786026193E-02
   7.2852983988355158E-02 -3.7612809315866087E-02
   7.3449781659388647E-02 -3.7845705967976713E-02
   7.4410480349344971E-02 -3.7903930131004369E-02
   7.5211062590975250E-02 -3.8093158660844249E-02
   7.6142649199417753E-02 -3.8282387190684129E-02
   7.7103347889374077E-02 -3.9053857350800580E-02
   7.7889374090247446E-02 -3.9243085880640460E-02
   7.8879184861717605E-02 -3.9461426491994175E-02
   7.9868995633187764E-02 -3.9665211062590973E-02
   8.0771470160116446E-02 -3.9839883551673942E-02
   8.1775836972343530E-02 -4.0043668122270740E-02
   8.2852983988355167E-02 -4.0174672489082963E-02
   8.3959243085880639E-02 -4.0436681222707424E-02
   8.4934497816593887E-02 -4.0625909752547304E-02
   8.5764192139737988E-02 -4.0669577874818050E-02
   8.6579330422125178E-02 -4.0756914119359527E-02
   8.7583697234352262E-02 -4.0902474526928675E-02
   8.8573508005822407E-02 -4.1048034934497810E-02
   8.9315866084425030E-02 -4.1193595342066958E-02
   9.0014556040756907E-02 -4.1280931586608435E-02
   9.1208151382823871E-02 -4.1368267831149927E-02
   9.1877729257641927E-02 -4.1426491994177583E-02
   9.2721979621542938E-02 -4.1557496360989807E-02
   9.3842794759825321E-02 -4.1717612809315865E-02
   9.5211062590975254E-02 -4.2387190684133914E-02
   9.6477438136826785E-02 -4.2634643377001458E-02
   9.7321688500727796E-02 -4.2809315866084420E-02
   9.8311499272197955E-02 -4.2983988355167389E-02
   9.9446870451237263E-02 -4.3202328966521104E-02
   0.1004803493449782     -4.2838427947598255E-02
   0.1012663755458515     -4.2954876273653568E-02
   0.1021542940320233     -4.3144104803493448E-02
   0.1031004366812227     -4.3871906841339153E-02
   0.1037700145560407     -4.4002911208151384E-02
   0.1046433770014556     -4.4148471615720518E-02
   0.1054439592430859     -4.4235807860262009E-02
   0.1060844250363901     -4.4323144104803487E-02
   0.1068850072780204     -4.4497816593886463E-02
   0.1080203784570597     -4.4745269286754000E-02
   0.1090829694323144     -4.4497816593886463E-02
   0.1102328966521106     -4.4657933042212515E-02
   0.1110480349344978     -4.4745269286754000E-02
   0.1119213973799127     -4.5312954876273653E-02
   0.1131441048034934     -4.5400291120815131E-02
   0.1142503639010189     -4.5502183406113533E-02
   0.1150946142649199     -4.5647743813682681E-02
   0.1158515283842795     -4.5764192139737994E-02
   0.1168122270742358     -4.5880640465793307E-02
   0.1180349344978166     -4.5793304221251815E-02
   0.1186317321688501     -4.5822416302765651E-02
   0.1187045123726346     -4.6098981077147008E-02
   0.1186608442503639     -4.6550218340611349E-02
   0.1186462882096070     -4.6826783114992721E-02
   0.1186462882096070     -4.7016011644832600E-02
   0.1187045123726346     -4.7321688500727800E-02
   0.1189665211062591     -4.7641921397379910E-02
   0.1194614264919942     -4.7772925764192141E-02
   0.1201164483260553     -4.7612809315866082E-02
   0.1208879184861718     -4.7627365356623000E-02
   0.1213391557496361     -4.7612809315866082E-02
   0.1219359534206696     -4.7554585152838426E-02
   0.1226637554585153     -4.7438136826783113E-02
   0.1230567685589520     -4.7321688500727800E-02
   0.1233187772925764     -4.7248908296943226E-02
   0.1243668122270742     -4.7350800582241628E-02
   0.1250509461426492     -4.7423580786026202E-02
   0.1265938864628821     -4.7802037845705962E-02
   0.1275109170305677     -4.7772925764192141E-02
   0.1282678311499272     -4.7772925764192141E-02
   0.1290975254730713     -4.7787481804949052E-02
   0.1298981077147016     -4.7889374090247454E-02
   0.1303784570596798     -4.7976710334788931E-02
   0.1310625909752547     -4.8122270742358079E-02
   0.1317903930131004     -4.8238719068413392E-02
   0.1328384279475982     -4.8413391557496362E-02
   0.1338136826783115     -4.8588064046579331E-02
   0.1345414847161572     -4.8689956331877726E-02
   0.1356040756914119     -4.8995633187772926E-02
   0.1364046579330422     -4.9170305676855895E-02
   0.1371470160116448     -4.9374090247452693E-02
   0.1379912663755458     -4.9839883551673944E-02
   0.1389082969432314     -4.9956331877729257E-02
   0.1399854439592431     -5.0072780203784570E-02
   0.1411499272197962     -5.0276564774381367E-02
   0.1424890829694323     -5.0378457059679763E-02
   0.1435807860262009     -5.0465793304221254E-02
   0.1442794759825328     -5.0538573508005821E-02
   0.1451965065502183     -5.0509461426491986E-02
   0.1459243085880640     -5.0465793304221254E-02
   0.1468850072780204     -5.0640465793304223E-02
   0.1472780203784571     -5.0742358078602612E-02
   0.1479330422125182     -5.0858806404657925E-02
   0.1485298398835517     -5.0917030567685588E-02
   0.1490829694323144     -5.0931586608442506E-02
   0.1498398835516739     -5.1120815138282386E-02
   0.1504075691411936     -5.1295487627365355E-02
   0.1510480349344978     -5.1426491994177578E-02
   0.1519650655021834     -5.1586608442503637E-02
   0.1528093158660844     -5.2066957787481799E-02
   0.1531441048034934     -5.1935953420669576E-02
   0.1531295487627365     -5.1441048034934496E-02
   0.1532896652110626     -5.0931586608442506E-02
   0.1534061135371179     -5.0465793304221254E-02
   0.1545705967976710     -4.9825327510917027E-02
   0.1567976710334789     -5.0072780203784570E-02
   0.1590101892285298     -5.0029112081513824E-02
   0.1613537117903930     -5.0655021834061134E-02
   0.1625036390101892     -5.1484716157205235E-02
   0.1627219796215429     -5.1557496360989809E-02
   0.1632168850072780     -5.1688500727802039E-02
   0.1637409024745269     -5.1790393013100434E-02
   0.1643522561863173     -5.1965065502183404E-02
   0.1651819505094614     -5.2110625909752545E-02
   0.1657496360989811     -5.2197962154294029E-02
   0.1663318777292576     -5.2314410480349342E-02
   0.1668413391557496     -5.2459970887918483E-02
   0.1671761280931587     -5.2489082969432312E-02
   0.1678602620087336     -5.2678311499272192E-02
   0.1689956331877729     -5.2940320232896652E-02
   0.1696360989810771     -5.3013100436681219E-02
   0.1703639010189228     -5.3114992721979622E-02
   0.1709024745269287     -5.3187772925764189E-02
   0.1716302765647744     -5.3362445414847158E-02
   0.1724163027656477     -5.3508005822416306E-02
   0.1732751091703057     -5.3711790393013097E-02
   0.1739155749636099     -5.3813682678311499E-02
   0.1748326055312955     -5.3915574963609894E-02
   0.1757496360989811     -5.4046579330422125E-02
   0.1767248908296943     -5.4119359534206692E-02
   0.1779767103347889     -5.4235807860262004E-02
   0.1791120815138282     -5.4337700145560407E-02
   0.1799854439592431     -5.4468704512372630E-02
   0.1809315866084425     -5.4599708879184861E-02
   0.1820815138282387     -5.5211062590975253E-02
   0.1829548762736535     -5.5298398835516738E-02
   0.1839301310043668     -5.5181950509461425E-02
   0.1849053857350800     -5.5050946142649194E-02
   0.1858660844250364     -5.5225618631732164E-02
   0.1870451237263464     -5.5400291120815140E-02
   0.1880640465793304     -5.5473071324599707E-02
   0.1888937409024745     -5.5618631732168841E-02
   0.1897816593886463     -5.5778748180494900E-02
   0.1908442503639010     -5.6244541484716151E-02
   0.1920087336244541     -5.6375545851528389E-02
   0.1931149927219796     -5.6375545851528389E-02
   0.1942358078602620     -5.6419213973799121E-02
   0.1955458515283843     -5.6608442503639014E-02
   0.1969141193595342     -5.6812227074235805E-02
   0.1978020378457060     -5.6826783114992716E-02
   0.1990101892285298     -5.6986899563318774E-02
   0.2008442503639010     -5.7117903930130998E-02
   0.2018049490538573     -5.7219796215429400E-02
   0.2026637554585153     -5.7263464337700146E-02
   0.2035662299854439     -5.7321688500727795E-02
   0.2044687045123726     -5.7423580786026197E-02
   0.2059825327510917     -5.7583697234352256E-02
   0.2075109170305677     -5.7758369723435225E-02
   0.2085007278020378     -5.7816593886462882E-02
   0.2096215429403202     -5.7889374090247449E-02
   0.2106113537117904     -5.8034934497816590E-02
   0.2118340611353712     -5.8195050946142649E-02
   0.2131004366812227     -5.8282387190684126E-02
   0.2144541484716157     -5.8355167394468707E-02
   0.2156186317321689     -5.8471615720524020E-02
   0.2168850072780204     -5.8646288209606982E-02
   0.2179767103347889     -5.8777292576419213E-02
   0.2190101892285298     -5.8937409024745271E-02
   0.2198835516739447     -5.8995633187772921E-02
   0.2206550218340611     -5.9053857350800584E-02
   0.2221251819505095     -5.9097525473071316E-02
   0.2232896652110626     -5.9126637554585151E-02
   0.2240465793304221     -5.9170305676855897E-02
   0.2253275109170306     -5.9650655021834059E-02
   0.2268704512372635     -5.9796215429403193E-02
   0.2283697234352256     -5.9868995633187774E-02
   0.2297962154294032     -6.0160116448326049E-02
   0.2313537117903930     -6.0393013100436682E-02
   0.2324454148471616     -6.0451237263464332E-02
   0.2333478893740902     -6.0509461426491995E-02
   0.2345851528384279     -6.0524017467248913E-02
   0.2358369723435226     -6.0611353711790383E-02
   0.2371179039301310     -6.0756914119359538E-02
   0.2384279475982533     -6.0887918486171755E-02
   0.2396797671033479     -6.0946142649199418E-02
   0.2411644832605531     -6.1004366812227068E-02
   0.2426637554585153     -6.1062590975254731E-02
   0.2437263464337700     -6.1106259097525477E-02
   0.2447889374090247     -6.1077147016011642E-02
   0.2453711790393013     -6.0989810771470164E-02
   0.2457933042212518     -6.0902474526928672E-02
