   2.9548762736535658E-02  4.4075691411935951E-02
   2.9519650655021833E-02  4.4119359534206697E-02
   2.9344978165938864E-02  4.4599708879184859E-02
   2.9228529839883551E-02  4.4905385735080058E-02
   2.9053857350800582E-02  4.4890829694323141E-02
   2.8748180494905386E-02  4.4585152838427948E-02
   2.8602620087336241E-02  4.4294032023289666E-02
   2.8529839883551671E-02  4.3842794759825325E-02
   2.8588064046579331E-02  4.3784570596797669E-02
   2.8660844250363898E-02  4.3580786026200871E-02
   2.8850072780203784E-02  4.3464337700145558E-02
   2.6570596797671035E-02  4.1417758369723438E-02
   2.5604075691411935E-02  4.1033478893740899E-02
   2.5429403202328962E-02  4.1018922852983988E-02
   2.5138282387190680E-02  4.1091703056768555E-02
   2.4832605531295487E-02  4.1193595342066958E-02
   2.4614264919941772E-02  4.1208151382823868E-02
   2.4410480349344978E-02  4.1106259097525466E-02
   2.4308588064046576E-02  4.0829694323144108E-02
   2.4323144104803494E-02  4.0582241630276565E-02
   2.4483260553129545E-02  4.0509461426491991E-02
   2.4759825327510917E-02  4.0393013100436678E-02
   2.3385735080058225E-02  3.9080058224163029E-02
   2.0953420669577873E-02  3.7203784570596796E-02
   2.0567685589519651E-02  3.7248908296943231E-02
   2.0524017467248905E-02  3.7423580786026193E-02
   2.0334788937409025E-02  3.7641921397379909E-02
   1.9956331877729258E-02  3.7700145560407565E-02
   1.9621542940320230E-02  3.7947598253275108E-02
   1.9315866084425034E-02  3.7860262008733624E-02
   1.9286754002911206E-02  3.7671033478893744E-02
   1.9388646288209608E-02  3.7409024745269283E-02
   1.9592430858806405E-02  3.7074235807860262E-02
   1.9810771470160117E-02  3.6899563318777293E-02
   1.8282387190684132E-02  3.5385735080058225E-02
   1.8267831149927218E-02  3.5720524017467253E-02
   1.8165938864628819E-02  3.5967976710334790E-02
   1.7831149927219798E-02  3.6055312954876267E-02
   1.7612809315866083E-02  3.6055312954876267E-02
   1.7525473071324599E-02  3.5807860262008731E-02
   1.7510917030567685E-02  3.5269286754002913E-02
   1.7496360989810771E-02  3.4963609898107713E-02
   1.7496360989810771E-02  3.4701601164483259E-02
   1.5251819505094615E-02  3.2286754002911207E-02
   1.4934497816593886E-02  3.1906841339155750E-02
   1.4847161572052401E-02  3.1979621542940317E-02
   1.4687045123726344E-02  3.2227074235807861E-02
   1.4512372634643377E-02  3.2547307132459964E-02
   1.4250363901018921E-02  3.2707423580786023E-02
   1.3784570596797670E-02  3.2707423580786023E-02
   1.3522561863173218E-02  3.2532751091703054E-02
   1.3449781659388647E-02  3.2183406113537115E-02
   1.3508005822416303E-02  3.1804949053857348E-02
   1.3740902474526927E-02  3.1441048034934499E-02
   1.4017467248908295E-02  3.1222707423580784E-02
   1.3828238719068412E-02  3.0931586608442502E-02
   1.3420669577874819E-02  3.0567685589519649E-02
   1.3377001455604077E-02  3.0742358078602622E-02
   1.3318777292576418E-02  3.0960698689956326E-02
   1.3144104803493449E-02  3.1062590975254729E-02
   1.2882096069868995E-02  3.0946142649199416E-02
   1.2620087336244541E-02  3.0494905385735082E-02
   1.2474526928675400E-02  3.0349344978165937E-02
   1.2270742358078601E-02  2.9883551673944686E-02
   1.2241630276564773E-02  2.9563318777292576E-02
   1.2110625909752546E-02  2.9243085880640462E-02
   1.1848617176128092E-02  2.8981077147016011E-02
   1.1732168850072781E-02  2.9068413391557493E-02
   1.1586608442503640E-02  2.9374090247452689E-02
   1.1426491994177584E-02  2.9606986899563315E-02
   1.0931586608442503E-02  2.9592430858806404E-02
   1.0480349344978166E-02  2.9577874818049490E-02
   1.0131004366812225E-02  2.9475982532751088E-02
   9.9272197962154297E-03  2.9286754002911208E-02
   9.6943231441048040E-03  2.9039301310043668E-02
   9.5050946142649206E-03  2.8457059679767104E-02
   9.4905385735080065E-03  2.7903930131004367E-02
   9.6215429403202334E-03  2.7569141193595343E-02
   9.7816593886462886E-03  2.7379912663755456E-02
   9.4032023289665218E-03  2.6855895196506548E-02
   9.0829694323144097E-03  2.6404657933042211E-02
   8.8937409024745263E-03  2.6535662299854438E-02
   8.5152838427947596E-03  2.6972343522561861E-02
   8.1950509461426475E-03  2.7219796215429404E-02
   7.8748180494905388E-03  2.7219796215429404E-02
   7.7292576419213978E-03  2.6943231441048033E-02
   7.8165938864628824E-03  2.6550218340611352E-02
   7.8602620087336247E-03  2.6084425036390101E-02
   8.0349344978165940E-03  2.5691411935953420E-02
   8.2532751091703039E-03  2.5327510917030567E-02
   8.1513828238719069E-03  2.5516739446870450E-02
   7.9330422125181953E-03  2.5967976710334788E-02
   7.7583697234352260E-03  2.6360989810771469E-02
   7.4381368267831148E-03  2.6652110625909751E-02
   6.9723435225618625E-03  2.6841339155749634E-02
   6.4774381368267828E-03  2.6899563318777291E-02
   5.9097525473071327E-03  2.6608442503639008E-02
   5.4730713245997086E-03  2.6244541484716156E-02
   5.3711790393013098E-03  2.5880640465793303E-02
   5.2838427947598252E-03  2.5327510917030567E-02
   5.1091703056768550E-03  2.4890829694323144E-02
   4.9199417758369725E-03  2.4614264919941772E-02
   4.8034934497816597E-03  2.4163027656477438E-02
   4.7598253275109173E-03  2.3318777292576417E-02
   4.7161572052401750E-03  2.3027656477438135E-02
   4.5851528384279472E-03  2.2692867540029114E-02
   4.4687045123726343E-03  2.2387190684133914E-02
   4.1484716157205231E-03  2.2066957787481804E-02
   3.9446870451237265E-03  2.1804949053857350E-02
   3.6972343522561862E-03  2.1441048034934494E-02
   3.6098981077147016E-03  2.1062590975254730E-02
   3.4788937409024742E-03  2.0494905385735077E-02
   3.4206695778748178E-03  2.0232896652110626E-02
   3.1877729257641920E-03  1.9898107714701602E-02
   2.9548762736535663E-03  1.9679767103347887E-02
   2.6928675400291120E-03  1.9286754002911206E-02
   2.3435225618631730E-03  1.8864628820960700E-02
   2.0669577874818045E-03  1.8457059679767102E-02
   1.6593886462882095E-03  1.7685589519650654E-02
   1.3682678311499271E-03  1.7074235807860261E-02
   1.1353711790393012E-03  1.6521106259097525E-02
   8.8791848617176118E-04  1.5924308588064047E-02
   5.9679767103347893E-04  1.5181950509461424E-02
   3.0567685589519652E-04  1.4716157205240173E-02
  -4.3668122270742355E-05  1.4264919941775835E-02
  -2.0378457059679766E-04  1.3901018922852983E-02
  -5.5312954876273650E-04  1.3129548762736535E-02
  -8.8791848617176118E-04  1.2154294032023288E-02
  -1.0917030567685589E-03  1.1470160116448327E-02
  -1.4701601164483261E-03  1.0946142649199417E-02
  -1.7467248908296941E-03  1.0393013100436681E-02
  -1.7903930131004367E-03  1.0160116448326054E-02
  -1.7903930131004367E-03  1.0058224163027655E-02
  -2.0815138282387186E-03  9.1266375545851521E-03
  -2.1834061135371178E-03  8.2241630276564757E-03
  -2.1834061135371178E-03  7.5109170305676853E-03
  -2.2125181950509460E-03  7.1470160116448326E-03
  -2.5764192139737987E-03  6.5211062590975252E-03
  -2.9548762736535663E-03  6.0407569141193588E-03
  -3.2168850072780203E-03  5.8078602620087339E-03
  -3.7117903930131003E-03  5.0946142649199409E-03
  -4.0320232896652111E-03  4.4250363901018920E-03
  -4.0756914119359534E-03  4.0611353711790393E-03
  -4.1048034934497808E-03  3.6826783114992721E-03
  -3.9737991266375547E-03  3.0567685589519646E-03
  -3.6390101892285298E-03  2.4890829694323145E-03
  -3.4788937409024742E-03  2.3435225618631730E-03
  -3.0858806404657933E-03  2.0815138282387186E-03
  -2.8093158660844248E-03  1.9359534206695780E-03
  -2.3435225618631730E-03  1.7612809315866083E-03
  -1.8195050946142649E-03  1.4701601164483261E-03
  -1.2081513828238720E-03  7.4235807860262000E-04
  -9.7525473071324604E-04  1.6011644832605529E-04
  -8.2969432314410475E-04 -6.1135371179039304E-04
  -5.9679767103347893E-04 -1.4410480349344979E-03
  -4.0756914119359532E-04 -2.1251819505094614E-03
  -2.6200873362445414E-04 -2.7219796215429402E-03
  -1.4556040756914119E-05 -3.5371179039301306E-03
   2.1834061135371177E-04 -4.1339155749636090E-03
   5.2401746724890829E-04 -4.5851528384279472E-03
   7.5691411935953411E-04 -5.0946142649199409E-03
   1.0189228529839884E-03 -5.4002911208151380E-03
   1.1208151382823871E-03 -5.5458515283842791E-03
   1.6157205240174672E-03 -6.1280931586608434E-03
   2.1106259097525473E-03 -6.7248908296943235E-03
   2.4163027656477439E-03 -7.1324599708879177E-03
   2.6637554585152838E-03 -7.5691411935953417E-03
   3.0276564774381364E-03 -8.1950509461426475E-03
   3.2896652110625908E-03 -8.8500727802037840E-03
   3.5080058224163024E-03 -9.2285298398835508E-03
   3.7409024745269285E-03 -9.4614264919941782E-03
   4.2503639010189227E-03 -9.7234352256186322E-03
   4.6433770014556036E-03 -1.0116448326055311E-02
   4.9344978165938866E-03 -1.0465793304221252E-02
   5.2401746724890829E-03 -1.0844250363901018E-02
   5.5749636098981073E-03 -1.1164483260553129E-02
   5.9243085880640459E-03 -1.1572052401746726E-02
   6.0844250363901011E-03 -1.1834061135371178E-02
   6.5356622998544393E-03 -1.2489082969432314E-02
   6.9868995633187766E-03 -1.3071324599708879E-02
   7.3508005822416301E-03 -1.3580786026200874E-02
   7.6710334788937413E-03 -1.4061135371179038E-02
   7.9184861717612812E-03 -1.4352256186317322E-02
   8.0640465793304222E-03 -1.4497816593886463E-02
   8.4570596797671031E-03 -1.4745269286754001E-02
   9.0684133915574956E-03 -1.5080058224163027E-02
   9.3449781659388637E-03 -1.5283842794759825E-02
   9.7816593886462886E-03 -1.5691411935953421E-02
   1.0174672489082968E-02 -1.6055312954876274E-02
   1.0858806404657933E-02 -1.6622998544395921E-02
   1.1601164483260554E-02 -1.7321688500727801E-02
   1.2023289665211061E-02 -1.7845705967976709E-02
   1.2751091703056768E-02 -1.8486171761280930E-02
   1.3304221251819504E-02 -1.8995633187772924E-02
   1.4032023289665210E-02 -1.9461426491994175E-02
   1.4672489082969432E-02 -1.9854439592430856E-02
   1.4919941775836970E-02 -1.9956331877729258E-02
   1.5531295487627364E-02 -2.0072780203784571E-02
   1.5400291120815139E-02 -2.0116448326055313E-02
   1.5240174672489080E-02 -2.0393013100436681E-02
   1.5312954876273653E-02 -2.0640465793304218E-02
   1.5720524017467249E-02 -2.0611353711790389E-02
   1.5764192139737992E-02 -2.0553129548762733E-02
   1.6331877729257639E-02 -2.0538573508005822E-02
   1.6579330422125182E-02 -2.1091703056768558E-02
   1.6899563318777292E-02 -2.1470160116448325E-02
   1.7147016011644832E-02 -2.1630276564774380E-02
   1.7467248908296942E-02 -2.1601164483260552E-02
   1.7743813682678310E-02 -2.1513828238719068E-02
   1.8034934497816592E-02 -2.1455604075691411E-02
   1.8704512372634641E-02 -2.1572052401746724E-02
   1.9170305676855893E-02 -2.1935953420669580E-02
   2.0000000000000000E-02 -2.2328966521106258E-02
   2.0640465793304218E-02 -2.2663755458515282E-02
   2.1091703056768558E-02 -2.2838427947598251E-02
   2.1397379912663755E-02 -2.2940320232896654E-02
   2.2037845705967975E-02 -2.3537117903930128E-02
   2.2459970887918488E-02 -2.3682678311499273E-02
   2.3013100436681221E-02 -2.3871906841339156E-02
   2.3770014556040758E-02 -2.4177583697234353E-02
   2.4425036390101889E-02 -2.4541484716157202E-02
   2.5021834061135367E-02 -2.4876273653566230E-02
   2.5749636098981080E-02 -2.5254730713245993E-02
   2.6288209606986898E-02 -2.5531295487627365E-02
   2.6972343522561861E-02 -2.5851528384279475E-02
   2.7525473071324597E-02 -2.6142649199417757E-02
   2.8195050946142650E-02 -2.5982532751091705E-02
   2.8748180494905386E-02 -2.6288209606986898E-02
   2.9272197962154294E-02 -2.6521106259097524E-02
   2.9723435225618627E-02 -2.6695778748180497E-02
   3.0334788937409023E-02 -2.6972343522561861E-02
   3.0917030567685591E-02 -2.7641921397379914E-02
   3.1353711790393007E-02 -2.7845705967976711E-02
   3.1746724890829692E-02 -2.8064046579330419E-02
   3.2154294032023287E-02 -2.8311499272197959E-02
   3.2663755458515277E-02 -2.8529839883551671E-02
   3.3245997088791841E-02 -2.8660844250363898E-02
   3.3668122270742361E-02 -2.8675400291120815E-02
   3.4017467248908299E-02 -2.8675400291120815E-02
   3.4541484716157207E-02 -2.8791848617176128E-02
   3.5152838427947600E-02 -2.8966521106259097E-02
   3.5851528384279477E-02 -2.9155749636098981E-02
   3.6812227074235808E-02 -2.8995633187772926E-02
   3.7947598253275108E-02 -2.9199417758369720E-02
   3.8806404657933037E-02 -2.9446870451237263E-02
   4.0436681222707424E-02 -3.0655021834061134E-02
   4.1426491994177583E-02 -3.0698689956331876E-02
   4.1790393013100433E-02 -3.0815138282387189E-02
   4.2605531295487629E-02 -3.0596797671033477E-02
   4.3435225618631730E-02 -3.0815138282387189E-02
   4.4250363901018920E-02 -3.0975254730713248E-02
   4.5371179039301310E-02 -3.1091703056768560E-02
   4.6229985443959246E-02 -3.1164483260553127E-02
   4.6943231441048033E-02 -3.1499272197962155E-02
   4.7758369723435223E-02 -3.1790393013100438E-02
   4.8908296943231434E-02 -3.2154294032023287E-02
   5.0189228529839883E-02 -3.2401746724890830E-02
   5.0946142649199416E-02 -3.2576419213973799E-02
   5.2023289665211060E-02 -3.2809315866084425E-02
   5.3013100436681219E-02 -3.3027656477438140E-02
   5.3988355167394468E-02 -3.3275109170305676E-02
   5.4949053857350799E-02 -3.3901018922852987E-02
   5.5589519650655020E-02 -3.4090247452692866E-02
   5.6870451237263461E-02 -3.4104803493449777E-02
   5.8224163027656477E-02 -3.4323144104803492E-02
   5.9213973799126629E-02 -3.4599708879184857E-02
   5.9912663755458506E-02 -3.4847161572052400E-02
   6.0538573508005816E-02 -3.4992721979621541E-02
   6.0917030567685583E-02 -3.4992721979621541E-02
   6.1615720524017460E-02 -3.5007278020378459E-02
   6.1979621542940316E-02 -3.5065502183406108E-02
   6.2707423580786015E-02 -3.5298398835516734E-02
   6.3566229985443951E-02 -3.5924308588064044E-02
   6.4279475982532752E-02 -3.6026200873362446E-02
   6.4599708879184856E-02 -3.6026200873362446E-02
   6.4847161572052406E-02 -3.6026200873362446E-02
   6.5327510917030554E-02 -3.6026200873362446E-02
   6.5836972343522551E-02 -3.5676855895196508E-02
   6.6433770014556040E-02 -3.5778748180494910E-02
   6.7016011644832604E-02 -3.5982532751091700E-02
   6.7874818049490540E-02 -3.6229985443959237E-02
   6.9082969432314414E-02 -3.6550218340611354E-02
   6.9781659388646292E-02 -3.6666666666666667E-02
   7.0625909752547303E-02 -3.6783114992721980E-02
   7.1266375545851524E-02 -3.6885007278020375E-02
   7.2285298398835518E-02 -3.7481804949053857E-02
   7.3027656477438141E-02 -3.7656477438136819E-02
   7.4148471615720524E-02 -3.7903930131004369E-02
   7.5065502183406116E-02 -3.7627365356622998E-02
   7.5938864628820948E-02 -3.7802037845705967E-02
   7.6972343522561867E-02 -3.7962154294032026E-02
   7.7583697234352253E-02 -3.8034934497816593E-02
   7.8195050946142639E-02 -3.8180494905385734E-02
   7.9097525473071320E-02 -3.8413391557496360E-02
   8.0378457059679762E-02 -3.8937409024745268E-02
   8.1091703056768549E-02 -3.9272197962154289E-02
   8.1703056768558949E-02 -3.9344978165938863E-02
   8.2707423580786033E-02 -3.9577874818049488E-02
   8.3595342066957790E-02 -3.9315866084425034E-02
   8.4512372634643368E-02 -3.9432314410480347E-02
   8.5662299854439586E-02 -3.9650655021834062E-02
   8.6652110625909759E-02 -3.9839883551673942E-02
   8.7321688500727787E-02 -4.0000000000000001E-02
   8.8151382823871902E-02 -4.0174672489082963E-02
   8.9359534206695776E-02 -4.0291120815138276E-02
   9.0363901018922846E-02 -4.0465793304221252E-02
   9.1339155749636095E-02 -4.0684133915574960E-02
   9.2285298398835508E-02 -4.1222707423580779E-02
   9.3231441048034935E-02 -4.1397379912663755E-02
   9.4497816593886452E-02 -4.1615720524017463E-02
   9.5414847161572044E-02 -4.1804949053857350E-02
   9.6259097525473056E-02 -4.1994177583697230E-02
   9.7496360989810779E-02 -4.2154294032023289E-02
   9.8646288209606983E-02 -4.2343522561863169E-02
   9.9941775836972335E-02 -4.2634643377001458E-02
   0.1010917030567686     -4.2794759825327509E-02
   0.1022416302765648     -4.2954876273653568E-02
   0.1032023289665211     -4.3114992721979613E-02
   0.1041630276564774     -4.3304221251819507E-02
   0.1053275109170306     -4.3508005822416297E-02
   0.1069723435225619     -4.4235807860262009E-02
   0.1079039301310044     -4.4337700145560405E-02
   0.1087627365356623     -4.4468704512372635E-02
   0.1096506550218341     -4.4497816593886463E-02
   0.1107278020378457     -4.4672489082969433E-02
   0.1114847161572052     -4.4788937409024746E-02
   0.1121542940320233     -4.4847161572052402E-02
   0.1124017467248908     -4.4847161572052402E-02
   0.1126637554585153     -4.4774381368267828E-02
   0.1133478893740902     -4.4716157205240172E-02
   0.1139446870451237     -4.4745269286754000E-02
   0.1148617176128093     -4.4934497816593887E-02
   0.1159097525473071     -4.5240174672489079E-02
   0.1166812227074236     -4.5429403202328966E-02
   0.1174090247452693     -4.5604075691411936E-02
   0.1182532751091703     -4.5997088791848620E-02
   0.1190684133915575     -4.6346433770014558E-02
   0.1195342066957787     -4.6652110625909751E-02
   0.1200436681222707     -4.6855895196506549E-02
   0.1205967976710335     -4.7103347889374085E-02
   0.1211644832605531     -4.7336244541484711E-02
   0.1215138282387191     -4.7481804949053859E-02
   0.1220815138282387     -4.7714701601164485E-02
   0.1223144104803493     -4.7510917030567687E-02
   0.1225473071324600     -4.7234352256186315E-02
   0.1229112081513828     -4.6914119359534205E-02
   0.1233624454148472     -4.6957787481804944E-02
   0.1243085880640466     -4.7205240174672487E-02
   0.1256040756914119     -4.7481804949053859E-02
   0.1266812227074236     -4.7685589519650649E-02
   0.1274818049490538     -4.7729257641921395E-02
   0.1282241630276565     -4.7831149927219797E-02
   0.1290247452692868     -4.7976710334788931E-02
   0.1300582241630276     -4.8151382823871901E-02
   0.1311208151382824     -4.8355167394468705E-02
   0.1320960698689956     -4.8500727802037839E-02
   0.1332751091703057     -4.8719068413391554E-02
   0.1345123726346434     -4.8995633187772926E-02
   0.1357205240174672     -4.9228529839883552E-02
   0.1369577874818050     -4.8995633187772926E-02
   0.1380786026200873     -4.9155749636098978E-02
   0.1389082969432314     -4.9621542940320229E-02
   0.1396797671033479     -4.9708879184861714E-02
   0.1405094614264920     -4.9796215429403198E-02
   0.1418049490538573     -4.9941775836972339E-02
   0.1427802037845706     -5.0043668122270742E-02
   0.1437263464337700     -5.0131004366812226E-02
   0.1451382823871907     -5.0131004366812226E-02
   0.1464774381368268     -5.0291120815138278E-02
   0.1475691411935953     -5.0436681222707419E-02
   0.1483842794759825     -5.0538573508005821E-02
   0.1495633187772926     -5.0669577874818045E-02
   0.1504512372634643     -5.0815138282387193E-02
   0.1513537117903930     -5.0946142649199416E-02
   0.1522852983988355     -5.1062590975254729E-02
   0.1527656477438137     -5.1004366812227073E-02
   0.1530858806404658     -5.0815138282387193E-02
   0.1533915574963610     -5.0640465793304223E-02
   0.1536535662299854     -5.0232896652110622E-02
   0.1542940320232896     -4.9781659388646288E-02
   0.1567976710334789     -5.0072780203784570E-02
   0.1590101892285298     -5.0029112081513824E-02
   0.1613537117903930     -5.0655021834061134E-02
   0.1634206695778748     -5.0931586608442506E-02
   0.1643522561863173     -5.1324599708879183E-02
   0.1649053857350801     -5.1324599708879183E-02
   0.1651673944687045     -5.1455604075691413E-02
   0.1654876273653566     -5.1644832605531293E-02
   0.1658515283842795     -5.1848617176128098E-02
   0.1662154294032023     -5.2023289665211060E-02
   0.1666375545851528     -5.2197962154294029E-02
   0.1671179039301310     -5.2387190684133916E-02
   0.1677147016011645     -5.2489082969432312E-02
   0.1682969432314410     -5.2576419213973796E-02
   0.1689956331877729     -5.2663755458515281E-02
   0.1697234352256186     -5.2707423580786027E-02
   0.1704512372634643     -5.2809315866084422E-02
   0.1713828238719068     -5.2867540029112078E-02
   0.1720815138282387     -5.2983988355167391E-02
   0.1728238719068413     -5.3100436681222704E-02
   0.1735080058224163     -5.3231441048034935E-02
   0.1743377001455604     -5.3347889374090247E-02
   0.1751091703056768     -5.3464337700145560E-02
   0.1760116448326055     -5.3537117903930127E-02
   0.1770596797671033     -5.3668122270742358E-02
   0.1778893740902474     -5.3784570596797664E-02
   0.1788209606986899     -5.3901018922852977E-02
   0.1797379912663755     -5.4017467248908289E-02
   0.1805676855895196     -5.4148471615720520E-02
   0.1815138282387191     -5.4279475982532750E-02
   0.1823726346433770     -5.4439592430858809E-02
   0.1833042212518195     -5.4425036390101891E-02
   0.1847743813682678     -5.4614264919941771E-02
   0.1860698689956332     -5.4687045123726345E-02
   0.1869432314410480     -5.4745269286754002E-02
   0.1879039301310044     -5.4818049490538569E-02
   0.1889228529839883     -5.5298398835516738E-02
   0.1900000000000000     -5.5473071324599707E-02
   0.1908296943231441     -5.5604075691411931E-02
   0.1919650655021834     -5.5327510917030566E-02
   0.1929839883551674     -5.5473071324599707E-02
   0.1942212518195051     -5.5924308588064048E-02
   0.1951382823871907     -5.6113537117903928E-02
   0.1962299854439592     -5.6317321688500725E-02
   0.1972489082969432     -5.6506550218340612E-02
   0.1982678311499272     -5.6579330422125179E-02
   0.1995342066957787     -5.6754002911208148E-02
   0.2003930131004367     -5.6812227074235805E-02
   0.2011644832605531     -5.6885007278020372E-02
   0.2023289665211063     -5.7016011644832602E-02
   0.2032605531295488     -5.7132459970887915E-02
   0.2042794759825328     -5.7248908296943228E-02
   0.2060262008733624     -5.7467248908296943E-02
   0.2068995633187773     -5.7525473071324600E-02
   0.2077001455604076     -5.7612809315866084E-02
   0.2087772925764192     -5.7685589519650651E-02
   0.2097234352256186     -5.7772925764192136E-02
   0.2107132459970888     -5.7889374090247449E-02
   0.2117030567685589     -5.7962154294032023E-02
   0.2128238719068413     -5.8107714701601164E-02
   0.2137991266375546     -5.8165938864628820E-02
   0.2148326055312955     -5.8238719068413394E-02
   0.2159825327510917     -5.8253275109170298E-02
   0.2170014556040757     -5.8326055312954872E-02
   0.2181950509461426     -5.8442503639010185E-02
   0.2192285298398835     -5.8558951965065498E-02
   0.2203493449781659     -5.8588064046579333E-02
   0.2217176128093158     -5.8719068413391549E-02
   0.2226346433770015     -5.8806404657933041E-02
   0.2235516739446871     -5.8893740902474526E-02
   0.2245560407569141     -5.8748180494905378E-02
   0.2254294032023290     -5.8777292576419213E-02
   0.2265502183406113     -5.9053857350800584E-02
   0.2275109170305677     -5.9097525473071316E-02
   0.2294905385735080     -5.9213973799126629E-02
   0.2304221251819505     -5.9228529839883547E-02
   0.2311790393013100     -5.9257641921397375E-02
   0.2320087336244541     -5.9330422125181942E-02
   0.2327802037845706     -5.9374090247452688E-02
   0.2338136826783115     -5.9388646288209605E-02
   0.2343377001455604     -5.9446870451237255E-02
   0.2350655021834061     -5.9490538573508001E-02
   0.2358369723435226     -5.9519650655021836E-02
   0.2366666666666667     -5.9548762736535664E-02
   0.2374963609898108     -5.9563318777292568E-02
   0.2384716157205240     -5.9606986899563313E-02
   0.2396360989810772     -5.9708879184861723E-02
   0.2403784570596798     -5.9752547307132461E-02
   0.2410189228529840     -5.9752547307132461E-02
   0.2419941775836972     -5.9737991266375544E-02
   0.2430131004366812     -5.9679767103347880E-02
   0.2439301310043668     -5.9621542940320231E-02
   0.2445560407569141     -5.9606986899563313E-02
   0.2450072780203784     -5.9534206695778746E-02
   0.2456622998544396     -5.9388646288209605E-02
