   1.1062590975254730E-03  1.4192139737991265E-02
   7.8602620087336243E-04  1.4192139737991265E-02
   3.4934497816593884E-04  1.4235807860262007E-02
  -4.0756914119359532E-04  1.4250363901018921E-02
  -1.0625909752547307E-03  1.4687045123726344E-02
  -1.0771470160116448E-03  1.4701601164483260E-02
  -1.9941775836972344E-03  1.4745269286754001E-02
  -2.6200873362445414E-03  1.4919941775836970E-02
  -3.1877729257641920E-03  1.5050946142649199E-02
  -4.1775836972343513E-03  1.5181950509461424E-02
  -5.2256186317321688E-03  1.5181950509461424E-02
  -5.9825327510917023E-03  1.5109170305676855E-02
  -6.2590975254730712E-03  1.4905385735080058E-02
  -6.2882096069868994E-03  1.4425036390101892E-02
  -6.2736535662299853E-03  1.3930131004366811E-02
  -6.2445414847161571E-03  1.3522561863173218E-02
  -6.1572052401746716E-03  1.3100436681222707E-02
  -5.8806404657933044E-03  1.2489082969432314E-02
  -5.7496360989810775E-03  1.2227074235807859E-02
  -5.4148471615720522E-03  1.1746724890829695E-02
  -5.1237263464337691E-03  1.1135371179039301E-02
  -4.7889374090247456E-03  1.0582241630276564E-02
  -4.0029112081513829E-03  1.0276564774381367E-02
  -3.2751091703056767E-03  1.0072780203784569E-02
  -2.8093158660844248E-03  9.8689956331877732E-03
  -2.4745269286754004E-03  9.5633187772925770E-03
  -2.1688500727802037E-03  9.2285298398835508E-03
  -1.8922852983988354E-03  8.9228529839883546E-03
  -1.4992721979621541E-03  8.6899563318777288E-03
  -1.1353711790393012E-03  8.5298398835516737E-03
  -9.7525473071324604E-04  7.9912663755458517E-03
  -1.3100436681222707E-03  7.5109170305676853E-03
  -1.4847161572052400E-03  7.2052401746724891E-03
  -1.3391557496360989E-03  6.8850072780203778E-03
  -1.4701601164483261E-03  6.4046579330422123E-03
  -1.9068413391557495E-03  6.2299854439592430E-03
  -2.2561863173216883E-03  5.9388646288209600E-03
  -2.4745269286754004E-03  5.5021834061135368E-03
  -2.4890829694323145E-03  4.4978165938864625E-03
  -2.4308588064046580E-03  4.1193595342066949E-03
  -2.2125181950509460E-03  3.6244541484716157E-03
  -2.0232896652110626E-03  3.0567685589519646E-03
  -2.0232896652110626E-03  2.6200873362445414E-03
  -2.0960698689956331E-03  2.0524017467248904E-03
  -2.2852983988355165E-03  1.3537117903930130E-03
  -2.4890829694323145E-03  7.7147016011644832E-04
  -2.5036390101892281E-03  1.3100436681222707E-04
  -2.2852983988355165E-03 -4.3668122270742354E-04
  -2.1688500727802037E-03 -5.3857350800582239E-04
  -1.5429403202328966E-03 -8.4425036390101897E-04
  -1.0480349344978166E-03 -9.3158660844250361E-04
  -1.3245997088791848E-03 -1.2954876273653566E-03
  -1.3973799126637554E-03 -1.3682678311499271E-03
  -1.1353711790393012E-03 -1.4556040756914120E-03
  -9.3158660844250361E-04 -2.0669577874818045E-03
  -7.2780203784570600E-04 -2.9694323144104800E-03
  -5.6768558951965061E-04 -3.8719068413391559E-03
  -3.0567685589519652E-04 -4.4541484716157202E-03
  -1.4556040756914119E-05 -5.0946142649199409E-03
   4.3668122270742355E-05 -5.4585152838427945E-03
   7.2780203784570600E-04 -6.5356622998544393E-03
   1.2227074235807861E-03 -7.2052401746724891E-03
   1.7903930131004367E-03 -7.7874818049490542E-03
   2.3435225618631730E-03 -8.3406113537117885E-03
   2.8529839883551676E-03 -8.9374090247452687E-03
   3.3624454148471618E-03 -9.7088791848617181E-03
   3.9155749636098983E-03 -1.0422125181950509E-02
   4.6288209606986895E-03 -1.1091703056768558E-02
   5.2256186317321688E-03 -1.1644832605531296E-02
   5.5895196506550214E-03 -1.2023289665211061E-02
   5.9388646288209600E-03 -1.2590975254730713E-02
   6.9432314410480343E-03 -1.3668122270742357E-02
   7.4963609898107712E-03 -1.4279475982532749E-02
   8.2387190684133898E-03 -1.4905385735080058E-02
   9.1557496360989803E-03 -1.5749636098981078E-02
   9.5050946142649206E-03 -1.6273653566229982E-02
   1.0072780203784569E-02 -1.6681222707423577E-02
   1.0553129548762736E-02 -1.6943231441048034E-02
   1.1280931586608442E-02 -1.7278020378457059E-02
   1.1877729257641920E-02 -1.7729257641921396E-02
   1.2634643377001455E-02 -1.8398835516739445E-02
   1.3333333333333332E-02 -1.8937409024745267E-02
   1.4410480349344978E-02 -1.9665211062590972E-02
   1.5473071324599708E-02 -2.0218340611353712E-02
   1.6026200873362446E-02 -2.0567685589519651E-02
   1.6375545851528384E-02 -2.0829694323144105E-02
   1.6637554585152838E-02 -2.0960698689956331E-02
   1.7365356622998544E-02 -2.1382823871906837E-02
   1.7991266375545850E-02 -2.1601164483260552E-02
   1.8457059679767102E-02 -2.1775836972343521E-02
   1.9228529839883549E-02 -2.2037845705967975E-02
   2.0072780203784571E-02 -2.2401746724890832E-02
   2.0611353711790389E-02 -2.2663755458515282E-02
   2.1455604075691411E-02 -2.3085880640465791E-02
   2.1892285298398834E-02 -2.3391557496360987E-02
   2.2634643377001457E-02 -2.3522561863173218E-02
   2.3566229985443957E-02 -2.3755458515283844E-02
   2.4366812227074233E-02 -2.4032023289665212E-02
   2.4949053857350800E-02 -2.4104803493449782E-02
   2.5545851528384275E-02 -2.4410480349344978E-02
   2.5705967976710334E-02 -2.4599708879184858E-02
   2.6273653566229987E-02 -2.5036390101892285E-02
   2.6739446870451235E-02 -2.5342066957787481E-02
   2.7540029112081511E-02 -2.5866084425036392E-02
   2.8034934497816594E-02 -2.6360989810771469E-02
   2.8267831149927217E-02 -2.6666666666666665E-02
   2.8398835516739447E-02 -2.6521106259097524E-02
   2.8486171761280928E-02 -2.6273653566229987E-02
   2.8660844250363898E-02 -2.6026200873362444E-02
   2.8864628820960699E-02 -2.6026200873362444E-02
   2.9534206695778744E-02 -2.6433770014556036E-02
   3.0072780203784566E-02 -2.6957787481804947E-02
   3.0844250363901014E-02 -2.7671033478893742E-02
   3.1542940320232894E-02 -2.7918486171761282E-02
   3.2125181950509459E-02 -2.8296943231441045E-02
   3.2620087336244545E-02 -2.7962154294032024E-02
   3.3100436681222707E-02 -2.7729257641921398E-02
   3.3566229985443959E-02 -2.7583697234352254E-02
   3.3580786026200869E-02 -2.7671033478893742E-02
   3.3901018922852987E-02 -2.8311499272197959E-02
   3.4541484716157207E-02 -2.9374090247452689E-02
   3.4992721979621541E-02 -2.9752547307132459E-02
   3.5356622998544390E-02 -2.9694323144104803E-02
   3.5924308588064044E-02 -2.9548762736535658E-02
   3.6710334788937413E-02 -2.9475982532751088E-02
   3.7307132459970881E-02 -2.9388646288209606E-02
   3.7831149927219795E-02 -2.9344978165938864E-02
   3.8864628820960694E-02 -2.9563318777292576E-02
   3.9490538573508004E-02 -2.9781659388646284E-02
   4.0116448326055314E-02 -2.9592430858806404E-02
   4.0829694323144108E-02 -2.9650655021834060E-02
   4.1557496360989807E-02 -2.9737991266375548E-02
   4.2401746724890832E-02 -2.9854439592430861E-02
   4.2823871906841338E-02 -3.0378457059679769E-02
   4.3420669577874819E-02 -3.0509461426491993E-02
   4.3988355167394466E-02 -3.0553129548762738E-02
   4.4599708879184859E-02 -3.0698689956331876E-02
   4.4978165938864625E-02 -3.1208151382823873E-02
   4.5123726346433767E-02 -3.1382823871906843E-02
   4.5793304221251815E-02 -3.1775836972343520E-02
   4.6404657933042215E-02 -3.1411935953420664E-02
   4.6666666666666662E-02 -3.1295487627365351E-02
   4.7379912663755457E-02 -3.1193595342066952E-02
   4.8267831149927214E-02 -3.1382823871906843E-02
   4.9272197962154290E-02 -3.1557496360989812E-02
   5.0378457059679763E-02 -3.1775836972343520E-02
   5.1324599708879183E-02 -3.1994177583697235E-02
   5.2867540029112078E-02 -3.2387190684133912E-02
   5.3930131004366812E-02 -3.2649199417758366E-02
   5.4876273653566225E-02 -3.2969432314410484E-02
   5.6273653566229986E-02 -3.3318777292576422E-02
   5.7496360989810771E-02 -3.3653566229985443E-02
   5.8340611353711790E-02 -3.4308588064046582E-02
   5.9432314410480351E-02 -3.4585152838427946E-02
   6.0465793304221249E-02 -3.4439592430858805E-02
   6.1586608442503632E-02 -3.4570596797671035E-02
   6.2852983988355163E-02 -3.4701601164483259E-02
   6.3740902474526920E-02 -3.4803493449781661E-02
   6.4672489082969423E-02 -3.4963609898107713E-02
   6.6419213973799116E-02 -3.5676855895196508E-02
   6.7365356622998543E-02 -3.6186317321688498E-02
   6.7991266375545853E-02 -3.6433770014556041E-02
   6.8558951965065493E-02 -3.6637554585152839E-02
   6.9301310043668116E-02 -3.6404657933042206E-02
   7.0203784570596797E-02 -3.6564774381368265E-02
   7.1222707423580778E-02 -3.6681222707423577E-02
   7.2314410480349339E-02 -3.6885007278020375E-02
   7.3013100436681216E-02 -3.7074235807860262E-02
   7.3580786026200870E-02 -3.7278020378457059E-02
   7.4512372634643373E-02 -3.7569141193595341E-02
   7.5851528384279471E-02 -3.8253275109170308E-02
   7.6593886462882094E-02 -3.8369723435225621E-02
   7.7132459970887926E-02 -3.8471615720524016E-02
   7.7772925764192133E-02 -3.8500727802037844E-02
   7.8471615720524010E-02 -3.8282387190684129E-02
   7.9374090247452692E-02 -3.8500727802037844E-02
   7.9985443959243091E-02 -3.8500727802037844E-02
   8.1572052401746725E-02 -3.8777292576419216E-02
   8.2663755458515287E-02 -3.8908296943231439E-02
   8.3522561863173209E-02 -3.9024745269286752E-02
   8.4672489082969427E-02 -3.9548762736535660E-02
   8.5793304221251823E-02 -3.9839883551673942E-02
   8.7103347889374086E-02 -3.9665211062590973E-02
   8.8151382823871902E-02 -3.9781659388646286E-02
   8.8951965065502181E-02 -4.0000000000000001E-02
   9.0072780203784564E-02 -4.0232896652110627E-02
   9.1208151382823871E-02 -4.0334788937409022E-02
   9.2911208151382818E-02 -4.0611353711790393E-02
   9.3944687045123723E-02 -4.0829694323144108E-02
   9.5021834061135374E-02 -4.1106259097525466E-02
   9.6026200873362430E-02 -4.1732168850072776E-02
   9.7030567685589528E-02 -4.1819505094614268E-02
   9.8064046579330419E-02 -4.1892285298398835E-02
   9.9053857350800578E-02 -4.1921397379912663E-02
   0.1000436681222707     -4.1979621542940319E-02
   0.1004366812227074     -4.2008733624454148E-02
   0.1006157205240175     -4.1576419213973800E-02
   0.1057991266375546     -4.2442503639010185E-02
   0.1095342066957787     -4.3062590975254729E-02
   0.1118340611353712     -4.3411935953420668E-02
   0.1144032023289665     -4.3823871906841338E-02
   0.1147307132459971     -4.3959243085880638E-02
   0.1150509461426492     -4.4002911208151384E-02
   0.1154002911208151     -4.4192139737991264E-02
   0.1158806404657933     -4.4352256186317322E-02
   0.1163318777292576     -4.4497816593886463E-02
   0.1167831149927220     -4.4701601164483261E-02
   0.1173216885007278     -4.4774381368267828E-02
   0.1178602620087336     -4.4934497816593887E-02
   0.1180786026200873     -4.5225618631732169E-02
   0.1183406113537118     -4.5720524017467248E-02
   0.1185152838427947     -4.6273653566229984E-02
   0.1186462882096070     -4.6564774381368267E-02
   0.1190247452692867     -4.6797671033478892E-02
   0.1195778748180495     -4.6826783114992721E-02
   0.1200582241630276     -4.6812227074235810E-02
   0.1203493449781659     -4.6681222707423579E-02
   0.1210189228529840     -4.6375545851528380E-02
   0.1216011644832605     -4.5618631732168846E-02
   0.1221688500727802     -4.5138282387190684E-02
   0.1225909752547307     -4.5356622998544392E-02
   0.1236098981077147     -4.5502183406113533E-02
   0.1254876273653566     -4.5735080058224159E-02
   0.1266375545851528     -4.5909752547307128E-02
   0.1283842794759825     -4.6128093158660843E-02
   0.1300000000000000     -4.6346433770014558E-02
   0.1308879184861718     -4.6506550218340610E-02
   0.1327947598253275     -4.6710334788937408E-02
   0.1350072780203785     -4.7016011644832600E-02
   0.1365647743813683     -4.7234352256186315E-02
   0.1388646288209607     -4.7496360989810769E-02
   0.1409606986899563     -4.7831149927219797E-02
   0.1425181950509462     -4.7991266375545849E-02
   0.1448617176128093     -4.8326055312954870E-02
   0.1469868995633188     -4.8893740902474524E-02
   0.1496797671033479     -4.8850072780203778E-02
   0.1515574963609898     -4.9446870451237267E-02
   0.1515866084425036     -4.9432314410480349E-02
   0.1519359534206696     -4.9563318777292580E-02
   0.1523144104803494     -4.9810771470160116E-02
   0.1527510917030568     -4.9941775836972339E-02
   0.1531732168850073     -5.0014556040756913E-02
   0.1539301310043668     -5.0480349344978165E-02
   0.1544104803493450     -5.0480349344978165E-02
   0.1547889374090247     -5.0465793304221254E-02
   0.1550946142649199     -5.0378457059679763E-02
