   2.9854439592430861E-02  4.3886462882096071E-02
   2.9737991266375548E-02  4.4133915574963607E-02
   2.9563318777292576E-02  4.4366812227074233E-02
   2.9228529839883551E-02  4.4599708879184859E-02
   2.8675400291120815E-02  4.4716157205240172E-02
   2.8296943231441045E-02  4.4701601164483261E-02
   2.8165938864628821E-02  4.4570596797671030E-02
   2.8165938864628821E-02  4.4032023289665205E-02
   2.8151382823871907E-02  4.3420669577874819E-02
   2.8238719068413388E-02  4.2896652110625912E-02
   2.7860262008733625E-02  4.2372634643376997E-02
   2.7452692867540030E-02  4.1965065502183402E-02
   2.7190684133915573E-02  4.1819505094614268E-02
   2.7030567685589518E-02  4.2066957787481804E-02
   2.6870451237263466E-02  4.2328966521106258E-02
   2.6652110625909751E-02  4.2518195050946145E-02
   2.6375545851528383E-02  4.2605531295487629E-02
   2.5807860262008736E-02  4.2474526928675399E-02
   2.5531295487627365E-02  4.2387190684133914E-02
   2.5269286754002911E-02  4.2241630276564773E-02
   2.5225618631732168E-02  4.1877729257641917E-02
   2.5327510917030567E-02  4.1426491994177583E-02
   2.5487627365356619E-02  4.1193595342066958E-02
   2.5691411935953420E-02  4.0873362445414840E-02
   2.5371179039301306E-02  4.0582241630276565E-02
   2.4847161572052398E-02  4.0131004366812224E-02
   2.4614264919941772E-02  4.0349344978165939E-02
   2.4410480349344978E-02  4.0494905385735080E-02
   2.3959243085880638E-02  4.0567685589519648E-02
   2.3362445414847159E-02  4.0553129548762737E-02
   2.3202328966521104E-02  4.0538573508005826E-02
   2.3071324599708877E-02  4.0363901018922850E-02
   2.3158660844250362E-02  3.9883551673944688E-02
   2.3304221251819503E-02  3.9592430858806399E-02
   2.3377001455604073E-02  3.9213973799126632E-02
   2.3202328966521104E-02  3.8937409024745268E-02
   2.2896652110625908E-02  3.8588064046579329E-02
   2.2314410480349343E-02  3.8165938864628816E-02
   2.2125181950509460E-02  3.8005822416302758E-02
   2.1921397379912663E-02  3.7991266375545847E-02
   2.1615720524017463E-02  3.8660844250363903E-02
   2.1266375545851528E-02  3.8762736535662305E-02
   2.0582241630276561E-02  3.8922852983988350E-02
   2.0072780203784571E-02  3.9141193595342065E-02
   1.9665211062590972E-02  3.9213973799126632E-02
   1.9461426491994175E-02  3.9213973799126632E-02
   1.9475982532751093E-02  3.8864628820960694E-02
   1.9694323144104801E-02  3.8369723435225621E-02
   1.9883551673944688E-02  3.8064046579330421E-02
   2.0087336244541482E-02  3.7772925764192132E-02
   2.0320232896652107E-02  3.7409024745269283E-02
   2.0232896652110626E-02  3.7263464337700142E-02
   2.0058224163027657E-02  3.7074235807860262E-02
   1.9737991266375543E-02  3.7234352256186314E-02
   1.9534206695778749E-02  3.7438136826783111E-02
   1.9272197962154295E-02  3.7540029112081506E-02
   1.9053857350800580E-02  3.7438136826783111E-02
   1.8704512372634641E-02  3.7554585152838431E-02
   1.8398835516739445E-02  3.7714701601164483E-02
   1.8034934497816592E-02  3.7743813682678311E-02
   1.8151382823871905E-02  3.7350800582241626E-02
   1.8311499272197961E-02  3.6972343522561860E-02
   1.8544395924308586E-02  3.6579330422125182E-02
   1.8762736535662298E-02  3.6186317321688498E-02
   1.9010189228529841E-02  3.5764192139737985E-02
   1.8850072780203782E-02  3.5705967976710329E-02
   1.8660844250363899E-02  3.5560407569141195E-02
   1.8471615720524019E-02  3.5735080058224164E-02
   1.8296943231441050E-02  3.6026200873362446E-02
   1.8136826783114991E-02  3.6259097525473072E-02
   1.7845705967976709E-02  3.6419213973799124E-02
   1.7685589519650654E-02  3.6506550218340608E-02
   1.7510917030567685E-02  3.6652110625909749E-02
   1.7205240174672488E-02  3.6812227074235808E-02
   1.7161572052401746E-02  3.6652110625909749E-02
   1.7117903930131004E-02  3.6259097525473072E-02
   1.7117903930131004E-02  3.5764192139737985E-02
   1.7292576419213973E-02  3.5429403202328964E-02
   1.7481804949053856E-02  3.5007278020378459E-02
   1.7583697234352255E-02  3.4861717612809318E-02
   1.7554585152838427E-02  3.4774381368267833E-02
   1.7234352256186317E-02  3.4497816593886461E-02
   1.7161572052401746E-02  3.4599708879184857E-02
   1.7016011644832605E-02  3.4818049490538572E-02
   1.6826783114992722E-02  3.5080058224163026E-02
   1.6579330422125182E-02  3.5254730713245995E-02
   1.6404657933042213E-02  3.5502183406113538E-02
   1.6229985443959243E-02  3.5662299854439597E-02
   1.6011644832605532E-02  3.5778748180494910E-02
   1.5735080058224160E-02  3.5866084425036387E-02
   1.5545851528384280E-02  3.5866084425036387E-02
   1.5502183406113536E-02  3.5749636098981075E-02
   1.5604075691411937E-02  3.5298398835516734E-02
   1.5618631732168849E-02  3.5036390101892287E-02
   1.5807860262008734E-02  3.4774381368267833E-02
   1.6055312954876274E-02  3.4352256186317320E-02
   1.6186317321688501E-02  3.4090247452692866E-02
   1.6229985443959243E-02  3.3799126637554584E-02
   1.6069868995633188E-02  3.3566229985443959E-02
   1.5982532751091703E-02  3.3449781659388646E-02
   1.5764192139737992E-02  3.3071324599708879E-02
   1.5560407569141193E-02  3.3347889374090244E-02
   1.5429403202328967E-02  3.3551673944687048E-02
   1.5211062590975252E-02  3.3813682678311495E-02
   1.4919941775836970E-02  3.3973799126637554E-02
   1.4541484716157205E-02  3.3988355167394464E-02
   1.4148471615720522E-02  3.3973799126637554E-02
   1.3959243085880639E-02  3.3930131004366808E-02
   1.3770014556040756E-02  3.3726346433770017E-02
   1.3857350800582240E-02  3.3347889374090244E-02
   1.3959243085880639E-02  3.2867540029112081E-02
   1.4061135371179038E-02  3.2532751091703054E-02
   1.4163027656477437E-02  3.2037845705967974E-02
   1.4235807860262007E-02  3.1717612809315864E-02
   1.4192139737991265E-02  3.1513828238719066E-02
   1.3944687045123725E-02  3.1135371179039303E-02
   1.3580786026200874E-02  3.1280931586608440E-02
   1.3187772925764191E-02  3.1790393013100438E-02
   1.2852983988355167E-02  3.2096069868995630E-02
   1.2590975254730713E-02  3.2387190684133912E-02
   1.2256186317321687E-02  3.2503639010189225E-02
   1.1790393013100437E-02  3.2401746724890830E-02
   1.1528384279475983E-02  3.2256186317321689E-02
   1.1513828238719069E-02  3.2066957787481802E-02
   1.1528384279475983E-02  3.1484716157205238E-02
   1.1644832605531296E-02  3.0655021834061134E-02
   1.1834061135371178E-02  2.9985443959243085E-02
   1.1965065502183405E-02  2.9548762736535658E-02
   1.2066957787481803E-02  2.9184861717612805E-02
   1.2066957787481803E-02  2.8864628820960699E-02
   1.1586608442503640E-02  2.8471615720524014E-02
   1.1441048034934499E-02  2.8588064046579331E-02
   1.1411935953420670E-02  2.8966521106259097E-02
   1.1339155749636098E-02  2.9257641921397376E-02
   1.1179039301310043E-02  2.9592430858806404E-02
   1.1018922852983988E-02  2.9868995633187772E-02
   1.0771470160116448E-02  3.0116448326055312E-02
   1.0349344978165939E-02  3.0262008733624456E-02
   9.8253275109170309E-03  3.0247452692867535E-02
   9.5487627365356629E-03  3.0218340611353710E-02
   9.2285298398835508E-03  2.9970887918486174E-02
   9.1703056768558944E-03  2.9548762736535658E-02
   9.2576419213973790E-03  2.9053857350800582E-02
   9.3886462882096077E-03  2.8689956331877729E-02
   9.5778748180494911E-03  2.8427947598253272E-02
   9.6652110625909757E-03  2.8049490538573509E-02
   9.8107714701601168E-03  2.7714701601164481E-02
   9.9272197962154297E-03  2.7394468704512374E-02
   9.9854439592430861E-03  2.7307132459970886E-02
   9.9708879184861720E-03  2.7510917030567687E-02
   9.7816593886462886E-03  2.7874818049490539E-02
   9.5778748180494911E-03  2.8282387190684134E-02
   9.4032023289665218E-03  2.8515283842794760E-02
   9.1994177583697226E-03  2.8646288209606987E-02
   8.8209606986899558E-03  2.8675400291120815E-02
   8.5152838427947596E-03  2.8733624454148472E-02
   8.2096069868995616E-03  2.8791848617176128E-02
   7.9767103347889376E-03  2.8777292576419210E-02
   7.9621542940320235E-03  2.8573508005822416E-02
   8.1222707423580787E-03  2.8326055312954873E-02
   8.2969432314410462E-03  2.8034934497816594E-02
   8.4861717612809313E-03  2.7656477438136824E-02
   8.7045123726346429E-03  2.7147016011644830E-02
   8.8355167394468699E-03  2.6826783114992720E-02
   8.9810771470160110E-03  2.6535662299854438E-02
   9.0393013100436674E-03  2.6244541484716156E-02
   9.0538573508005815E-03  2.6069868995633187E-02
   8.6171761280931583E-03  2.5705967976710334E-02
   8.4133915574963608E-03  2.5735080058224162E-02
   7.9039301310043671E-03  2.5866084425036392E-02
   7.5691411935953417E-03  2.5967976710334788E-02
   7.4090247452692866E-03  2.6011644832605530E-02
   7.2343522561863173E-03  2.6273653566229987E-02
   7.0451237263464330E-03  2.6433770014556036E-02
   6.7540029112081517E-03  2.6579330422125180E-02
   6.3464337700145559E-03  2.6870451237263466E-02
   6.0553129548762729E-03  2.7176128093158659E-02
   5.7933042212518198E-03  2.7496360989810769E-02
   5.4148471615720522E-03  2.7641921397379914E-02
   4.9053857350800584E-03  2.7641921397379914E-02
   4.6579330422125177E-03  2.7350800582241628E-02
   4.5269286754002908E-03  2.6943231441048033E-02
   4.4832605531295484E-03  2.6491994177583692E-02
   4.4832605531295484E-03  2.6128093158660843E-02
   4.4687045123726343E-03  2.5866084425036392E-02
   4.4687045123726343E-03  2.5342066957787481E-02
   4.3668122270742356E-03  2.4745269286754003E-02
   4.3813682678311497E-03  2.4061135371179040E-02
   4.2940320232896650E-03  2.3377001455604073E-02
   4.1630276564774372E-03  2.2838427947598251E-02
   3.8719068413391559E-03  2.2066957787481804E-02
   3.6535662299854439E-03  2.1455604075691411E-02
   3.3187772925764190E-03  2.0800582241630276E-02
   2.9403202328966522E-03  1.9985443959243086E-02
   2.6491994177583696E-03  1.9577874818049488E-02
   2.1542940320232896E-03  1.9665211062590972E-02
   1.7030567685589520E-03  1.9927219796215430E-02
   1.1935953420669579E-03  1.9985443959243086E-02
   6.6957787481804947E-04  2.0029112081513825E-02
   3.6390101892285300E-04  1.9839883551673945E-02
   1.4556040756914119E-05  1.9257641921397377E-02
  -2.4745269286754004E-04  1.8617176128093157E-02
  -3.9301310043668122E-04  1.8093158660844249E-02
  -4.3668122270742354E-04  1.7598253275109169E-02
  -4.8034934497816597E-04  1.7423580786026200E-02
  -5.6768558951965061E-04  1.7074235807860261E-02
  -4.3668122270742354E-04  1.6666666666666666E-02
  -1.8922852983988353E-04  1.6360989810771470E-02
  -1.4556040756914119E-05  1.6098981077147016E-02
   1.4556040756914119E-05  1.5764192139737992E-02
  -5.8224163027656476E-05  1.5400291120815139E-02
  -3.4934497816593884E-04  1.4832605531295485E-02
  -5.6768558951965061E-04  1.4425036390101892E-02
  -8.1513828238719064E-04  1.4192139737991265E-02
  -9.6069868995633193E-04  1.3755458515283842E-02
  -1.4701601164483261E-03  1.2110625909752546E-02
  -1.4701601164483261E-03  1.1411935953420670E-02
  -1.5138282387190682E-03  1.0189228529839882E-02
  -1.7903930131004367E-03  9.5487627365356629E-03
  -1.7758369723435224E-03  8.5443959243085878E-03
  -1.7758369723435224E-03  7.6855895196506555E-03
  -1.8486171761280931E-03  6.7394468704512376E-03
  -2.0524017467248904E-03  6.4192139737991264E-03
  -2.2852983988355165E-03  6.1717612809315866E-03
  -2.3435225618631730E-03  5.7205240174672493E-03
  -2.1397379912663755E-03  5.3275109170305675E-03
  -1.8486171761280931E-03  4.8762736535662302E-03
  -1.7321688500727800E-03  4.1048034934497808E-03
  -1.8340611353711790E-03  3.4061135371179041E-03
  -1.8195050946142649E-03  2.8820960698689958E-03
  -1.8486171761280931E-03  2.4017467248908298E-03
  -1.9213973799126639E-03  2.0378457059679767E-03
  -1.8195050946142649E-03  1.2954876273653566E-03
  -1.8195050946142649E-03  1.0625909752547307E-03
  -1.7467248908296941E-03  6.2590975254730704E-04
  -1.5429403202328966E-03 -1.8922852983988353E-04
  -1.4847161572052400E-03 -5.8224163027656472E-04
  -1.2227074235807861E-03 -1.0480349344978166E-03
  -8.1513828238719064E-04 -1.2663755458515282E-03
  -6.9868995633187768E-04 -1.6157205240174672E-03
  -3.3478893740902473E-04 -2.3435225618631730E-03
   1.4556040756914119E-05 -2.9839883551673941E-03
   5.6768558951965061E-04 -3.9737991266375547E-03
   9.4614264919941772E-04 -4.7743813682678314E-03
   1.4701601164483261E-03 -5.6914119359534211E-03
   1.6448326055312954E-03 -6.3027656477438136E-03
   1.9359534206695780E-03 -6.7540029112081517E-03
   2.0815138282387186E-03 -7.0596797671033471E-03
   2.6346433770014555E-03 -7.3944687045123724E-03
   2.9548762736535663E-03 -7.7874818049490542E-03
   3.4643377001455601E-03 -8.6462882096069865E-03
   3.8136826783114991E-03 -9.0247452692867533E-03
   4.0611353711790393E-03 -9.2721979621542931E-03
   4.7598253275109173E-03 -9.8981077147016015E-03
   4.8617176128093161E-03 -1.0043668122270741E-02
   4.9636098981077148E-03 -1.0160116448326054E-02
   5.4730713245997086E-03 -1.0684133915574963E-02
   6.2154294032023289E-03 -1.1673944687045124E-02
   6.7976710334788941E-03 -1.2561863173216885E-02
   7.3944687045123724E-03 -1.3624454148471616E-02
   8.0349344978165940E-03 -1.4235807860262007E-02
   8.2241630276564757E-03 -1.4468704512372635E-02
   8.8646288209606981E-03 -1.5036390101892283E-02
   9.4177583697234359E-03 -1.5443959243085880E-02
   9.8544395924308591E-03 -1.5676855895196504E-02
   1.0873362445414847E-02 -1.6084425036390102E-02
   1.1644832605531296E-02 -1.6448326055312951E-02
   1.1586608442503640E-02 -1.6812227074235808E-02
   1.1586608442503640E-02 -1.7059679767103347E-02
   1.1804949053857351E-02 -1.7147016011644832E-02
   1.2794759825327510E-02 -1.7379912663755458E-02
   1.3114992721979621E-02 -1.7467248908296942E-02
   1.3478893740902475E-02 -1.7758369723435224E-02
   1.3522561863173218E-02 -1.8020378457059678E-02
   1.3624454148471616E-02 -1.8457059679767102E-02
   1.3901018922852983E-02 -1.9199417758369721E-02
   1.3973799126637553E-02 -1.9403202328966519E-02
   1.4177583697234351E-02 -1.9650655021834062E-02
   1.4803493449781657E-02 -1.9665211062590972E-02
   1.5021834061135371E-02 -1.9636098981077144E-02
   1.5254730713245996E-02 -1.9505094614264921E-02
   1.5589519650655021E-02 -1.9475982532751093E-02
   1.5851528384279476E-02 -1.9650655021834062E-02
   1.6375545851528384E-02 -1.9970887918486169E-02
   1.6622998544395921E-02 -2.0203784570596794E-02
   1.6914119359534206E-02 -2.0393013100436681E-02
   1.7510917030567685E-02 -2.0640465793304218E-02
   1.8078602620087335E-02 -2.0902474526928675E-02
   1.8122270742358081E-02 -2.1368267831149926E-02
   1.7787481804949053E-02 -2.1703056768558951E-02
   1.7671033478893740E-02 -2.1804949053857350E-02
   1.7787481804949053E-02 -2.2256186317321687E-02
   1.8224163027656476E-02 -2.2241630276564773E-02
   1.8529839883551676E-02 -2.2358078602620086E-02
   1.9112081513828236E-02 -2.2401746724890832E-02
   1.9577874818049488E-02 -2.2096069868995632E-02
   2.0000000000000000E-02 -2.1979621542940319E-02
   2.0363901018922853E-02 -2.1935953420669580E-02
   2.0756914119359534E-02 -2.2066957787481804E-02
   2.1295487627365356E-02 -2.2387190684133914E-02
   2.1834061135371178E-02 -2.2721979621542938E-02
   2.2416302765647742E-02 -2.3114992721979623E-02
   2.3071324599708877E-02 -2.3362445414847159E-02
   2.3799126637554586E-02 -2.3551673944687043E-02
   2.4395924308588064E-02 -2.3784570596797668E-02
   2.4992721979621543E-02 -2.3930131004366813E-02
   2.5531295487627365E-02 -2.4104803493449782E-02
   2.5822416302765647E-02 -2.4235807860262009E-02
   2.6026200873362444E-02 -2.4454148471615721E-02
   2.6390101892285297E-02 -2.4672489082969429E-02
   2.6768558951965064E-02 -2.4832605531295487E-02
   2.7278020378457061E-02 -2.4905385735080054E-02
   2.7743813682678312E-02 -2.4978165938864628E-02
   2.7962154294032024E-02 -2.5007278020378457E-02
   2.8311499272197959E-02 -2.5589519650655021E-02
   2.8777292576419210E-02 -2.5633187772925763E-02
   2.9243085880640462E-02 -2.5691411935953420E-02
   2.9970887918486174E-02 -2.5822416302765647E-02
   3.0451237263464336E-02 -2.6011644832605530E-02
   3.0829694323144103E-02 -2.6157205240174675E-02
   3.1324599708879186E-02 -2.6331877729257644E-02
   3.2037845705967974E-02 -2.6695778748180497E-02
   3.2590975254730710E-02 -2.7088791848617174E-02
   3.2852983988355171E-02 -2.7394468704512374E-02
   3.3158660844250364E-02 -2.7583697234352254E-02
   3.3580786026200869E-02 -2.7700145560407570E-02
   3.4148471615720523E-02 -2.7714701601164481E-02
   3.5080058224163026E-02 -2.7874818049490539E-02
   3.5895196506550223E-02 -2.8034934497816594E-02
   3.6419213973799124E-02 -2.8282387190684134E-02
   3.7307132459970881E-02 -2.8122270742358076E-02
   3.7874818049490534E-02 -2.8267831149927217E-02
   3.8864628820960694E-02 -2.8500727802037842E-02
   3.9796215429403203E-02 -2.9024745269286754E-02
   4.0815138282387191E-02 -2.9563318777292576E-02
   4.2052401746724893E-02 -3.0116448326055312E-02
   4.2328966521106258E-02 -3.0247452692867535E-02
   4.2969432314410479E-02 -3.0480349344978161E-02
   4.3435225618631730E-02 -3.0087336244541487E-02
   4.3682678311499266E-02 -3.0101892285298398E-02
   4.4788937409024746E-02 -3.0465793304221250E-02
   4.5807860262008726E-02 -3.0786026200873364E-02
   4.6972343522561862E-02 -3.1106259097525471E-02
   4.8224163027656475E-02 -3.1513828238719066E-02
   4.9344978165938864E-02 -3.1848617176128094E-02
   5.0189228529839883E-02 -3.2081513828238720E-02
   5.0625909752547299E-02 -3.2256186317321689E-02
   5.1164483260553131E-02 -3.2474526928675397E-02
   5.1877729257641919E-02 -3.2721979621542940E-02
   5.2678311499272192E-02 -3.2925764192139738E-02
   5.3435225618631732E-02 -3.3114992721979618E-02
   5.4090247452692870E-02 -3.3231441048034931E-02
   5.5196506550218336E-02 -3.3828238719068413E-02
   5.6288209606986897E-02 -3.4119359534206695E-02
   5.6783114992721977E-02 -3.4279475982532746E-02
   5.6928675400291118E-02 -3.4366812227074231E-02
   5.7627365356622995E-02 -3.4235807860262008E-02
   5.8457059679767102E-02 -3.4337700145560403E-02
   5.9475982532751097E-02 -3.4526928675400290E-02
   6.0291120815138287E-02 -3.4628820960698692E-02
   6.1120815138282381E-02 -3.4803493449781661E-02
   6.2227074235807860E-02 -3.5080058224163026E-02
   6.3551673944687040E-02 -3.5254730713245995E-02
   6.4657933042212512E-02 -3.5880640465793298E-02
   6.5502183406113537E-02 -3.6084425036390103E-02
   6.6375545851528384E-02 -3.5938864628820955E-02
   6.7496360989810780E-02 -3.6157205240174670E-02
   6.8515283842794761E-02 -3.6331877729257639E-02
   6.9475982532751085E-02 -3.6608442503639010E-02
   7.0203784570596797E-02 -3.6855895196506547E-02
   7.0494905385735079E-02 -3.6957787481804949E-02
   7.1397379912663761E-02 -3.7117903930131001E-02
   7.2896652110625904E-02 -3.7802037845705967E-02
   7.3828238719068406E-02 -3.8034934497816593E-02
   7.4890829694323133E-02 -3.8282387190684129E-02
   7.5793304221251814E-02 -3.8020378457059682E-02
   7.6579330422125183E-02 -3.8224163027656473E-02
   7.7365356622998552E-02 -3.8340611353711786E-02
   7.8369723435225622E-02 -3.8500727802037844E-02
   7.9446870451237259E-02 -3.8719068413391559E-02
   8.0349344978165926E-02 -3.8879184861717618E-02
   8.1586608442503636E-02 -3.9606986899563316E-02
   8.2518195050946153E-02 -3.9810771470160114E-02
   8.3318777292576418E-02 -4.0000000000000001E-02
   8.4250363901018921E-02 -3.9854439592430860E-02
   8.5181950509461424E-02 -4.0072780203784568E-02
   8.6040756914119346E-02 -4.0262008733624455E-02
   8.6870451237263460E-02 -4.0378457059679768E-02
   8.7467248908296949E-02 -4.0625909752547304E-02
   8.8020378457059678E-02 -4.0844250363901019E-02
   8.8791848617176122E-02 -4.0887918486171765E-02
   8.9490538573507999E-02 -4.0946142649199414E-02
   8.9912663755458505E-02 -4.1033478893740899E-02
   9.0989810771470156E-02 -4.1324599708879181E-02
   9.1761280931586614E-02 -4.1484716157205240E-02
   9.2489082969432312E-02 -4.1542940320232896E-02
   9.2940320232896639E-02 -4.1965065502183402E-02
   9.3682678311499262E-02 -4.2037845705967976E-02
   9.4614264919941765E-02 -4.2197962154294028E-02
   9.5429403202328969E-02 -4.2401746724890832E-02
   9.6200873362445413E-02 -4.2590975254730712E-02
   9.6695778748180486E-02 -4.2780203784570599E-02
   9.7219796215429408E-02 -4.2911208151382822E-02
   9.7903930131004360E-02 -4.3071324599708881E-02
   9.8791848617176117E-02 -4.2954876273653568E-02
   9.9199417758369712E-02 -4.2765647743813674E-02
   0.1000873362445415     -4.2882096069868987E-02
   0.1008005822416303     -4.3144104803493448E-02
   0.1014410480349345     -4.3377001455604074E-02
   0.1019796215429403     -4.3944687045123727E-02
   0.1025618631732169     -4.4017467248908294E-02
   0.1029548762736536     -4.4002911208151384E-02
   0.1032023289665211     -4.3930131004366810E-02
   0.1035807860262009     -4.3813682678311497E-02
   0.1042066957787482     -4.3595342066957789E-02
   0.1047598253275109     -4.3551673944687043E-02
   0.1053857350800582     -4.3595342066957789E-02
   0.1062736535662300     -4.3813682678311497E-02
   0.1077292576419214     -4.3726346433770012E-02
   0.1087481804949054     -4.3784570596797669E-02
   0.1094614264919942     -4.3944687045123727E-02
   0.1101892285298399     -4.4133915574963607E-02
   0.1112809315866084     -4.4570596797671030E-02
   0.1129112081513828     -4.4745269286754000E-02
   0.1145705967976710     -4.4963609898107715E-02
   0.1158660844250364     -4.5196506550218341E-02
   0.1170451237263464     -4.5371179039301310E-02
   0.1182678311499272     -4.5749636098981070E-02
   0.1190975254730713     -4.5982532751091695E-02
   0.1199563318777292     -4.6069868995633187E-02
   0.1209752547307132     -4.6331877729257641E-02
   0.1221542940320233     -4.6622998544395923E-02
   0.1227365356622999     -4.6855895196506549E-02
   0.1236390101892285     -4.7394468704512374E-02
   0.1248326055312955     -4.8005822416302767E-02
   0.1255458515283843     -4.8442503639010183E-02
   0.1257496360989811     -4.8544395924308585E-02
   0.1262445414847161     -4.8835516739446867E-02
   0.1266375545851528     -4.8864628820960702E-02
   0.1271033478893741     -4.8748180494905390E-02
   0.1273799126637555     -4.8515283842794764E-02
   0.1280931586608443     -4.8442503639010183E-02
   0.1286317321688501     -4.8340611353711788E-02
   0.1291848617176128     -4.8311499272197959E-02
   0.1300582241630276     -4.8660844250363898E-02
   0.1308588064046579     -4.9039301310043665E-02
   0.1319213973799127     -4.9330422125181954E-02
   0.1329112081513828     -4.9417758369723432E-02
   0.1336390101892285     -4.9417758369723432E-02
   0.1341339155749636     -4.9432314410480349E-02
   0.1347889374090247     -4.9650655021834057E-02
   0.1353566229985444     -4.9883551673944683E-02
   0.1360262008733625     -5.0072780203784570E-02
   0.1370451237263464     -4.9679767103347885E-02
   0.1375982532751092     -4.9548762736535662E-02
   0.1381368267831150     -4.9432314410480349E-02
   0.1384861717612809     -4.9374090247452693E-02
   0.1390393013100437     -4.9475982532751088E-02
   0.1394177583697234     -4.9737991266375542E-02
   0.1397234352256186     -5.0349344978165934E-02
   0.1400727802037846     -5.0422125181950508E-02
   0.1407132459970888     -5.0436681222707419E-02
   0.1412518195050946     -5.0436681222707419E-02
   0.1419505094614265     -5.0669577874818045E-02
   0.1429257641921397     -5.1091703056768550E-02
   0.1434934497816594     -5.1339155749636101E-02
   0.1441775836972343     -5.1557496360989809E-02
   0.1447743813682678     -5.1586608442503637E-02
   0.1451382823871907     -5.1557496360989809E-02
   0.1459097525473071     -5.0786026200873358E-02
   0.1463027656477438     -5.0655021834061134E-02
   0.1467976710334789     -5.0422125181950508E-02
   0.1473071324599709     -5.0101892285298398E-02
   0.1477147016011645     -4.9839883551673944E-02
   0.1481077147016012     -4.9650655021834057E-02
   0.1485589519650655     -4.9810771470160116E-02
   0.1489082969432314     -5.0131004366812226E-02
   0.1489665211062591     -5.0640465793304223E-02
   0.1489956331877729     -5.0887918486171760E-02
   0.1493013100436681     -5.0858806404657925E-02
   0.1496506550218341     -5.0727802037845701E-02
   0.1498107714701601     -5.0509461426491986E-02
   0.1501018922852984     -5.0713245997088791E-02
   0.1505676855895196     -5.0989810771470162E-02
   0.1515283842794760     -5.1688500727802039E-02
   0.1522270742358079     -5.2023289665211060E-02
   0.1528093158660844     -5.2052401746724888E-02
   0.1531877729257642     -5.1848617176128098E-02
   0.1535225618631732     -5.1644832605531293E-02
   0.1538719068413391     -5.1441048034934496E-02
   0.1544104803493450     -5.1018922852983983E-02
   0.1546142649199418     -5.0189228529839883E-02
   0.1547161572052402     -4.9941775836972339E-02
   0.1567976710334789     -5.0072780203784570E-02
   0.1590101892285298     -5.0029112081513824E-02
   0.1613537117903930     -5.0655021834061134E-02
   0.1634206695778748     -5.0931586608442506E-02
   0.1648034934497817     -5.1222707423580788E-02
   0.1651382823871907     -5.1382823871906839E-02
   0.1655021834061135     -5.1615720524017472E-02
   0.1657641921397380     -5.1746724890829696E-02
   0.1662154294032023     -5.2008733624454143E-02
   0.1667540029112081     -5.2139737991266373E-02
   0.1673799126637555     -5.2256186317321686E-02
   0.1683842794759825     -5.2387190684133916E-02
   0.1695633187772926     -5.2518195050946140E-02
   0.1706695778748180     -5.2649199417758370E-02
   0.1719359534206696     -5.2896652110625907E-02
   0.1732314410480349     -5.3013100436681219E-02
   0.1740465793304221     -5.3187772925764189E-02
   0.1746870451237263     -5.3318777292576419E-02
   0.1754585152838428     -5.3464337700145560E-02
   0.1762008733624454     -5.3537117903930127E-02
   0.1767685589519651     -5.3697234352256186E-02
   0.1778020378457059     -5.3901018922852977E-02
   0.1786754002911208     -5.4032023289665207E-02
   0.1796215429403202     -5.4206695778748183E-02
   0.1804949053857351     -5.4366812227074235E-02
   0.1814701601164483     -5.4104803493449781E-02
   0.1824745269286754     -5.4206695778748183E-02
   0.1831877729257642     -5.4279475982532750E-02
   0.1839155749636099     -5.4803493449781658E-02
   0.1845997088791849     -5.4919941775836971E-02
   0.1853275109170306     -5.5007278020378456E-02
   0.1864046579330422     -5.5123726346433768E-02
   0.1875109170305677     -5.5181950509461425E-02
   0.1881804949053857     -5.5269286754002910E-02
   0.1889810771470160     -5.5342066957787484E-02
   0.1898398835516739     -5.5269286754002910E-02
   0.1911208151382824     -5.5545851528384274E-02
   0.1926346433770015     -5.5720524017467243E-02
   0.1937409024745269     -5.5793304221251817E-02
   0.1947889374090247     -5.5793304221251817E-02
   0.1960407569141193     -5.5851528384279467E-02
   0.1974526928675400     -5.6069868995633182E-02
   0.1988064046579330     -5.6259097525473069E-02
   0.1998689956331878     -5.6404657933042210E-02
   0.2012663755458515     -5.6550218340611351E-02
   0.2027365356622998     -5.6797671033478894E-02
   0.2040611353711790     -5.6826783114992716E-02
   0.2053857350800582     -5.6928675400291118E-02
   0.2065065502183406     -5.7088791848617176E-02
   0.2075109170305677     -5.7132459970887915E-02
   0.2090393013100437     -5.7219796215429400E-02
   0.2097234352256186     -5.7292576419213974E-02
   0.2103930131004367     -5.7394468704512369E-02
   0.2107132459970888     -5.7583697234352256E-02
   0.2114264919941776     -5.7787481804949047E-02
   0.2126491994177584     -5.7962154294032023E-02
   0.2139737991266375     -5.8165938864628820E-02
   0.2150509461426492     -5.8296943231441044E-02
   0.2160698689956332     -5.8369723435225611E-02
   0.2170305676855895     -5.8457059679767102E-02
   0.2180931586608442     -5.8617176128093161E-02
   0.2191411935953421     -5.8675400291120811E-02
   0.2203784570596798     -5.8762736535662295E-02
   0.2216011644832606     -5.8893740902474526E-02
   0.2229112081513828     -5.8995633187772921E-02
   0.2239446870451237     -5.9039301310043667E-02
   0.2249490538573508     -5.8864628820960690E-02
   0.2261280931586608     -5.8617176128093161E-02
   0.2276128093158661     -5.9097525473071316E-02
   0.2287627365356623     -5.9213973799126629E-02
   0.2296506550218340     -5.9315866084425038E-02
   0.2308442503639010     -5.9068413391557488E-02
   0.2323144104803493     -5.9141193595342062E-02
   0.2336244541484716     -5.9272197962154292E-02
   0.2347452692867540     -5.9388646288209605E-02
   0.2355895196506550     -5.9388646288209605E-02
   0.2370887918486172     -5.9752547307132461E-02
   0.2387627365356623     -5.9868995633187774E-02
   0.2405967976710335     -5.9636098981077149E-02
   0.2424745269286754     -5.9898107714701602E-02
   0.2437117903930131     -5.9956331877729252E-02
   0.2453566229985444     -6.0247452692867541E-02
   0.2461572052401747     -6.0334788937409019E-02
   0.2470596797671033     -6.0378457059679758E-02
   0.2480058224163028     -6.0436681222707421E-02
   0.2492430858806405     -6.0087336244541482E-02
