   2.6550218340611352E-02  4.1310043668122270E-02
   2.6259097525473070E-02  4.1310043668122270E-02
   2.5909752547307131E-02  4.1310043668122270E-02
   2.5516739446870450E-02  4.0989810771470153E-02
   2.5138282387190680E-02  4.1062590975254727E-02
   2.4861717612809316E-02  4.1091703056768555E-02
   2.4323144104803494E-02  4.0960698689956332E-02
   2.3770014556040758E-02  4.0655021834061139E-02
   2.3362445414847159E-02  4.0524017467248902E-02
   2.2823871906841341E-02  4.0451237263464335E-02
   2.2096069868995632E-02  3.9810771470160114E-02
   2.1761280931586607E-02  3.9577874818049488E-02
   2.1441048034934494E-02  3.9257641921397378E-02
   2.1164483260553129E-02  3.9010189228529842E-02
   2.0786026200873362E-02  3.8733624454148470E-02
   2.0334788937409025E-02  3.8486171761280934E-02
   2.0116448326055313E-02  3.8005822416302758E-02
   1.9839883551673945E-02  3.7598253275109170E-02
   1.9708879184861718E-02  3.7452692867540029E-02
   1.9374090247452690E-02  3.7001455604075688E-02
   1.9126637554585154E-02  3.6797671033478890E-02
   1.8733624454148470E-02  3.6375545851528385E-02
   1.8311499272197961E-02  3.5997088791848611E-02
   1.7816593886462881E-02  3.5545851528384277E-02
   1.7641921397379912E-02  3.5429403202328964E-02
   1.6826783114992722E-02  3.4759825327510915E-02
   1.6331877729257639E-02  3.4294032023289664E-02
   1.5909752547307133E-02  3.3886462882096069E-02
   1.5749636098981078E-02  3.3770014556040756E-02
   1.5254730713245996E-02  3.3275109170305676E-02
   1.4556040756914119E-02  3.2721979621542940E-02
   1.4366812227074236E-02  3.2634643377001456E-02
   1.3464337700145561E-02  3.2168850072780204E-02
   1.2751091703056768E-02  3.1673944687045125E-02
   1.2474526928675400E-02  3.1441048034934499E-02
   1.2081513828238718E-02  3.1120815138282385E-02
   1.1484716157205241E-02  3.0524017467248907E-02
   1.1179039301310043E-02  3.0043668122270741E-02
   1.0902474526928675E-02  2.9665211062590971E-02
   1.0393013100436681E-02  2.9243085880640462E-02
   9.9563318777292579E-03  2.8660844250363898E-02
   9.5633187772925770E-03  2.8136826783114993E-02
   9.2576419213973790E-03  2.7743813682678312E-02
   8.9519650655021828E-03  2.7365356622998542E-02
   8.3842794759825326E-03  2.6535662299854438E-02
   7.8748180494905388E-03  2.5924308588064049E-02
   7.6564774381368264E-03  2.5487627365356619E-02
   7.1033478893740894E-03  2.4861717612809316E-02
   6.7248908296943235E-03  2.4483260553129545E-02
   6.0553129548762729E-03  2.3799126637554586E-02
   5.8660844250363903E-03  2.3478893740902472E-02
   5.8078602620087339E-03  2.3318777292576417E-02
   5.6622998544395920E-03  2.3129548762736533E-02
   5.0363901018922845E-03  2.2445414847161570E-02
   4.3377001455604074E-03  2.1717612809315865E-02
   4.1775836972343513E-03  2.1441048034934494E-02
   3.6972343522561862E-03  2.0786026200873362E-02
   3.3624454148471618E-03  2.0480349344978166E-02
   2.9548762736535663E-03  2.0494905385735077E-02
   2.3726346433770016E-03  2.0858806404657933E-02
   1.8486171761280931E-03  2.0684133915574963E-02
   1.2663755458515282E-03  2.0800582241630276E-02
   5.8224163027656472E-04  2.0684133915574963E-02
   2.9112081513828236E-04  2.0553129548762733E-02
   2.4745269286754004E-04  2.0131004366812227E-02
   2.7656477438136825E-04  1.9650655021834062E-02
   4.2212518195050948E-04  1.9039301310043669E-02
   6.2590975254730704E-04  1.8515283842794758E-02
   7.8602620087336243E-04  1.8049490538573507E-02
   8.1513828238719064E-04  1.7350800582241629E-02
   9.0247452692867540E-04  1.6695778748180495E-02
   1.0043668122270743E-03  1.6171761280931587E-02
   9.8981077147016015E-04  1.5866084425036391E-02
   5.3857350800582239E-04  1.5574963609898108E-02
   3.0567685589519652E-04  1.5443959243085880E-02
  -2.3289665211062590E-04  1.5094614264919939E-02
  -3.4934497816593884E-04  1.4861717612809314E-02
  -6.2590975254730704E-04  1.4250363901018921E-02
  -7.8602620087336243E-04  1.4032023289665210E-02
  -1.1353711790393012E-03  1.4250363901018921E-02
  -1.5866084425036390E-03  1.4497816593886463E-02
  -1.9941775836972344E-03  1.4803493449781657E-02
  -2.4308588064046580E-03  1.4963609898107714E-02
  -2.8238719068413389E-03  1.5021834061135371E-02
  -3.2751091703056767E-03  1.4585152838427947E-02
  -3.3624454148471618E-03  1.3624454148471616E-02
  -3.2168850072780203E-03  1.2576419213973799E-02
  -3.0131004366812223E-03  1.1834061135371178E-02
  -2.7219796215429402E-03  1.1266375545851528E-02
  -2.4454148471615722E-03  1.0756914119359534E-02
  -2.2561863173216883E-03  1.0116448326055311E-02
  -2.0815138282387186E-03  9.5924308588064052E-03
  -1.9505094614264921E-03  9.1703056768558944E-03
  -1.8340611353711790E-03  8.6608442503639006E-03
  -1.5574963609898108E-03  8.2096069868995616E-03
  -1.3682678311499271E-03  7.8457059679767106E-03
  -1.3682678311499271E-03  7.0596797671033471E-03
  -1.6593886462882095E-03  6.3755458515283841E-03
  -2.0378457059679767E-03  5.9388646288209600E-03
  -2.3435225618631730E-03  5.5167394468704509E-03
  -2.5618631732168846E-03  5.1965065502183405E-03
  -2.8093158660844248E-03  4.4978165938864625E-03
  -2.8238719068413389E-03  3.4061135371179041E-03
  -2.1251819505094614E-03  2.3435225618631730E-03
  -1.8049490538573508E-03  2.0232896652110626E-03
  -1.6593886462882095E-03  1.7758369723435224E-03
  -1.6739446870451238E-03  1.1062590975254730E-03
  -1.7758369723435224E-03  4.8034934497816597E-04
  -1.9068413391557495E-03 -5.2401746724890829E-04
  -1.9213973799126639E-03 -1.7321688500727800E-03
  -1.4556040756914120E-03 -2.3435225618631730E-03
  -1.1208151382823871E-03 -2.7656477438136825E-03
  -6.2590975254730704E-04 -2.9839883551673941E-03
  -3.2023289665211057E-04 -3.3042212518195049E-03
   1.0189228529839883E-04 -3.8864628820960700E-03
   3.7845705967976705E-04 -4.4250363901018920E-03
   8.2969432314410475E-04 -5.2110625909752547E-03
   1.1353711790393012E-03 -5.8515283842794762E-03
   1.4992721979621541E-03 -6.5065502183406110E-03
   1.8340611353711790E-03 -7.2489082969432314E-03
   2.0815138282387186E-03 -7.6855895196506555E-03
   2.2998544395924306E-03 -8.0349344978165940E-03
   2.8093158660844248E-03 -9.0101892285298392E-03
   3.3624454148471618E-03 -9.9417758369723438E-03
   4.2503639010189227E-03 -1.1193595342066957E-02
   4.5997088791848613E-03 -1.1761280931586609E-02
   5.3275109170305675E-03 -1.2634643377001455E-02
   6.0698689956331870E-03 -1.3464337700145561E-02
   6.7248908296943235E-03 -1.4206695778748179E-02
   7.2343522561863173E-03 -1.4832605531295485E-02
   7.8020378457059683E-03 -1.5342066957787483E-02
   8.4279475982532749E-03 -1.5764192139737992E-02
   8.9956331877729251E-03 -1.6098981077147016E-02
   9.6069868995633193E-03 -1.6390101892285295E-02
   1.0393013100436681E-02 -1.6754002911208151E-02
   1.0756914119359534E-02 -1.7205240174672488E-02
   1.1208151382823871E-02 -1.7918486171761283E-02
   1.1280931586608442E-02 -1.8020378457059678E-02
   1.1790393013100437E-02 -1.8427947598253273E-02
   1.2416302765647744E-02 -1.8835516739446872E-02
   1.3129548762736535E-02 -1.9272197962154295E-02
   1.3871906841339154E-02 -1.9796215429403199E-02
   1.4133915574963608E-02 -2.0043668122270743E-02
   1.4876273653566230E-02 -1.9883551673944688E-02
   1.5458515283842796E-02 -2.0160116448326056E-02
   1.6069868995633188E-02 -2.0378457059679764E-02
   1.6055312954876274E-02 -2.0524017467248905E-02
   1.6011644832605532E-02 -2.0800582241630276E-02
   1.6229985443959243E-02 -2.1251819505094614E-02
   1.6681222707423577E-02 -2.1717612809315865E-02
   1.7409024745269286E-02 -2.2197962154294031E-02
   1.8165938864628819E-02 -2.2561863173216883E-02
   1.8238719068413393E-02 -2.2561863173216883E-02
   1.8588064046579332E-02 -2.2183406113537116E-02
   1.9039301310043669E-02 -2.2125181950509460E-02
   1.9286754002911206E-02 -2.2125181950509460E-02
   2.0422125181950510E-02 -2.2721979621542938E-02
   2.0625909752547307E-02 -2.2896652110625908E-02
   2.1499272197962150E-02 -2.3391557496360987E-02
   2.2037845705967975E-02 -2.3187772925764190E-02
   2.2489082969432313E-02 -2.3478893740902472E-02
   2.3158660844250362E-02 -2.3508005822416300E-02
   2.3653566229985441E-02 -2.3522561863173218E-02
   2.4090247452692868E-02 -2.3682678311499273E-02
   2.4657933042212518E-02 -2.4483260553129545E-02
   2.5109170305676855E-02 -2.4847161572052398E-02
   2.5633187772925763E-02 -2.5225618631732168E-02
   2.6433770014556036E-02 -2.5502183406113536E-02
   2.6885007278020377E-02 -2.5720524017467248E-02
   2.7700145560407570E-02 -2.6171761280931585E-02
   2.8835516739446867E-02 -2.6797671033478892E-02
   2.8937409024745269E-02 -2.6419213973799125E-02
   2.9170305676855895E-02 -2.6302765647743812E-02
   2.9985443959243085E-02 -2.6433770014556036E-02
   3.0538573508005821E-02 -2.6419213973799125E-02
   3.0800582241630278E-02 -2.6681222707423579E-02
   3.1965065502183407E-02 -2.6870451237263466E-02
   3.2794759825327514E-02 -2.7278020378457061E-02
   3.3449781659388646E-02 -2.8136826783114993E-02
   3.4032023289665210E-02 -2.8486171761280928E-02
   3.4395924308588059E-02 -2.8777292576419210E-02
   3.4395924308588059E-02 -2.8777292576419210E-02
   3.4541484716157207E-02 -2.8529839883551671E-02
   3.4803493449781661E-02 -2.8413391557496358E-02
   3.5225618631732167E-02 -2.8442503639010186E-02
   3.5909752547307133E-02 -2.8995633187772926E-02
   3.6724890829694323E-02 -2.9417758369723431E-02
   3.7234352256186314E-02 -2.9679767103347889E-02
   3.7467248908296939E-02 -2.9679767103347889E-02
   3.7947598253275108E-02 -2.9650655021834060E-02
   3.8573508005822411E-02 -2.9636098981077146E-02
   3.9432314410480347E-02 -2.9432314410480345E-02
   4.0203784570596798E-02 -2.9592430858806404E-02
   4.0742358078602617E-02 -2.9708879184861717E-02
   4.1470160116448329E-02 -2.9912663755458518E-02
   4.2445414847161571E-02 -3.0713245997088790E-02
   4.3449781659388641E-02 -3.1193595342066952E-02
   4.4352256186317322E-02 -3.1688500727802035E-02
   4.4876273653566230E-02 -3.1644832605531296E-02
   4.5196506550218341E-02 -3.1775836972343520E-02
   4.5589519650655025E-02 -3.1892285298398833E-02
   4.6142649199417754E-02 -3.1921397379912661E-02
   4.6404657933042215E-02 -3.1877729257641922E-02
   4.6899563318777288E-02 -3.1746724890829692E-02
   4.7583697234352254E-02 -3.1673944687045125E-02
   4.8733624454148465E-02 -3.1746724890829692E-02
   4.9606986899563318E-02 -3.2139737991266376E-02
   4.9825327510917027E-02 -3.2212518195050943E-02
   5.0494905385735075E-02 -3.2590975254730710E-02
   5.1717612809315860E-02 -3.2940320232896649E-02
   5.2911208151382817E-02 -3.3129548762736528E-02
   5.3377001455604069E-02 -3.3144104803493453E-02
   5.4075691411935946E-02 -3.3158660844250364E-02
   5.4730713245997084E-02 -3.3173216885007274E-02
   5.5123726346433768E-02 -3.3318777292576422E-02
   5.5618631732168841E-02 -3.3609898107714704E-02
   5.6215429403202330E-02 -3.3988355167394464E-02
   5.6477438136826777E-02 -3.4133915574963605E-02
   5.6986899563318774E-02 -3.4730713245997087E-02
   5.7802037845705964E-02 -3.5240174672489077E-02
   5.8675400291120811E-02 -3.5385735080058225E-02
   5.8835516739446862E-02 -3.5283842794759823E-02
   5.9155749636098980E-02 -3.4585152838427946E-02
   5.9461426491994172E-02 -3.4395924308588059E-02
   5.9956331877729252E-02 -3.4352256186317320E-02
   6.0800582241630270E-02 -3.4716157205240170E-02
   6.1441048034934498E-02 -3.5138282387190682E-02
   6.1732168850072773E-02 -3.5342066957787480E-02
   6.2197962154294024E-02 -3.5385735080058225E-02
   6.2794759825327506E-02 -3.5356622998544390E-02
   6.3144104803493445E-02 -3.5342066957787480E-02
   6.3508005822416294E-02 -3.5458515283842792E-02
   6.3668122270742353E-02 -3.5618631732168851E-02
   6.4119359534206694E-02 -3.5997088791848611E-02
   6.4526928675400289E-02 -3.5953420669577872E-02
   6.4978165938864629E-02 -3.5778748180494910E-02
   6.6215429403202325E-02 -3.6419213973799124E-02
   6.6506550218340607E-02 -3.6564774381368265E-02
   6.6972343522561859E-02 -3.6652110625909749E-02
   6.7656477438136825E-02 -3.6870451237263464E-02
   6.8282387190684135E-02 -3.6622998544395921E-02
   6.8748180494905387E-02 -3.6724890829694323E-02
   6.9679767103347889E-02 -3.6986899563318777E-02
   7.0567685589519646E-02 -3.7059679767103351E-02
   7.0858806404657929E-02 -3.7016011644832605E-02
   7.1310043668122269E-02 -3.7103347889374090E-02
   7.1703056768558954E-02 -3.7263464337700142E-02
   7.2314410480349339E-02 -3.7496360989810767E-02
   7.2896652110625904E-02 -3.7627365356622998E-02
   7.3420669577874811E-02 -3.7700145560407565E-02
   7.4454148471615716E-02 -3.8238719068413383E-02
   7.5080058224163027E-02 -3.8384279475982531E-02
   7.5807860262008739E-02 -3.8660844250363903E-02
   7.6055312954876261E-02 -3.8791848617176126E-02
   7.6390101892285303E-02 -3.8820960698689955E-02
   7.6928675400291122E-02 -3.8602620087336247E-02
   7.7656477438136820E-02 -3.8617176128093157E-02
   7.8195050946142639E-02 -3.8602620087336247E-02
   7.8602620087336247E-02 -3.8617176128093157E-02
   7.8981077147016007E-02 -3.8719068413391559E-02
   7.9388646288209602E-02 -3.8864628820960694E-02
   8.0000000000000002E-02 -3.9053857350800580E-02
   8.0480349344978164E-02 -3.9082969432314409E-02
   8.1266375545851532E-02 -3.9243085880640460E-02
   8.2212518195050932E-02 -3.9432314410480347E-02
   8.3114992721979614E-02 -3.9796215429403203E-02
   8.3799126637554580E-02 -3.9985443959243083E-02
   8.4468704512372636E-02 -4.0145560407569142E-02
   8.5298398835516737E-02 -4.0349344978165939E-02
   8.6346433770014552E-02 -4.0655021834061139E-02
   8.7525473071324592E-02 -4.0960698689956332E-02
   8.8689956331877720E-02 -4.1310043668122270E-02
   8.9606986899563312E-02 -4.1542940320232896E-02
   9.0189228529839877E-02 -4.1761280931586604E-02
   9.0829694323144097E-02 -4.1921397379912663E-02
   9.1499272197962139E-02 -4.2052401746724893E-02
   9.2314410480349329E-02 -4.2110625909752543E-02
   9.3304221251819502E-02 -4.2197962154294028E-02
   9.3828238719068410E-02 -4.2227074235807856E-02
   9.4745269286754003E-02 -4.1892285298398835E-02
   9.5240174672489075E-02 -4.1790393013100433E-02
   9.5647743813682670E-02 -4.1673944687045120E-02
   0.1006157205240175     -4.1576419213973800E-02
   0.1057991266375546     -4.2442503639010185E-02
   0.1062882096069869     -4.3013100436681224E-02
   0.1066521106259097     -4.3260553129548761E-02
   0.1072052401746725     -4.3624454148471610E-02
   0.1077292576419214     -4.3770014556040758E-02
   0.1084425036390102     -4.3959243085880638E-02
   0.1092576419213974     -4.3930131004366810E-02
   0.1097816593886463     -4.3959243085880638E-02
   0.1101455604075691     -4.4017467248908294E-02
   0.1105531295487627     -4.4090247452692861E-02
   0.1113391557496361     -4.4133915574963607E-02
   0.1124308588064047     -4.4585152838427948E-02
   0.1131149927219796     -4.4657933042212515E-02
   0.1135516739446870     -4.4803493449781656E-02
   0.1142649199417758     -4.5167394468704512E-02
   0.1149344978165939     -4.5473071324599712E-02
   0.1155895196506550     -4.5807860262008726E-02
   0.1162590975254731     -4.6026200873362441E-02
   0.1169868995633188     -4.6331877729257641E-02
   0.1175545851528384     -4.6244541484716156E-02
   0.1181077147016012     -4.6535662299854438E-02
   0.1183988355167395     -4.6768558951965064E-02
   0.1188209606986900     -4.7059679767103346E-02
   0.1194032023289665     -4.7234352256186315E-02
   0.1199272197962154     -4.7161572052401748E-02
   0.1204512372634643     -4.7176128093158659E-02
   0.1207860262008734     -4.6855895196506549E-02
   0.1212081513828239     -4.6331877729257641E-02
   0.1214264919941776     -4.5997088791848620E-02
   0.1217321688500728     -4.5225618631732169E-02
   0.1225909752547307     -4.5356622998544392E-02
   0.1236098981077147     -4.5502183406113533E-02
   0.1254876273653566     -4.5735080058224159E-02
   0.1266375545851528     -4.5909752547307128E-02
   0.1283842794759825     -4.6128093158660843E-02
   0.1300000000000000     -4.6346433770014558E-02
   0.1308879184861718     -4.6506550218340610E-02
   0.1327947598253275     -4.6710334788937408E-02
   0.1350072780203785     -4.7016011644832600E-02
   0.1365647743813683     -4.7234352256186315E-02
   0.1388646288209607     -4.7496360989810769E-02
   0.1409606986899563     -4.7831149927219797E-02
   0.1425181950509462     -4.7991266375545849E-02
   0.1448617176128093     -4.8326055312954870E-02
   0.1469868995633188     -4.8893740902474524E-02
   0.1496797671033479     -4.8850072780203778E-02
   0.1510480349344978     -5.0043668122270742E-02
   0.1510480349344978     -5.0232896652110622E-02
   0.1511644832605531     -5.0451237263464337E-02
   0.1513537117903930     -5.0786026200873358E-02
   0.1516593886462882     -5.1106259097525475E-02
   0.1519505094614265     -5.1164483260553131E-02
   0.1523580786026201     -5.0815138282387193E-02
   0.1526783114992722     -5.0684133915574962E-02
   0.1530567685589520     -5.0553129548762732E-02
   0.1533333333333333     -5.0407569141193598E-02
   0.1536826783114993     -5.0145560407569137E-02
