   4.6681222707423579E-02  5.3682678311499268E-02
   4.6244541484716156E-02  5.3609898107714694E-02
   4.5443959243085877E-02  5.3377001455604069E-02
   4.4905385735080058E-02  5.2809315866084422E-02
   4.4454148471615718E-02  5.2634643377001453E-02
   4.4104803493449779E-02  5.2547307132459968E-02
   4.3566229985443954E-02  5.2256186317321686E-02
   4.3027656477438135E-02  5.2023289665211060E-02
   4.2547307132459973E-02  5.1848617176128098E-02
   4.2154294032023289E-02  5.1630276564774383E-02
   4.1601164483260553E-02  5.1732168850072785E-02
   4.1077147016011645E-02  5.1397379912663757E-02
   4.0742358078602617E-02  5.1251819505094609E-02
   4.0422125181950506E-02  5.1120815138282386E-02
   4.0043668122270740E-02  5.0917030567685588E-02
   3.9315866084425034E-02  5.0538573508005821E-02
   3.9112081513828244E-02  4.9985443959243085E-02
   3.8704512372634642E-02  4.9767103347889370E-02
   3.7976710334788936E-02  4.9286754002911208E-02
   3.7336244541484716E-02  4.8922852983988352E-02
   3.6695778748180495E-02  4.8486171761280929E-02
   3.6069868995633185E-02  4.8136826783114990E-02
   3.5618631732168851E-02  4.7947598253275110E-02
   3.5080058224163026E-02  4.7656477438136828E-02
   3.4352256186317320E-02  4.7248908296943226E-02
   3.3377001455604079E-02  4.6826783114992721E-02
   3.3216885007278020E-02  4.6783114992721975E-02
   3.2838427947598253E-02  4.7001455604075690E-02
   3.2299854439592428E-02  4.6593886462882095E-02
   3.1906841339155750E-02  4.6331877729257641E-02
   3.1091703056768560E-02  4.5822416302765651E-02
   3.0713245997088790E-02  4.5589519650655025E-02
   3.0320232896652113E-02  4.4905385735080058E-02
   2.9839883551673940E-02  4.4585152838427948E-02
   2.9577874818049490E-02  4.4425036390101889E-02
   2.9374090247452689E-02  4.4250363901018920E-02
   2.9286754002911208E-02  4.4017467248908294E-02
   2.9272197962154294E-02  4.3871906841339153E-02
   2.9344978165938864E-02  4.3566229985443954E-02
   2.9053857350800582E-02  4.3347889374090245E-02
   2.8864628820960699E-02  4.3216885007278015E-02
   2.8689956331877729E-02  4.3420669577874819E-02
   2.8486171761280928E-02  4.3551673944687043E-02
   2.8005822416302763E-02  4.3973799126637549E-02
   2.7816593886462883E-02  4.4235807860262009E-02
   2.7554585152838425E-02  4.4425036390101889E-02
   2.7205240174672487E-02  4.4541484716157202E-02
   2.6739446870451235E-02  4.4454148471615718E-02
   2.6448326055312953E-02  4.4177583697234353E-02
   2.6433770014556036E-02  4.3784570596797669E-02
   2.6462882096069867E-02  4.3304221251819507E-02
   2.6652110625909751E-02  4.2911208151382822E-02
   2.6855895196506548E-02  4.2503639010189227E-02
   2.7103347889374092E-02  4.2241630276564773E-02
   2.7190684133915573E-02  4.2168850072780206E-02
   2.6870451237263466E-02  4.1935953420669581E-02
   2.6419213973799125E-02  4.1601164483260553E-02
   2.6084425036390101E-02  4.1339155749636092E-02
   2.5895196506550217E-02  4.1295487627365353E-02
   2.5618631732168849E-02  4.1353711790393016E-02
   2.5225618631732168E-02  4.1455604075691412E-02
   2.4876273653566230E-02  4.1513828238719068E-02
   2.4454148471615721E-02  4.1513828238719068E-02
   2.4148471615720524E-02  4.1426491994177583E-02
   2.4032023289665212E-02  4.1062590975254727E-02
   2.3973799126637555E-02  4.0684133915574960E-02
   2.4090247452692868E-02  4.0669577874818050E-02
   2.4323144104803494E-02  4.0538573508005826E-02
   2.4439592430858807E-02  4.0407569141193589E-02
   2.4264919941775837E-02  4.0218340611353709E-02
   2.3799126637554586E-02  3.9606986899563316E-02
   2.3697234352256187E-02  3.9548762736535660E-02
   2.3391557496360987E-02  3.9636098981077145E-02
   2.3129548762736533E-02  3.9839883551673942E-02
   2.2518195050946144E-02  3.9941775836972337E-02
   2.2096069868995632E-02  4.0000000000000001E-02
   2.1688500727802037E-02  4.0000000000000001E-02
   2.1513828238719068E-02  4.0262008733624455E-02
   2.1368267831149926E-02  4.0029112081513829E-02
   2.1819505094614267E-02  3.9490538573508004E-02
   2.2154294032023288E-02  3.9344978165938863E-02
   2.2503639010189227E-02  3.9213973799126632E-02
   2.2838427947598251E-02  3.9082969432314409E-02
   2.2590975254730711E-02  3.8937409024745268E-02
   2.2052401746724893E-02  3.8588064046579329E-02
   2.1746724890829693E-02  3.8398835516739442E-02
   2.1368267831149926E-02  3.8296943231441047E-02
   2.1120815138282387E-02  3.8326055312954875E-02
   2.0684133915574963E-02  3.8398835516739442E-02
   2.0291120815138283E-02  3.8413391557496360E-02
   2.0058224163027657E-02  3.8326055312954875E-02
   1.9839883551673945E-02  3.8034934497816593E-02
   1.9883551673944688E-02  3.7409024745269283E-02
   2.0014556040756915E-02  3.7117903930131001E-02
   2.0087336244541482E-02  3.6914119359534203E-02
   1.9810771470160117E-02  3.6550218340611354E-02
   1.9548762736535660E-02  3.6317321688500728E-02
   1.9257641921397377E-02  3.6084425036390103E-02
   1.9068413391557498E-02  3.5938864628820955E-02
   1.8951965065502185E-02  3.5924308588064044E-02
   1.8631732168850071E-02  3.6040756914119357E-02
   1.8398835516739445E-02  3.6157205240174670E-02
   1.8049490538573507E-02  3.6288209606986893E-02
   1.7700145560407568E-02  3.6462882096069869E-02
   1.7365356622998544E-02  3.6550218340611354E-02
   1.7030567685589519E-02  3.6535662299854436E-02
   1.6783114992721979E-02  3.6200873362445415E-02
   1.6870451237263464E-02  3.5880640465793298E-02
   1.7001455604075691E-02  3.5589519650655016E-02
   1.7132459970887918E-02  3.5138282387190682E-02
   1.7219796215429403E-02  3.5007278020378459E-02
   1.7365356622998544E-02  3.4788937409024744E-02
   1.7234352256186317E-02  3.4410480349344977E-02
   1.6841339155749636E-02  3.3988355167394464E-02
   1.6259097525473071E-02  3.3624454148471615E-02
   1.6026200873362446E-02  3.3653566229985443E-02
   1.5604075691411937E-02  3.3770014556040756E-02
   1.5342066957787483E-02  3.3930131004366808E-02
   1.5050946142649199E-02  3.4133915574963605E-02
   1.4745269286754001E-02  3.4148471615720523E-02
   1.4541484716157205E-02  3.4046579330422121E-02
   1.4497816593886463E-02  3.3740902474526928E-02
   1.4614264919941776E-02  3.3493449781659392E-02
   1.4803493449781657E-02  3.3187772925764192E-02
   1.5021834061135371E-02  3.2998544395924305E-02
   1.5138282387190683E-02  3.2882096069868992E-02
   1.4978165938864627E-02  3.2605531295487628E-02
   1.4832605531295485E-02  3.2430858806404658E-02
   1.4526928675400291E-02  3.2183406113537115E-02
   1.4410480349344978E-02  3.2445414847161569E-02
   1.4148471615720522E-02  3.2765647743813679E-02
   1.3871906841339154E-02  3.2823871906841336E-02
   1.3697234352256185E-02  3.2765647743813679E-02
   1.3595342066957788E-02  3.2532751091703054E-02
   1.3639010189228530E-02  3.2197962154294033E-02
   1.3842794759825326E-02  3.1935953420669579E-02
   1.3973799126637553E-02  3.1775836972343520E-02
   1.3886462882096069E-02  3.1601164483260551E-02
   1.3478893740902475E-02  3.1237263464337698E-02
   1.3158660844250363E-02  3.0989810771470158E-02
   1.2721979621542940E-02  3.1120815138282385E-02
   1.2489082969432314E-02  3.1499272197962155E-02
   1.2197962154294030E-02  3.1688500727802035E-02
   1.1804949053857351E-02  3.1950509461426489E-02
   1.1441048034934499E-02  3.1965065502183407E-02
   1.0960698689956331E-02  3.1804949053857348E-02
   1.0713245997088791E-02  3.1732168850072781E-02
   1.0407569141193595E-02  3.1644832605531296E-02
   1.0582241630276564E-02  3.1135371179039303E-02
   1.0756914119359534E-02  3.0887918486171759E-02
   1.1077147016011644E-02  3.0422125181950505E-02
   1.1382823871906842E-02  3.0101892285298398E-02
   1.1630276564774382E-02  2.9839883551673940E-02
   1.1615720524017468E-02  2.9636098981077146E-02
   1.1310043668122270E-02  2.9228529839883551E-02
   1.1266375545851528E-02  2.9097525473071324E-02
   1.0946142649199417E-02  2.9213973799126637E-02
   1.0596797671033479E-02  2.9432314410480345E-02
   1.0276564774381367E-02  2.9665211062590971E-02
   1.0043668122270741E-02  2.9737991266375548E-02
   9.8544395924308591E-03  2.9737991266375548E-02
   9.8981077147016015E-03  2.9490538573508002E-02
   1.0189228529839882E-02  2.9097525473071324E-02
   1.0349344978165939E-02  2.8762736535662300E-02
   1.0538573508005822E-02  2.8326055312954873E-02
   1.0509461426491994E-02  2.8136826783114993E-02
   1.0232896652110624E-02  2.7714701601164481E-02
   1.0131004366812225E-02  2.7554585152838425E-02
   9.9708879184861720E-03  2.7845705967976711E-02
   9.7962154294032027E-03  2.8267831149927217E-02
   9.6506550218340616E-03  2.8733624454148472E-02
   9.5633187772925770E-03  2.8850072780203784E-02
   9.2867540029112072E-03  2.8820960698689956E-02
   9.1411935953420662E-03  2.8486171761280928E-02
   9.2285298398835508E-03  2.8049490538573509E-02
   9.3304221251819495E-03  2.7510917030567687E-02
   9.5342066957787488E-03  2.7045123726346435E-02
   9.5342066957787488E-03  2.6914119359534205E-02
   9.1557496360989803E-03  2.6870451237263466E-02
   8.9810771470160110E-03  2.6957787481804947E-02
   8.6171761280931583E-03  2.7379912663755456E-02
   8.1950509461426475E-03  2.7874818049490539E-02
   7.7438136826783119E-03  2.8282387190684134E-02
   7.4963609898107712E-03  2.8529839883551671E-02
   7.2197962154294032E-03  2.8631732168850073E-02
   7.0014556040756907E-03  2.8675400291120815E-02
   6.5502183406113534E-03  2.8529839883551671E-02
   6.3318777292576418E-03  2.8107714701601165E-02
   6.0989810771470152E-03  2.7336244541484717E-02
   6.3464337700145559E-03  2.6506550218340610E-02
   6.6229985443959239E-03  2.5997088791848616E-02
   6.9868995633187766E-03  2.5443959243085880E-02
   7.2634643377001455E-03  2.5036390101892285E-02
   7.5545851528384276E-03  2.4701601164483260E-02
   7.5545851528384276E-03  2.4454148471615721E-02
   7.2343522561863173E-03  2.4148471615720524E-02
   7.1179039301310035E-03  2.4308588064046576E-02
   6.8850072780203778E-03  2.4585152838427948E-02
   6.5647743813682675E-03  2.4876273653566230E-02
   6.2882096069868994E-03  2.5152838427947598E-02
   5.9679767103347882E-03  2.5342066957787481E-02
   5.7641921397379916E-03  2.5312954876273649E-02
   5.7205240174672493E-03  2.4919941775836972E-02
   5.7933042212518198E-03  2.4687045123726346E-02
   6.0116448326055305E-03  2.4352256186317322E-02
   6.2299854439592430E-03  2.3988355167394469E-02
   6.5793304221251816E-03  2.3580786026200874E-02
   6.5793304221251816E-03  2.3464337700145561E-02
   6.3173216885007277E-03  2.3173216885007279E-02
   6.2445414847161571E-03  2.3391557496360987E-02
   5.9388646288209600E-03  2.3537117903930128E-02
   5.5458515283842791E-03  2.3595342066957785E-02
   5.1819505094614264E-03  2.3580786026200874E-02
   4.9199417758369725E-03  2.3377001455604073E-02
   4.8908296943231443E-03  2.2954876273653564E-02
   5.1673944687045115E-03  2.2649199417758368E-02
   5.3857350800582239E-03  2.2445414847161570E-02
   5.4585152838427945E-03  2.2125181950509460E-02
   5.4148471615720522E-03  2.1834061135371178E-02
   5.1528384279475974E-03  2.1615720524017463E-02
   4.9199417758369725E-03  2.1732168850072779E-02
   4.6579330422125177E-03  2.1819505094614267E-02
   4.3668122270742356E-03  2.1775836972343521E-02
   4.2212518195050945E-03  2.1601164483260552E-02
   4.2794759825327509E-03  2.1222707423580785E-02
   4.4832605531295484E-03  2.0960698689956331E-02
   4.4978165938864625E-03  2.0800582241630276E-02
   4.4250363901018920E-03  2.0407569141193595E-02
   4.1921397379912663E-03  2.0145560407569138E-02
   3.6244541484716157E-03  2.0145560407569138E-02
   3.1877729257641920E-03  2.0174672489082970E-02
   2.9257641921397381E-03  2.0218340611353712E-02
   2.6055312954876273E-03  2.0058224163027657E-02
   2.7510917030567684E-03  1.9621542940320230E-02
   2.8529839883551676E-03  1.9388646288209608E-02
   2.1397379912663755E-03  1.9752547307132461E-02
   1.6885007278020379E-03  2.0218340611353712E-02
   1.3682678311499271E-03  2.0567685589519651E-02
   1.0334788937409023E-03  2.0917030567685589E-02
   6.5502183406113536E-04  2.0902474526928675E-02
   2.6200873362445414E-04  2.1004366812227074E-02
  -2.7656477438136825E-04  2.0902474526928675E-02
  -4.8034934497816597E-04  2.0669577874818046E-02
  -2.1834061135371177E-04  1.9970887918486169E-02
   1.1644832605531295E-04  1.9403202328966519E-02
   6.5502183406113536E-04  1.9024745269286752E-02
   1.0625909752547307E-03  1.8471615720524019E-02
   1.4556040756914120E-03  1.8020378457059678E-02
   1.4119359534206695E-03  1.7831149927219798E-02
   1.1499272197962153E-03  1.7641921397379912E-02
   9.0247452692867540E-04  1.7438136826783114E-02
   8.0058224163027654E-04  1.7612809315866083E-02
   4.9490538573508007E-04  1.7525473071324599E-02
   1.4556040756914119E-05  1.7656477438136826E-02
  -7.1324599708879190E-04  1.7452692867540028E-02
  -1.2518195050946141E-03  1.7205240174672488E-02
  -1.7758369723435224E-03  1.7161572052401746E-02
  -1.9941775836972344E-03  1.7278020378457059E-02
  -2.4454148471615722E-03  1.7496360989810771E-02
  -2.7947598253275107E-03  1.8034934497816592E-02
  -3.3624454148471618E-03  1.8049490538573507E-02
  -3.9592430858806406E-03  1.8078602620087335E-02
  -4.4395924308588061E-03  1.7991266375545850E-02
  -4.8617176128093161E-03  1.7831149927219798E-02
  -5.2256186317321688E-03  1.7685589519650654E-02
  -5.3711790393013098E-03  1.7510917030567685E-02
  -5.5458515283842791E-03  1.7045123726346433E-02
  -5.2110625909752547E-03  1.6564774381368264E-02
  -4.8180494905385738E-03  1.6055312954876274E-02
  -4.4104803493449779E-03  1.5662299854439593E-02
  -4.0029112081513829E-03  1.5356622998544395E-02
  -3.6098981077147016E-03  1.4963609898107714E-02
  -3.4352256186317319E-03  1.4832605531295485E-02
  -3.1441048034934497E-03  1.4483260553129549E-02
  -2.8529839883551676E-03  1.4512372634643377E-02
  -2.2852983988355165E-03  1.3857350800582240E-02
  -1.9650655021834062E-03  1.3435225618631733E-02
  -1.5574963609898108E-03  1.3231441048034934E-02
  -1.2663755458515282E-03  1.2809315866084425E-02
  -1.0480349344978166E-03  1.2416302765647744E-02
  -8.2969432314410475E-04  1.1848617176128092E-02
  -6.9868995633187768E-04  1.1339155749636098E-02
  -7.1324599708879190E-04  1.1048034934497816E-02
  -8.4425036390101897E-04  1.0713245997088791E-02
  -1.0480349344978166E-03  1.0101892285298397E-02
  -1.2372634643377002E-03  9.5487627365356629E-03
  -1.4701601164483261E-03  9.0829694323144097E-03
  -1.7612809315866083E-03  8.5443959243085878E-03
  -1.9796215429403203E-03  8.0203784570596799E-03
  -2.0669577874818045E-03  7.1761280931586608E-03
  -2.0815138282387186E-03  6.6375545851528380E-03
  -2.1542940320232896E-03  5.6331877729257638E-03
  -2.0960698689956331E-03  5.0509461426491986E-03
  -2.2707423580786024E-03  4.2503639010189227E-03
  -2.3726346433770016E-03  3.9737991266375547E-03
  -2.8384279475982530E-03  3.7991266375545850E-03
  -2.8384279475982530E-03  3.6098981077147016E-03
  -2.7510917030567684E-03  3.1732168850072779E-03
  -2.7947598253275107E-03  2.8820960698689958E-03
  -2.9548762736535663E-03  2.3289665211062589E-03
  -3.0131004366812223E-03  1.8340611353711790E-03
  -2.9839883551673941E-03  1.2227074235807861E-03
  -2.7074235807860261E-03  1.1644832605531295E-04
  -2.3144104803493448E-03 -1.2518195050946141E-03
  -1.1935953420669579E-03 -2.4017467248908298E-03
  -1.1353711790393012E-03 -2.7074235807860261E-03
  -7.8602620087336243E-04 -3.4934497816593883E-03
  -5.3857350800582239E-04 -3.9446870451237265E-03
   1.3100436681222707E-04 -4.5851528384279472E-03
   4.9490538573508007E-04 -5.1237263464337691E-03
   9.7525473071324604E-04 -5.9825327510917023E-03
   1.2372634643377002E-03 -6.6375545851528380E-03
   1.7467248908296941E-03 -7.1761280931586608E-03
   2.0669577874818045E-03 -7.6128093158660841E-03
   2.4890829694323145E-03 -7.9767103347889376E-03
   2.8966521106259099E-03 -8.3406113537117885E-03
   3.2896652110625908E-03 -8.7772925764192135E-03
   3.6681222707423580E-03 -9.1703056768558944E-03
   4.1339155749636090E-03 -9.7671033478893745E-03
   4.3668122270742356E-03 -1.0363901018922853E-02
   4.9927219796215431E-03 -1.1280931586608442E-02
   5.1819505094614264E-03 -1.1761280931586609E-02
   5.5749636098981073E-03 -1.2241630276564773E-02
   5.8515283842794762E-03 -1.2605531295487627E-02
   6.4046579330422123E-03 -1.3275109170305676E-02
   6.7540029112081517E-03 -1.3813682678311498E-02
   6.8558951965065496E-03 -1.3988355167394467E-02
   7.5109170305676853E-03 -1.4046579330422124E-02
   7.8602620087336247E-03 -1.4279475982532749E-02
   8.3260553129548744E-03 -1.5152838427947596E-02
   8.4570596797671031E-03 -1.5589519650655021E-02
   9.2139737991266367E-03 -1.6113537117903930E-02
   9.5778748180494911E-03 -1.6346433770014556E-02
   1.0320232896652109E-02 -1.6768558951965065E-02
   1.0960698689956331E-02 -1.7088791848617176E-02
   1.1673944687045124E-02 -1.7481804949053856E-02
   1.2066957787481803E-02 -1.7627365356622997E-02
   1.2532751091703057E-02 -1.7947598253275111E-02
   1.2896652110625909E-02 -1.8660844250363899E-02
   1.3100436681222707E-02 -1.9286754002911206E-02
   1.3260553129548762E-02 -1.9636098981077144E-02
   1.3624454148471616E-02 -2.0276564774381368E-02
   1.3944687045123725E-02 -2.0698689956331878E-02
   1.4439592430858806E-02 -2.1237263464337700E-02
   1.4832605531295485E-02 -2.1004366812227074E-02
   1.5225618631732168E-02 -2.0873362445414847E-02
   1.5589519650655021E-02 -2.0742358078602620E-02
   1.5924308588064047E-02 -2.0946142649199417E-02
   1.6200873362445415E-02 -2.1368267831149926E-02
   1.6491994177583697E-02 -2.1513828238719068E-02
   1.6972343522561863E-02 -2.1732168850072779E-02
   1.7496360989810771E-02 -2.2328966521106258E-02
   1.7729257641921396E-02 -2.2867540029112080E-02
   1.7743813682678310E-02 -2.3245997088791846E-02
   1.7874818049490537E-02 -2.3377001455604073E-02
   1.8209606986899562E-02 -2.3377001455604073E-02
   1.8529839883551676E-02 -2.3129548762736533E-02
   1.8820960698689954E-02 -2.2736535662299856E-02
   1.9010189228529841E-02 -2.2459970887918488E-02
   1.9272197962154295E-02 -2.2299854439592429E-02
   1.9694323144104801E-02 -2.2416302765647742E-02
   2.0422125181950510E-02 -2.2416302765647742E-02
   2.1091703056768558E-02 -2.2809315866084423E-02
   2.1310043668122270E-02 -2.3027656477438135E-02
   2.1761280931586607E-02 -2.3682678311499273E-02
   2.2066957787481804E-02 -2.4133915574963607E-02
   2.2459970887918488E-02 -2.4585152838427948E-02
   2.2503639010189227E-02 -2.4643377001455604E-02
   2.2969432314410478E-02 -2.4556040756914119E-02
   2.3449781659388644E-02 -2.4730713245997085E-02
   2.4235807860262009E-02 -2.4745269286754003E-02
   2.4264919941775837E-02 -2.4978165938864628E-02
   2.4512372634643377E-02 -2.5371179039301306E-02
   2.4599708879184858E-02 -2.5720524017467248E-02
   2.4876273653566230E-02 -2.5880640465793303E-02
   2.5225618631732168E-02 -2.5851528384279475E-02
   2.5356622998544395E-02 -2.5705967976710334E-02
   2.5720524017467248E-02 -2.5531295487627365E-02
   2.5982532751091705E-02 -2.5633187772925763E-02
   2.6360989810771469E-02 -2.5895196506550217E-02
   2.6404657933042211E-02 -2.6259097525473070E-02
   2.6855895196506548E-02 -2.6797671033478892E-02
   2.7612809315866082E-02 -2.7001455604075689E-02
   2.8064046579330419E-02 -2.6972343522561861E-02
   2.8820960698689956E-02 -2.7176128093158659E-02
   2.9126637554585149E-02 -2.7088791848617174E-02
   3.0072780203784566E-02 -2.7409024745269284E-02
   3.0625909752547305E-02 -2.7423580786026198E-02
   3.1790393013100438E-02 -2.7656477438136824E-02
   3.2372634643377002E-02 -2.8180494905385732E-02
   3.3187772925764192E-02 -2.8617176128093159E-02
   3.3624454148471615E-02 -2.8864628820960699E-02
   3.4294032023289664E-02 -2.9010189228529836E-02
   3.4556040756914118E-02 -2.8922852983988355E-02
   3.4890829694323146E-02 -2.8762736535662300E-02
   3.5152838427947600E-02 -2.8646288209606987E-02
   3.4992721979621541E-02 -2.8995633187772926E-02
   3.5050946142649198E-02 -2.9170305676855895E-02
   3.5604075691411934E-02 -2.9359534206695775E-02
   3.6171761280931580E-02 -2.9272197962154294E-02
   3.6419213973799124E-02 -2.9257641921397376E-02
   3.6972343522561860E-02 -2.9708879184861717E-02
   3.7409024745269283E-02 -2.9825327510917030E-02
   3.7976710334788936E-02 -2.9403202328966521E-02
   3.8413391557496360E-02 -2.9374090247452689E-02
   3.8617176128093157E-02 -2.9606986899563315E-02
   3.8631732168850068E-02 -2.9767103347889373E-02
   3.8850072780203783E-02 -3.0029112081513831E-02
   3.9286754002911206E-02 -3.0203784570596800E-02
   3.9519650655021832E-02 -3.0334788937409023E-02
   3.9898107714701599E-02 -3.0465793304221250E-02
   4.0203784570596798E-02 -3.0465793304221250E-02
   4.0465793304221252E-02 -3.0334788937409023E-02
   4.0625909752547304E-02 -3.0684133915574965E-02
   4.1033478893740899E-02 -3.0756914119359532E-02
   4.1310043668122270E-02 -3.0946142649199416E-02
   4.1644832605531291E-02 -3.1149927219796217E-02
   4.1906841339155745E-02 -3.1353711790393007E-02
   4.2212518195050945E-02 -3.1368267831149925E-02
   4.2561863173216884E-02 -3.1193595342066952E-02
   4.2882096069868987E-02 -3.1091703056768560E-02
   4.3173216885007276E-02 -3.1048034934497815E-02
   4.3508005822416297E-02 -3.1164483260553127E-02
   4.3697234352256184E-02 -3.0902474526928677E-02
   4.3915574963609892E-02 -3.0960698689956326E-02
   4.4250363901018920E-02 -3.1222707423580784E-02
   4.4599708879184859E-02 -3.1441048034934499E-02
   4.4949053857350797E-02 -3.1688500727802035E-02
   4.5560407569141190E-02 -3.1892285298398833E-02
   4.6069868995633187E-02 -3.2256186317321689E-02
   4.7263464337700144E-02 -3.2765647743813679E-02
   4.7540029112081515E-02 -3.2765647743813679E-02
   4.8034934497816588E-02 -3.2503639010189225E-02
   4.8180494905385736E-02 -3.2489082969432315E-02
   4.8529839883551674E-02 -3.2561863173216882E-02
   4.8544395924308585E-02 -3.2882096069868992E-02
   4.8573508005822420E-02 -3.3100436681222707E-02
   4.8675400291120809E-02 -3.3435225618631735E-02
   4.8908296943231434E-02 -3.3391557496360989E-02
   4.9286754002911208E-02 -3.3129548762736528E-02
   4.9694323144104803E-02 -3.2751091703056769E-02
   5.0029112081513824E-02 -3.2474526928675397E-02
   4.9796215429403198E-02 -3.2896652110625903E-02
   4.9781659388646288E-02 -3.3027656477438140E-02
   4.9781659388646288E-02 -3.3158660844250364E-02
   4.9941775836972339E-02 -3.3508005822416302E-02
   5.0189228529839883E-02 -3.3711790393013100E-02
   5.0436681222707419E-02 -3.3726346433770017E-02
   5.0873362445414849E-02 -3.3449781659388646E-02
   5.1280931586608444E-02 -3.3304221251819498E-02
   5.1630276564774383E-02 -3.3173216885007274E-02
   5.1615720524017472E-02 -3.3318777292576422E-02
   5.1732168850072785E-02 -3.3522561863173213E-02
   5.1965065502183404E-02 -3.3755458515283839E-02
   5.2008733624454143E-02 -3.4017467248908299E-02
   5.2125181950509455E-02 -3.4221251819505090E-02
   5.2328966521106253E-02 -3.4192139737991269E-02
   5.2605531295487624E-02 -3.4090247452692866E-02
   5.3027656477438130E-02 -3.3944687045123725E-02
   5.3304221251819502E-02 -3.3784570596797674E-02
   5.3668122270742358E-02 -3.3668122270742361E-02
   5.4075691411935946E-02 -3.3624454148471615E-02
   5.4410480349344974E-02 -3.3522561863173213E-02
   5.4876273653566225E-02 -3.3362445414847154E-02
   5.4759825327510912E-02 -3.3639010189228526E-02
   5.4759825327510912E-02 -3.3901018922852987E-02
   5.4803493449781658E-02 -3.3959243085880643E-02
   5.5021834061135373E-02 -3.4032023289665210E-02
   5.5545851528384274E-02 -3.4614264919941774E-02
   5.5938864628820958E-02 -3.4701601164483259E-02
   5.6331877729257643E-02 -3.4832605531295482E-02
   5.6622998544395925E-02 -3.4905385735080056E-02
   5.6812227074235805E-02 -3.5240174672489077E-02
   5.6899563318777290E-02 -3.5458515283842792E-02
   5.7248908296943228E-02 -3.5866084425036387E-02
   5.7641921397379912E-02 -3.6069868995633185E-02
   5.8282387190684126E-02 -3.5953420669577872E-02
   5.8689956331877728E-02 -3.5953420669577872E-02
   5.8995633187772921E-02 -3.5705967976710329E-02
   5.9257641921397375E-02 -3.5400291120815136E-02
   5.9592430858806410E-02 -3.5080058224163026E-02
   5.9854439592430857E-02 -3.4803493449781661E-02
   5.9854439592430857E-02 -3.4818049490538572E-02
   5.9737991266375544E-02 -3.5007278020378459E-02
   5.9665211062590977E-02 -3.5327510917030569E-02
   5.9592430858806410E-02 -3.5633187772925762E-02
   5.9592430858806410E-02 -3.5647743813682672E-02
   6.0043668122270737E-02 -3.5618631732168851E-02
   6.0276564774381369E-02 -3.5443959243085882E-02
   6.0524017467248913E-02 -3.5269286754002913E-02
   6.0742358078602621E-02 -3.5036390101892287E-02
   6.1091703056768559E-02 -3.4934497816593885E-02
   6.1339155749636103E-02 -3.4890829694323146E-02
   6.1863173216885003E-02 -3.4832605531295482E-02
   6.2372634643377001E-02 -3.4919941775836974E-02
   6.2459970887918492E-02 -3.5065502183406108E-02
   6.2896652110625909E-02 -3.5516739446870449E-02
   6.3042212518195057E-02 -3.5735080058224164E-02
   6.3406113537117906E-02 -3.5836972343522566E-02
   6.3930131004366814E-02 -3.6011644832605536E-02
   6.4585152838427945E-02 -3.6404657933042206E-02
   6.5050946142649196E-02 -3.6404657933042206E-02
   6.5240174672489090E-02 -3.6375545851528385E-02
   6.5240174672489090E-02 -3.6695778748180495E-02
   6.5385735080058224E-02 -3.7001455604075688E-02
   6.5414847161572046E-02 -3.7336244541484716E-02
   6.5487627365356613E-02 -3.7671033478893744E-02
   6.5735080058224163E-02 -3.7729257641921400E-02
   6.6244541484716160E-02 -3.7612809315866087E-02
   6.6797671033478903E-02 -3.6841339155749636E-02
   6.7379912663755454E-02 -3.6593886462882100E-02
   6.7772925764192138E-02 -3.6302765647743811E-02
   6.8107714701601166E-02 -3.6128093158660848E-02
   6.8122270742358076E-02 -3.6128093158660848E-02
   6.8515283842794761E-02 -3.6288209606986893E-02
   6.8820960698689954E-02 -3.6375545851528385E-02
   6.8850072780203789E-02 -3.6783114992721980E-02
   6.8791848617176118E-02 -3.7147016011644829E-02
   6.8762736535662297E-02 -3.7379912663755455E-02
   6.8762736535662297E-02 -3.7467248908296939E-02
   6.9141193595342071E-02 -3.7525473071324596E-02
   6.9898107714701591E-02 -3.7365356622998544E-02
   7.0305676855895199E-02 -3.7278020378457059E-02
   7.0698689956331884E-02 -3.7132459970887918E-02
   7.0567685589519646E-02 -3.7350800582241626E-02
   7.0480349344978155E-02 -3.7598253275109170E-02
   7.0480349344978155E-02 -3.7671033478893744E-02
   7.0756914119359526E-02 -3.7787481804949057E-02
   7.1062590975254719E-02 -3.7831149927219795E-02
   7.1222707423580778E-02 -3.7729257641921400E-02
   7.1601164483260551E-02 -3.7554585152838431E-02
   7.2023289665211071E-02 -3.7467248908296939E-02
   7.2518195050946144E-02 -3.7423580786026193E-02
   7.2896652110625904E-02 -3.7787481804949057E-02
   7.2940320232896649E-02 -3.7933042212518191E-02
   7.2954876273653560E-02 -3.8427947598253277E-02
   7.2823871906841336E-02 -3.8427947598253277E-02
   7.2998544395924306E-02 -3.9010189228529842E-02
   7.3304221251819499E-02 -3.9097525473071319E-02
   7.3740902474526929E-02 -3.9141193595342065E-02
   7.4192139737991269E-02 -3.9024745269286752E-02
   7.4395924308588060E-02 -3.8820960698689955E-02
   7.4628820960698686E-02 -3.8544395924308590E-02
   7.4847161572052401E-02 -3.8515283842794755E-02
   7.5312954876273652E-02 -3.8704512372634642E-02
   7.5400291120815130E-02 -3.8850072780203783E-02
   7.5312954876273652E-02 -3.9330422125181945E-02
   7.5225618631732175E-02 -3.9417758369723437E-02
   7.5429403202328965E-02 -3.9432314410480347E-02
   7.5866084425036381E-02 -3.8922852983988350E-02
   7.6157205240174677E-02 -3.8733624454148470E-02
   7.6477438136826767E-02 -3.8558951965065501E-02
   7.7059679767103345E-02 -3.8369723435225621E-02
   7.7423580786026194E-02 -3.8296943231441047E-02
   7.8078602620087326E-02 -3.8253275109170308E-02
   7.8646288209606993E-02 -3.8253275109170308E-02
   7.8966521106259097E-02 -3.8253275109170308E-02
   7.8864628820960694E-02 -3.8617176128093157E-02
   7.8704512372634636E-02 -3.8981077147016006E-02
   7.8660844250363890E-02 -3.9082969432314409E-02
   7.8922852983988351E-02 -3.9184861717612811E-02
   7.9315866084425035E-02 -3.9024745269286752E-02
   7.9970887918486167E-02 -3.8981077147016006E-02
   8.0363901018922851E-02 -3.8893740902474529E-02
   8.0902474526928669E-02 -3.8820960698689955E-02
   8.1426491994177591E-02 -3.9024745269286752E-02
   8.1863173216884993E-02 -3.9228529839883550E-02
   8.1804949053857351E-02 -3.9432314410480347E-02
   8.1615720524017471E-02 -3.9548762736535660E-02
   8.1368267831149921E-02 -3.9475982532751086E-02
   8.1586608442503636E-02 -3.9825327510917025E-02
   8.2023289665211052E-02 -3.9868995633187770E-02
   8.2358078602620094E-02 -3.9927219796215427E-02
   8.2736535662299854E-02 -3.9941775836972337E-02
   8.3187772925764181E-02 -3.9752547307132458E-02
   8.3508005822416298E-02 -3.9708879184861712E-02
   8.3944687045123728E-02 -3.9650655021834062E-02
   8.4395924308588055E-02 -3.9374090247452691E-02
   8.4221251819505086E-02 -3.9752547307132458E-02
   8.4104803493449787E-02 -3.9883551673944688E-02
   8.3944687045123728E-02 -4.0058224163027650E-02
   8.3930131004366804E-02 -4.0116448326055314E-02
   8.4177583697234354E-02 -4.0189228529839881E-02
   8.4730713245997083E-02 -4.0029112081513829E-02
   8.5181950509461424E-02 -3.9912663755458516E-02
   8.5531295487627362E-02 -3.9810771470160114E-02
   8.6026200873362449E-02 -3.9737991266375547E-02
   8.6390101892285298E-02 -3.9665211062590973E-02
   8.6855895196506536E-02 -3.9650655021834062E-02
   8.7205240174672474E-02 -3.9636098981077145E-02
   8.7103347889374086E-02 -4.0087336244541485E-02
   8.7030567685589519E-02 -4.0334788937409022E-02
   8.7059679767103340E-02 -4.0887918486171765E-02
   8.7278020378457069E-02 -4.1164483260553122E-02
   8.7496360989810770E-02 -4.1324599708879181E-02
   8.7714701601164471E-02 -4.1411935953420666E-02
   8.8020378457059678E-02 -4.1426491994177583E-02
   8.8384279475982527E-02 -4.1266375545851525E-02
   8.8660844250363899E-02 -4.1106259097525466E-02
   8.8908296943231435E-02 -4.0917030567685586E-02
   8.9082969432314404E-02 -4.0698689956331878E-02
   8.8981077147016016E-02 -4.0858806404657930E-02
   8.8733624454148466E-02 -4.1208151382823868E-02
   8.8471615720524019E-02 -4.1615720524017463E-02
   8.8326055312954871E-02 -4.1892285298398835E-02
   8.8311499272197960E-02 -4.1965065502183402E-02
   8.8355167394468706E-02 -4.2183406113537117E-02
   8.8486171761280930E-02 -4.2256186317321684E-02
   8.9010189228529837E-02 -4.2285298398835519E-02
   8.9228529839883552E-02 -4.2125181950509460E-02
   8.9548762736535656E-02 -4.1746724890829694E-02
   8.9941775836972340E-02 -4.1528384279475979E-02
   9.0189228529839877E-02 -4.1411935953420666E-02
   9.0611353711790382E-02 -4.1077147016011645E-02
   9.0844250363901008E-02 -4.0873362445414840E-02
   9.1091703056768558E-02 -4.0756914119359527E-02
   9.1630276564774377E-02 -4.0684133915574960E-02
   9.1892285298398824E-02 -4.0669577874818050E-02
   9.2489082969432312E-02 -4.0713245997088796E-02
   9.3100436681222698E-02 -4.0771470160116452E-02
   9.2896652110625907E-02 -4.1397379912663755E-02
   9.2765647743813684E-02 -4.2081513828238715E-02
   9.2678311499272192E-02 -4.2387190684133914E-02
   9.2852983988355162E-02 -4.2387190684133914E-02
   9.3144104803493444E-02 -4.1935953420669581E-02
   9.3566229985443949E-02 -4.1935953420669581E-02
   9.3944687045123723E-02 -4.1906841339155745E-02
   9.4352256186317318E-02 -4.1688500727802037E-02
   9.4745269286754003E-02 -4.1542940320232896E-02
   9.5065502183406106E-02 -4.1455604075691412E-02
   9.5691411935953416E-02 -4.1382823871906838E-02
   9.5997088791848609E-02 -4.1295487627365353E-02
   9.6404657933042218E-02 -4.1324599708879181E-02
   9.6899563318777290E-02 -4.1339155749636092E-02
   9.7219796215429408E-02 -4.1441048034934494E-02
   9.7045123726346424E-02 -4.1863173216885007E-02
   9.7045123726346424E-02 -4.2168850072780206E-02
   9.6972343522561857E-02 -4.2692867540029107E-02
   9.7379912663755452E-02 -4.2867540029112076E-02
   9.7481804949053855E-02 -4.2751091703056771E-02
   9.8049490538573494E-02 -4.2692867540029107E-02
   9.8486171761280925E-02 -4.2794759825327509E-02
   9.8602620087336237E-02 -4.2852983988355166E-02
   9.9184861717612802E-02 -4.2969432314410479E-02
   9.9577874818049486E-02 -4.2983988355167389E-02
   0.1002474526928675     -4.2998544395924300E-02
   0.1004949053857351     -4.3013100436681224E-02
   0.1008005822416303     -4.2925764192139733E-02
   0.1011790393013100     -4.2838427947598255E-02
   0.1015283842794760     -4.2707423580786025E-02
   0.1019650655021834     -4.1950509461426491E-02
   0.1025764192139738     -4.2008733624454148E-02
   0.1029548762736536     -4.2125181950509460E-02
   0.1031295487627365     -4.2416302765647743E-02
   0.1032896652110626     -4.2561863173216884E-02
   0.1036535662299854     -4.2736535662299853E-02
   0.1042503639010189     -4.2780203784570599E-02
   0.1048617176128093     -4.2794759825327509E-02
   0.1051382823871907     -4.2823871906841338E-02
   0.1050800582241630     -4.2969432314410479E-02
   0.1050800582241630     -4.3100436681222702E-02
   0.1052983988355167     -4.3304221251819507E-02
   0.1057787481804949     -4.3537117903930132E-02
   0.1059388646288210     -4.3478893740902476E-02
   0.1065211062590975     -4.3333333333333328E-02
   0.1068995633187773     -4.3318777292576417E-02
   0.1073508005822416     -4.3493449781659387E-02
   0.1081513828238719     -4.3755458515283840E-02
   0.1088500727802038     -4.3813682678311497E-02
   0.1094759825327511     -4.3857350800582236E-02
   0.1100145560407569     -4.3871906841339153E-02
   0.1105967976710335     -4.3886462882096071E-02
   0.1111644832605531     -4.3988355167394466E-02
   0.1119068413391557     -4.4090247452692861E-02
   0.1128093158660844     -4.4395924308588061E-02
   0.1134352256186317     -4.4628820960698687E-02
   0.1138427947598253     -4.4832605531295484E-02
   0.1145997088791849     -4.5298398835516736E-02
   0.1152401746724891     -4.5662299854439592E-02
   0.1158078602620087     -4.6055312954876276E-02
   0.1165065502183406     -4.6084425036390098E-02
   0.1171615720524017     -4.6404657933042215E-02
   0.1178602620087336     -4.6986899563318779E-02
   0.1184861717612809     -4.7598253275109172E-02
   0.1189374090247453     -4.8049490538573505E-02
   0.1192430858806405     -4.8762736535662300E-02
   0.1196215429403202     -4.9126637554585149E-02
   0.1198835516739447     -4.9388646288209603E-02
   0.1202474526928675     -4.9388646288209603E-02
   0.1206404657933042     -4.9068413391557493E-02
   0.1210189228529840     -4.8660844250363898E-02
   0.1213100436681223     -4.8180494905385736E-02
   0.1217467248908297     -4.7263464337700144E-02
   0.1222270742358079     -4.6491994177583693E-02
   0.1226491994177584     -4.5924308588064039E-02
   0.1236535662299854     -4.6011644832605531E-02
   0.1235371179039301     -4.6244541484716156E-02
   0.1231586608442504     -4.6739446870451236E-02
   0.1228529839883552     -4.7234352256186315E-02
   0.1226783114992722     -4.7510917030567687E-02
   0.1226055312954876     -4.7772925764192141E-02
   0.1229985443959243     -4.7787481804949052E-02
   0.1235080058224163     -4.7394468704512374E-02
   0.1240320232896652     -4.6666666666666662E-02
   0.1242940320232897     -4.6186317321688500E-02
   0.1244832605531295     -4.5895196506550218E-02
   0.1251673944687045     -4.6128093158660843E-02
   0.1253420669577875     -4.6186317321688500E-02
   0.1257787481804949     -4.6462882096069871E-02
   0.1263173216885007     -4.6637554585152841E-02
   0.1272489082969432     -4.6754002911208153E-02
   0.1279767103347889     -4.6855895196506549E-02
   0.1287336244541485     -4.6928675400291123E-02
   0.1296797671033479     -4.7059679767103346E-02
   0.1304657933042212     -4.7219796215429398E-02
   0.1311790393013101     -4.7321688500727800E-02
   0.1318631732168850     -4.7467248908296941E-02
   0.1324163027656477     -4.7598253275109172E-02
   0.1331732168850073     -4.7671033478893739E-02
   0.1338427947598253     -4.7700145560407567E-02
   0.1343959243085881     -4.7860262008733619E-02
   0.1349781659388646     -4.8034934497816588E-02
   0.1353420669577875     -4.8151382823871901E-02
   0.1358660844250364     -4.8151382823871901E-02
   0.1363901018922853     -4.8165938864628818E-02
   0.1367976710334789     -4.8180494905385736E-02
   0.1369577874818050     -4.8340611353711788E-02
   0.1372343522561863     -4.8253275109170303E-02
   0.1377438136826783     -4.8326055312954870E-02
   0.1381368267831150     -4.8340611353711788E-02
   0.1384425036390102     -4.8296943231441049E-02
   0.1388791848617176     -4.8296943231441049E-02
   0.1393449781659389     -4.8340611353711788E-02
   0.1396360989810772     -4.8558951965065496E-02
   0.1400727802037846     -4.9024745269286747E-02
   0.1405967976710335     -4.9053857350800582E-02
   0.1410334788937409     -4.9053857350800582E-02
   0.1413391557496361     -4.9053857350800582E-02
   0.1413391557496361     -4.9228529839883552E-02
   0.1413973799126638     -4.9475982532751088E-02
   0.1413973799126638     -4.9810771470160116E-02
   0.1416011644832605     -4.9898107714701601E-02
   0.1424308588064047     -5.0014556040756913E-02
   0.1433187772925764     -5.0043668122270742E-02
   0.1437991266375546     -4.9999999999999996E-02
   0.1442066957787482     -4.9737991266375542E-02
   0.1446579330422125     -4.9475982532751088E-02
   0.1449781659388646     -4.9272197962154290E-02
   0.1452547307132460     -4.9097525473071328E-02
   0.1455895196506550     -4.9039301310043665E-02
   0.1459097525473071     -4.8835516739446867E-02
   0.1459679767103348     -4.9010189228529837E-02
   0.1458806404657933     -4.9388646288209603E-02
   0.1457496360989811     -4.9606986899563318E-02
   0.1456331877729258     -4.9767103347889370E-02
   0.1459388646288209     -4.9970887918486168E-02
   0.1464919941775837     -5.0072780203784570E-02
   0.1472052401746725     -5.0029112081513824E-02
   0.1475836972343522     -4.9868995633187772E-02
   0.1483988355167394     -4.9490538573508006E-02
   0.1485735080058224     -4.9301310043668119E-02
   0.1487627365356623     -4.9053857350800582E-02
   0.1491994177583697     -4.9039301310043665E-02
   0.1491557496360990     -4.9359534206695775E-02
   0.1490829694323144     -4.9636098981077147E-02
   0.1486899563318777     -4.9912663755458511E-02
   0.1484716157205240     -5.0131004366812226E-02
   0.1481659388646288     -5.0378457059679763E-02
   0.1480640465793304     -5.0596797671033478E-02
   0.1483114992721979     -5.0669577874818045E-02
   0.1487190684133916     -5.0669577874818045E-02
   0.1492721979621543     -5.0625909752547299E-02
   0.1497088791848617     -5.0538573508005821E-02
   0.1501164483260553     -5.0291120815138278E-02
   0.1504512372634643     -5.0072780203784570E-02
   0.1507569141193595     -4.9839883551673944E-02
   0.1510043668122271     -4.9679767103347885E-02
   0.1509898107714701     -5.0116448326055309E-02
   0.1508588064046579     -5.0800582241630275E-02
   0.1508442503639010     -5.1266375545851527E-02
   0.1510043668122271     -5.1659388646288204E-02
   0.1512809315866084     -5.1790393013100434E-02
   0.1519650655021834     -5.1280931586608444E-02
   0.1523289665211063     -5.0946142649199416E-02
   0.1526200873362445     -5.0596797671033478E-02
   0.1530276564774381     -5.0218340611353711E-02
   0.1533333333333333     -4.9883551673944683E-02
   0.1535080058224163     -4.9679767103347885E-02
   0.1545705967976710     -4.9825327510917027E-02
   0.1567976710334789     -5.0072780203784570E-02
   0.1590101892285298     -5.0029112081513824E-02
   0.1613537117903930     -5.0655021834061134E-02
   0.1634206695778748     -5.0931586608442506E-02
   0.1648617176128093     -5.1572052401746726E-02
   0.1651673944687045     -5.1644832605531293E-02
   0.1657350800582242     -5.1761280931586606E-02
   0.1661426491994177     -5.1804949053857352E-02
   0.1666229985443959     -5.1921397379912665E-02
   0.1673216885007278     -5.2037845705967978E-02
   0.1678893740902475     -5.2139737991266373E-02
   0.1687045123726346     -5.2314410480349342E-02
   0.1693304221251819     -5.2401746724890827E-02
   0.1702474526928675     -5.2561863173216879E-02
   0.1711208151382824     -5.2678311499272192E-02
   0.1720960698689956     -5.2852983988355168E-02
   0.1728675400291121     -5.2925764192139735E-02
   0.1733624454148472     -5.2998544395924309E-02
   0.1742649199417758     -5.3202328966521106E-02
   0.1748471615720524     -5.3245997088791845E-02
   0.1754439592430859     -5.3347889374090247E-02
   0.1759388646288209     -5.3406113537117904E-02
   0.1771179039301310     -5.3522561863173217E-02
   0.1784133915574964     -5.3653566229985440E-02
   0.1794177583697234     -5.3726346433770007E-02
   0.1803493449781659     -5.3842794759825320E-02
   0.1812081513828239     -5.4133915574963602E-02
   0.1821397379912664     -5.4177583697234348E-02
   0.1832023289665211     -5.4294032023289661E-02
   0.1838427947598253     -5.4090247452692870E-02
   0.1844104803493450     -5.4119359534206692E-02
   0.1854148471615720     -5.4206695778748183E-02
   0.1866521106259098     -5.4264919941775833E-02
   0.1872489082969432     -5.4294032023289661E-02
   0.1881368267831150     -5.4366812227074235E-02
   0.1888646288209607     -5.4439592430858809E-02
   0.1897088791848617     -5.5080058224163023E-02
   0.1904221251819505     -5.5196506550218336E-02
   0.1909752547307132     -5.5327510917030566E-02
   0.1915138282387191     -5.5400291120815140E-02
   0.1921542940320233     -5.5094614264919940E-02
   0.1927947598253275     -5.5138282387190686E-02
   0.1938282387190684     -5.5225618631732164E-02
   0.1943668122270742     -5.5283842794759827E-02
   0.1950218340611354     -5.5662299854439587E-02
   0.1959679767103348     -5.5924308588064048E-02
   0.1967103347889374     -5.6011644832605526E-02
   0.1974381368267831     -5.6084425036390100E-02
   0.1983260553129549     -5.6128093158660838E-02
   0.1993013100436681     -5.6215429403202330E-02
   0.2002037845705968     -5.6317321688500725E-02
   0.2010334788937409     -5.6404657933042210E-02
   0.2018049490538573     -5.6491994177583701E-02
   0.2029985443959243     -5.6666666666666664E-02
   0.2037409024745269     -5.6754002911208148E-02
   0.2047307132459971     -5.6899563318777290E-02
   0.2051382823871907     -5.6943231441048028E-02
   0.2057496360989811     -5.7001455604075685E-02
   0.2067685589519651     -5.7147016011644833E-02
   0.2079475982532751     -5.7248908296943228E-02
   0.2090101892285298     -5.7423580786026197E-02
   0.2098107714701601     -5.7423580786026197E-02
   0.2106550218340611     -5.7496360989810771E-02
   0.2112372634643377     -5.7540029112081510E-02
   0.2120669577874818     -5.7569141193595338E-02
   0.2125036390101892     -5.7627365356622995E-02
   0.2136244541484716     -5.7743813682678308E-02
   0.2144395924308588     -5.7802037845705964E-02
   0.2151237263464338     -5.7860262008733621E-02
   0.2160116448326055     -5.7889374090247449E-02
   0.2169577874818049     -5.7976710334788933E-02
   0.2181513828238719     -5.8049490538573507E-02
   0.2190684133915575     -5.8136826783114985E-02
   0.2198981077147016     -5.8209606986899559E-02
   0.2217321688500728     -5.8311499272197961E-02
   0.2225036390101892     -5.8311499272197961E-02
   0.2234352256186317     -5.8326055312954872E-02
   0.2240611353711790     -5.8369723435225611E-02
   0.2248180494905386     -5.8238719068413394E-02
   0.2258369723435226     -5.8296943231441044E-02
   0.2267248908296943     -5.8384279475982535E-02
   0.2277583697234352     -5.8675400291120811E-02
   0.2286608442503639     -5.8748180494905378E-02
   0.2297379912663755     -5.8850072780203787E-02
   0.2311935953420669     -5.8922852983988354E-02
   0.2324599708879185     -5.9126637554585151E-02
   0.2337263464337700     -5.9315866084425038E-02
   0.2351528384279476     -5.9461426491994172E-02
   0.2362445414847162     -5.9490538573508001E-02
   0.2371615720524017     -5.9490538573508001E-02
   0.2385589519650655     -5.9534206695778746E-02
   0.2398689956331878     -5.9723435225618626E-02
   0.2409024745269287     -5.9723435225618626E-02
   0.2419068413391557     -5.9723435225618626E-02
   0.2433915574963610     -5.9737991266375544E-02
   0.2443668122270742     -5.9796215429403193E-02
   0.2449199417758370     -5.9708879184861723E-02
   0.2455604075691412     -5.9708879184861723E-02
   0.2466375545851528     -5.9708879184861723E-02
   0.2477583697234352     -5.9825327510917035E-02
