   4.5822416302765651E-02  5.3187772925764189E-02
   4.5604075691411936E-02  5.3333333333333330E-02
   4.5342066957787482E-02  5.3464337700145560E-02
   4.5050946142649199E-02  5.3624454148471619E-02
   4.4832605531295484E-02  5.3682678311499268E-02
   4.4541484716157202E-02  5.3682678311499268E-02
   4.4395924308588061E-02  5.3420669577874814E-02
   4.4366812227074233E-02  5.3085880640465793E-02
   4.4352256186317322E-02  5.2852983988355168E-02
   4.4425036390101889E-02  5.2590975254730714E-02
   4.4448326055312952E-02  5.2116448326055310E-02
   4.1659388646288209E-02  5.0643377001455603E-02
   3.8998544395924303E-02  4.9176128093158661E-02
   3.6503639010189229E-02  4.7745269286754002E-02
   3.3219796215429399E-02  4.5771470160116443E-02
   3.0902474526928677E-02  4.4294032023289666E-02
   3.0742358078602622E-02  4.4526928675400292E-02
   3.0480349344978161E-02  4.4934497816593887E-02
   3.0232896652110625E-02  4.5283842794759825E-02
   2.9941775836972342E-02  4.5473071324599712E-02
   2.9636098981077146E-02  4.5458515283842794E-02
   2.9417758369723431E-02  4.5167394468704512E-02
   2.9170305676855895E-02  4.4512372634643374E-02
   2.9155749636098981E-02  4.4264919941775831E-02
   2.9010189228529836E-02  4.3580786026200871E-02
   2.9053857350800582E-02  4.3216885007278015E-02
   2.6570596797671035E-02  4.1417758369723438E-02
   2.5443959243085880E-02  4.1222707423580779E-02
   2.5211062590975254E-02  4.1368267831149927E-02
   2.4687045123726346E-02  4.1266375545851525E-02
   2.4163027656477438E-02  4.1266375545851525E-02
   2.4061135371179040E-02  4.0989810771470153E-02
   2.4061135371179040E-02  4.0684133915574960E-02
   2.4104803493449782E-02  4.0232896652110627E-02
   2.4163027656477438E-02  4.0014556040756911E-02
   2.3944687045123727E-02  3.9737991266375547E-02
   2.3784570596797668E-02  3.9563318777292578E-02
   2.3697234352256187E-02  3.9708879184861712E-02
   2.3449781659388644E-02  4.0116448326055314E-02
   2.3027656477438135E-02  4.0203784570596798E-02
   2.2969432314410478E-02  4.0203784570596798E-02
   2.2954876273653564E-02  3.9767103347889375E-02
   2.2954876273653564E-02  3.9417758369723437E-02
   2.3013100436681221E-02  3.9010189228529842E-02
   2.2707423580786024E-02  3.8791848617176126E-02
   2.2416302765647742E-02  3.8544395924308590E-02
   2.2212518195050945E-02  3.8602620087336247E-02
   2.1863173216885006E-02  3.8806404657933037E-02
   2.1630276564774380E-02  3.8806404657933037E-02
   2.1397379912663755E-02  3.8660844250363903E-02
   2.1280931586608442E-02  3.8384279475982531E-02
   2.1237263464337700E-02  3.8049490538573504E-02
   2.1193595342066957E-02  3.7758369723435221E-02
   2.0931586608442503E-02  3.7525473071324596E-02
   2.0713245997088792E-02  3.7321688500727798E-02
   2.0494905385735077E-02  3.7132459970887918E-02
   2.0276564774381368E-02  3.6957787481804949E-02
   2.0160116448326056E-02  3.6943231441048038E-02
   1.9927219796215430E-02  3.7103347889374090E-02
   1.9665211062590972E-02  3.7161572052401746E-02
   1.9344978165938862E-02  3.7176128093158664E-02
   1.9068413391557498E-02  3.7321688500727798E-02
   1.8981077147016013E-02  3.7147016011644829E-02
   1.8951965065502185E-02  3.6724890829694323E-02
   1.8995633187772924E-02  3.6375545851528385E-02
   1.8937409024745267E-02  3.6244541484716161E-02
   1.8748180494905384E-02  3.6011644832605536E-02
   1.8413391557496363E-02  3.5662299854439597E-02
   1.8253275109170304E-02  3.5691411935953418E-02
   1.8020378457059678E-02  3.5836972343522566E-02
   1.7627365356622997E-02  3.5851528384279477E-02
   1.7292576419213973E-02  3.5764192139737985E-02
   1.7088791848617176E-02  3.5516739446870449E-02
   1.6899563318777292E-02  3.4949053857350795E-02
   1.6885007278020378E-02  3.4570596797671035E-02
   1.6870451237263464E-02  3.4366812227074231E-02
   1.6739446870451237E-02  3.4177583697234351E-02
   1.6288209606986900E-02  3.3420669577874811E-02
   1.5938864628820961E-02  3.3173216885007274E-02
   1.5647743813682675E-02  3.3129548762736528E-02
   1.5269286754002910E-02  3.3158660844250364E-02
   1.4992721979621542E-02  3.3114992721979618E-02
   1.4905385735080058E-02  3.2911208151382827E-02
   1.4832605531295485E-02  3.2634643377001456E-02
   1.4818049490538573E-02  3.2372634643377002E-02
   1.4672489082969432E-02  3.2183406113537115E-02
   1.4323144104803493E-02  3.1790393013100438E-02
   1.4133915574963608E-02  3.1819505094614266E-02
   1.3842794759825326E-02  3.2066957787481802E-02
   1.3668122270742357E-02  3.2168850072780204E-02
   1.3377001455604077E-02  3.2154294032023287E-02
   1.3202328966521105E-02  3.2037845705967974E-02
   1.2998544395924308E-02  3.1688500727802035E-02
   1.2969432314410480E-02  3.1310043668122269E-02
   1.3071324599708879E-02  3.0975254730713248E-02
   1.3202328966521105E-02  3.0800582241630278E-02
   1.3202328966521105E-02  3.0771470160116447E-02
   1.2925764192139737E-02  3.0494905385735082E-02
   1.2794759825327510E-02  3.0509461426491993E-02
   1.2620087336244541E-02  3.0567685589519649E-02
   1.2285298398835515E-02  3.0596797671033477E-02
   1.2110625909752546E-02  3.0524017467248907E-02
   1.2096069868995632E-02  3.0203784570596800E-02
   1.2241630276564773E-02  3.0014556040756910E-02
   1.2139737991266374E-02  2.9752547307132459E-02
   1.1965065502183405E-02  2.9563318777292576E-02
   1.1717612809315867E-02  2.9141193595342063E-02
   1.1513828238719069E-02  2.9519650655021833E-02
   1.1280931586608442E-02  2.9650655021834060E-02
   1.0815138282387190E-02  2.9650655021834060E-02
   1.0465793304221252E-02  2.9403202328966521E-02
   1.0465793304221252E-02  2.8937409024745269E-02
   1.0756914119359534E-02  2.8719068413391554E-02
   1.0946142649199417E-02  2.8486171761280928E-02
   1.0829694323144104E-02  2.8224163027656478E-02
   1.0655021834061135E-02  2.8078602620087337E-02
   1.0232896652110624E-02  2.8034934497816594E-02
   9.9708879184861720E-03  2.7947598253275106E-02
   9.7671033478893745E-03  2.7758369723435226E-02
   9.5778748180494911E-03  2.7132459970887916E-02
   9.5778748180494911E-03  2.6550218340611352E-02
   9.5778748180494911E-03  2.6419213973799125E-02
   9.4177583697234359E-03  2.6011644832605530E-02
   9.0975254730713238E-03  2.5720524017467248E-02
   8.8646288209606981E-03  2.5705967976710334E-02
   8.4861717612809313E-03  2.5691411935953420E-02
   8.1513828238719069E-03  2.5604075691411935E-02
   7.7874818049490542E-03  2.5443959243085880E-02
   7.5254730713245994E-03  2.5138282387190680E-02
   7.3653566229985442E-03  2.4657933042212518E-02
   7.3508005822416301E-03  2.4395924308588064E-02
   7.3799126637554583E-03  2.4206695778748181E-02
   7.3362445414847160E-03  2.4075691411935950E-02
   7.2343522561863173E-03  2.3959243085880638E-02
   7.0451237263464330E-03  2.3988355167394469E-02
   6.6229985443959239E-03  2.4002911208151383E-02
   6.3901018922852982E-03  2.3959243085880638E-02
   6.3755458515283841E-03  2.3711790393013101E-02
   6.4628820960698687E-03  2.3478893740902472E-02
   6.5793304221251816E-03  2.3347889374090249E-02
   6.4628820960698687E-03  2.3056768558951966E-02
   6.3318777292576418E-03  2.2911208151382822E-02
   6.1863173216885007E-03  2.2998544395924310E-02
   6.0116448326055305E-03  2.3158660844250362E-02
   5.7787481804949057E-03  2.3289665211062592E-02
   5.4002911208151380E-03  2.3275109170305674E-02
   5.2110625909752547E-03  2.3144104803493448E-02
   5.2110625909752547E-03  2.2925764192139736E-02
   5.4876273653566227E-03  2.2649199417758368E-02
   5.7496360989810775E-03  2.2474526928675399E-02
   5.6914119359534211E-03  2.2285298398835519E-02
   5.6040756914119355E-03  2.2168850072780206E-02
   5.4439592430858804E-03  2.2197962154294031E-02
   5.1237263464337691E-03  2.2416302765647742E-02
   4.7307132459970891E-03  2.2751091703056767E-02
   4.3813682678311497E-03  2.2998544395924310E-02
   4.0029112081513829E-03  2.3304221251819503E-02
   3.6535662299854439E-03  2.3551673944687043E-02
   3.2168850072780203E-03  2.3828238719068414E-02
   2.7656477438136825E-03  2.4075691411935950E-02
   2.2852983988355165E-03  2.4264919941775837E-02
   1.8049490538573508E-03  2.4585152838427948E-02
   1.5574963609898108E-03  2.4672489082969429E-02
   1.1790393013100438E-03  2.4876273653566230E-02
   6.4046579330422114E-04  2.4890829694323144E-02
   6.8413391557496357E-04  2.4439592430858807E-02
   7.5691411935953411E-04  2.3871906841339156E-02
   9.3158660844250361E-04  2.3202328966521104E-02
   1.0771470160116448E-03  2.2561863173216883E-02
   1.1353711790393012E-03  2.2139737991266374E-02
   1.2809315866084423E-03  2.1615720524017463E-02
   1.4264919941775838E-03  2.1339155749636098E-02
   1.7176128093158659E-03  2.0873362445414847E-02
   2.0087336244541485E-03  2.0305676855895197E-02
   2.2561863173216883E-03  1.9912663755458512E-02
   2.4890829694323145E-03  1.9490538573508003E-02
   2.8675400291120817E-03  1.9053857350800580E-02
   2.7074235807860261E-03  1.8660844250363899E-02
   2.6200873362445414E-03  1.8311499272197961E-02
   2.3289665211062589E-03  1.7743813682678310E-02
   1.9359534206695780E-03  1.7147016011644832E-02
   1.7030567685589520E-03  1.6550218340611354E-02
   1.4847161572052400E-03  1.5793304221251820E-02
   1.3682678311499271E-03  1.5080058224163027E-02
   1.2227074235807861E-03  1.4366812227074236E-02
   1.0625909752547307E-03  1.4279475982532749E-02
   5.9679767103347893E-04  1.4133915574963608E-02
   3.2023289665211057E-04  1.4032023289665210E-02
   0.0000000000000000E+00  1.3537117903930132E-02
   2.9112081513828238E-05  1.2605531295487627E-02
  -5.8224163027656476E-05  1.2270742358078601E-02
  -2.6200873362445414E-04  1.1877729257641920E-02
  -3.6390101892285300E-04  1.1353711790393012E-02
  -5.8224163027656472E-04  1.0902474526928675E-02
  -7.2780203784570600E-04  1.0189228529839882E-02
  -7.8602620087336243E-04  9.4614264919941782E-03
  -1.0480349344978166E-03  9.0101892285298392E-03
  -1.1499272197962153E-03  8.8209606986899558E-03
  -1.2954876273653566E-03  8.5880640465793301E-03
  -1.9213973799126639E-03  7.4963609898107712E-03
  -1.8195050946142649E-03  6.7976710334788941E-03
  -1.4410480349344979E-03  6.6666666666666662E-03
  -1.0917030567685589E-03  6.2736535662299853E-03
  -1.4701601164483261E-03  5.7059679767103352E-03
  -1.6011644832605531E-03  5.2256186317321688E-03
  -1.3245997088791848E-03  4.8034934497816597E-03
  -1.0917030567685589E-03  4.4978165938864625E-03
  -1.0334788937409023E-03  3.9737991266375547E-03
  -1.0480349344978166E-03  3.4788937409024742E-03
  -1.3100436681222707E-03  2.9694323144104800E-03
  -1.4410480349344979E-03  2.5909752547307132E-03
  -1.7176128093158659E-03  2.2125181950509460E-03
  -1.9941775836972344E-03  1.8486171761280931E-03
  -2.1397379912663755E-03  1.5138282387190682E-03
  -2.0815138282387186E-03  1.1062590975254730E-03
  -1.8049490538573508E-03  7.8602620087336243E-04
  -1.1935953420669579E-03  5.0946142649199418E-04
  -7.7147016011644832E-04  1.7467248908296942E-04
  -3.6390101892285300E-04 -2.1834061135371177E-04
  -1.0189228529839883E-04 -7.1324599708879190E-04
   0.0000000000000000E+00 -1.2663755458515282E-03
   1.7467248908296942E-04 -1.9359534206695780E-03
   2.9112081513828236E-04 -2.4017467248908298E-03
   5.3857350800582239E-04 -3.0567685589519646E-03
   7.8602620087336243E-04 -3.7554585152838427E-03
   9.1703056768558950E-04 -3.9010189228529842E-03
   1.2663755458515282E-03 -4.5851528384279472E-03
   1.5429403202328966E-03 -5.0509461426491986E-03
   1.8486171761280931E-03 -5.5021834061135368E-03
   2.0815138282387186E-03 -5.8515283842794762E-03
   2.4017467248908298E-03 -6.3609898107714700E-03
   2.6928675400291120E-03 -6.9432314410480343E-03
   3.0131004366812223E-03 -7.5109170305676853E-03
   3.4643377001455601E-03 -8.1659388646288210E-03
   3.8573508005822418E-03 -8.7045123726346429E-03
   4.3377001455604074E-03 -9.2721979621542931E-03
   4.7598253275109173E-03 -9.8835516739446874E-03
   5.3566229985443957E-03 -1.0509461426491994E-02
   5.6768558951965061E-03 -1.0887918486171761E-02
   6.0553129548762729E-03 -1.1411935953420670E-02
   6.4774381368267828E-03 -1.2008733624454147E-02
   6.7685589519650658E-03 -1.2328966521106259E-02
   7.0887918486171753E-03 -1.2911208151382823E-02
   7.1615720524017467E-03 -1.3056768558951964E-02
   7.9184861717612812E-03 -1.3624454148471616E-02
   8.9665211062590969E-03 -1.4163027656477437E-02
   9.8981077147016015E-03 -1.4905385735080058E-02
   1.0582241630276564E-02 -1.5604075691411937E-02
   1.0887918486171761E-02 -1.5938864628820961E-02
   1.1542940320232897E-02 -1.6506550218340608E-02
   1.1921397379912662E-02 -1.6652110625909749E-02
   1.1950509461426491E-02 -1.7219796215429403E-02
   1.1994177583697233E-02 -1.7612809315866083E-02
   1.2343522561863173E-02 -1.8136826783114991E-02
   1.2692867540029112E-02 -1.8384279475982531E-02
   1.3071324599708879E-02 -1.8355167394468706E-02
   1.3493449781659389E-02 -1.8253275109170304E-02
   1.4090247452692866E-02 -1.8107714701601163E-02
   1.4221251819505093E-02 -1.8296943231441050E-02
   1.4570596797671032E-02 -1.8617176128093157E-02
   1.4992721979621542E-02 -1.8864628820960700E-02
   1.5400291120815139E-02 -1.9141193595342065E-02
   1.5487627365356624E-02 -1.9199417758369721E-02
   1.6098981077147016E-02 -1.9534206695778749E-02
   1.6448326055312951E-02 -1.9650655021834062E-02
   1.6972343522561863E-02 -1.9781659388646289E-02
   1.7554585152838427E-02 -2.0101892285298399E-02
   1.7569141193595341E-02 -2.0538573508005822E-02
   1.7583697234352255E-02 -2.0698689956331878E-02
   1.7933042212518194E-02 -2.1062590975254730E-02
   1.8107714701601163E-02 -2.1048034934497816E-02
   1.8427947598253273E-02 -2.0931586608442503E-02
   1.8617176128093157E-02 -2.0844250363901019E-02
   1.8820960698689954E-02 -2.0887918486171761E-02
   1.9170305676855893E-02 -2.1004366812227074E-02
   1.9592430858806405E-02 -2.1208151382823871E-02
   1.9621542940320230E-02 -2.1280931586608442E-02
   1.9388646288209608E-02 -2.1528384279475982E-02
   1.9446870451237264E-02 -2.1775836972343521E-02
   1.9621542940320230E-02 -2.2008733624454147E-02
   1.9941775836972344E-02 -2.2314410480349343E-02
   2.0174672489082970E-02 -2.2241630276564773E-02
   2.0363901018922853E-02 -2.2125181950509460E-02
   2.0669577874818046E-02 -2.2008733624454147E-02
   2.0917030567685589E-02 -2.1921397379912663E-02
   2.1339155749636098E-02 -2.2125181950509460E-02
   2.1877729257641924E-02 -2.2430858806404656E-02
   2.2285298398835519E-02 -2.2590975254730711E-02
   2.3333333333333331E-02 -2.3027656477438135E-02
   2.3770014556040758E-02 -2.3216885007278018E-02
   2.4483260553129545E-02 -2.3464337700145561E-02
   2.5225618631732168E-02 -2.3682678311499273E-02
   2.5909752547307131E-02 -2.3901018922852981E-02
   2.6637554585152837E-02 -2.3799126637554586E-02
   2.7132459970887916E-02 -2.4061135371179040E-02
   2.7452692867540030E-02 -2.4250363901018920E-02
   2.7467248908296941E-02 -2.4599708879184858E-02
   2.7874818049490539E-02 -2.5254730713245993E-02
   2.8238719068413388E-02 -2.5327510917030567E-02
   2.8646288209606987E-02 -2.5327510917030567E-02
   2.9126637554585149E-02 -2.5240174672489082E-02
   2.9286754002911208E-02 -2.5269286754002911E-02
   2.9694323144104803E-02 -2.5618631732168849E-02
   2.9898107714701597E-02 -2.5909752547307131E-02
   3.0320232896652113E-02 -2.6069868995633187E-02
   3.0422125181950505E-02 -2.6157205240174675E-02
   3.0960698689956326E-02 -2.6200873362445413E-02
   3.1615720524017468E-02 -2.6360989810771469E-02
   3.2037845705967974E-02 -2.6477438136826782E-02
   3.3013100436681216E-02 -2.6914119359534205E-02
   3.4075691411935956E-02 -2.7321688500727800E-02
   3.5094614264919943E-02 -2.7496360989810769E-02
   3.6084425036390103E-02 -2.8049490538573509E-02
   3.6986899563318777E-02 -2.8267831149927217E-02
   3.7700145560407565E-02 -2.8427947598253272E-02
   3.8398835516739442E-02 -2.8369723435225615E-02
   3.8864628820960694E-02 -2.8515283842794760E-02
   3.9519650655021832E-02 -2.8777292576419210E-02
   4.0378457059679768E-02 -2.9068413391557493E-02
   4.0713245997088796E-02 -2.9213973799126637E-02
   4.1310043668122270E-02 -2.9490538573508002E-02
   4.2270742358078602E-02 -2.9737991266375548E-02
   4.3056768558951963E-02 -2.9912663755458518E-02
   4.3711790393013102E-02 -3.0101892285298398E-02
   4.4934497816593887E-02 -3.0320232896652113E-02
   4.5647743813682681E-02 -3.0480349344978161E-02
   4.6375545851528380E-02 -3.0684133915574965E-02
   4.7117903930131003E-02 -3.0931586608442502E-02
   4.7627365356623000E-02 -3.1033478893740904E-02
   4.8442503639010183E-02 -3.1295487627365351E-02
   4.9388646288209603E-02 -3.1644832605531296E-02
   5.0116448326055309E-02 -3.1863173216885005E-02
   5.0494905385735075E-02 -3.1935953420669579E-02
   5.0917030567685588E-02 -3.1965065502183407E-02
   5.1426491994177578E-02 -3.1994177583697235E-02
   5.1994177583697232E-02 -3.2139737991266376E-02
   5.2547307132459968E-02 -3.2401746724890830E-02
   5.3799126637554581E-02 -3.3245997088791841E-02
   5.4410480349344974E-02 -3.3362445414847154E-02
   5.4803493449781658E-02 -3.3464337700145556E-02
   5.5356622998544394E-02 -3.3711790393013100E-02
   5.6069868995633182E-02 -3.3551673944687048E-02
   5.6943231441048028E-02 -3.3857350800582241E-02
   5.7307132459970891E-02 -3.4046579330422121E-02
   5.7685589519650651E-02 -3.4279475982532746E-02
   5.7685589519650651E-02 -3.4279475982532746E-02
   5.8253275109170298E-02 -3.4192139737991269E-02
   5.8835516739446862E-02 -3.4192139737991269E-02
   5.9490538573508001E-02 -3.4381368267831149E-02
   6.0174672489082974E-02 -3.4614264919941774E-02
   6.0873362445414851E-02 -3.4890829694323146E-02
   6.1761280931586608E-02 -3.5167394468704510E-02
   6.2620087336244537E-02 -3.5749636098981075E-02
   6.3144104803493445E-02 -3.5851528384279477E-02
   6.3347889374090249E-02 -3.5895196506550223E-02
   6.3362445414847160E-02 -3.5895196506550223E-02
   6.3551673944687040E-02 -3.5778748180494910E-02
   6.3726346433770009E-02 -3.5691411935953418E-02
   6.4264919941775842E-02 -3.5604075691411934E-02
   6.4963609898107719E-02 -3.5458515283842792E-02
   6.5836972343522551E-02 -3.5647743813682672E-02
   6.6433770014556040E-02 -3.5851528384279477E-02
   6.7190684133915574E-02 -3.6229985443959237E-02
   6.7685589519650660E-02 -3.6695778748180495E-02
   6.7816593886462870E-02 -3.6943231441048038E-02
   6.8107714701601166E-02 -3.7132459970887918E-02
   6.8369723435225613E-02 -3.7016011644832605E-02
   6.8995633187772923E-02 -3.6652110625909749E-02
   6.9519650655021831E-02 -3.6579330422125182E-02
   7.0014556040756917E-02 -3.6652110625909749E-02
   7.0756914119359526E-02 -3.6957787481804949E-02
   7.1935953420669579E-02 -3.7758369723435221E-02
   7.2765647743813680E-02 -3.7991266375545847E-02
   7.3493449781659392E-02 -3.8136826783114995E-02
   7.3842794759825331E-02 -3.7787481804949057E-02
   7.4614264919941775E-02 -3.7903930131004369E-02
   7.4730713245997088E-02 -3.7903930131004369E-02
   7.5080058224163027E-02 -3.7641921397379909E-02
   7.5283842794759817E-02 -3.7496360989810767E-02
   7.5676855895196501E-02 -3.7350800582241626E-02
   7.5967976710334784E-02 -3.7321688500727798E-02
   7.6477438136826767E-02 -3.7612809315866087E-02
   7.6739446870451242E-02 -3.7714701601164483E-02
   7.6899563318777300E-02 -3.7860262008733624E-02
   7.7117903930131002E-02 -3.8195050946142652E-02
   7.7336244541484703E-02 -3.8427947598253277E-02
   7.7714701601164490E-02 -3.8471615720524016E-02
   7.8398835516739443E-02 -3.8515283842794755E-02
   7.8820960698689949E-02 -3.8442503639010188E-02
   7.9315866084425035E-02 -3.8369723435225621E-02
   7.9767103347889376E-02 -3.8457059679767099E-02
   8.0247452692867538E-02 -3.8602620087336247E-02
   8.1033478893740907E-02 -3.8704512372634642E-02
   8.1441048034934488E-02 -3.8893740902474529E-02
   8.1979621542940306E-02 -3.9097525473071319E-02
   8.2882096069868988E-02 -3.8981077147016006E-02
   8.3391557496360985E-02 -3.9039301310043663E-02
   8.3915574963609893E-02 -3.9184861717612811E-02
   8.4148471615720519E-02 -3.9272197962154289E-02
   8.4497816593886457E-02 -3.9403202328966519E-02
   8.4570596797671038E-02 -3.9403202328966519E-02
   8.4919941775836963E-02 -3.9272197962154289E-02
   8.5749636098981077E-02 -3.9315866084425034E-02
   8.6113537117903927E-02 -3.9548762736535660E-02
   8.6681222707423580E-02 -3.9927219796215427E-02
   8.7147016011644832E-02 -4.0043668122270740E-02
   8.7612809315866083E-02 -4.0625909752547304E-02
   8.7831149927219784E-02 -4.0509461426491991E-02
   8.8195050946142647E-02 -4.0378457059679768E-02
   8.9010189228529837E-02 -4.0393013100436678E-02
   8.9767103347889371E-02 -4.0815138282387191E-02
   9.0378457059679757E-02 -4.1179039301310040E-02
   9.0815138282387187E-02 -4.1266375545851525E-02
   9.1222707423580782E-02 -4.1368267831149927E-02
   9.2096069868995628E-02 -4.1994177583697230E-02
   9.2838427947598251E-02 -4.1935953420669581E-02
   9.3173216885007265E-02 -4.1892285298398835E-02
   9.3464337700145561E-02 -4.2008733624454148E-02
   9.3901018922852977E-02 -4.2227074235807856E-02
   9.4323144104803497E-02 -4.2314410480349340E-02
   9.4672489082969422E-02 -4.2416302765647743E-02
   9.5181950509461419E-02 -4.2561863173216884E-02
   9.5778748180494908E-02 -4.2954876273653568E-02
   9.6200873362445413E-02 -4.3187772925764194E-02
   9.6797671033478888E-02 -4.3144104803493448E-02
   9.7350800582241617E-02 -4.2794759825327509E-02
   9.7714701601164480E-02 -4.2227074235807856E-02
   9.8340611353711790E-02 -4.2110625909752543E-02
   9.8820960698689952E-02 -4.2008733624454148E-02
   9.9344978165938860E-02 -4.1950509461426491E-02
   9.9985443959243081E-02 -4.1935953420669581E-02
   0.1004366812227074     -4.1921397379912663E-02
   0.1014119359534207     -4.2459970887918481E-02
   0.1013973799126638     -4.2474526928675399E-02
   0.1010625909752547     -4.2620087336244540E-02
   0.1007714701601164     -4.2721979621542942E-02
   0.1007714701601164     -4.3042212518195046E-02
   0.1008296943231441     -4.3347889374090245E-02
   0.1010917030567686     -4.3609898107714699E-02
   0.1014556040756914     -4.3609898107714699E-02
   0.1019068413391558     -4.3508005822416297E-02
   0.1022707423580786     -4.3449781659388641E-02
   0.1029694323144105     -4.3493449781659387E-02
   0.1034352256186317     -4.3493449781659387E-02
   0.1037991266375546     -4.3435225618631730E-02
   0.1039155749636099     -4.3245997088791850E-02
   0.1040029112081514     -4.2882096069868987E-02
   0.1044687045123726     -4.3042212518195046E-02
   0.1050072780203785     -4.3158660844250359E-02
   0.1059970887918486     -4.3435225618631730E-02
   0.1063755458515284     -4.3144104803493448E-02
   0.1070742358078603     -4.3202328966521104E-02
   0.1077147016011645     -4.3318777292576417E-02
   0.1084570596797671     -4.3420669577874819E-02
   0.1093013100436681     -4.3755458515283840E-02
   0.1100582241630277     -4.4017467248908294E-02
   0.1110771470160116     -4.4235807860262009E-02
   0.1120524017467249     -4.4497816593886463E-02
   0.1128820960698690     -4.4774381368267828E-02
   0.1140029112081514     -4.5109170305676856E-02
   0.1150946142649199     -4.5167394468704512E-02
   0.1163318777292576     -4.5225618631732169E-02
   0.1173944687045124     -4.5473071324599712E-02
   0.1181804949053857     -4.6157205240174665E-02
   0.1192576419213974     -4.6404657933042215E-02
   0.1200582241630276     -4.6710334788937408E-02
   0.1207423580786026     -4.7045123726346436E-02
   0.1213245997088792     -4.7394468704512374E-02
   0.1218777292576419     -4.7758369723435223E-02
   0.1222998544395924     -4.7933042212518193E-02
   0.1230567685589520     -4.7991266375545849E-02
   0.1237263464337700     -4.7903930131004364E-02
   0.1240174672489083     -4.7656477438136828E-02
   0.1242940320232897     -4.7248908296943226E-02
   0.1243959243085880     -4.6928675400291123E-02
   0.1245269286754003     -4.6724890829694318E-02
   0.1249053857350800     -4.6535662299854438E-02
   0.1251091703056769     -4.6419213973799126E-02
   0.1253129548762736     -4.6055312954876276E-02
   0.1254876273653566     -4.5735080058224159E-02
   0.1266375545851528     -4.5909752547307128E-02
   0.1278893740902474     -4.6317321688500723E-02
   0.1283697234352256     -4.6390101892285297E-02
   0.1290975254730713     -4.6550218340611349E-02
   0.1296797671033479     -4.6695778748180497E-02
   0.1303347889374090     -4.6812227074235810E-02
   0.1310334788937409     -4.6899563318777288E-02
   0.1318631732168850     -4.6972343522561862E-02
   0.1326346433770015     -4.7059679767103346E-02
   0.1333915574963610     -4.7263464337700144E-02
   0.1340756914119360     -4.7409024745269285E-02
   0.1344250363901019     -4.7525473071324598E-02
   0.1350218340611354     -4.7583697234352254E-02
   0.1360989810771470     -4.7816593886462880E-02
   0.1370742358078603     -4.7903930131004364E-02
   0.1379475982532751     -4.8151382823871901E-02
   0.1385443959243086     -4.8340611353711788E-02
   0.1388937409024745     -4.8238719068413392E-02
   0.1393886462882096     -4.8660844250363898E-02
   0.1396797671033479     -4.8777292576419211E-02
   0.1399126637554585     -4.8427947598253272E-02
   0.1402474526928675     -4.7991266375545849E-02
   0.1406113537117904     -4.7903930131004364E-02
   0.1413245997088792     -4.8020378457059677E-02
   0.1413245997088792     -4.8020378457059677E-02
   0.1409315866084425     -4.8500727802037839E-02
   0.1408151382823872     -4.8777292576419211E-02
   0.1406695778748180     -4.9068413391557493E-02
   0.1406695778748180     -4.9344978165938864E-02
   0.1410625909752547     -4.9519650655021834E-02
   0.1416157205240174     -4.9461426491994177E-02
   0.1418486171761281     -4.9286754002911208E-02
   0.1421251819505094     -4.9155749636098978E-02
   0.1424599708879185     -4.9170305676855895E-02
   0.1427656477438137     -4.9548762736535662E-02
   0.1430858806404658     -4.9650655021834057E-02
   0.1435516739446870     -4.9737991266375542E-02
   0.1440611353711790     -5.0058224163027652E-02
   0.1442066957787482     -5.0436681222707419E-02
   0.1443813682678312     -5.0829694323144103E-02
   0.1446724890829694     -5.1135371179039296E-02
   0.1451091703056769     -5.0829694323144103E-02
   0.1457059679767103     -5.0698689956331880E-02
   0.1459825327510917     -5.0436681222707419E-02
   0.1463173216885007     -4.9985443959243085E-02
   0.1465211062590975     -4.9679767103347885E-02
   0.1467248908296943     -4.9359534206695775E-02
   0.1469141193595342     -4.9126637554585149E-02
   0.1475400291120815     -4.9112081513828239E-02
   0.1483114992721979     -4.9170305676855895E-02
   0.1492285298398836     -4.9344978165938864E-02
   0.1488791848617176     -4.9534206695778744E-02
   0.1484861717612809     -4.9781659388646288E-02
   0.1481659388646288     -4.9985443959243085E-02
   0.1479767103347889     -5.0189228529839883E-02
   0.1479039301310044     -5.0407569141193598E-02
   0.1481804949053857     -5.0494905385735075E-02
   0.1487045123726346     -5.0422125181950508E-02
   0.1493158660844250     -5.0363901018922852E-02
   0.1500145560407569     -5.0232896652110622E-02
   0.1507423580786026     -5.0160116448326054E-02
   0.1512518195050946     -4.9912663755458511E-02
   0.1515283842794760     -4.9621542940320229E-02
   0.1518777292576419     -4.9592430858806401E-02
   0.1527365356622999     -4.9781659388646288E-02
   0.1524163027656477     -4.9941775836972339E-02
   0.1519213973799126     -5.0232896652110622E-02
   0.1515283842794760     -5.0625909752547299E-02
   0.1513245997088792     -5.0873362445414849E-02
   0.1512663755458515     -5.1120815138282386E-02
   0.1516885007278020     -5.1426491994177578E-02
   0.1519941775836972     -5.1572052401746726E-02
   0.1524745269286754     -5.1732168850072785E-02
   0.1529548762736535     -5.1615720524017472E-02
   0.1533915574963610     -5.1120815138282386E-02
   0.1537554585152839     -5.0174672489082965E-02
   0.1540611353711790     -4.9752547307132459E-02
   0.1545705967976710     -4.9825327510917027E-02
   0.1567976710334789     -5.0072780203784570E-02
   0.1590101892285298     -5.0029112081513824E-02
   0.1613537117903930     -5.0655021834061134E-02
   0.1634206695778748     -5.0931586608442506E-02
   0.1634497816593886     -5.0771470160116447E-02
   0.1638864628820961     -5.0902474526928670E-02
   0.1645414847161572     -5.1018922852983983E-02
   0.1650218340611354     -5.1179039301310042E-02
   0.1657787481804949     -5.1397379912663757E-02
   0.1659970887918486     -5.1470160116448324E-02
   0.1666375545851528     -5.1703056768558950E-02
   0.1671324599708879     -5.1790393013100434E-02
   0.1676564774381368     -5.1863173216885002E-02
   0.1683260553129549     -5.1877729257641919E-02
   0.1692867540029112     -5.2023289665211060E-02
   0.1701746724890830     -5.2125181950509455E-02
   0.1709461426491994     -5.2256186317321686E-02
   0.1716593886462882     -5.2328966521106253E-02
   0.1728093158660844     -5.2343522561863171E-02
   0.1735662299854439     -5.2459970887918483E-02
   0.1744395924308588     -5.2663755458515281E-02
   0.1751528384279476     -5.2721979621542937E-02
   0.1759388646288209     -5.2780203784570594E-02
   0.1768704512372634     -5.2838427947598250E-02
   0.1775982532751092     -5.2911208151382817E-02
   0.1787627365356623     -5.3071324599708876E-02
   0.1797962154294032     -5.3187772925764189E-02
   0.1811062590975255     -5.3478893740902471E-02
   0.1822270742358079     -5.3639010189228530E-02
   0.1833333333333333     -5.3682678311499268E-02
   0.1842794759825327     -5.3871906841339155E-02
   0.1855312954876274     -5.4090247452692870E-02
   0.1866957787481805     -5.4250363901018922E-02
   0.1876128093158661     -5.4425036390101891E-02
   0.1885152838427948     -5.4614264919941771E-02
   0.1894032023289665     -5.4468704512372630E-02
   0.1907278020378457     -5.4614264919941771E-02
   0.1918631732168850     -5.5152838427947597E-02
   0.1929257641921397     -5.5225618631732164E-02
   0.1944978165938865     -5.5094614264919940E-02
   0.1956477438136827     -5.5211062590975253E-02
   0.1968558951965066     -5.5414847161572051E-02
   0.1983406113537118     -5.5764192139737989E-02
   0.1998253275109170     -5.5953420669577869E-02
   0.2015866084425036     -5.6259097525473069E-02
   0.2024454148471616     -5.6331877729257643E-02
   0.2037409024745269     -5.6419213973799121E-02
   0.2049927219796215     -5.6506550218340612E-02
   0.2062736535662300     -5.6695778748180492E-02
   0.2077438136826783     -5.6855895196506551E-02
   0.2087772925764192     -5.6885007278020372E-02
   0.2101310043668122     -5.7132459970887915E-02
   0.2116302765647744     -5.7307132459970891E-02
   0.2129694323144105     -5.7510917030567682E-02
   0.2141775836972344     -5.7569141193595338E-02
   0.2151091703056769     -5.7612809315866084E-02
   0.2165793304221252     -5.7685589519650651E-02
   0.2180494905385735     -5.7714701601164480E-02
   0.2190538573508006     -5.7787481804949047E-02
   0.2203930131004367     -5.7874818049490538E-02
   0.2222707423580786     -5.8107714701601164E-02
   0.2239446870451237     -5.8282387190684126E-02
   0.2256914119359534     -5.7976710334788933E-02
   0.2276128093158661     -5.8602620087336237E-02
   0.2292285298398835     -5.8689956331877728E-02
   0.2312663755458515     -5.8340611353711790E-02
   0.2327802037845706     -5.8427947598253274E-02
   0.2343231441048035     -5.8602620087336237E-02
   0.2356186317321688     -5.8966521106259100E-02
   0.2380058224163027     -5.9286754002911210E-02
   0.2390684133915575     -5.8864628820960690E-02
   0.2401892285298399     -5.8791848617176123E-02
   0.2416885007278020     -5.8850072780203787E-02
   0.2429257641921397     -5.8893740902474526E-02
   0.2442358078602620     -5.8908296943231436E-02
   0.2455749636098981     -5.9257641921397375E-02
   0.2466229985443959     -5.9330422125181942E-02
   0.2475109170305677     -5.9257641921397375E-02
   0.2486171761280931     -5.9199417758369725E-02
