   3.0688500727802034E-02  4.4187772925764188E-02
   2.9126637554585149E-02  4.3726346433770012E-02
   2.8908296943231441E-02  4.3871906841339153E-02
   2.8719068413391554E-02  4.3609898107714699E-02
   2.8355167394468701E-02  4.3653566229985445E-02
   2.8093158660844251E-02  4.3668122270742356E-02
   2.7918486171761282E-02  4.3508005822416297E-02
   2.7860262008733625E-02  4.3187772925764194E-02
   2.7845705967976711E-02  4.2911208151382822E-02
   2.7962154294032024E-02  4.2620087336244540E-02
   2.7525473071324597E-02  4.2328966521106258E-02
   2.6957787481804947E-02  4.1950509461426491E-02
   2.6564774381368266E-02  4.1615720524017463E-02
   2.6069868995633187E-02  4.1280931586608435E-02
   2.5778748180494904E-02  4.1033478893740899E-02
   2.5211062590975254E-02  4.0538573508005826E-02
   2.5065502183406113E-02  4.0422125181950506E-02
   2.4861717612809316E-02  4.0465793304221252E-02
   2.4483260553129545E-02  4.0611353711790393E-02
   2.4032023289665212E-02  4.0596797671033483E-02
   2.3857350800582242E-02  4.0378457059679768E-02
   2.3711790393013101E-02  4.0000000000000001E-02
   2.3711790393013101E-02  3.9592430858806399E-02
   2.3377001455604073E-02  3.9330422125181945E-02
   2.3231441048034936E-02  3.9243085880640460E-02
   2.3013100436681221E-02  3.9243085880640460E-02
   2.2430858806404656E-02  3.9548762736535660E-02
   2.2241630276564773E-02  3.9243085880640460E-02
   2.2270742358078601E-02  3.8995633187772931E-02
   2.1877729257641924E-02  3.8544395924308590E-02
   2.1572052401746724E-02  3.8544395924308590E-02
   2.1382823871906837E-02  3.8529839883551673E-02
   2.1106259097525473E-02  3.8398835516739442E-02
   2.1077147016011644E-02  3.8136826783114995E-02
   2.1077147016011644E-02  3.8020378457059682E-02
   2.0917030567685589E-02  3.7802037845705967E-02
   2.0698689956331878E-02  3.7874818049490534E-02
   2.0174672489082970E-02  3.7933042212518191E-02
   1.9985443959243086E-02  3.7540029112081506E-02
   1.9912663755458512E-02  3.7307132459970881E-02
   2.0087336244541482E-02  3.7161572052401746E-02
   1.9883551673944688E-02  3.6812227074235808E-02
   1.9752547307132461E-02  3.6826783114992725E-02
   1.9606986899563316E-02  3.6972343522561860E-02
   1.9330422125181951E-02  3.7030567685589516E-02
   1.8966521106259095E-02  3.6870451237263464E-02
   1.8922852983988356E-02  3.6535662299854436E-02
   1.8835516739446872E-02  3.6229985443959237E-02
   1.8689956331877727E-02  3.6011644832605536E-02
   1.8471615720524019E-02  3.5967976710334790E-02
   1.7933042212518194E-02  3.5953420669577872E-02
   1.7685589519650654E-02  3.5895196506550223E-02
   1.7510917030567685E-02  3.5735080058224164E-02
   1.7583697234352255E-02  3.5458515283842792E-02
   1.7656477438136826E-02  3.5312954876273651E-02
   1.7467248908296942E-02  3.5152838427947600E-02
   1.7278020378457059E-02  3.5007278020378459E-02
   1.7117903930131004E-02  3.5036390101892287E-02
   1.7001455604075691E-02  3.5138282387190682E-02
   1.6622998544395921E-02  3.5181950509461421E-02
   1.6215429403202329E-02  3.5109170305676854E-02
   1.6040756914119360E-02  3.4832605531295482E-02
   1.6098981077147016E-02  3.4497816593886461E-02
   1.6215429403202329E-02  3.4235807860262008E-02
   1.6244541484716157E-02  3.4104803493449777E-02
   1.6113537117903930E-02  3.3915574963609897E-02
   1.5851528384279476E-02  3.3595342066957787E-02
   1.5545851528384280E-02  3.3275109170305676E-02
   1.5225618631732168E-02  3.2765647743813679E-02
   1.5167394468704512E-02  3.3027656477438140E-02
   1.5007278020378455E-02  3.3347889374090244E-02
   1.4541484716157205E-02  3.3464337700145556E-02
   1.4264919941775835E-02  3.3435225618631735E-02
   1.4148471615720522E-02  3.3187772925764192E-02
   1.4104803493449780E-02  3.2765647743813679E-02
   1.4177583697234351E-02  3.2256186317321689E-02
   1.4294032023289665E-02  3.1746724890829692E-02
   1.4250363901018921E-02  3.1673944687045125E-02
   1.4061135371179038E-02  3.1804949053857348E-02
   1.3813682678311498E-02  3.2139737991266376E-02
   1.3580786026200874E-02  3.2358078602620084E-02
   1.3318777292576418E-02  3.2416302765647741E-02
   1.2969432314410480E-02  3.2387190684133912E-02
   1.2736535662299854E-02  3.2154294032023287E-02
   1.2678311499272198E-02  3.1790393013100438E-02
   1.2736535662299854E-02  3.1295487627365351E-02
   1.2969432314410480E-02  3.0960698689956326E-02
   1.3056768558951964E-02  3.0727802037845708E-02
   1.3042212518195050E-02  3.0625909752547305E-02
   1.2911208151382823E-02  3.0698689956331876E-02
   1.2459970887918486E-02  3.0844250363901014E-02
   1.2328966521106259E-02  3.0887918486171759E-02
   1.1819505094614265E-02  3.0887918486171759E-02
   1.1804949053857351E-02  3.0844250363901014E-02
   1.1353711790393012E-02  3.0524017467248907E-02
   1.1295487627365356E-02  3.0393013100436680E-02
   1.1091703056768558E-02  3.0247452692867535E-02
   1.0829694323144104E-02  3.0029112081513831E-02
   1.0625909752547307E-02  2.9810771470160115E-02
   1.0800582241630276E-02  2.9577874818049490E-02
   1.1091703056768558E-02  2.9286754002911208E-02
   1.1324599708879184E-02  2.8981077147016011E-02
   1.1324599708879184E-02  2.8850072780203784E-02
   1.0786026200873362E-02  2.8762736535662300E-02
   1.0494905385735080E-02  2.8951965065502180E-02
   1.0160116448326054E-02  2.9243085880640462E-02
   9.8398835516739450E-03  2.9388646288209606E-02
   9.4759825327510924E-03  2.9475982532751088E-02
   8.9810771470160110E-03  2.9505094614264919E-02
   8.7918486171761276E-03  2.9301310043668118E-02
   8.7045123726346429E-03  2.8937409024745269E-02
   8.6608442503639006E-03  2.8573508005822416E-02
   8.6317321688500724E-03  2.8122270742358076E-02
   8.6026200873362442E-03  2.7933042212518196E-02
   8.6462882096069865E-03  2.7743813682678312E-02
   8.6608442503639006E-03  2.7394468704512374E-02
   8.4861717612809313E-03  2.7016011644832603E-02
   8.2532751091703039E-03  2.6986899563318779E-02
   8.0494905385735081E-03  2.6957787481804947E-02
   7.9475982532751094E-03  2.6885007278020377E-02
   7.7729257641921401E-03  2.6491994177583692E-02
   7.5254730713245994E-03  2.6360989810771469E-02
   7.4235807860262007E-03  2.6331877729257644E-02
   7.0742358078602612E-03  2.6273653566229987E-02
   7.0742358078602612E-03  2.5793304221251818E-02
   6.9868995633187766E-03  2.5429403202328962E-02
   6.9577874818049484E-03  2.5196506550218337E-02
   6.8850072780203778E-03  2.5065502183406113E-02
   6.8122270742358082E-03  2.4934497816593886E-02
   6.3464337700145559E-03  2.4323144104803494E-02
   5.8078602620087339E-03  2.3828238719068414E-02
   5.6914119359534211E-03  2.3711790393013101E-02
   5.2692867540029111E-03  2.3595342066957785E-02
   4.9199417758369725E-03  2.3639010189228531E-02
   4.5414847161572049E-03  2.3813682678311500E-02
   4.1339155749636090E-03  2.3871906841339156E-02
   3.8864628820960700E-03  2.3871906841339156E-02
   3.4788937409024742E-03  2.3770014556040758E-02
   3.3915574963609900E-03  2.3668122270742355E-02
   2.9548762736535663E-03  2.3435225618631730E-02
   2.5473071324599705E-03  2.3202328966521104E-02
   2.1542940320232896E-03  2.2954876273653564E-02
   1.9213973799126639E-03  2.2372634643377000E-02
   1.9941775836972344E-03  2.1601164483260552E-02
   2.1688500727802037E-03  2.1237263464337700E-02
   2.4745269286754004E-03  2.0960698689956331E-02
   2.7510917030567684E-03  2.0698689956331878E-02
   2.9112081513828240E-03  2.0349344978165939E-02
   2.9985443959243082E-03  2.0014556040756915E-02
   2.9985443959243082E-03  1.9839883551673945E-02
   2.8093158660844248E-03  1.9621542940320230E-02
   2.7510917030567684E-03  1.9461426491994175E-02
   2.6928675400291120E-03  1.9344978165938862E-02
   2.5036390101892281E-03  1.9068413391557498E-02
   2.4163027656477439E-03  1.8806404657933044E-02
   2.3580786026200875E-03  1.8529839883551676E-02
   2.1834061135371178E-03  1.8165938864628819E-02
   1.9068413391557495E-03  1.7860262008733627E-02
   1.7758369723435224E-03  1.7714701601164482E-02
   1.4556040756914120E-03  1.7365356622998544E-02
   1.2081513828238720E-03  1.7205240174672488E-02
   1.0334788937409023E-03  1.7190684133915574E-02
   5.5312954876273650E-04  1.7190684133915574E-02
   1.7467248908296942E-04  1.6812227074235808E-02
   1.3100436681222707E-04  1.6084425036390102E-02
   1.0189228529839883E-04  1.5473071324599708E-02
   1.3100436681222707E-04  1.5254730713245996E-02
   1.4556040756914118E-04  1.5138282387190683E-02
  -2.1834061135371177E-04  1.4497816593886463E-02
  -5.8224163027656472E-04  1.4002911208151381E-02
  -3.9301310043668122E-04  1.2576419213973799E-02
  -8.5880640465793297E-04  1.2547307132459971E-02
  -1.4410480349344979E-03  1.2503639010189228E-02
  -2.0232896652110626E-03  1.2474526928675400E-02
  -2.4017467248908298E-03  1.2459970887918486E-02
  -2.8093158660844248E-03  1.2343522561863173E-02
  -3.0567685589519646E-03  1.1775836972343523E-02
  -2.8238719068413389E-03  1.1310043668122270E-02
  -2.6637554585152838E-03  1.1149927219796215E-02
  -2.6637554585152838E-03  1.0887918486171761E-02
  -2.6928675400291120E-03  1.0480349344978166E-02
  -2.8238719068413389E-03  1.0043668122270741E-02
  -2.8384279475982530E-03  9.7816593886462886E-03
  -2.7365356622998543E-03  9.5924308588064052E-03
  -2.5618631732168846E-03  9.5342066957787488E-03
  -2.1251819505094614E-03  9.4614264919941782E-03
  -1.8049490538573508E-03  9.4614264919941782E-03
  -1.3682678311499271E-03  9.4177583697234359E-03
  -9.4614264919941772E-04  9.4032023289665218E-03
  -9.6069868995633193E-04  8.9665211062590969E-03
  -1.0625909752547307E-03  8.2241630276564757E-03
  -1.0625909752547307E-03  7.8020378457059683E-03
  -1.1208151382823871E-03  7.2489082969432314E-03
  -1.5138282387190682E-03  7.0596797671033471E-03
  -1.9068413391557495E-03  6.8850072780203778E-03
  -2.2416302765647742E-03  6.7103347889374094E-03
  -2.4017467248908298E-03  6.5356622998544393E-03
  -2.5909752547307132E-03  6.1280931586608434E-03
  -2.5036390101892281E-03  5.6477438136826779E-03
  -2.4017467248908298E-03  5.5895196506550214E-03
  -1.8340611353711790E-03  5.1673944687045115E-03
  -1.7903930131004367E-03  4.9344978165938866E-03
  -1.8777292576419213E-03  4.7452692867540032E-03
  -1.9359534206695780E-03  4.2794759825327509E-03
  -1.7176128093158659E-03  3.9301310043668124E-03
  -1.5720524017467249E-03  3.6244541484716157E-03
  -1.5866084425036390E-03  3.0422125181950505E-03
  -1.6011644832605531E-03  3.0131004366812223E-03
  -1.2518195050946141E-03  2.8966521106259099E-03
  -9.3158660844250361E-04  2.7656477438136825E-03
  -1.1353711790393012E-03  2.2270742358078601E-03
  -1.1208151382823871E-03  1.6739446870451238E-03
  -8.7336244541484707E-04  1.1790393013100438E-03
  -8.4425036390101897E-04  8.4425036390101897E-04
  -8.0058224163027654E-04  4.8034934497816597E-04
  -5.2401746724890829E-04  1.4556040756914119E-05
  -4.0756914119359532E-04 -3.0567685589519652E-04
  -2.9112081513828236E-04 -7.7147016011644832E-04
  -2.3289665211062590E-04 -8.5880640465793297E-04
  -1.4556040756914118E-04 -1.3100436681222707E-03
  -2.9112081513828238E-05 -1.8340611353711790E-03
   8.7336244541484710E-05 -2.3144104803493448E-03
   2.3289665211062590E-04 -2.8384279475982530E-03
   4.8034934497816597E-04 -3.4061135371179041E-03
   7.4235807860262000E-04 -3.9010189228529842E-03
   9.8981077147016015E-04 -4.4104803493449779E-03
   1.1935953420669579E-03 -4.8908296943231443E-03
   1.3100436681222707E-03 -5.3711790393013098E-03
   1.4701601164483261E-03 -5.8369723435225621E-03
   1.6302765647743813E-03 -6.4192139737991264E-03
   1.9213973799126639E-03 -6.6957787481804953E-03
   2.1542940320232896E-03 -6.9868995633187766E-03
   2.4163027656477439E-03 -7.3653566229985442E-03
   2.6055312954876273E-03 -7.9184861717612812E-03
   2.7365356622998543E-03 -8.2241630276564757E-03
   2.9257641921397381E-03 -8.6462882096069865E-03
   3.2605531295487626E-03 -9.0975254730713238E-03
   3.3333333333333331E-03 -9.5342066957787488E-03
   3.5371179039301306E-03 -9.9272197962154297E-03
   3.9592430858806406E-03 -1.0247452692867538E-02
   4.2358078602620086E-03 -1.0538573508005822E-02
   4.5997088791848613E-03 -1.0917030567685589E-02
   4.9199417758369725E-03 -1.1411935953420670E-02
   5.2256186317321688E-03 -1.2066957787481803E-02
   5.5021834061135368E-03 -1.2532751091703057E-02
   5.6186317321688497E-03 -1.2721979621542940E-02
   5.9097525473071327E-03 -1.2954876273653566E-02
   6.0698689956331870E-03 -1.3114992721979621E-02
   6.4628820960698687E-03 -1.3449781659388647E-02
   6.8995633187772919E-03 -1.3740902474526927E-02
   7.1615720524017467E-03 -1.3959243085880639E-02
   7.7292576419213978E-03 -1.4163027656477437E-02
   8.3114992721979603E-03 -1.4468704512372635E-02
   8.5735080058224160E-03 -1.4628820960698688E-02
   9.0538573508005815E-03 -1.5138282387190683E-02
   9.2867540029112072E-03 -1.5458515283842796E-02
   9.4323144104803500E-03 -1.5735080058224160E-02
   9.2867540029112072E-03 -1.5807860262008734E-02
   8.8646288209606981E-03 -1.6040756914119360E-02
   8.5589519650655019E-03 -1.6346433770014556E-02
   8.3406113537117885E-03 -1.6652110625909749E-02
   8.3406113537117885E-03 -1.6885007278020378E-02
   8.5298398835516737E-03 -1.7176128093158660E-02
   8.8064046579330417E-03 -1.7190684133915574E-02
   9.3013100436681213E-03 -1.7205240174672488E-02
   9.7379912663755463E-03 -1.7248908296943231E-02
   1.0014556040756913E-02 -1.7263464337700145E-02
   1.0422125181950509E-02 -1.7263464337700145E-02
   1.0902474526928675E-02 -1.7336244541484715E-02
   1.1179039301310043E-02 -1.7350800582241629E-02
   1.1572052401746726E-02 -1.7627365356622997E-02
   1.1732168850072781E-02 -1.8034934497816592E-02
   1.1790393013100437E-02 -1.8384279475982531E-02
   1.1790393013100437E-02 -1.8617176128093157E-02
   1.1935953420669576E-02 -1.8820960698689954E-02
   1.2096069868995632E-02 -1.9082969432314408E-02
   1.2256186317321687E-02 -1.9534206695778749E-02
   1.2416302765647744E-02 -1.9781659388646289E-02
   1.2940320232896652E-02 -1.9781659388646289E-02
   1.3318777292576418E-02 -1.9767103347889375E-02
   1.3799126637554584E-02 -1.9912663755458512E-02
   1.4308588064046579E-02 -1.9927219796215430E-02
   1.5414847161572051E-02 -2.0087336244541482E-02
   1.6026200873362446E-02 -2.0276564774381368E-02
   1.6433770014556041E-02 -2.0494905385735077E-02
   1.6754002911208151E-02 -2.0815138282387190E-02
   1.6754002911208151E-02 -2.0975254730713246E-02
   1.6608442503639010E-02 -2.1426491994177583E-02
   1.6433770014556041E-02 -2.1761280931586607E-02
   1.6360989810771470E-02 -2.2096069868995632E-02
   1.6419213973799127E-02 -2.2401746724890832E-02
   1.6826783114992722E-02 -2.2489082969432313E-02
   1.7219796215429403E-02 -2.2503639010189227E-02
   1.7612809315866083E-02 -2.2445414847161570E-02
   1.7918486171761283E-02 -2.2401746724890832E-02
   1.8296943231441050E-02 -2.2314410480349343E-02
   1.8195050946142648E-02 -2.2532751091703055E-02
   1.8034934497816592E-02 -2.2838427947598251E-02
   1.7918486171761283E-02 -2.2998544395924310E-02
   1.7976710334788936E-02 -2.3245997088791846E-02
   1.8369723435225617E-02 -2.3406113537117905E-02
   1.9024745269286752E-02 -2.3289665211062592E-02
   1.9534206695778749E-02 -2.3245997088791846E-02
   2.0203784570596794E-02 -2.3406113537117905E-02
   2.0334788937409025E-02 -2.3551673944687043E-02
   2.0494905385735077E-02 -2.3682678311499273E-02
   2.0931586608442503E-02 -2.3784570596797668E-02
   2.1441048034934494E-02 -2.3580786026200874E-02
   2.1732168850072779E-02 -2.3260553129548760E-02
   2.1935953420669580E-02 -2.3071324599708877E-02
   2.2518195050946144E-02 -2.3333333333333331E-02
   2.3129548762736533E-02 -2.3420669577874816E-02
   2.3930131004366813E-02 -2.3609898107714699E-02
   2.4512372634643377E-02 -2.3828238719068414E-02
   2.5502183406113536E-02 -2.4410480349344978E-02
   2.6229985443959242E-02 -2.4832605531295487E-02
   2.7176128093158659E-02 -2.5327510917030567E-02
   2.7845705967976711E-02 -2.5807860262008736E-02
   2.9155749636098981E-02 -2.6084425036390101E-02
   3.0363901018922848E-02 -2.6360989810771469E-02
   3.1615720524017468E-02 -2.6622998544395923E-02
   3.2212518195050943E-02 -2.7059679767103346E-02
   3.2678311499272202E-02 -2.7132459970887916E-02
   3.3027656477438140E-02 -2.7176128093158659E-02
   3.2867540029112081E-02 -2.7438136826783113E-02
   3.2751091703056769E-02 -2.7802037845705969E-02
   3.2809315866084425E-02 -2.8078602620087337E-02
   3.3449781659388646E-02 -2.8529839883551671E-02
   3.3915574963609897E-02 -2.8835516739446867E-02
   3.4279475982532746E-02 -2.8835516739446867E-02
   3.4745269286754005E-02 -2.8617176128093159E-02
   3.5065502183406108E-02 -2.8486171761280928E-02
   3.5516739446870449E-02 -2.8296943231441045E-02
   3.5371179039301308E-02 -2.8486171761280928E-02
   3.5211062590975256E-02 -2.8733624454148472E-02
   3.5385735080058225E-02 -2.8748180494905386E-02
   3.5866084425036387E-02 -2.8660844250363898E-02
   3.6462882096069869E-02 -2.8515283842794760E-02
   3.6797671033478890E-02 -2.8558951965065499E-02
   3.7540029112081506E-02 -2.8820960698689956E-02
   3.8660844250363903E-02 -2.8719068413391554E-02
   3.9548762736535660E-02 -2.8966521106259097E-02
   4.0524017467248902E-02 -2.9810771470160115E-02
   4.1717612809315865E-02 -3.0291120815138281E-02
   4.3828238719068414E-02 -3.0771470160116447E-02
   4.4949053857350797E-02 -3.1018922852983990E-02
   4.5283842794759825E-02 -3.1048034934497815E-02
   4.6666666666666662E-02 -3.1251819505094612E-02
   4.7671033478893739E-02 -3.1310043668122269E-02
   4.8107714701601162E-02 -3.1411935953420664E-02
   4.8588064046579331E-02 -3.1572052401746722E-02
   4.9010189228529837E-02 -3.1615720524017468E-02
   4.9737991266375542E-02 -3.1615720524017468E-02
   5.0116448326055309E-02 -3.1601164483260551E-02
   5.0218340611353711E-02 -3.1688500727802035E-02
   5.0509461426491986E-02 -3.1790393013100438E-02
   5.1135371179039296E-02 -3.1935953420669579E-02
   5.1106259097525475E-02 -3.2270742358078600E-02
   5.1048034934497818E-02 -3.2328966521106256E-02
   5.1266375545851527E-02 -3.2503639010189225E-02
   5.1906841339155747E-02 -3.2707423580786023E-02
   5.2066957787481799E-02 -3.2721979621542940E-02
   5.2401746724890827E-02 -3.2532751091703054E-02
   5.2678311499272192E-02 -3.2459970887918486E-02
   5.3391557496360993E-02 -3.2547307132459964E-02
   5.4337700145560407E-02 -3.2692867540029112E-02
   5.5240174672489081E-02 -3.2838427947598253E-02
   5.6055312954876271E-02 -3.3478893740902474E-02
   5.7161572052401743E-02 -3.3930131004366808E-02
   5.8093158660844246E-02 -3.4148471615720523E-02
   5.8704512372634646E-02 -3.3915574963609897E-02
   5.9228529839883547E-02 -3.4090247452692866E-02
   6.0087336244541482E-02 -3.4264919941775836E-02
   6.0829694323144105E-02 -3.4352256186317320E-02
   6.1295487627365357E-02 -3.4425036390101894E-02
   6.1761280931586608E-02 -3.4701601164483259E-02
   6.2139737991266375E-02 -3.4934497816593885E-02
   6.2547307132459970E-02 -3.5109170305676854E-02
   6.3333333333333325E-02 -3.5167394468704510E-02
   6.3740902474526920E-02 -3.5181950509461421E-02
   6.4570596797671034E-02 -3.5400291120815136E-02
   6.5225618631732166E-02 -3.5633187772925762E-02
   6.5574963609898104E-02 -3.5647743813682672E-02
   6.6550218340611353E-02 -3.5895196506550223E-02
   6.8238719068413389E-02 -3.5866084425036387E-02
   6.9374090247452697E-02 -3.6157205240174670E-02
   7.0232896652110632E-02 -3.6360989810771474E-02
   7.0960698689956331E-02 -3.6521106259097526E-02
   7.3056768558951962E-02 -3.6826783114992725E-02
   7.3813682678311496E-02 -3.7088791848617172E-02
   7.4512372634643373E-02 -3.7685589519650654E-02
   7.5342066957787487E-02 -3.7962154294032026E-02
   7.6506550218340616E-02 -3.8049490538573504E-02
   7.7219796215429390E-02 -3.7918486171761280E-02
   7.7598253275109177E-02 -3.7976710334788936E-02
   7.8020378457059683E-02 -3.7903930131004369E-02
   7.8224163027656474E-02 -3.7729257641921400E-02
   7.8384279475982532E-02 -3.7671033478893744E-02
   7.8864628820960694E-02 -3.7671033478893744E-02
   7.9708879184861720E-02 -3.7874818049490534E-02
   8.0232896652110627E-02 -3.7991266375545847E-02
   8.0829694323144102E-02 -3.8049490538573504E-02
   8.1135371179039295E-02 -3.8136826783114995E-02
   8.1106259097525474E-02 -3.8529839883551673E-02
   8.1077147016011653E-02 -3.8660844250363903E-02
   8.1266375545851532E-02 -3.8820960698689955E-02
   8.2168850072780200E-02 -3.9010189228529842E-02
   8.2911208151382823E-02 -3.9621542940320234E-02
   8.3187772925764181E-02 -3.9665211062590973E-02
   8.3784570596797669E-02 -3.9665211062590973E-02
   8.4206695778748175E-02 -3.9679767103347890E-02
   8.4366812227074234E-02 -3.9708879184861712E-02
   8.4992721979621544E-02 -3.9796215429403203E-02
   8.5414847161572049E-02 -3.9883551673944688E-02
   8.6171761280931583E-02 -3.9519650655021832E-02
   8.6681222707423580E-02 -3.9650655021834062E-02
   8.7714701601164471E-02 -3.9883551673944688E-02
   8.8558951965065497E-02 -4.0058224163027650E-02
   8.9184861717612807E-02 -4.0276564774381365E-02
   9.0043668122270742E-02 -4.0509461426491991E-02
   9.1237263464337692E-02 -4.0713245997088796E-02
   9.2314410480349329E-02 -4.0727802037845706E-02
   9.3013100436681220E-02 -4.0727802037845706E-02
   9.3857350800582245E-02 -4.0844250363901019E-02
   9.5094614264919941E-02 -4.1426491994177583E-02
   9.5458515283842790E-02 -4.1484716157205240E-02
   9.6273653566229980E-02 -4.1528384279475979E-02
   9.6812227074235799E-02 -4.1644832605531291E-02
   9.7132459970887916E-02 -4.1790393013100433E-02
   9.7409024745269288E-02 -4.1906841339155745E-02
   9.7802037845705972E-02 -4.1863173216885007E-02
   9.8675400291120804E-02 -4.2037845705967976E-02
   9.9243085880640458E-02 -4.2154294032023289E-02
   0.1000145560407569     -4.2285298398835519E-02
   0.1006113537117904     -4.2066957787481804E-02
   0.1012227074235808     -4.2328966521106258E-02
   0.1018049490538573     -4.2445414847161571E-02
   0.1025327510917031     -4.2445414847161571E-02
   0.1034643377001456     -4.2736535662299853E-02
   0.1038427947598253     -4.2969432314410479E-02
   0.1041775836972343     -4.2867540029112076E-02
   0.1057991266375546     -4.2442503639010185E-02
   0.1095342066957787     -4.3062590975254729E-02
   0.1118340611353712     -4.3411935953420668E-02
   0.1144032023289665     -4.3823871906841338E-02
   0.1192430858806405     -4.4934497816593887E-02
   0.1196360989810771     -4.4963609898107715E-02
   0.1202328966521106     -4.5109170305676856E-02
   0.1206259097525473     -4.5312954876273653E-02
   0.1207860262008734     -4.5443959243085877E-02
   0.1210771470160116     -4.5793304221251815E-02
   0.1214701601164483     -4.5938864628820963E-02
   0.1217903930131004     -4.6215429403202321E-02
   0.1220378457059680     -4.6462882096069871E-02
   0.1223726346433770     -4.6914119359534205E-02
   0.1225909752547307     -4.7190684133915570E-02
   0.1229694323144105     -4.7496360989810769E-02
   0.1234643377001455     -4.7729257641921395E-02
   0.1239155749636099     -4.7802037845705962E-02
   0.1241921397379913     -4.7816593886462880E-02
   0.1245123726346434     -4.7758369723435223E-02
   0.1248471615720524     -4.7627365356623000E-02
   0.1251819505094614     -4.7467248908296941E-02
   0.1256186317321689     -4.7147016011644831E-02
   0.1260553129548763     -4.6564774381368267E-02
   0.1262882096069869     -4.6273653566229984E-02
   0.1264628820960699     -4.5997088791848620E-02
