   2.5094614264919941E-02  4.0713245997088796E-02
   2.5036390101892285E-02  4.0844250363901019E-02
   2.4818049490538573E-02  4.0844250363901019E-02
   2.4599708879184858E-02  4.0829694323144108E-02
   2.4454148471615721E-02  4.0713245997088796E-02
   2.4439592430858807E-02  4.0582241630276565E-02
   2.4410480349344978E-02  4.0407569141193589E-02
   2.4425036390101889E-02  4.0218340611353709E-02
   2.3385735080058225E-02  3.9080058224163029E-02
   2.0953420669577873E-02  3.7203784570596796E-02
   2.0858806404657933E-02  3.7496360989810767E-02
   2.0684133915574963E-02  3.7627365356622998E-02
   2.0378457059679764E-02  3.7671033478893744E-02
   2.0072780203784571E-02  3.7671033478893744E-02
   1.9868995633187773E-02  3.7379912663755455E-02
   1.9883551673944688E-02  3.6885007278020375E-02
   1.9985443959243086E-02  3.6593886462882100E-02
   1.7813682678311498E-02  3.4590975254730712E-02
   1.5251819505094615E-02  3.2286754002911207E-02
   1.4890829694323142E-02  3.2241630276564771E-02
   1.4774381368267829E-02  3.2256186317321689E-02
   1.4497816593886463E-02  3.2270742358078600E-02
   1.4192139737991265E-02  3.2241630276564771E-02
   1.3944687045123725E-02  3.2066957787481802E-02
   1.3886462882096069E-02  3.1775836972343520E-02
   1.3901018922852983E-02  3.1586608442503640E-02
   1.3755458515283842E-02  3.1310043668122269E-02
   1.3333333333333332E-02  3.0931586608442502E-02
   1.2823871906841339E-02  3.0567685589519649E-02
   1.2328966521106259E-02  3.0131004366812222E-02
   1.2183406113537116E-02  3.0101892285298398E-02
   1.1834061135371178E-02  3.0218340611353710E-02
   1.1470160116448327E-02  3.0232896652110625E-02
   1.1062590975254730E-02  3.0014556040756910E-02
   1.0698689956331877E-02  2.9679767103347889E-02
   1.0553129548762736E-02  2.9432314410480345E-02
   1.0582241630276564E-02  2.9053857350800582E-02
   1.0742358078602620E-02  2.8689956331877729E-02
   1.0771470160116448E-02  2.8529839883551671E-02
   1.0698689956331877E-02  2.8311499272197959E-02
   1.0494905385735080E-02  2.8064046579330419E-02
   1.0160116448326054E-02  2.7525473071324597E-02
   1.0116448326055311E-02  2.7903930131004367E-02
   9.9272197962154297E-03  2.7976710334788938E-02
   9.5487627365356629E-03  2.7933042212518196E-02
   9.2576419213973790E-03  2.7394468704512374E-02
   9.2576419213973790E-03  2.7030567685589518E-02
   9.3886462882096077E-03  2.6710334788937407E-02
   9.2721979621542931E-03  2.6390101892285297E-02
   9.1266375545851521E-03  2.6055312954876272E-02
   8.9956331877729251E-03  2.6288209606986898E-02
   8.8646288209606981E-03  2.6506550218340610E-02
   8.6608442503639006E-03  2.6681222707423579E-02
   8.4133915574963608E-03  2.6550218340611352E-02
   8.2823871906841321E-03  2.6273653566229987E-02
   8.1222707423580787E-03  2.5924308588064049E-02
   8.0931586608442505E-03  2.5604075691411935E-02
   8.2387190684133898E-03  2.5385735080058223E-02
   8.3114992721979603E-03  2.5167394468704512E-02
   8.0786026200873363E-03  2.4905385735080054E-02
   7.8602620087336247E-03  2.4570596797671030E-02
   7.5400291120815135E-03  2.4250363901018920E-02
   7.3944687045123724E-03  2.4381368267831150E-02
   7.2489082969432314E-03  2.4687045123726346E-02
   7.1761280931586608E-03  2.4730713245997085E-02
   6.8704512372634637E-03  2.4803493449781659E-02
   6.4483260553129546E-03  2.4628820960698686E-02
   6.3755458515283841E-03  2.4206695778748181E-02
   6.3027656477438136E-03  2.3857350800582242E-02
   6.2882096069868994E-03  2.3566229985443957E-02
   6.3027656477438136E-03  2.3304221251819503E-02
   6.3755458515283841E-03  2.3114992721979623E-02
   6.1280931586608434E-03  2.2838427947598251E-02
   5.9097525473071327E-03  2.2532751091703055E-02
   5.8224163027656480E-03  2.2474526928675399E-02
   5.4439592430858804E-03  2.2576419213973801E-02
   5.1528384279475974E-03  2.2518195050946144E-02
   5.1237263464337691E-03  2.2183406113537116E-02
   5.1965065502183405E-03  2.2008733624454147E-02
   4.8180494905385738E-03  2.1804949053857350E-02
   4.5997088791848613E-03  2.1732168850072779E-02
   3.9301310043668124E-03  2.1892285298398834E-02
   3.4934497816593883E-03  2.2314410480349343E-02
   3.1295487627365356E-03  2.2721979621542938E-02
   2.7219796215429402E-03  2.3187772925764190E-02
   2.1979621542940319E-03  2.3435225618631730E-02
   1.8195050946142649E-03  2.3755458515283844E-02
   1.5866084425036390E-03  2.4090247452692868E-02
   1.3682678311499271E-03  2.4381368267831150E-02
   1.1935953420669579E-03  2.4454148471615721E-02
   7.5691411935953411E-04  2.4556040756914119E-02
   4.3668122270742354E-04  2.4890829694323144E-02
   4.0756914119359532E-04  2.4890829694323144E-02
   2.7656477438136825E-04  2.4599708879184858E-02
   1.4556040756914118E-04  2.4163027656477438E-02
   1.1644832605531295E-04  2.3551673944687043E-02
   1.4556040756914119E-05  2.2925764192139736E-02
  -1.6011644832605529E-04  2.2430858806404656E-02
  -2.9112081513828236E-04  2.1965065502183405E-02
  -4.9490538573508007E-04  2.1601164483260552E-02
  -6.2590975254730704E-04  2.1266375545851528E-02
  -6.9868995633187768E-04  2.0989810771470160E-02
  -7.1324599708879190E-04  2.0727802037845706E-02
  -6.9868995633187768E-04  2.0131004366812227E-02
  -5.9679767103347893E-04  1.9636098981077144E-02
  -4.5123726346433770E-04  1.9184861717612810E-02
  -2.6200873362445414E-04  1.8704512372634641E-02
  -4.3668122270742355E-05  1.8296943231441050E-02
   2.0378457059679766E-04  1.7933042212518194E-02
   4.8034934497816597E-04  1.7772925764192139E-02
   7.2780203784570600E-04  1.7292576419213973E-02
   9.1703056768558950E-04  1.6855895196506550E-02
   9.7525473071324604E-04  1.6535662299854439E-02
   8.0058224163027654E-04  1.6128093158660844E-02
   4.5123726346433770E-04  1.5196506550218340E-02
   4.0756914119359532E-04  1.4905385735080058E-02
   3.7845705967976705E-04  1.4556040756914119E-02
   1.3100436681222707E-04  1.4032023289665210E-02
  -4.3668122270742355E-05  1.3668122270742357E-02
  -2.0378457059679766E-04  1.3347889374090248E-02
  -4.8034934497816597E-04  1.3042212518195050E-02
  -7.1324599708879190E-04  1.2518195050946142E-02
  -8.7336244541484707E-04  1.2037845705967975E-02
  -1.0480349344978166E-03  1.1586608442503640E-02
  -1.1790393013100438E-03  1.1266375545851528E-02
  -1.1935953420669579E-03  1.0960698689956331E-02
  -1.2518195050946141E-03  1.0596797671033479E-02
  -1.6011644832605531E-03  1.0058224163027655E-02
  -1.7176128093158659E-03  9.7671033478893745E-03
  -1.7612809315866083E-03  9.3158660844250354E-03
  -1.9505094614264921E-03  8.6608442503639006E-03
  -2.2125181950509460E-03  8.1368267831149928E-03
  -2.3871906841339157E-03  7.8020378457059683E-03
  -2.4017467248908298E-03  7.5400291120815135E-03
  -2.3435225618631730E-03  6.9432314410480343E-03
  -2.3144104803493448E-03  6.5502183406113534E-03
  -2.5473071324599705E-03  5.9388646288209600E-03
  -2.6783114992721979E-03  5.1237263464337691E-03
  -2.8529839883551676E-03  4.7889374090247456E-03
  -3.1004366812227074E-03  4.1048034934497808E-03
  -3.2605531295487626E-03  3.5225618631732165E-03
  -3.2314410480349344E-03  2.9257641921397381E-03
  -3.1004366812227074E-03  2.1834061135371178E-03
  -3.0422125181950505E-03  1.8922852983988354E-03
  -3.0131004366812223E-03  1.1935953420669579E-03
  -3.2023289665211062E-03  7.8602620087336243E-04
  -3.4497816593886460E-03  3.7845705967976705E-04
  -3.6098981077147016E-03 -5.8224163027656476E-05
  -3.7263464337700144E-03 -4.9490538573508007E-04
  -3.7117903930131003E-03 -1.0189228529839884E-03
  -3.5807860262008734E-03 -1.3391557496360989E-03
  -3.4352256186317319E-03 -1.3391557496360989E-03
  -3.1295487627365356E-03 -1.2518195050946141E-03
  -2.8238719068413389E-03 -1.2372634643377002E-03
  -2.6928675400291120E-03 -1.3245997088791848E-03
  -2.2707423580786024E-03 -1.0043668122270743E-03
  -2.0087336244541485E-03 -7.4235807860262000E-04
  -1.6885007278020379E-03 -5.0946142649199418E-04
  -1.3828238719068413E-03 -4.5123726346433770E-04
  -1.1062590975254730E-03 -4.8034934497816597E-04
  -9.6069868995633193E-04 -1.1499272197962153E-03
  -1.1935953420669579E-03 -1.2954876273653566E-03
  -1.4847161572052400E-03 -1.6157205240174672E-03
  -1.3537117903930130E-03 -1.9796215429403203E-03
  -1.0625909752547307E-03 -2.3580786026200875E-03
  -8.4425036390101897E-04 -2.9985443959243082E-03
  -1.0625909752547307E-03 -3.3187772925764190E-03
  -1.1935953420669579E-03 -3.5953420669577875E-03
  -1.3100436681222707E-03 -4.1921397379912663E-03
  -1.0189228529839884E-03 -4.5269286754002908E-03
  -5.6768558951965061E-04 -5.0800582241630268E-03
  -2.4745269286754004E-04 -5.3857350800582239E-03
   3.7845705967976705E-04 -5.3711790393013098E-03
   3.4934497816593884E-04 -4.9636098981077148E-03
   4.5123726346433770E-04 -4.6142649199417754E-03
   9.0247452692867540E-04 -4.2358078602620086E-03
   9.1703056768558950E-04 -4.2358078602620086E-03
   1.0480349344978166E-03 -4.7743813682678314E-03
   1.2227074235807861E-03 -5.2256186317321688E-03
   1.4847161572052400E-03 -5.8078602620087339E-03
   1.7467248908296941E-03 -6.5938864628820957E-03
   2.2270742358078601E-03 -7.4090247452692866E-03
   2.8238719068413389E-03 -8.0058224163027658E-03
   3.1877729257641920E-03 -8.5735080058224160E-03
   3.5662299854439588E-03 -9.0101892285298392E-03
   4.0174672489082970E-03 -9.4177583697234359E-03
   4.3668122270742356E-03 -9.8107714701601168E-03
   4.8617176128093161E-03 -1.0655021834061135E-02
   5.0800582241630268E-03 -1.1033478893740902E-02
   5.6622998544395920E-03 -1.1848617176128092E-02
   5.9243085880640459E-03 -1.2212518195050944E-02
   6.2736535662299853E-03 -1.2692867540029112E-02
   6.8122270742358082E-03 -1.3100436681222707E-02
   7.5109170305676853E-03 -1.3609898107714702E-02
   8.1222707423580787E-03 -1.4192139737991265E-02
   8.7481804949053853E-03 -1.4730713245997088E-02
   8.9082969432314404E-03 -1.4905385735080058E-02
   9.4759825327510924E-03 -1.5458515283842796E-02
   1.0247452692867538E-02 -1.6113537117903930E-02
   1.1542940320232897E-02 -1.6797671033478893E-02
   1.2518195050946142E-02 -1.7350800582241629E-02
   1.3377001455604077E-02 -1.7889374090247455E-02
   1.4279475982532749E-02 -1.8442503639010187E-02
   1.5458515283842796E-02 -1.9228529839883549E-02
   1.6593886462882096E-02 -2.0043668122270743E-02
   1.7205240174672488E-02 -2.0451237263464338E-02
   1.7583697234352255E-02 -2.0756914119359534E-02
   1.8253275109170304E-02 -2.1339155749636098E-02
   1.8646288209606988E-02 -2.1673944687045123E-02
   1.9315866084425034E-02 -2.1994177583697237E-02
   2.0276564774381368E-02 -2.2401746724890832E-02
   2.0989810771470160E-02 -2.2299854439592429E-02
   2.1542940320232896E-02 -2.2605531295487626E-02
   2.2285298398835519E-02 -2.2969432314410478E-02
   2.2867540029112080E-02 -2.3202328966521104E-02
   2.3580786026200874E-02 -2.4163027656477438E-02
   2.4177583697234353E-02 -2.4526928675400291E-02
   2.4759825327510917E-02 -2.4818049490538573E-02
   2.4919941775836972E-02 -2.5080058224163024E-02
   2.5050946142649199E-02 -2.5574963609898107E-02
   2.5225618631732168E-02 -2.6040756914119362E-02
   2.5283842794759825E-02 -2.6288209606986898E-02
   2.5458515283842794E-02 -2.6331877729257644E-02
   2.5953420669577874E-02 -2.6288209606986898E-02
   2.6608442503639008E-02 -2.6128093158660843E-02
   2.7045123726346435E-02 -2.6026200873362444E-02
   2.7700145560407570E-02 -2.5982532751091705E-02
   2.8296943231441045E-02 -2.5953420669577874E-02
   2.8893740902474523E-02 -2.5953420669577874E-02
   2.9592430858806404E-02 -2.5647743813682677E-02
   3.0160116448326054E-02 -2.5793304221251818E-02
   3.0509461426491993E-02 -2.6171761280931585E-02
   3.0582241630276563E-02 -2.6273653566229987E-02
   3.1077147016011639E-02 -2.6521106259097524E-02
   3.1775836972343520E-02 -2.6681222707423579E-02
   3.2387190684133912E-02 -2.7307132459970886E-02
   3.3158660844250364E-02 -2.7496360989810769E-02
   3.4046579330422121E-02 -2.7816593886462883E-02
   3.4716157205240170E-02 -2.8195050946142650E-02
   3.5225618631732167E-02 -2.8369723435225615E-02
   3.5502183406113538E-02 -2.8369723435225615E-02
   3.5967976710334790E-02 -2.8384279475982530E-02
   3.6331877729257639E-02 -2.8427947598253272E-02
   3.6404657933042206E-02 -2.8588064046579331E-02
   3.6521106259097526E-02 -2.8922852983988355E-02
   3.6812227074235808E-02 -2.8937409024745269E-02
   3.7729257641921400E-02 -2.8864628820960699E-02
   3.8398835516739442E-02 -2.8631732168850073E-02
   3.9010189228529842E-02 -2.8806404657933042E-02
   3.9679767103347890E-02 -2.8966521106259097E-02
   4.0000000000000001E-02 -2.9024745269286754E-02
   4.0014556040756911E-02 -2.9359534206695775E-02
   4.0160116448326053E-02 -2.9548762736535658E-02
   4.0494905385735080E-02 -2.9767103347889373E-02
   4.0989810771470153E-02 -3.0247452692867535E-02
   4.1280931586608435E-02 -3.0145560407569143E-02
   4.1601164483260553E-02 -3.0116448326055312E-02
   4.2154294032023289E-02 -3.0218340611353710E-02
   4.2547307132459973E-02 -3.0320232896652113E-02
   4.3056768558951963E-02 -3.0494905385735082E-02
   4.3639010189228535E-02 -3.0640465793304220E-02
   4.4366812227074233E-02 -3.0494905385735082E-02
   4.5356622998544392E-02 -3.0655021834061134E-02
   4.5152838427947595E-02 -3.0800582241630278E-02
   4.5080058224163028E-02 -3.1091703056768560E-02
   4.5123726346433767E-02 -3.1426491994177581E-02
   4.5371179039301310E-02 -3.1659388646288207E-02
   4.5866084425036382E-02 -3.1732168850072781E-02
   4.6302765647743813E-02 -3.1557496360989812E-02
   4.6957787481804944E-02 -3.1324599708879186E-02
   4.7540029112081515E-02 -3.1237263464337698E-02
   4.8704512372634644E-02 -3.1368267831149925E-02
   4.9650655021834057E-02 -3.1615720524017468E-02
   5.0582241630276567E-02 -3.1746724890829692E-02
   5.1863173216885002E-02 -3.2023289665211063E-02
   5.3231441048034935E-02 -3.2416302765647741E-02
   5.4628820960698689E-02 -3.2765647743813679E-02
   5.5647743813682676E-02 -3.3362445414847154E-02
   5.6724890829694327E-02 -3.3857350800582241E-02
   5.7583697234352256E-02 -3.4148471615720523E-02
   5.8267831149927216E-02 -3.3944687045123725E-02
   5.9213973799126629E-02 -3.4104803493449777E-02
   6.0320232896652108E-02 -3.4323144104803492E-02
   6.1091703056768559E-02 -3.4497816593886461E-02
   6.1892285298398832E-02 -3.4687045123726348E-02
   6.3100436681222699E-02 -3.4992721979621541E-02
   6.4454148471615721E-02 -3.5604075691411934E-02
   6.5327510917030554E-02 -3.5793304221251820E-02
   6.6317321688500727E-02 -3.6011644832605536E-02
   6.7481804949053856E-02 -3.5822416302765642E-02
   6.8602620087336239E-02 -3.6055312954876267E-02
   6.9650655021834054E-02 -3.6273653566229982E-02
   7.0887918486171764E-02 -3.6535662299854436E-02
   7.2037845705967968E-02 -3.6870451237263464E-02
   7.3318777292576409E-02 -3.7598253275109170E-02
   7.4221251819505091E-02 -3.7816593886462878E-02
   7.4774381368267834E-02 -3.7903930131004369E-02
   7.5604075691411934E-02 -3.7962154294032026E-02
   7.5458515283842800E-02 -3.8224163027656473E-02
   7.5283842794759817E-02 -3.8384279475982531E-02
   7.4876273653566222E-02 -3.8893740902474529E-02
   7.5007278020378446E-02 -3.8922852983988350E-02
   7.5502183406113532E-02 -3.8922852983988350E-02
   7.6186317321688499E-02 -3.8442503639010188E-02
   7.6943231441048032E-02 -3.8355167394468703E-02
   7.7627365356622999E-02 -3.8224163027656473E-02
   7.8224163027656474E-02 -3.8122270742358071E-02
   7.8850072780203784E-02 -3.8064046579330421E-02
   7.8850072780203784E-02 -3.8209606986899562E-02
   7.8820960698689949E-02 -3.8413391557496360E-02
   7.8820960698689949E-02 -3.8413391557496360E-02
   7.8937409024745261E-02 -3.8369723435225621E-02
   7.9170305676855887E-02 -3.8151382823871906E-02
   7.9519650655021826E-02 -3.8093158660844249E-02
   7.9825327510917032E-02 -3.8107714701601160E-02
   7.9825327510917032E-02 -3.8442503639010188E-02
   7.9839883551673943E-02 -3.8646288209606992E-02
   8.0262008733624449E-02 -3.8835516739446872E-02
   8.0742358078602611E-02 -3.8791848617176126E-02
   8.1077147016011653E-02 -3.8631732168850068E-02
   8.1280931586608429E-02 -3.8573508005822411E-02
   8.2154294032023290E-02 -3.9170305676855893E-02
   8.3711790393013102E-02 -3.9403202328966519E-02
   8.4861717612809306E-02 -3.9228529839883550E-02
   8.6098981077147016E-02 -3.9374090247452691E-02
   8.7365356622998533E-02 -3.9577874818049488E-02
   8.8049490538573513E-02 -3.9796215429403203E-02
   8.8733624454148466E-02 -3.9970887918486173E-02
   8.8748180494905390E-02 -4.0087336244541485E-02
   8.8748180494905390E-02 -4.0524017467248902E-02
   8.8733624454148466E-02 -4.0858806404657930E-02
   8.8937409024745270E-02 -4.1295487627365353E-02
   8.9126637554585150E-02 -4.1368267831149927E-02
   8.9839883551673938E-02 -4.1441048034934494E-02
   9.0873362445414843E-02 -4.1470160116448329E-02
   9.1135371179039304E-02 -4.1208151382823868E-02
   9.1310043668122259E-02 -4.1018922852983988E-02
   9.1557496360989810E-02 -4.0815138282387191E-02
   9.1863173216885002E-02 -4.0815138282387191E-02
   9.2445414847161567E-02 -4.0887918486171765E-02
   9.2809315866084430E-02 -4.0960698689956332E-02
   9.3944687045123723E-02 -4.1018922852983988E-02
   9.4934497816593882E-02 -4.1179039301310040E-02
   9.5240174672489075E-02 -4.1222707423580779E-02
   9.5254730713246000E-02 -4.1586608442503642E-02
   9.5429403202328969E-02 -4.1804949053857350E-02
   9.5618631732168849E-02 -4.1892285298398835E-02
   9.5924308588064042E-02 -4.1615720524017463E-02
   9.6171761280931592E-02 -4.1397379912663755E-02
   9.6521106259097530E-02 -4.1353711790393016E-02
   9.6972343522561857E-02 -4.1426491994177583E-02
   9.8195050946142656E-02 -4.1673944687045120E-02
   9.8981077147016011E-02 -4.1863173216885007E-02
   9.9155749636098980E-02 -4.2110625909752543E-02
   9.9519650655021830E-02 -4.2765647743813674E-02
   9.9708879184861710E-02 -4.2838427947598255E-02
   0.1001892285298399     -4.2983988355167389E-02
   0.1005676855895196     -4.3027656477438135E-02
   0.1009170305676856     -4.3027656477438135E-02
   0.1011499272197962     -4.2882096069868987E-02
   0.1014410480349345     -4.2780203784570599E-02
   0.1019505094614265     -4.2794759825327509E-02
   0.1029257641921397     -4.2649199417758368E-02
   0.1042649199417758     -4.2852983988355166E-02
   0.1053566229985444     -4.3114992721979613E-02
   0.1066812227074236     -4.3304221251819507E-02
   0.1085589519650655     -4.3653566229985445E-02
   0.1103930131004367     -4.3944687045123727E-02
   0.1118631732168850     -4.4279475982532748E-02
   0.1132896652110626     -4.4526928675400292E-02
   0.1146870451237263     -4.4774381368267828E-02
   0.1159534206695779     -4.5050946142649199E-02
   0.1172925764192140     -4.4963609898107715E-02
   0.1178602620087336     -4.5050946142649199E-02
   0.1177292576419214     -4.5225618631732169E-02
   0.1173508005822416     -4.5604075691411936E-02
   0.1169432314410480     -4.5982532751091695E-02
   0.1167103347889374     -4.6550218340611349E-02
   0.1164774381368268     -4.7074235807860257E-02
   0.1164046579330422     -4.7394468704512374E-02
   0.1167540029112082     -4.7379912663755457E-02
   0.1173944687045124     -4.7088791848617174E-02
   0.1181077147016012     -4.6957787481804944E-02
   0.1192285298398836     -4.6870451237263466E-02
   0.1193158660844250     -4.7132459970887913E-02
   0.1195633187772926     -4.7627365356623000E-02
   0.1201746724890830     -4.7976710334788931E-02
   0.1208005822416303     -4.7583697234352254E-02
   0.1211644832605531     -4.7409024745269285E-02
   0.1219505094614265     -4.7234352256186315E-02
   0.1222852983988355     -4.7205240174672487E-02
   0.1229403202328966     -4.7117903930131003E-02
   0.1232168850072780     -4.7103347889374085E-02
   0.1237554585152838     -4.7117903930131003E-02
   0.1248617176128093     -4.7321688500727800E-02
   0.1257059679767103     -4.7510917030567687E-02
   0.1266084425036390     -4.7714701601164485E-02
   0.1275691411935953     -4.7831149927219797E-02
   0.1287481804949054     -4.7947598253275110E-02
   0.1300291120815138     -4.7976710334788931E-02
   0.1310917030567686     -4.8107714701601162E-02
   0.1320669577874818     -4.8151382823871901E-02
   0.1333187772925764     -4.8253275109170303E-02
   0.1345997088791848     -4.8355167394468705E-02
   0.1360262008733625     -4.8558951965065496E-02
   0.1372052401746725     -4.8733624454148465E-02
   0.1387772925764192     -4.8806404657933039E-02
   0.1400291120815138     -4.9010189228529837E-02
   0.1412081513828239     -4.9301310043668119E-02
   0.1422416302765648     -4.9475982532751088E-02
   0.1439883551673944     -4.9679767103347885E-02
   0.1456040756914119     -4.9825327510917027E-02
   0.1473508005822416     -5.0262008733624450E-02
   0.1493595342066958     -5.0625909752547299E-02
   0.1502037845705968     -5.0756914119359536E-02
   0.1511499272197962     -5.0887918486171760E-02
   0.1521979621542940     -5.0756914119359536E-02
   0.1531586608442504     -5.0873362445414849E-02
   0.1533770014556041     -5.0917030567685588E-02
   0.1534352256186317     -5.0829694323144103E-02
   0.1535662299854440     -5.0407569141193598E-02
   0.1537409024745269     -5.0014556040756913E-02
   0.1539301310043668     -4.9621542940320229E-02
   0.1545705967976710     -4.9825327510917027E-02
   0.1567976710334789     -5.0072780203784570E-02
   0.1590101892285298     -5.0029112081513824E-02
   0.1612518195050946     -5.0989810771470162E-02
   0.1614119359534207     -5.1120815138282386E-02
   0.1617321688500728     -5.1295487627365355E-02
   0.1621542940320233     -5.1441048034934496E-02
   0.1628093158660844     -5.1572052401746726E-02
   0.1635371179039301     -5.1703056768558950E-02
   0.1640320232896652     -5.1804949053857352E-02
   0.1645997088791848     -5.1935953420669576E-02
   0.1653857350800582     -5.2096069868995627E-02
   0.1662008733624454     -5.2241630276564768E-02
   0.1671615720524017     -5.2401746724890827E-02
   0.1681368267831150     -5.2561863173216879E-02
   0.1691557496360990     -5.2707423580786027E-02
   0.1701746724890830     -5.2809315866084422E-02
   0.1714264919941776     -5.2954876273653563E-02
   0.1730858806404658     -5.3158660844250361E-02
   0.1742794759825328     -5.3318777292576419E-02
   0.1750946142649199     -5.3420669577874814E-02
   0.1759097525473071     -5.3508005822416306E-02
   0.1770014556040757     -5.3653566229985440E-02
   0.1782096069868996     -5.3799126637554581E-02
   0.1794905385735080     -5.3944687045123722E-02
   0.1805676855895196     -5.4032023289665207E-02
   0.1818631732168850     -5.4599708879184861E-02
   0.1836826783114993     -5.4730713245997084E-02
   0.1841484716157205     -5.4468704512372630E-02
   0.1849781659388646     -5.4526928675400287E-02
   0.1859679767103348     -5.4672489082969435E-02
   0.1873071324599709     -5.4788937409024747E-02
   0.1884425036390102     -5.4963609898107710E-02
   0.1893158660844250     -5.5036390101892284E-02
   0.1906841339155750     -5.5691411935953422E-02
   0.1919068413391557     -5.5851528384279467E-02
   0.1932459970887918     -5.5545851528384274E-02
   0.1946579330422125     -5.5662299854439587E-02
   0.1961135371179039     -5.6229985443959241E-02
   0.1976855895196507     -5.6390101892285299E-02
   0.1986462882096070     -5.6462882096069866E-02
   0.1998981077147016     -5.6521106259097523E-02
   0.2010917030567685     -5.6608442503639014E-02
   0.2022998544395924     -5.6710334788937403E-02
   0.2036390101892285     -5.6768558951965059E-02
   0.2051528384279476     -5.6885007278020372E-02
   0.2065938864628821     -5.6972343522561864E-02
   0.2076419213973799     -5.6986899563318774E-02
   0.2091994177583697     -5.7088791848617176E-02
   0.2104949053857351     -5.7132459970887915E-02
   0.2113828238719068     -5.7234352256186317E-02
   0.2124745269286754     -5.7336244541484713E-02
   0.2139301310043668     -5.7467248908296943E-02
   0.2152838427947598     -5.7612809315866084E-02
   0.2169723435225619     -5.7743813682678308E-02
   0.2182969432314410     -5.7889374090247449E-02
   0.2198544395924308     -5.8064046579330418E-02
   0.2213973799126638     -5.8253275109170298E-02
   0.2230567685589520     -5.8355167394468707E-02
   0.2244978165938865     -5.8500727802037848E-02
   0.2259679767103348     -5.8806404657933041E-02
   0.2272925764192140     -5.8951965065502175E-02
   0.2286171761280932     -5.8850072780203787E-02
   0.2301455604075691     -5.8995633187772921E-02
   0.2317612809315866     -5.9563318777292568E-02
   0.2330713245997089     -5.9723435225618626E-02
   0.2347743813682678     -5.9825327510917035E-02
   0.2366812227074236     -5.9694323144104798E-02
   0.2385735080058224     -5.9665211062590977E-02
   0.2403930131004367     -5.9970887918486170E-02
   0.2414701601164483     -6.0029112081513819E-02
   0.2427947598253275     -6.0029112081513819E-02
   0.2445414847161572     -6.0072780203784565E-02
   0.2462445414847162     -5.9999999999999998E-02
   0.2473799126637555     -6.0160116448326049E-02
   0.2487336244541485     -6.0480349344978167E-02
   0.2499126637554585     -6.0582241630276562E-02
