   6.0538573508005816E-02  5.9985443959243087E-02
   6.0494905385735070E-02  6.0218340611353713E-02
   6.0291120815138287E-02  6.0072780203784565E-02
   6.0087336244541482E-02  6.0291120815138287E-02
   5.9737991266375544E-02  6.0393013100436682E-02
   5.9563318777292568E-02  6.0203784570596795E-02
   5.9490538573508001E-02  5.9781659388646290E-02
   5.9548762736535664E-02  5.9403202328966523E-02
   5.9679767103347880E-02  5.9141193595342062E-02
   5.9388646288209605E-02  5.8981077147016003E-02
   5.8937409024745271E-02  5.8791848617176123E-02
   5.8791848617176123E-02  5.8719068413391549E-02
   5.8646288209606982E-02  5.8995633187772921E-02
   5.8442503639010185E-02  5.9228529839883547E-02
   5.8093158660844246E-02  5.9403202328966523E-02
   5.7671033478893734E-02  5.9752547307132461E-02
   5.7496360989810771E-02  5.9592430858806410E-02
   5.7496360989810771E-02  5.9374090247452688E-02
   5.7714701601164480E-02  5.9068413391557488E-02
   5.7889374090247449E-02  5.8486171761280924E-02
   5.7394468704512369E-02  5.8617176128093161E-02
   5.6957787481804953E-02  5.8471615720524020E-02
   5.6622998544395925E-02  5.8355167394468707E-02
   5.6317321688500725E-02  5.8282387190684126E-02
   5.5953420669577869E-02  5.8209606986899559E-02
   5.5866084425036391E-02  5.8267831149927216E-02
   5.5793304221251817E-02  5.8631732168850065E-02
   5.5574963609898109E-02  5.8835516739446862E-02
   5.5211062590975253E-02  5.8908296943231436E-02
   5.5036390101892284E-02  5.8820960698689959E-02
   5.4934497816593882E-02  5.8515283842794752E-02
   5.4934497816593882E-02  5.8238719068413394E-02
   5.5036390101892284E-02  5.7874818049490538E-02
   5.5036390101892284E-02  5.7772925764192136E-02
   5.5007278020378456E-02  5.7729257641921397E-02
   5.4541484716157204E-02  5.7554585152838421E-02
   5.4119359534206692E-02  5.7379912663755459E-02
   5.3697234352256186E-02  5.7219796215429400E-02
   5.3566229985443962E-02  5.7438136826783108E-02
   5.3333333333333330E-02  5.7700145560407569E-02
   5.3027656477438130E-02  5.7802037845705964E-02
   5.2576419213973796E-02  5.7641921397379912E-02
   5.2489082969432312E-02  5.7379912663755459E-02
   5.2576419213973796E-02  5.7074235807860266E-02
   5.2794759825327504E-02  5.6812227074235805E-02
   5.2751091703056766E-02  5.6710334788937403E-02
   5.2474526928675401E-02  5.6550218340611351E-02
   5.2139737991266373E-02  5.6404657933042210E-02
   5.1965065502183404E-02  5.6666666666666664E-02
   5.1746724890829696E-02  5.6943231441048028E-02
   5.1484716157205235E-02  5.7030567685589520E-02
   5.1280931586608444E-02  5.6986899563318774E-02
   5.0960698689956327E-02  5.6797671033478894E-02
   5.0815138282387193E-02  5.6491994177583701E-02
   5.0713245997088791E-02  5.6040756914119361E-02
   5.0698689956331880E-02  5.5866084425036391E-02
   5.0553129548762732E-02  5.5764192139737989E-02
   4.9999999999999996E-02  5.5414847161572051E-02
   4.9592430858806401E-02  5.5269286754002910E-02
   4.9184861717612806E-02  5.5211062590975253E-02
   4.9010189228529837E-02  5.5283842794759827E-02
   4.8719068413391554E-02  5.5574963609898109E-02
   4.8529839883551674E-02  5.5793304221251817E-02
   4.8136826783114990E-02  5.5691411935953422E-02
   4.7845705967976708E-02  5.5298398835516738E-02
   4.7700145560407567E-02  5.5021834061135373E-02
   4.7802037845705962E-02  5.4832605531295486E-02
   4.7918486171761275E-02  5.4687045123726345E-02
   4.7612809315866082E-02  5.3697234352256186E-02
   4.4890829694323141E-02  5.2445414847161566E-02
   4.4687045123726343E-02  5.2663755458515281E-02
   4.4526928675400292E-02  5.2940320232896652E-02
   4.4425036390101889E-02  5.3216885007278017E-02
   4.4294032023289666E-02  5.3449781659388650E-02
   4.3973799126637549E-02  5.3595342066957784E-02
   4.3537117903930132E-02  5.3537117903930127E-02
   4.3245997088791850E-02  5.3114992721979622E-02
   4.3158660844250359E-02  5.2576419213973796E-02
   4.3289665211062589E-02  5.2066957787481799E-02
   4.3406113537117902E-02  5.1906841339155747E-02
   4.3566229985443954E-02  5.1746724890829696E-02
   4.1659388646288209E-02  5.0643377001455603E-02
   3.9082969432314409E-02  4.9344978165938864E-02
   3.8995633187772931E-02  4.9519650655021834E-02
   3.8850072780203783E-02  4.9999999999999996E-02
   3.8733624454148470E-02  5.0131004366812226E-02
   3.8427947598253277E-02  5.0480349344978165E-02
   3.8165938864628816E-02  5.0567685589519649E-02
   3.7933042212518191E-02  5.0538573508005821E-02
   3.7889374090247445E-02  4.9941775836972339E-02
   3.8034934497816593E-02  4.9563318777292580E-02
   3.8180494905385734E-02  4.9359534206695775E-02
   3.8384279475982531E-02  4.9199417758369716E-02
   3.8355167394468703E-02  4.8981077147016015E-02
   3.7714701601164483E-02  4.8646288209606987E-02
   3.7176128093158664E-02  4.8180494905385736E-02
   3.7117903930131001E-02  4.8267831149927214E-02
   3.6986899563318777E-02  4.8675400291120809E-02
   3.6622998544395921E-02  4.8951965065502180E-02
   3.6360989810771474E-02  4.9126637554585149E-02
   3.6098981077147013E-02  4.9243085880640462E-02
   3.5866084425036387E-02  4.9243085880640462E-02
   3.5574963609898105E-02  4.8864628820960702E-02
   3.5443959243085882E-02  4.8224163027656475E-02
   3.5502183406113538E-02  4.7758369723435223E-02
   3.5705967976710329E-02  4.7423580786026202E-02
   3.5225618631732167E-02  4.6899563318777288E-02
   3.4381368267831149E-02  4.6535662299854438E-02
   3.3624454148471615E-02  4.6550218340611349E-02
   3.3275109170305676E-02  4.6491994177583693E-02
   3.2983988355167394E-02  4.6622998544395923E-02
   3.2692867540029112E-02  4.6797671033478892E-02
   3.2387190684133912E-02  4.6972343522561862E-02
   3.2081513828238720E-02  4.6972343522561862E-02
   3.1892285298398833E-02  4.6812227074235810E-02
   3.2037845705967974E-02  4.6404657933042215E-02
   3.2183406113537115E-02  4.6128093158660843E-02
   3.2285298398835517E-02  4.5938864628820963E-02
   3.2066957787481802E-02  4.5749636098981070E-02
   3.1703056768558953E-02  4.5545851528384279E-02
   3.1324599708879186E-02  4.5283842794759825E-02
   3.1222707423580784E-02  4.5371179039301310E-02
   3.0946142649199416E-02  4.5312954876273653E-02
   3.0451237263464336E-02  4.5545851528384279E-02
   3.0101892285298398E-02  4.5560407569141190E-02
   3.0058224163027655E-02  4.5298398835516736E-02
   3.0189228529839879E-02  4.4818049490538574E-02
   3.0393013100436680E-02  4.4454148471615718E-02
   3.0378457059679769E-02  4.4308588064046577E-02
   3.0116448326055312E-02  4.4148471615720518E-02
   2.9985443959243085E-02  4.4177583697234353E-02
   2.9767103347889373E-02  4.4512372634643374E-02
   2.9621542940320232E-02  4.4803493449781656E-02
   2.9417758369723431E-02  4.5240174672489079E-02
   2.9112081513828238E-02  4.5618631732168846E-02
   2.8937409024745269E-02  4.5807860262008726E-02
   2.8602620087336241E-02  4.5778748180494905E-02
   2.8165938864628821E-02  4.5327510917030564E-02
   2.7962154294032024E-02  4.5036390101892282E-02
   2.7874818049490539E-02  4.4439592430858807E-02
   2.7903930131004367E-02  4.3726346433770012E-02
   2.8122270742358076E-02  4.3129548762736537E-02
   2.8267831149927217E-02  4.2940320232896650E-02
   2.8471615720524014E-02  4.2794759825327509E-02
   2.6570596797671035E-02  4.1417758369723438E-02
   2.5997088791848616E-02  4.1280931586608435E-02
   2.5866084425036392E-02  4.1528384279475979E-02
   2.5720524017467248E-02  4.1935953420669581E-02
   2.5516739446870450E-02  4.2285298398835519E-02
   2.5327510917030567E-02  4.2663755458515286E-02
   2.5080058224163024E-02  4.3042212518195046E-02
   2.4919941775836972E-02  4.3915574963609892E-02
   2.4701601164483260E-02  4.4148471615720518E-02
   2.4206695778748181E-02  4.3988355167394466E-02
   2.3886462882096070E-02  4.3770014556040758E-02
   2.3697234352256187E-02  4.3362445414847163E-02
   2.3580786026200874E-02  4.2663755458515286E-02
   2.3551673944687043E-02  4.2066957787481804E-02
   2.3362445414847159E-02  4.1557496360989807E-02
   2.3173216885007279E-02  4.1208151382823868E-02
   2.2561863173216883E-02  4.0334788937409022E-02
   2.2154294032023288E-02  3.9708879184861712E-02
   2.1615720524017463E-02  3.9432314410480347E-02
   2.1470160116448325E-02  3.9563318777292578E-02
   2.1266375545851528E-02  3.9621542940320234E-02
   2.0815138282387190E-02  3.9767103347889375E-02
   2.0407569141193595E-02  3.9796215429403203E-02
   1.9854439592430856E-02  3.9636098981077145E-02
   1.9432314410480347E-02  3.9388646288209601E-02
   1.9155749636098982E-02  3.8951965065502185E-02
   1.8777292576419215E-02  3.8326055312954875E-02
   1.8209606986899562E-02  3.7685589519650654E-02
   1.8064046579330424E-02  3.7525473071324596E-02
   1.7510917030567685E-02  3.6972343522561860E-02
   1.7336244541484715E-02  3.6826783114992725E-02
   1.6972343522561863E-02  3.6331877729257639E-02
   1.6506550218340608E-02  3.5764192139737985E-02
   1.6055312954876274E-02  3.4861717612809318E-02
   1.5574963609898108E-02  3.4279475982532746E-02
   1.5254730713245996E-02  3.3959243085880643E-02
   1.4701601164483260E-02  3.3522561863173213E-02
   1.4395924308588064E-02  3.3158660844250364E-02
   1.4032023289665210E-02  3.2867540029112081E-02
   1.3799126637554584E-02  3.2663755458515277E-02
   1.3362445414847162E-02  3.2299854439592428E-02
   1.3056768558951964E-02  3.1790393013100438E-02
   1.2474526928675400E-02  3.1441048034934499E-02
   1.2023289665211061E-02  3.0989810771470158E-02
   1.1615720524017468E-02  3.0771470160116447E-02
   1.1251819505094613E-02  3.0393013100436680E-02
   1.1062590975254730E-02  3.0160116448326054E-02
   1.0815138282387190E-02  2.9825327510917030E-02
   1.0422125181950509E-02  2.9403202328966521E-02
   1.0218340611353710E-02  2.9199417758369720E-02
   1.0087336244541483E-02  2.8922852983988355E-02
   9.5196506550218347E-03  2.8471615720524014E-02
   9.2867540029112072E-03  2.8180494905385732E-02
   9.0101892285298392E-03  2.7816593886462883E-02
   8.8064046579330417E-03  2.7569141193595343E-02
   8.5880640465793301E-03  2.7190684133915573E-02
   8.2823871906841321E-03  2.6681222707423579E-02
   8.0349344978165940E-03  2.6288209606986898E-02
   7.6128093158660841E-03  2.5662299854439592E-02
   7.2489082969432314E-03  2.5138282387190680E-02
   7.0014556040756907E-03  2.4672489082969429E-02
   6.7976710334788941E-03  2.4410480349344978E-02
   6.4774381368267828E-03  2.3828238719068414E-02
   6.0989810771470152E-03  2.3289665211062592E-02
   5.4294032023289663E-03  2.2620087336244540E-02
   5.2110625909752547E-03  2.2430858806404656E-02
   5.1673944687045115E-03  2.2387190684133914E-02
   4.8180494905385738E-03  2.2110625909752549E-02
   4.4978165938864625E-03  2.1819505094614267E-02
   4.2649199417758368E-03  2.1601164483260552E-02
   3.8427947598253277E-03  2.1601164483260552E-02
   3.4934497816593883E-03  2.1848617176128092E-02
   3.1149927219796215E-03  2.1921397379912663E-02
   2.3726346433770016E-03  2.1906841339155748E-02
   1.7030567685589520E-03  2.1586608442503638E-02
   1.2954876273653566E-03  2.0931586608442503E-02
   9.7525473071324604E-04  2.0422125181950510E-02
   9.1703056768558950E-04  1.9868995633187773E-02
   1.0043668122270743E-03  1.9548762736535660E-02
   1.2372634643377002E-03  1.9039301310043669E-02
   1.4556040756914120E-03  1.8937409024745267E-02
   1.6157205240174672E-03  1.8544395924308586E-02
   1.5283842794759823E-03  1.8238719068413393E-02
   1.4410480349344979E-03  1.7656477438136826E-02
   1.2081513828238720E-03  1.7103347889374090E-02
   1.2518195050946141E-03  1.6550218340611354E-02
   1.3391557496360989E-03  1.6113537117903930E-02
   1.3100436681222707E-03  1.5720524017467249E-02
   1.1790393013100438E-03  1.5356622998544395E-02
   7.5691411935953411E-04  1.4657933042212516E-02
   5.0946142649199418E-04  1.4090247452692866E-02
   1.3100436681222707E-04  1.3886462882096069E-02
  -2.4745269286754004E-04  1.3668122270742357E-02
  -6.8413391557496357E-04  1.3362445414847162E-02
  -1.0771470160116448E-03  1.2954876273653566E-02
  -1.2227074235807861E-03  1.2590975254730713E-02
  -1.3100436681222707E-03  1.2168850072780202E-02
  -1.2663755458515282E-03  1.1906841339155748E-02
  -1.0189228529839884E-03  1.1834061135371178E-02
  -5.9679767103347893E-04  1.1630276564774382E-02
  -5.3857350800582239E-04  1.1455604075691413E-02
  -6.5502183406113536E-04  1.0815138282387190E-02
  -6.8413391557496357E-04  1.0465793304221252E-02
  -7.5691411935953411E-04  9.7816593886462886E-03
  -8.0058224163027654E-04  9.7379912663755463E-03
  -8.1513828238719064E-04  9.3158660844250354E-03
  -8.1513828238719064E-04  8.8500727802037840E-03
  -9.0247452692867540E-04  8.2823871906841321E-03
  -1.0625909752547307E-03  7.7729257641921401E-03
  -1.2518195050946141E-03  6.7831149927219800E-03
  -1.3245997088791848E-03  6.0407569141193588E-03
  -1.3245997088791848E-03  5.3711790393013098E-03
  -1.2954876273653566E-03  4.7889374090247456E-03
  -1.2663755458515282E-03  4.6870451237263459E-03
  -1.0480349344978166E-03  4.6724890829694318E-03
  -8.1513828238719064E-04  4.6724890829694318E-03
  -9.0247452692867540E-04  4.1048034934497808E-03
  -8.7336244541484707E-04  3.4934497816593883E-03
  -8.0058224163027654E-04  2.9403202328966522E-03
  -8.2969432314410475E-04  2.6928675400291120E-03
  -9.7525473071324604E-04  2.4017467248908298E-03
  -1.1353711790393012E-03  2.2270742358078601E-03
  -1.1499272197962153E-03  1.9213973799126639E-03
  -9.7525473071324604E-04  1.5574963609898108E-03
  -6.4046579330422114E-04  8.7336244541484707E-04
  -5.0946142649199418E-04  2.3289665211062590E-04
  -2.0378457059679766E-04 -4.5123726346433770E-04
  -1.1644832605531295E-04 -1.0480349344978166E-03
  -4.3668122270742355E-05 -1.4992721979621541E-03
   1.1644832605531295E-04 -2.0524017467248904E-03
   3.2023289665211057E-04 -2.7219796215429402E-03
   6.2590975254730704E-04 -3.6098981077147016E-03
   7.7147016011644832E-04 -4.0902474526928675E-03
   9.8981077147016015E-04 -4.6433770014556036E-03
   1.2663755458515282E-03 -4.8034934497816597E-03
   1.4992721979621541E-03 -5.2983988355167393E-03
   1.8049490538573508E-03 -5.8951965065502186E-03
   2.0524017467248904E-03 -6.5211062590975252E-03
   2.4599708879184863E-03 -7.3362445414847160E-03
   2.7365356622998543E-03 -7.9475982532751094E-03
   3.1441048034934497E-03 -8.7481804949053853E-03
   3.4643377001455601E-03 -9.1411935953420662E-03
   3.9446870451237265E-03 -9.5342066957787488E-03
   4.1921397379912663E-03 -9.8689956331877732E-03
   4.4541484716157202E-03 -1.0145560407569140E-02
   4.6142649199417754E-03 -1.0465793304221252E-02
   4.9927219796215431E-03 -1.0771470160116448E-02
   5.6914119359534211E-03 -1.1266375545851528E-02
   5.9679767103347882E-03 -1.1353711790393012E-02
   6.3318777292576418E-03 -1.1586608442503640E-02
   6.6812227074235812E-03 -1.2212518195050944E-02
   7.1761280931586608E-03 -1.2823871906841339E-02
   7.5836972343522558E-03 -1.3333333333333332E-02
   8.0203784570596799E-03 -1.3711790393013099E-02
   8.5735080058224160E-03 -1.4264919941775835E-02
   8.7627365356622994E-03 -1.4468704512372635E-02
   9.2721979621542931E-03 -1.4949053857350798E-02
   9.0684133915574956E-03 -1.5138282387190683E-02
   8.7481804949053853E-03 -1.5400291120815139E-02
   8.9082969432314404E-03 -1.5938864628820961E-02
   8.9810771470160110E-03 -1.6055312954876274E-02
   9.4905385735080065E-03 -1.6390101892285295E-02
   9.4759825327510924E-03 -1.6404657933042213E-02
   9.9708879184861720E-03 -1.6026200873362446E-02
   1.0378457059679767E-02 -1.6055312954876274E-02
   1.0655021834061135E-02 -1.6229985443959243E-02
   1.1324599708879184E-02 -1.6652110625909749E-02
   1.1397379912663756E-02 -1.6754002911208151E-02
   1.1688500727802038E-02 -1.7016011644832605E-02
   1.1979621542940319E-02 -1.7365356622998544E-02
   1.2620087336244541E-02 -1.7772925764192139E-02
   1.3071324599708879E-02 -1.7903930131004366E-02
   1.3377001455604077E-02 -1.7991266375545850E-02
   1.3770014556040756E-02 -1.8151382823871905E-02
   1.3464337700145561E-02 -1.8398835516739445E-02
   1.3129548762736535E-02 -1.8588064046579332E-02
   1.2969432314410480E-02 -1.8646288209606988E-02
   1.3042212518195050E-02 -1.8733624454148470E-02
   1.3551673944687046E-02 -1.8908296943231439E-02
   1.4017467248908295E-02 -1.9010189228529841E-02
   1.4468704512372635E-02 -1.9112081513828236E-02
   1.5007278020378455E-02 -1.9330422125181951E-02
   1.5283842794759825E-02 -1.9723435225618632E-02
   1.5443959243085880E-02 -1.9839883551673945E-02
   1.5618631732168849E-02 -1.9927219796215430E-02
   1.5938864628820961E-02 -2.0000000000000000E-02
   1.6404657933042213E-02 -2.0058224163027657E-02
   1.6797671033478893E-02 -2.0174672489082970E-02
   1.7147016011644832E-02 -2.0320232896652107E-02
   1.7379912663755458E-02 -2.0407569141193595E-02
   1.7656477438136826E-02 -2.0480349344978166E-02
   1.7874818049490537E-02 -2.0509461426491994E-02
   1.8093158660844249E-02 -2.0596797671033479E-02
   1.8631732168850071E-02 -2.1004366812227074E-02
   1.8646288209606988E-02 -2.1120815138282387E-02
   1.9170305676855893E-02 -2.1557496360989806E-02
   1.9301310043668123E-02 -2.1732168850072779E-02
   1.9723435225618632E-02 -2.2125181950509460E-02
   2.0014556040756915E-02 -2.2416302765647742E-02
   2.0349344978165939E-02 -2.2634643377001457E-02
   2.0596797671033479E-02 -2.2751091703056767E-02
   2.1091703056768558E-02 -2.2751091703056767E-02
   2.1542940320232896E-02 -2.2692867540029114E-02
   2.1819505094614267E-02 -2.2605531295487626E-02
   2.2227074235807862E-02 -2.2634643377001457E-02
   2.3144104803493448E-02 -2.2998544395924310E-02
   2.3828238719068414E-02 -2.3275109170305674E-02
   2.4119359534206696E-02 -2.3624454148471613E-02
   2.4759825327510917E-02 -2.3842794759825325E-02
   2.5240174672489082E-02 -2.4221251819505095E-02
   2.5895196506550217E-02 -2.4410480349344978E-02
   2.6433770014556036E-02 -2.4614264919941772E-02
   2.6899563318777291E-02 -2.4905385735080054E-02
   2.7278020378457061E-02 -2.5094614264919941E-02
   2.7714701601164481E-02 -2.5371179039301306E-02
   2.8267831149927217E-02 -2.5604075691411935E-02
   2.8733624454148472E-02 -2.5778748180494904E-02
   2.9199417758369720E-02 -2.5953420669577874E-02
   2.9636098981077146E-02 -2.5807860262008736E-02
   2.9592430858806404E-02 -2.6229985443959242E-02
   2.9475982532751088E-02 -2.6550218340611352E-02
   2.9490538573508002E-02 -2.6622998544395923E-02
   2.9883551673944686E-02 -2.6419213973799125E-02
   3.0203784570596800E-02 -2.6652110625909751E-02
   3.0524017467248907E-02 -2.6666666666666665E-02
   3.1004366812227072E-02 -2.6608442503639008E-02
   3.1746724890829692E-02 -2.6564774381368266E-02
   3.2387190684133912E-02 -2.6754002911208153E-02
   3.2459970887918486E-02 -2.6928675400291122E-02
   3.2692867540029112E-02 -2.7379912663755456E-02
   3.2998544395924305E-02 -2.7860262008733625E-02
   3.3478893740902474E-02 -2.7874818049490539E-02
   3.3871906841339151E-02 -2.7743813682678312E-02
   3.4075691411935956E-02 -2.7627365356622999E-02
   3.4323144104803492E-02 -2.7641921397379914E-02
   3.4745269286754005E-02 -2.7787481804949055E-02
   3.5385735080058225E-02 -2.7991266375545852E-02
   3.6506550218340608E-02 -2.8413391557496358E-02
   3.7030567685589516E-02 -2.8558951965065499E-02
   3.7933042212518191E-02 -2.8864628820960699E-02
   3.8777292576419216E-02 -2.8660844250363898E-02
   3.9606986899563316E-02 -2.8835516739446867E-02
   4.0058224163027650E-02 -2.9097525473071324E-02
   4.0756914119359527E-02 -2.9301310043668118E-02
   4.1149927219796212E-02 -2.9665211062590971E-02
   4.1528384279475979E-02 -3.0014556040756910E-02
   4.1921397379912663E-02 -3.0058224163027655E-02
   4.2387190684133914E-02 -3.0145560407569143E-02
   4.2852983988355166E-02 -3.0320232896652113E-02
   4.3333333333333328E-02 -3.0494905385735082E-02
   4.3871906841339153E-02 -3.0611353711790395E-02
   4.4556040756914120E-02 -3.0480349344978161E-02
   4.5080058224163028E-02 -3.0611353711790395E-02
   4.5589519650655025E-02 -3.0786026200873364E-02
   4.7030567685589518E-02 -3.1120815138282385E-02
   4.8180494905385736E-02 -3.1310043668122269E-02
   4.8937409024745269E-02 -3.1542940320232894E-02
   4.9825327510917027E-02 -3.1834061135371176E-02
   5.0756914119359536E-02 -3.2183406113537115E-02
   5.1251819505094609E-02 -3.2358078602620084E-02
   5.1673944687045122E-02 -3.2459970887918486E-02
   5.2358078602620088E-02 -3.2678311499272202E-02
   5.3129548762736532E-02 -3.2940320232896649E-02
   5.3944687045123722E-02 -3.3085880640465797E-02
   5.4978165938864627E-02 -3.3318777292576422E-02
   5.6331877729257643E-02 -3.4090247452692866E-02
   5.7365356622998541E-02 -3.4366812227074231E-02
   5.8020378457059672E-02 -3.4526928675400290E-02
   5.8806404657933041E-02 -3.4381368267831149E-02
   6.0203784570596795E-02 -3.4687045123726348E-02
   6.1630276564774378E-02 -3.5094614264919943E-02
   6.2459970887918492E-02 -3.5312954876273651E-02
   6.3624454148471621E-02 -3.5545851528384277E-02
   6.5342066957787479E-02 -3.6317321688500728E-02
   6.6448326055312951E-02 -3.6608442503639010E-02
   6.7292576419213976E-02 -3.6622998544395921E-02
   6.8340611353711792E-02 -3.6564774381368265E-02
   6.9344978165938861E-02 -3.6710334788937413E-02
   7.0203784570596797E-02 -3.6914119359534203E-02
   7.1062590975254719E-02 -3.7132459970887918E-02
   7.2125181950509459E-02 -3.7365356622998544E-02
   7.3551673944687035E-02 -3.8020378457059682E-02
   7.4890829694323133E-02 -3.8442503639010188E-02
   7.5938864628820948E-02 -3.8733624454148470E-02
   7.7030567685589510E-02 -3.8631732168850068E-02
   7.7685589519650641E-02 -3.8777292576419216E-02
   7.7962154294032013E-02 -3.8762736535662305E-02
   7.8078602620087326E-02 -3.8660844250363903E-02
   7.8224163027656474E-02 -3.8573508005822411E-02
   7.8573508005822412E-02 -3.8486171761280934E-02
   7.9272197962154289E-02 -3.8500727802037844E-02
   8.0218340611353717E-02 -3.8791848617176126E-02
   8.1717612809315859E-02 -3.9213973799126632E-02
   8.3231441048034926E-02 -3.9898107714701599E-02
   8.4221251819505086E-02 -4.0131004366812224E-02
   8.5778748180494899E-02 -4.0000000000000001E-02
   8.7234352256186323E-02 -4.0291120815138276E-02
   8.8151382823871902E-02 -4.0538573508005826E-02
   8.8457059679767094E-02 -4.0625909752547304E-02
   8.8791848617176122E-02 -4.0698689956331878E-02
   8.9243085880640463E-02 -4.0873362445414840E-02
   8.9883551673944684E-02 -4.1077147016011645E-02
   9.0465793304221248E-02 -4.1208151382823868E-02
   9.1120815138282379E-02 -4.1208151382823868E-02
   9.1761280931586614E-02 -4.1106259097525466E-02
   9.2212518195050941E-02 -4.1018922852983988E-02
   9.2794759825327505E-02 -4.1033478893740899E-02
   9.3799126637554575E-02 -4.1615720524017463E-02
   9.4876273653566226E-02 -4.1935953420669581E-02
   9.5676855895196505E-02 -4.2197962154294028E-02
   9.6419213973799114E-02 -4.2401746724890832E-02
   9.7205240174672483E-02 -4.2576419213973794E-02
   9.8093158660844240E-02 -4.2780203784570599E-02
   9.8398835516739433E-02 -4.2838427947598255E-02
   9.9199417758369712E-02 -4.3013100436681224E-02
   9.9912663755458514E-02 -4.2896652110625912E-02
   0.1003056768558952     -4.2969432314410479E-02
   0.1005385735080058     -4.2867540029112076E-02
   0.1007278020378457     -4.2678311499272197E-02
   0.1009461426491994     -4.2590975254730712E-02
   0.1016302765647744     -4.2692867540029107E-02
   0.1025618631732169     -4.3173216885007276E-02
   0.1029403202328966     -4.3275109170305671E-02
   0.1032168850072780     -4.3129548762736537E-02
   0.1034352256186317     -4.2983988355167389E-02
   0.1036390101892285     -4.2940320232896650E-02
   0.1042066957787482     -4.3027656477438135E-02
   0.1047452692867540     -4.3304221251819507E-02
   0.1049927219796215     -4.3406113537117902E-02
   0.1053566229985444     -4.3449781659388641E-02
   0.1057350800582242     -4.3391557496360984E-02
   0.1058660844250364     -4.3318777292576417E-02
   0.1062590975254731     -4.3377001455604074E-02
   0.1066666666666667     -4.3566229985443954E-02
   0.1070451237263464     -4.3842794759825325E-02
   0.1073362445414847     -4.3857350800582236E-02
   0.1077147016011645     -4.3799126637554579E-02
   0.1084279475982533     -4.3711790393013102E-02
   0.1089810771470160     -4.3842794759825325E-02
   0.1096506550218341     -4.4148471615720518E-02
   0.1100436681222707     -4.4235807860262009E-02
   0.1107860262008734     -4.4425036390101889E-02
   0.1114119359534207     -4.4439592430858807E-02
   0.1124163027656477     -4.4585152838427948E-02
   0.1132459970887918     -4.4657933042212515E-02
   0.1142066957787482     -4.4788937409024746E-02
   0.1153420669577875     -4.5065502183406110E-02
   0.1170305676855895     -4.5691411935953420E-02
   0.1183697234352256     -4.6113537117903933E-02
   0.1194468704512373     -4.6419213973799126E-02
   0.1204221251819505     -4.6593886462882095E-02
   0.1212809315866085     -4.7117903930131003E-02
   0.1221397379912664     -4.7729257641921395E-02
   0.1223871906841339     -4.7860262008733619E-02
   0.1229257641921397     -4.8253275109170303E-02
   0.1231149927219796     -4.8398835516739444E-02
   0.1234352256186317     -4.7991266375545849E-02
   0.1237263464337700     -4.7409024745269285E-02
   0.1240611353711790     -4.6812227074235810E-02
   0.1243231441048035     -4.6244541484716156E-02
   0.1247889374090247     -4.6229985443959246E-02
   0.1254148471615720     -4.6273653566229984E-02
   0.1254002911208151     -4.6666666666666662E-02
   0.1253857350800582     -4.6928675400291123E-02
   0.1254002911208151     -4.7248908296943226E-02
   0.1255021834061135     -4.7540029112081515E-02
   0.1257787481804949     -4.7496360989810769E-02
   0.1261717612809316     -4.7030567685589518E-02
   0.1264774381368268     -4.6579330422125184E-02
   0.1266375545851528     -4.6579330422125184E-02
   0.1267103347889374     -4.7001455604075690E-02
   0.1267248908296943     -4.7278020378457061E-02
   0.1269577874818049     -4.7554585152838426E-02
   0.1272489082969432     -4.7569141193595336E-02
   0.1276855895196506     -4.7467248908296941E-02
   0.1280786026200873     -4.7350800582241628E-02
   0.1285880640465793     -4.7263464337700144E-02
   0.1289810771470160     -4.6972343522561862E-02
   0.1294905385735080     -4.7088791848617174E-02
   0.1300436681222707     -4.7219796215429398E-02
   0.1300727802037846     -4.7510917030567687E-02
   0.1300291120815138     -4.7874818049490536E-02
   0.1299854439592431     -4.8224163027656475E-02
   0.1298544395924308     -4.8529839883551674E-02
   0.1300436681222707     -4.8748180494905390E-02
   0.1303202328966521     -4.8602620087336242E-02
   0.1307860262008733     -4.8282387190684131E-02
   0.1311208151382824     -4.7991266375545849E-02
   0.1313537117903930     -4.7700145560407567E-02
   0.1315720524017467     -4.7496360989810769E-02
   0.1317758369723435     -4.7481804949053859E-02
   0.1323726346433770     -4.7525473071324598E-02
   0.1324454148471616     -4.7831149927219797E-02
   0.1324599708879185     -4.7947598253275110E-02
   0.1325327510917031     -4.8195050946142647E-02
   0.1328675400291121     -4.8369723435225616E-02
   0.1333624454148472     -4.8369723435225616E-02
   0.1338282387190684     -4.8195050946142647E-02
   0.1342066957787482     -4.7976710334788931E-02
   0.1343668122270742     -4.7787481804949052E-02
   0.1347307132459971     -4.7816593886462880E-02
   0.1354294032023290     -4.7874818049490536E-02
   0.1354876273653566     -4.8282387190684131E-02
   0.1354730713245997     -4.8631732168850077E-02
   0.1355895196506550     -4.8791848617176121E-02
   0.1359534206695779     -4.8922852983988352E-02
   0.1364774381368268     -4.9126637554585149E-02
   0.1370305676855895     -4.9374090247452693E-02
   0.1373653566229985     -4.9505094614264916E-02
   0.1382532751091703     -4.9213973799126641E-02
   0.1393740902474527     -4.9417758369723432E-02
   0.1402037845705968     -4.9970887918486168E-02
   0.1410625909752547     -5.0203784570596793E-02
   0.1417321688500728     -5.0305676855895196E-02
   0.1430858806404658     -5.0480349344978165E-02
   0.1441484716157205     -5.0582241630276567E-02
   0.1455458515283843     -5.0596797671033478E-02
   0.1465938864628821     -5.0174672489082965E-02
   0.1473362445414847     -5.0320232896652106E-02
   0.1482096069868996     -5.0509461426491986E-02
   0.1486026200873362     -5.0538573508005821E-02
   0.1492576419213974     -5.0553129548762732E-02
   0.1502620087336244     -5.0567685589519649E-02
   0.1514410480349345     -5.0567685589519649E-02
   0.1524745269286754     -5.0960698689956327E-02
   0.1531004366812227     -5.0931586608442506E-02
   0.1536972343522562     -5.0887918486171760E-02
   0.1541921397379913     -5.0815138282387193E-02
   0.1545705967976710     -4.9825327510917027E-02
   0.1567976710334789     -5.0072780203784570E-02
   0.1590101892285298     -5.0029112081513824E-02
   0.1613537117903930     -5.0655021834061134E-02
   0.1634206695778748     -5.0931586608442506E-02
   0.1650800582241630     -5.1091703056768550E-02
   0.1655312954876274     -5.1703056768558950E-02
   0.1660116448326055     -5.1892285298398830E-02
   0.1664919941775837     -5.2008733624454143E-02
   0.1669286754002911     -5.2139737991266373E-02
   0.1675400291120815     -5.2358078602620088E-02
   0.1684861717612809     -5.2547307132459968E-02
   0.1698107714701601     -5.2736535662299855E-02
   0.1710189228529840     -5.2838427947598250E-02
   0.1721542940320233     -5.3042212518195048E-02
   0.1735516739446870     -5.3245997088791845E-02
   0.1748180494905386     -5.3362445414847158E-02
   0.1757641921397380     -5.3522561863173217E-02
   0.1764628820960699     -5.3697234352256186E-02
   0.1774818049490539     -5.3799126637554581E-02
   0.1784133915574964     -5.3915574963609894E-02
   0.1794759825327511     -5.4046579330422125E-02
   0.1804221251819505     -5.4221251819505094E-02
   0.1816157205240175     -5.4279475982532750E-02
   0.1826637554585153     -5.4381368267831146E-02
   0.1837554585152839     -5.4672489082969435E-02
   0.1847743813682678     -5.5007278020378456E-02
   0.1855167394468704     -5.5196506550218336E-02
   0.1865502183406114     -5.5400291120815140E-02
   0.1873071324599709     -5.5545851528384274E-02
   0.1886026200873362     -5.5618631732168841E-02
   0.1895924308588064     -5.5720524017467243E-02
   0.1906550218340611     -5.5516739446870453E-02
   0.1914556040756914     -5.5633187772925766E-02
   0.1924017467248908     -5.5953420669577869E-02
   0.1934206695778748     -5.6157205240174674E-02
   0.1946142649199417     -5.6229985443959241E-02
   0.1959097525473071     -5.6244541484716151E-02
   0.1969868995633188     -5.6390101892285299E-02
   0.1985152838427947     -5.6608442503639014E-02
   0.1999854439592431     -5.6797671033478894E-02
   0.2008588064046579     -5.6972343522561864E-02
   0.2018631732168850     -5.7147016011644833E-02
   0.2030858806404658     -5.7278020378457056E-02
   0.2042794759825328     -5.7292576419213974E-02
   0.2057350800582242     -5.7438136826783108E-02
   0.2070160116448326     -5.7452692867540026E-02
   0.2083551673944687     -5.7496360989810771E-02
   0.2096360989810771     -5.7612809315866084E-02
   0.2108005822416303     -5.7758369723435225E-02
   0.2116011644832606     -5.7962154294032023E-02
   0.2128384279475982     -5.8107714701601164E-02
   0.2140611353711790     -5.8384279475982535E-02
   0.2155895196506550     -5.8558951965065498E-02
   0.2169141193595342     -5.8675400291120811E-02
   0.2180349344978166     -5.8806404657933041E-02
   0.2191266375545851     -5.8966521106259100E-02
   0.2201601164483261     -5.9097525473071316E-02
   0.2214847161572052     -5.9213973799126629E-02
   0.2229112081513828     -5.9286754002911210E-02
   0.2236972343522562     -5.9344978165938859E-02
   0.2245123726346434     -5.9344978165938859E-02
   0.2254730713245997     -5.8966521106259100E-02
   0.2264337700145561     -5.9024745269286749E-02
   0.2279767103347889     -5.9563318777292568E-02
   0.2290684133915575     -5.9694323144104798E-02
   0.2302037845705968     -5.9810771470160111E-02
   0.2319941775836972     -5.9461426491994172E-02
   0.2334788937409024     -5.9548762736535664E-02
   0.2347598253275109     -5.9650655021834059E-02
   0.2358224163027657     -5.9694323144104798E-02
   0.2374090247452693     -6.0232896652110623E-02
   0.2389519650655022     -6.0393013100436682E-02
   0.2401310043668122     -6.0058224163027661E-02
   0.2415720524017467     -6.0116448326055311E-02
   0.2427074235807860     -6.0262008733624445E-02
   0.2439592430858807     -6.0363901018922854E-02
   0.2451528384279476     -6.0611353711790383E-02
   0.2460262008733624     -6.0975254730713246E-02
   0.2467685589519650     -6.1033478893740896E-02
   0.2476273653566230     -6.1164483260553126E-02
