   5.8195050946142649E-02  5.8660844250363900E-02
   5.8064046579330418E-02  5.8937409024745271E-02
   5.7991266375545851E-02  5.9155749636098980E-02
   5.7874818049490538E-02  5.9344978165938859E-02
   5.7598253275109167E-02  5.9403202328966523E-02
   5.7161572052401743E-02  5.9796215429403193E-02
   5.6885007278020372E-02  5.9592430858806410E-02
   5.6885007278020372E-02  5.9315866084425038E-02
   5.6841339155749640E-02  5.9024745269286749E-02
   5.7030567685589520E-02  5.8704512372634646E-02
   5.6783114992721977E-02  5.8588064046579333E-02
   5.6375545851528389E-02  5.8486171761280924E-02
   5.6215429403202330E-02  5.8617176128093161E-02
   5.6026200873362443E-02  5.8820960698689959E-02
   5.5807860262008735E-02  5.9024745269286749E-02
   5.5604075691411931E-02  5.9184861717612808E-02
   5.5254730713245999E-02  5.9228529839883547E-02
   5.5240174672489081E-02  5.9082969432314413E-02
   5.5283842794759827E-02  5.8864628820960690E-02
   5.5400291120815140E-02  5.8573508005822415E-02
   5.5429403202328961E-02  5.8282387190684126E-02
   5.5443959243085879E-02  5.8093158660844246E-02
   5.5254730713245999E-02  5.7947598253275105E-02
   5.5007278020378456E-02  5.7787481804949047E-02
   5.4774381368267830E-02  5.7671033478893734E-02
   5.4410480349344974E-02  5.7540029112081510E-02
   5.4075691411935946E-02  5.7845705967976710E-02
   5.4046579330422125E-02  5.8049490538573507E-02
   5.3944687045123722E-02  5.8209606986899559E-02
   5.3639010189228530E-02  5.8195050946142649E-02
   5.3420669577874814E-02  5.8195050946142649E-02
   5.3245997088791845E-02  5.8209606986899559E-02
   5.3100436681222704E-02  5.8078602620087336E-02
   5.3085880640465793E-02  5.7714701601164480E-02
   5.3056768558951965E-02  5.7467248908296943E-02
   5.3056768558951965E-02  5.7234352256186317E-02
   5.3056768558951965E-02  5.7001455604075685E-02
   5.3071324599708876E-02  5.6870451237263461E-02
   5.2794759825327504E-02  5.6783114992721977E-02
   5.2634643377001453E-02  5.6535662299854433E-02
   5.2605531295487624E-02  5.6710334788937403E-02
   5.2489082969432312E-02  5.6885007278020372E-02
   5.2299854439592432E-02  5.7248908296943228E-02
   5.2081513828238717E-02  5.7452692867540026E-02
   5.1877729257641919E-02  5.7540029112081510E-02
   5.1499272197962159E-02  5.7481804949053854E-02
   5.1135371179039296E-02  5.7307132459970891E-02
   5.1033478893740901E-02  5.7103347889374087E-02
   5.0858806404657925E-02  5.6870451237263461E-02
   5.0713245997088791E-02  5.6346433770014553E-02
   5.0713245997088791E-02  5.6026200873362443E-02
   5.0742358078602612E-02  5.5778748180494900E-02
   5.0655021834061134E-02  5.5705967976710333E-02
   5.0232896652110622E-02  5.5560407569141192E-02
   5.0058224163027652E-02  5.5502183406113528E-02
   4.9912663755458511E-02  5.5662299854439587E-02
   4.9796215429403198E-02  5.5807860262008735E-02
   4.9592430858806401E-02  5.6026200873362443E-02
   4.9272197962154290E-02  5.6200873362445412E-02
   4.9068413391557493E-02  5.6288209606986897E-02
   4.8820960698689957E-02  5.6317321688500725E-02
   4.8398835516739444E-02  5.6273653566229986E-02
   4.8034934497816588E-02  5.6098981077147017E-02
   4.7874818049490536E-02  5.5909752547307130E-02
   4.7787481804949052E-02  5.5574963609898109E-02
   4.7918486171761275E-02  5.5138282387190686E-02
   4.7991266375545849E-02  5.4788937409024747E-02
   4.8093158660844244E-02  5.4512372634643376E-02
   4.7947598253275110E-02  5.4439592430858809E-02
   4.7772925764192141E-02  5.4337700145560407E-02
   4.7467248908296941E-02  5.4163027656477437E-02
   4.7248908296943226E-02  5.4294032023289661E-02
   4.7030567685589518E-02  5.4454148471615720E-02
   4.6870451237263466E-02  5.4628820960698689E-02
   4.6622998544395923E-02  5.4803493449781658E-02
   4.6477438136826782E-02  5.4890829694323143E-02
   4.6244541484716156E-02  5.4890829694323143E-02
   4.6069868995633187E-02  5.4468704512372630E-02
   4.6157205240174665E-02  5.4061135371179035E-02
   4.6200873362445410E-02  5.3857350800582245E-02
   4.6215429403202321E-02  5.3639010189228530E-02
   4.6055312954876276E-02  5.3478893740902471E-02
   4.5793304221251815E-02  5.3406113537117904E-02
   4.5720524017467248E-02  5.3522561863173217E-02
   4.5647743813682681E-02  5.3755458515283842E-02
   4.5574963609898107E-02  5.4017467248908289E-02
   4.5356622998544392E-02  5.3901018922852977E-02
   4.5094614264919938E-02  5.4002911208151379E-02
   4.4847161572052402E-02  5.4002911208151379E-02
   4.4788937409024746E-02  5.3726346433770007E-02
   4.4847161572052402E-02  5.3333333333333330E-02
   4.4905385735080058E-02  5.2852983988355168E-02
   4.4934497816593887E-02  5.2634643377001453E-02
   4.4788937409024746E-02  5.2474526928675401E-02
   4.4716157205240172E-02  5.2605531295487624E-02
   4.4599708879184859E-02  5.2823871906841340E-02
   4.4497816593886463E-02  5.2954876273653563E-02
   4.4235807860262009E-02  5.3129548762736532E-02
   4.3988355167394466E-02  5.3245997088791845E-02
   4.3886462882096071E-02  5.3289665211062591E-02
   4.3755458515283840E-02  5.2765647743813683E-02
   4.3740902474526923E-02  5.2358078602620088E-02
   4.3755458515283840E-02  5.2052401746724888E-02
   4.3537117903930132E-02  5.1790393013100434E-02
   4.3449781659388641E-02  5.2008733624454143E-02
   4.3362445414847163E-02  5.2241630276564768E-02
   4.3245997088791850E-02  5.2459970887918483E-02
   4.2954876273653568E-02  5.2649199417758370E-02
   4.2751091703056771E-02  5.2692867540029109E-02
   4.2459970887918481E-02  5.2751091703056766E-02
   4.2328966521106258E-02  5.2765647743813683E-02
   4.2343522561863169E-02  5.2372634643376999E-02
   4.2387190684133914E-02  5.1979621542940314E-02
   4.2416302765647743E-02  5.1601164483260548E-02
   4.2168850072780206E-02  5.1499272197962159E-02
   4.1630276564774381E-02  5.1208151382823870E-02
   4.1528384279475979E-02  5.1426491994177578E-02
   4.1411935953420666E-02  5.1703056768558950E-02
   4.1324599708879181E-02  5.2052401746724888E-02
   4.1208151382823868E-02  5.2256186317321686E-02
   4.1048034934497810E-02  5.2459970887918483E-02
   4.0829694323144108E-02  5.2605531295487624E-02
   4.0538573508005826E-02  5.2765647743813683E-02
   4.0247452692867537E-02  5.2823871906841340E-02
   3.9927219796215427E-02  5.2852983988355168E-02
   3.9854439592430860E-02  5.2532751091703057E-02
   4.0145560407569142E-02  5.2212518195050940E-02
   4.0407569141193589E-02  5.1848617176128098E-02
   4.0640465793304215E-02  5.1411935953420668E-02
   4.0902474526928675E-02  5.0946142649199416E-02
   4.0611353711790393E-02  5.0713245997088791E-02
   4.0393013100436678E-02  5.0553129548762732E-02
   4.0189228529839881E-02  5.0480349344978165E-02
   4.0160116448326053E-02  5.0480349344978165E-02
   4.0101892285298396E-02  5.0815138282387193E-02
   4.0029112081513829E-02  5.1149927219796214E-02
   3.9956331877729255E-02  5.1324599708879183E-02
   3.9839883551673942E-02  5.1659388646288204E-02
   3.9636098981077145E-02  5.1455604075691413E-02
   3.9301310043668124E-02  5.1572052401746726E-02
   3.8981077147016006E-02  5.1586608442503637E-02
   3.8675400291120814E-02  5.1557496360989809E-02
   3.8675400291120814E-02  5.1251819505094609E-02
   3.8791848617176126E-02  5.0858806404657925E-02
   3.8966521106259096E-02  5.0393013100436680E-02
   3.9097525473071319E-02  5.0043668122270742E-02
   3.9184861717612811E-02  4.9810771470160116E-02
   3.8762736535662305E-02  4.9563318777292580E-02
   3.8588064046579329E-02  4.9475982532751088E-02
   3.8209606986899562E-02  4.9344978165938864E-02
   3.8165938864628816E-02  4.9388646288209603E-02
   3.7874818049490534E-02  4.9752547307132459E-02
   3.7627365356622998E-02  5.0029112081513824E-02
   3.7409024745269283E-02  5.0320232896652106E-02
   3.7088791848617172E-02  5.0422125181950508E-02
   3.6841339155749636E-02  5.0393013100436680E-02
   3.6681222707423577E-02  5.0014556040756913E-02
   3.6739446870451234E-02  4.9505094614264916E-02
   3.6855895196506547E-02  4.9024745269286747E-02
   3.6972343522561860E-02  4.8864628820960702E-02
   3.7234352256186314E-02  4.8762736535662300E-02
   3.6503639010189229E-02  4.7745269286754002E-02
   3.5080058224163026E-02  4.7161572052401748E-02
   3.4861717612809318E-02  4.7336244541484711E-02
   3.4672489082969431E-02  4.7627365356623000E-02
   3.4468704512372633E-02  4.7947598253275110E-02
   3.4337700145560403E-02  4.8238719068413392E-02
   3.4061135371179038E-02  4.8515283842794764E-02
   3.3871906841339151E-02  4.8748180494905390E-02
   3.3580786026200869E-02  4.9330422125181954E-02
   3.3464337700145556E-02  4.9155749636098978E-02
   3.3435225618631735E-02  4.8835516739446867E-02
   3.3653566229985443E-02  4.8107714701601162E-02
   3.3871906841339151E-02  4.7423580786026202E-02
   3.4119359534206695E-02  4.7103347889374085E-02
   3.4425036390101894E-02  4.6783114992721975E-02
   3.4104803493449777E-02  4.6433770014556036E-02
   3.3770014556040756E-02  4.6171761280931589E-02
   3.3682678311499271E-02  4.6390101892285297E-02
   3.3493449781659392E-02  4.7088791848617174E-02
   3.3216885007278020E-02  4.7409024745269285E-02
   3.2998544395924305E-02  4.7612809315866082E-02
   3.2474526928675397E-02  4.7860262008733619E-02
   3.2023289665211063E-02  4.7947598253275110E-02
   3.1659388646288207E-02  4.8093158660844244E-02
   3.1324599708879186E-02  4.8165938864628818E-02
   3.1455604075691410E-02  4.7540029112081515E-02
   3.1688500727802035E-02  4.6914119359534205E-02
   3.1892285298398833E-02  4.6317321688500723E-02
   3.1965065502183407E-02  4.5953420669577874E-02
   3.2023289665211063E-02  4.5866084425036382E-02
   3.1848617176128094E-02  4.5618631732168846E-02
   3.1630276564774379E-02  4.5414847161572049E-02
   3.1528384279475984E-02  4.5516739446870444E-02
   3.1353711790393007E-02  4.5880640465793307E-02
   3.1164483260553127E-02  4.6375545851528380E-02
   3.0960698689956326E-02  4.6739446870451236E-02
   3.0698689956331876E-02  4.6724890829694318E-02
   3.0262008733624456E-02  4.6928675400291123E-02
   2.9883551673944686E-02  4.7074235807860257E-02
   2.9796215429403205E-02  4.6681222707423579E-02
   2.9883551673944686E-02  4.6142649199417754E-02
   2.9970887918486174E-02  4.5589519650655025E-02
   3.0072780203784566E-02  4.5007278020378454E-02
   3.0247452692867535E-02  4.4672489082969433E-02
   3.0305676855895192E-02  4.4483260553129546E-02
   3.0247452692867535E-02  4.4395924308588061E-02
   2.9956331877729253E-02  4.4163027656477435E-02
   2.9854439592430861E-02  4.4148471615720518E-02
   2.9708879184861717E-02  4.4454148471615718E-02
   2.9621542940320232E-02  4.4876273653566230E-02
   2.9490538573508002E-02  4.5225618631732169E-02
   2.9388646288209606E-02  4.5574963609898107E-02
   2.9199417758369720E-02  4.5895196506550218E-02
   2.8791848617176128E-02  4.6011644832605531E-02
   2.8457059679767104E-02  4.6128093158660843E-02
   2.8122270742358076E-02  4.6317321688500723E-02
   2.7976710334788938E-02  4.5938864628820963E-02
   2.8020378457059680E-02  4.5443959243085877E-02
   2.8005822416302763E-02  4.5007278020378454E-02
   2.8151382823871907E-02  4.4177583697234353E-02
   2.8224163027656478E-02  4.3755458515283840E-02
   2.8384279475982530E-02  4.3129548762736537E-02
   2.8180494905385732E-02  4.3100436681222702E-02
   2.7947598253275106E-02  4.2867540029112076E-02
   2.7831149927219793E-02  4.3100436681222702E-02
   2.7627365356622999E-02  4.3580786026200871E-02
   2.7248908296943229E-02  4.4017467248908294E-02
   2.7045123726346435E-02  4.4294032023289666E-02
   2.6783114992721978E-02  4.4425036390101889E-02
   2.6521106259097524E-02  4.4614264919941776E-02
   2.6157205240174675E-02  4.4614264919941776E-02
   2.5895196506550217E-02  4.4526928675400292E-02
   2.5851528384279475E-02  4.4279475982532748E-02
   2.6011644832605530E-02  4.3813682678311497E-02
   2.6142649199417757E-02  4.3449781659388641E-02
   2.6302765647743812E-02  4.3144104803493448E-02
   2.6506550218340610E-02  4.2794759825327509E-02
   2.6739446870451235E-02  4.2489082969432317E-02
   2.6826783114992720E-02  4.2256186317321684E-02
   2.6570596797671035E-02  4.1417758369723438E-02
   2.6360989810771469E-02  4.1659388646288209E-02
   2.6186317321688499E-02  4.1892285298398835E-02
   2.6098981077147018E-02  4.2154294032023289E-02
   2.5982532751091705E-02  4.2474526928675399E-02
   2.5822416302765647E-02  4.2794759825327509E-02
   2.5676855895196506E-02  4.3187772925764194E-02
   2.5545851528384275E-02  4.3435225618631730E-02
   2.5429403202328962E-02  4.3653566229985445E-02
   2.5036390101892285E-02  4.3682678311499266E-02
   2.4730713245997085E-02  4.3420669577874819E-02
   2.4410480349344978E-02  4.2925764192139733E-02
   2.4206695778748181E-02  4.2285298398835519E-02
   2.3930131004366813E-02  4.1557496360989807E-02
   2.3697234352256187E-02  4.1164483260553122E-02
   2.3377001455604073E-02  4.0931586608442504E-02
   2.2940320232896654E-02  4.0684133915574960E-02
   2.2358078602620086E-02  4.0596797671033483E-02
   2.1819505094614267E-02  4.0727802037845706E-02
   2.1557496360989806E-02  4.0669577874818050E-02
   2.1179039301310043E-02  4.0189228529839881E-02
   2.0960698689956331E-02  3.9868995633187770E-02
   2.0640465793304218E-02  3.9403202328966519E-02
   2.0262008733624451E-02  3.8922852983988350E-02
   2.0029112081513825E-02  3.8500727802037844E-02
   1.9636098981077144E-02  3.8195050946142652E-02
   1.9432314410480347E-02  3.7903930131004369E-02
   1.9068413391557498E-02  3.7627365356622998E-02
   1.8515283842794758E-02  3.7161572052401746E-02
   1.8136826783114991E-02  3.7001455604075688E-02
   1.7510917030567685E-02  3.6826783114992725E-02
   1.7147016011644832E-02  3.6593886462882100E-02
   1.6754002911208151E-02  3.6360989810771474E-02
   1.6229985443959243E-02  3.5851528384279477E-02
   1.5851528384279476E-02  3.5429403202328964E-02
   1.5516739446870452E-02  3.4978165938864630E-02
   1.5036390101892283E-02  3.4585152838427946E-02
   1.4497816593886463E-02  3.4221251819505090E-02
   1.4090247452692866E-02  3.3901018922852987E-02
   1.3799126637554584E-02  3.3464337700145556E-02
   1.3391557496360991E-02  3.3027656477438140E-02
   1.2707423580786026E-02  3.2328966521106256E-02
   1.2227074235807859E-02  3.1703056768558953E-02
   1.1746724890829695E-02  3.1077147016011639E-02
   1.1062590975254730E-02  3.0262008733624456E-02
   1.0727802037845706E-02  2.9956331877729253E-02
   1.0203784570596796E-02  2.9723435225618627E-02
   9.7525473071324604E-03  2.9592430858806404E-02
   9.2576419213973790E-03  2.9708879184861717E-02
   9.0101892285298392E-03  2.9781659388646284E-02
   8.3114992721979603E-03  2.9519650655021833E-02
   7.8020378457059683E-03  2.9126637554585149E-02
   7.3216885007278019E-03  2.8879184861717613E-02
   6.9723435225618625E-03  2.8457059679767104E-02
   6.4628820960698687E-03  2.7947598253275106E-02
   6.2008733624454148E-03  2.7496360989810769E-02
   6.0553129548762729E-03  2.6972343522561861E-02
   6.0116448326055305E-03  2.6215429403202331E-02
   5.9970887918486164E-03  2.5836972343522561E-02
   6.1135371179039293E-03  2.5633187772925763E-02
   6.3901018922852982E-03  2.5414847161572052E-02
   6.6229985443959239E-03  2.5283842794759825E-02
   6.6375545851528380E-03  2.4890829694323144E-02
   6.3755458515283841E-03  2.4570596797671030E-02
   5.9970887918486164E-03  2.3915574963609899E-02
   5.6622998544395920E-03  2.3318777292576417E-02
   5.1965065502183405E-03  2.2838427947598251E-02
   4.7743813682678314E-03  2.2343522561863175E-02
   4.3377001455604074E-03  2.1979621542940319E-02
   4.1484716157205231E-03  2.2066957787481804E-02
   3.8573508005822418E-03  2.2256186317321687E-02
   3.3187772925764190E-03  2.2154294032023288E-02
   2.8529839883551676E-03  2.1673944687045123E-02
   2.0960698689956331E-03  2.0815138282387190E-02
   1.7758369723435224E-03  2.0451237263464338E-02
   1.8049490538573508E-03  1.9956331877729258E-02
   1.9068413391557495E-03  1.9257641921397377E-02
   1.8922852983988354E-03  1.8442503639010187E-02
   1.4410480349344979E-03  1.7452692867540028E-02
   9.4614264919941772E-04  1.6608442503639010E-02
   4.5123726346433770E-04  1.6011644832605532E-02
  -4.3668122270742355E-05  1.5443959243085880E-02
  -5.5312954876273650E-04  1.4803493449781657E-02
  -7.7147016011644832E-04  1.4192139737991265E-02
  -1.0625909752547307E-03  1.3639010189228530E-02
  -1.3245997088791848E-03  1.3085880640465793E-02
  -1.3973799126637554E-03  1.2707423580786026E-02
  -1.3537117903930130E-03  1.2372634643377001E-02
  -1.1644832605531294E-03  1.1819505094614265E-02
  -9.4614264919941772E-04  1.1164483260553129E-02
  -8.8791848617176118E-04  1.0524017467248908E-02
  -1.1353711790393012E-03  9.7234352256186322E-03
  -1.0334788937409023E-03  9.2576419213973790E-03
  -1.2081513828238720E-03  8.1513828238719069E-03
  -1.2227074235807861E-03  7.7292576419213978E-03
  -1.2372634643377002E-03  7.0887918486171753E-03
  -1.2372634643377002E-03  6.5793304221251816E-03
  -1.2518195050946141E-03  6.1572052401746716E-03
  -1.2663755458515282E-03  5.7059679767103352E-03
  -1.1644832605531294E-03  4.9781659388646289E-03
  -1.1353711790393012E-03  3.8427947598253277E-03
  -1.0334788937409023E-03  2.2707423580786024E-03
  -9.8981077147016015E-04  1.1062590975254730E-03
  -7.8602620087336243E-04 -8.7336244541484710E-05
  -4.5123726346433770E-04 -1.1935953420669579E-03
  -3.2023289665211057E-04 -1.8631732168850072E-03
   7.2780203784570589E-05 -2.9112081513828240E-03
   3.9301310043668122E-04 -3.6390101892285298E-03
   1.0917030567685589E-03 -5.0800582241630268E-03
   1.2663755458515282E-03 -6.1135371179039293E-03
   1.6885007278020379E-03 -6.9286754002911202E-03
   2.1834061135371178E-03 -7.6128093158660841E-03
   2.7219796215429402E-03 -8.5152838427947596E-03
   3.2751091703056767E-03 -8.9228529839883546E-03
   3.8573508005822418E-03 -9.5633187772925770E-03
   4.0465793304221252E-03 -1.0160116448326054E-02
   4.5269286754002908E-03 -1.0567685589519650E-02
   5.0655021834061127E-03 -1.1048034934497816E-02
   5.1382823871906833E-03 -1.1644832605531296E-02
   5.2547307132459970E-03 -1.1979621542940319E-02
   5.3857350800582239E-03 -1.2125181950509460E-02
   6.1135371179039293E-03 -1.2576419213973799E-02
   6.7248908296943235E-03 -1.3406113537117905E-02
   7.6128093158660841E-03 -1.4323144104803493E-02
   8.6317321688500724E-03 -1.5225618631732168E-02
   9.6506550218340616E-03 -1.6142649199417759E-02
   1.0538573508005822E-02 -1.6681222707423577E-02
   1.1295487627365356E-02 -1.7016011644832605E-02
   1.1994177583697233E-02 -1.7656477438136826E-02
   1.2387190684133915E-02 -1.8195050946142648E-02
   1.2882096069868995E-02 -1.8820960698689954E-02
   1.3653566229985443E-02 -1.9155749636098982E-02
   1.4366812227074236E-02 -1.9505094614264921E-02
   1.5109170305676855E-02 -2.0116448326055313E-02
   1.5342066957787483E-02 -2.0262008733624451E-02
   1.5545851528384280E-02 -2.0756914119359534E-02
   1.5924308588064047E-02 -2.1426491994177583E-02
   1.6055312954876274E-02 -2.1542940320232896E-02
   1.6506550218340608E-02 -2.1557496360989806E-02
   1.6841339155749636E-02 -2.1644832605531295E-02
   1.7438136826783114E-02 -2.1746724890829693E-02
   1.8020378457059678E-02 -2.1906841339155748E-02
   1.8558951965065500E-02 -2.2096069868995632E-02
   1.9039301310043669E-02 -2.2110625909752549E-02
   1.9606986899563316E-02 -2.2066957787481804E-02
   2.0247452692867540E-02 -2.2328966521106258E-02
   2.0538573508005822E-02 -2.2532751091703055E-02
   2.1324599708879184E-02 -2.2358078602620086E-02
   2.2008733624454147E-02 -2.2518195050946144E-02
   2.2299854439592429E-02 -2.2838427947598251E-02
   2.2576419213973801E-02 -2.3187772925764190E-02
   2.2780203784570595E-02 -2.3347889374090249E-02
   2.3406113537117905E-02 -2.3537117903930128E-02
   2.3857350800582242E-02 -2.3973799126637555E-02
   2.4672489082969429E-02 -2.4366812227074233E-02
   2.4963609898107711E-02 -2.4643377001455604E-02
   2.5225618631732168E-02 -2.4818049490538573E-02
   2.5705967976710334E-02 -2.4876273653566230E-02
   2.6069868995633187E-02 -2.5065502183406113E-02
   2.6652110625909751E-02 -2.5342066957787481E-02
   2.7234352256186315E-02 -2.5545851528384275E-02
   2.7641921397379914E-02 -2.5633187772925763E-02
   2.8107714701601165E-02 -2.5633187772925763E-02
   2.8689956331877729E-02 -2.5735080058224162E-02
   2.8777292576419210E-02 -2.5764192139737990E-02
   2.8937409024745269E-02 -2.5909752547307131E-02
   2.8922852983988355E-02 -2.6128093158660843E-02
   2.8748180494905386E-02 -2.6346433770014555E-02
   2.8660844250363898E-02 -2.6491994177583692E-02
   2.8646288209606987E-02 -2.6841339155749634E-02
   2.8719068413391554E-02 -2.7088791848617174E-02
   2.8908296943231441E-02 -2.7292576419213972E-02
   2.9228529839883551E-02 -2.7379912663755456E-02
   2.9883551673944686E-02 -2.7103347889374092E-02
   3.0494905385735082E-02 -2.7103347889374092E-02
   3.0902474526928677E-02 -2.7103347889374092E-02
   3.1251819505094612E-02 -2.7030567685589518E-02
   3.2096069868995630E-02 -2.6885007278020377E-02
   3.2561863173216882E-02 -2.6972343522561861E-02
   3.3478893740902474E-02 -2.7729257641921398E-02
   3.4119359534206695E-02 -2.7918486171761282E-02
   3.4847161572052400E-02 -2.8078602620087337E-02
   3.5589519650655016E-02 -2.8340611353711791E-02
   3.6157205240174670E-02 -2.8544395924308585E-02
   3.6797671033478890E-02 -2.8660844250363898E-02
   3.6593886462882100E-02 -2.8762736535662300E-02
   3.6215429403202326E-02 -2.8820960698689956E-02
   3.6200873362445415E-02 -2.8864628820960699E-02
   3.7132459970887918E-02 -2.8995633187772926E-02
   3.7903930131004369E-02 -2.9155749636098981E-02
   3.8733624454148470E-02 -2.9039301310043668E-02
   3.9577874818049488E-02 -2.9184861717612805E-02
   4.0407569141193589E-02 -2.9446870451237263E-02
   4.1732168850072776E-02 -3.0189228529839879E-02
   4.2882096069868987E-02 -3.0363901018922848E-02
   4.4061135371179040E-02 -3.0698689956331876E-02
   4.4585152838427948E-02 -3.0494905385735082E-02
   4.5152838427947595E-02 -3.0727802037845708E-02
   4.5836972343522561E-02 -3.1018922852983990E-02
   4.7394468704512374E-02 -3.1397379912663753E-02
   4.8267831149927214E-02 -3.1572052401746722E-02
   4.9243085880640462E-02 -3.1834061135371176E-02
   5.0043668122270742E-02 -3.1979621542940317E-02
   5.0771470160116447E-02 -3.2154294032023287E-02
   5.1586608442503637E-02 -3.2372634643377002E-02
   5.2663755458515281E-02 -3.2663755458515277E-02
   5.3668122270742358E-02 -3.2969432314410484E-02
   5.4657933042212517E-02 -3.3245997088791841E-02
   5.5633187772925766E-02 -3.3537117903930130E-02
   5.6535662299854433E-02 -3.4133915574963605E-02
   5.7860262008733621E-02 -3.4556040756914118E-02
   5.8806404657933041E-02 -3.4512372634643372E-02
   5.9898107714701602E-02 -3.4672489082969431E-02
   6.1164483260553126E-02 -3.4905385735080056E-02
   6.2518195050946135E-02 -3.5109170305676854E-02
   6.3595342066957786E-02 -3.5312954876273651E-02
   6.4526928675400289E-02 -3.5502183406113538E-02
   6.5676855895196506E-02 -3.6142649199417759E-02
   6.6943231441048037E-02 -3.6448326055312952E-02
   6.8107714701601166E-02 -3.6273653566229982E-02
   6.9097525473071325E-02 -3.6550218340611354E-02
   7.0131004366812216E-02 -3.6826783114992725E-02
   7.1251819505094599E-02 -3.7132459970887918E-02
   7.2896652110625904E-02 -3.7496360989810767E-02
   7.3755458515283839E-02 -3.8093158660844249E-02
   7.4614264919941775E-02 -3.8165938864628816E-02
   7.5618631732168845E-02 -3.8340611353711786E-02
   7.6608442503639004E-02 -3.8195050946142652E-02
   7.8151382823871907E-02 -3.8413391557496360E-02
   7.8922852983988351E-02 -3.8558951965065501E-02
   7.9621542940320228E-02 -3.8689956331877724E-02
   8.0582241630276552E-02 -3.8937409024745268E-02
   8.1557496360989801E-02 -3.9184861717612811E-02
   8.2678311499272183E-02 -3.9432314410480347E-02
   8.3668122270742357E-02 -3.9606986899563316E-02
   8.4570596797671038E-02 -3.9796215429403203E-02
   8.5589519650655019E-02 -4.0203784570596798E-02
   8.6419213973799133E-02 -4.0393013100436678E-02
   8.7612809315866083E-02 -4.0669577874818050E-02
   8.8733624454148466E-02 -4.0887918486171765E-02
   8.9912663755458505E-02 -4.1106259097525466E-02
   9.1048034934497812E-02 -4.1310043668122270E-02
   9.2736535662299863E-02 -4.1528384279475979E-02
   9.3726346433770008E-02 -4.1688500727802037E-02
   9.4847161572052405E-02 -4.1688500727802037E-02
   9.5866084425036385E-02 -4.1921397379912663E-02
   9.7132459970887916E-02 -4.2241630276564773E-02
   9.7991266375545852E-02 -4.2445414847161571E-02
   9.8835516739446863E-02 -4.2721979621542942E-02
   9.9883551673944679E-02 -4.2867540029112076E-02
   0.1009752547307132     -4.3085880640465792E-02
   0.1017467248908297     -4.3216885007278015E-02
   0.1025327510917031     -4.3537117903930132E-02
   0.1028093158660844     -4.3449781659388641E-02
   0.1030567685589520     -4.3289665211062589E-02
   0.1037845705967977     -4.3260553129548761E-02
   0.1045560407569141     -4.3478893740902476E-02
   0.1051965065502183     -4.3624454148471610E-02
   0.1057641921397380     -4.3624454148471610E-02
   0.1063464337700146     -4.3580786026200871E-02
   0.1068995633187773     -4.3639010189228535E-02
   0.1077874818049491     -4.3944687045123727E-02
   0.1086462882096070     -4.3828238719068414E-02
   0.1095196506550218     -4.3930131004366810E-02
   0.1106113537117904     -4.4163027656477435E-02
   0.1110334788937409     -4.4148471615720518E-02
   0.1115138282387191     -4.4614264919941776E-02
   0.1121688500727802     -4.4788937409024746E-02
   0.1129694323144105     -4.4992721979621543E-02
   0.1136681222707424     -4.5152838427947595E-02
   0.1142940320232897     -4.5181950509461423E-02
   0.1151965065502183     -4.5414847161572049E-02
   0.1155895196506550     -4.5589519650655025E-02
   0.1162154294032023     -4.5691411935953420E-02
   0.1173653566229985     -4.5225618631732169E-02
   0.1181513828238719     -4.5225618631732169E-02
   0.1189810771470160     -4.5443959243085877E-02
   0.1198253275109170     -4.5909752547307128E-02
   0.1207132459970888     -4.6477438136826782E-02
   0.1217758369723435     -4.6754002911208153E-02
   0.1227510917030568     -4.7074235807860257E-02
   0.1234643377001455     -4.7248908296943226E-02
   0.1241775836972344     -4.7423580786026202E-02
   0.1249053857350800     -4.7612809315866082E-02
   0.1259097525473071     -4.7860262008733619E-02
   0.1270887918486172     -4.8136826783114990E-02
   0.1279621542940320     -4.8296943231441049E-02
   0.1284861717612809     -4.8413391557496362E-02
   0.1286171761280931     -4.8224163027656475E-02
   0.1287481804949054     -4.7976710334788931E-02
   0.1290538573508006     -4.7758369723435223E-02
   0.1294032023289665     -4.7700145560407567E-02
   0.1296797671033479     -4.7787481804949052E-02
   0.1299708879184862     -4.8034934497816588E-02
   0.1307423580786026     -4.8384279475982526E-02
   0.1311353711790393     -4.8442503639010183E-02
   0.1315866084425036     -4.8311499272197959E-02
   0.1318195050946142     -4.8151382823871901E-02
   0.1320960698689956     -4.8020378457059677E-02
   0.1324163027656477     -4.7918486171761275E-02
   0.1329839883551674     -4.7991266375545849E-02
   0.1332751091703057     -4.8064046579330423E-02
   0.1332459970887918     -4.8326055312954870E-02
   0.1332751091703057     -4.8442503639010183E-02
   0.1335953420669578     -4.8558951965065496E-02
   0.1342212518195051     -4.8413391557496362E-02
   0.1345414847161572     -4.8180494905385736E-02
   0.1351382823871907     -4.7903930131004364E-02
   0.1351237263464338     -4.8020378457059677E-02
   0.1350800582241630     -4.8224163027656475E-02
   0.1348908296943231     -4.8515283842794764E-02
   0.1349927219796216     -4.8719068413391554E-02
   0.1353275109170306     -4.8893740902474524E-02
   0.1356040756914119     -4.8675400291120809E-02
   0.1359825327510917     -4.8500727802037839E-02
   0.1365938864628821     -4.8369723435225616E-02
   0.1370451237263464     -4.8267831149927214E-02
   0.1376128093158661     -4.8064046579330423E-02
   0.1379621542940320     -4.8282387190684131E-02
   0.1382096069868995     -4.8515283842794764E-02
   0.1379621542940320     -4.8893740902474524E-02
   0.1379475982532751     -4.8937409024745269E-02
   0.1379621542940320     -4.9243085880640462E-02
   0.1384133915574964     -4.9257641921397373E-02
   0.1388937409024745     -4.9272197962154290E-02
   0.1392576419213974     -4.9257641921397373E-02
   0.1397379912663755     -4.8908296943231434E-02
   0.1399708879184862     -4.8660844250363898E-02
   0.1403493449781659     -4.8486171761280929E-02
   0.1402911208151383     -4.8733624454148465E-02
   0.1402911208151383     -4.8864628820960702E-02
   0.1402328966521106     -4.9024745269286747E-02
   0.1402328966521106     -4.9126637554585149E-02
   0.1402183406113537     -4.9446870451237267E-02
   0.1403930131004367     -4.9636098981077147E-02
   0.1405385735080058     -4.9781659388646288E-02
   0.1407278020378457     -4.9781659388646288E-02
   0.1409752547307132     -4.9650655021834057E-02
   0.1412372634643377     -4.9403202328966521E-02
   0.1414119359534207     -4.9257641921397373E-02
   0.1417903930131004     -4.9126637554585149E-02
   0.1423289665211063     -4.9184861717612806E-02
   0.1429548762736536     -4.9534206695778744E-02
   0.1436244541484716     -4.9825327510917027E-02
   0.1442649199417758     -5.0116448326055309E-02
   0.1450363901018923     -5.0655021834061134E-02
   0.1453275109170306     -5.0655021834061134E-02
   0.1458806404657933     -5.0684133915574962E-02
   0.1463464337700146     -5.0931586608442506E-02
   0.1470742358078602     -5.1004366812227073E-02
   0.1477292576419214     -5.1106259097525475E-02
   0.1483697234352256     -5.1251819505094609E-02
   0.1490101892285298     -5.1382823871906839E-02
   0.1497234352256186     -5.1499272197962159E-02
   0.1510917030567686     -5.1746724890829696E-02
   0.1518486171761281     -5.1761280931586606E-02
   0.1524599708879185     -5.1804949053857352E-02
   0.1527510917030568     -5.1644832605531293E-02
   0.1530713245997089     -5.0931586608442506E-02
   0.1534206695778748     -5.0262008733624450E-02
   0.1536826783114993     -4.9752547307132459E-02
   0.1545705967976710     -4.9825327510917027E-02
   0.1567976710334789     -5.0072780203784570E-02
   0.1590101892285298     -5.0029112081513824E-02
   0.1613537117903930     -5.0655021834061134E-02
   0.1634206695778748     -5.0931586608442506E-02
   0.1650800582241630     -5.1091703056768550E-02
   0.1654002911208151     -5.1935953420669576E-02
   0.1659970887918486     -5.2008733624454143E-02
   0.1667103347889374     -5.2066957787481799E-02
   0.1673216885007278     -5.2212518195050940E-02
   0.1680058224163028     -5.2372634643376999E-02
   0.1686899563318777     -5.2532751091703057E-02
   0.1694177583697234     -5.2692867540029109E-02
   0.1704803493449782     -5.2838427947598250E-02
   0.1713391557496361     -5.2911208151382817E-02
   0.1718340611353712     -5.2925764192139735E-02
   0.1726637554585153     -5.3056768558951965E-02
   0.1733042212518195     -5.3129548762736532E-02
   0.1740902474526929     -5.3187772925764189E-02
   0.1750363901018923     -5.3347889374090247E-02
   0.1758660844250364     -5.3493449781659382E-02
   0.1767540029112082     -5.3639010189228530E-02
   0.1779475982532751     -5.3784570596797664E-02
   0.1789956331877729     -5.3930131004366812E-02
   0.1801164483260553     -5.4104803493449781E-02
   0.1809606986899563     -5.4192139737991266E-02
   0.1822707423580786     -5.4818049490538569E-02
   0.1830713245997089     -5.4890829694323143E-02
   0.1840174672489083     -5.4614264919941771E-02
   0.1848034934497816     -5.4657933042212517E-02
   0.1856477438136827     -5.4774381368267830E-02
   0.1865356622998544     -5.4890829694323143E-02
   0.1873799126637554     -5.4905385735080060E-02
   0.1879767103347889     -5.5021834061135373E-02
   0.1888500727802038     -5.5109170305676851E-02
   0.1895342066957788     -5.5152838427947597E-02
   0.1904366812227074     -5.5749636098981079E-02
   0.1913391557496361     -5.5880640465793302E-02
   0.1920960698689956     -5.5997088791848615E-02
   0.1927656477438137     -5.5705967976710333E-02
   0.1937117903930131     -5.5778748180494900E-02
   0.1952692867540029     -5.5866084425036391E-02
   0.1965211062590975     -5.6448326055312956E-02
   0.1975109170305677     -5.6506550218340612E-02
   0.1986608442503639     -5.6579330422125179E-02
   0.1996943231441048     -5.6739446870451238E-02
   0.2008151382823872     -5.6899563318777290E-02
   0.2016739446870451     -5.6972343522561864E-02
   0.2029694323144104     -5.7059679767103341E-02
   0.2039737991266375     -5.7117903930130998E-02
   0.2052256186317322     -5.7234352256186317E-02
   0.2064483260553129     -5.7321688500727795E-02
   0.2076710334788937     -5.7379912663755459E-02
   0.2091411935953421     -5.7496360989810771E-02
   0.2103493449781659     -5.7627365356622995E-02
   0.2117321688500728     -5.7743813682678308E-02
   0.2133770014556041     -5.7947598253275105E-02
   0.2154876273653566     -5.8034934497816590E-02
   0.2166812227074236     -5.8180494905385731E-02
   0.2175691411935953     -5.8238719068413394E-02
   0.2187190684133915     -5.8355167394468707E-02
   0.2201310043668122     -5.8515283842794752E-02
   0.2211935953420670     -5.8602620087336237E-02
   0.2228384279475982     -5.8748180494905378E-02
   0.2246433770014556     -5.8908296943231436E-02
   0.2260844250363901     -5.9417758369723433E-02
   0.2274818049490538     -5.9374090247452688E-02
   0.2291266375545851     -5.9272197962154292E-02
   0.2308588064046579     -5.9665211062590977E-02
   0.2326637554585153     -5.9854439592430857E-02
   0.2342066957787482     -5.9912663755458506E-02
   0.2360698689956332     -5.9985443959243087E-02
   0.2378311499272198     -5.9927219796215424E-02
   0.2394032023289665     -6.0174672489082974E-02
   0.2409606986899563     -6.0436681222707421E-02
   0.2424599708879185     -6.0451237263464332E-02
   0.2437554585152838     -6.0465793304221249E-02
   0.2452838427947598     -6.0349344978165936E-02
   0.2459388646288210     -6.0305676855895191E-02
   0.2469868995633188     -6.0291120815138287E-02
