   3.0014556040756910E-02  4.3973799126637549E-02
   2.9723435225618627E-02  4.4046579330422123E-02
   2.9519650655021833E-02  4.4133915574963607E-02
   2.9301310043668118E-02  4.4192139737991264E-02
   2.9155749636098981E-02  4.4177583697234353E-02
   2.8937409024745269E-02  4.3770014556040758E-02
   2.8893740902474523E-02  4.3551673944687043E-02
   2.8806404657933042E-02  4.3260553129548761E-02
   2.6570596797671035E-02  4.1417758369723438E-02
   2.5327510917030567E-02  4.0713245997088796E-02
   2.5458515283842794E-02  4.1018922852983988E-02
   2.5458515283842794E-02  4.1135371179039301E-02
   2.5240174672489082E-02  4.1397379912663755E-02
   2.4919941775836972E-02  4.1790393013100433E-02
   2.4614264919941772E-02  4.1528384279475979E-02
   2.4235807860262009E-02  4.1048034934497810E-02
   2.4133915574963607E-02  4.0611353711790393E-02
   2.4017467248908294E-02  4.0174672489082963E-02
   2.3385735080058225E-02  3.9080058224163029E-02
   2.0953420669577873E-02  3.7203784570596796E-02
   2.0640465793304218E-02  3.7933042212518191E-02
   2.0538573508005822E-02  3.8034934497816593E-02
   2.0247452692867540E-02  3.8195050946142652E-02
   2.0000000000000000E-02  3.8238719068413383E-02
   1.9708879184861718E-02  3.8224163027656473E-02
   1.9606986899563316E-02  3.8093158660844249E-02
   1.9475982532751093E-02  3.7758369723435221E-02
   1.9461426491994175E-02  3.7510917030567685E-02
   1.9505094614264921E-02  3.7307132459970881E-02
   1.9548762736535660E-02  3.7016011644832605E-02
   1.9432314410480347E-02  3.6754002911208151E-02
   1.9184861717612810E-02  3.6375545851528385E-02
   1.9082969432314408E-02  3.6535662299854436E-02
   1.8937409024745267E-02  3.6797671033478890E-02
   1.8617176128093157E-02  3.6841339155749636E-02
   1.8340611353711789E-02  3.6695778748180495E-02
   1.8165938864628819E-02  3.6215429403202326E-02
   1.8078602620087335E-02  3.5764192139737985E-02
   1.8049490538573507E-02  3.5385735080058225E-02
   1.8034934497816592E-02  3.5269286754002913E-02
   1.7813682678311498E-02  3.4590975254730712E-02
   1.7016011644832605E-02  3.3959243085880643E-02
   1.6972343522561863E-02  3.4017467248908299E-02
   1.6899563318777292E-02  3.4192139737991269E-02
   1.6812227074235808E-02  3.4294032023289664E-02
   1.6739446870451237E-02  3.4337700145560403E-02
   1.6521106259097525E-02  3.4395924308588059E-02
   1.6302765647743814E-02  3.4337700145560403E-02
   1.6259097525473071E-02  3.4119359534206695E-02
   1.6273653566229982E-02  3.3755458515283839E-02
   1.6273653566229982E-02  3.3493449781659392E-02
   1.6302765647743814E-02  3.3187772925764192E-02
   1.6142649199417759E-02  3.2969432314410484E-02
   1.5836972343522562E-02  3.2620087336244545E-02
   1.5589519650655021E-02  3.2328966521106256E-02
   1.4919941775836970E-02  3.1877729257641922E-02
   1.4788937409024745E-02  3.2110625909752548E-02
   1.4483260553129549E-02  3.2372634643377002E-02
   1.4046579330422124E-02  3.2416302765647741E-02
   1.3828238719068412E-02  3.2387190684133912E-02
   1.3449781659388647E-02  3.2168850072780204E-02
   1.3275109170305676E-02  3.2081513828238720E-02
   1.2940320232896652E-02  3.1921397379912661E-02
   1.3085880640465793E-02  3.1732168850072781E-02
   1.3202328966521105E-02  3.1411935953420664E-02
   1.3289665211062590E-02  3.1106259097525471E-02
   1.3333333333333332E-02  3.0858806404657935E-02
   1.3347889374090248E-02  3.0771470160116447E-02
   1.3129548762736535E-02  3.0436681222707426E-02
   1.2489082969432314E-02  2.9956331877729253E-02
   1.2314410480349343E-02  2.9767103347889373E-02
   1.1848617176128092E-02  2.9257641921397376E-02
   1.1644832605531296E-02  2.9257641921397376E-02
   1.1484716157205241E-02  2.9359534206695775E-02
   1.1120815138282386E-02  2.9461426491994177E-02
   1.0844250363901018E-02  2.9461426491994177E-02
   1.0582241630276564E-02  2.9374090247452689E-02
   1.0218340611353710E-02  2.8981077147016011E-02
   1.0043668122270741E-02  2.8646288209606987E-02
   1.0189228529839882E-02  2.8326055312954873E-02
   1.0276564774381367E-02  2.7889374090247450E-02
   1.0334788937409023E-02  2.7685589519650656E-02
   1.0101892285298397E-02  2.7423580786026198E-02
   1.0029112081513827E-02  2.7307132459970886E-02
   9.9563318777292579E-03  2.7409024745269284E-02
   9.7379912663755463E-03  2.7554585152838425E-02
   9.2576419213973790E-03  2.7656477438136824E-02
   9.1266375545851521E-03  2.7569141193595343E-02
   9.0829694323144097E-03  2.7190684133915573E-02
   9.1120815138282379E-03  2.6724890829694321E-02
   9.1557496360989803E-03  2.6273653566229987E-02
   8.7772925764192135E-03  2.5807860262008736E-02
   8.7627365356622994E-03  2.5778748180494904E-02
   8.7481804949053853E-03  2.5880640465793303E-02
   8.6462882096069865E-03  2.6084425036390101E-02
   8.5007278020378454E-03  2.6215429403202331E-02
   8.1950509461426475E-03  2.6317321688500726E-02
   8.0640465793304222E-03  2.6462882096069867E-02
   7.7292576419213978E-03  2.6579330422125180E-02
   7.5254730713245994E-03  2.6171761280931585E-02
   7.4381368267831148E-03  2.5662299854439592E-02
   7.6855895196506555E-03  2.5240174672489082E-02
   7.9184861717612812E-03  2.4949053857350800E-02
   7.7874818049490542E-03  2.4585152838427948E-02
   7.4381368267831148E-03  2.4075691411935950E-02
   7.3799126637554583E-03  2.4323144104803494E-02
   7.1615720524017467E-03  2.4759825327510917E-02
   6.9723435225618625E-03  2.4861717612809316E-02
   6.7540029112081517E-03  2.4847161572052398E-02
   6.6084425036390098E-03  2.4628820960698686E-02
   6.5211062590975252E-03  2.4352256186317322E-02
   6.4628820960698687E-03  2.3959243085880638E-02
   6.4774381368267828E-03  2.3609898107714699E-02
   6.6666666666666662E-03  2.3347889374090249E-02
   6.7394468704512376E-03  2.3129548762736533E-02
   6.6375545851528380E-03  2.2911208151382822E-02
   6.5502183406113534E-03  2.2911208151382822E-02
   6.2008733624454148E-03  2.3085880640465791E-02
   5.8224163027656480E-03  2.3085880640465791E-02
   5.6040756914119355E-03  2.3071324599708877E-02
   5.5749636098981073E-03  2.2721979621542938E-02
   5.6914119359534211E-03  2.2605531295487626E-02
   5.9388646288209600E-03  2.2518195050946144E-02
   5.7059679767103352E-03  2.2532751091703055E-02
   5.3275109170305675E-03  2.2678311499272196E-02
   4.8471615720524020E-03  2.2838427947598251E-02
   4.4832605531295484E-03  2.2954876273653564E-02
   4.0902474526928675E-03  2.3071324599708877E-02
   3.5662299854439588E-03  2.3289665211062592E-02
   3.1441048034934497E-03  2.3449781659388644E-02
   2.6491994177583696E-03  2.3624454148471613E-02
   2.2416302765647742E-03  2.4002911208151383E-02
   1.8777292576419213E-03  2.4119359534206696E-02
   1.4119359534206695E-03  2.4148471615720524E-02
   1.0189228529839884E-03  2.4148471615720524E-02
   5.6768558951965061E-04  2.3901018922852981E-02
   4.5123726346433770E-04  2.3624454148471613E-02
   4.5123726346433770E-04  2.3085880640465791E-02
   6.1135371179039304E-04  2.2489082969432313E-02
   9.8981077147016015E-04  2.1994177583697237E-02
   1.3682678311499271E-03  2.1528384279475982E-02
   1.6011644832605531E-03  2.1077147016011644E-02
   1.8777292576419213E-03  2.0494905385735077E-02
   2.1834061135371178E-03  1.9956331877729258E-02
   2.3580786026200875E-03  1.9606986899563316E-02
   2.4890829694323145E-03  1.8631732168850071E-02
   2.3580786026200875E-03  1.8034934497816592E-02
   2.0669577874818045E-03  1.7467248908296942E-02
   1.9213973799126639E-03  1.6710334788937405E-02
   1.6448326055312954E-03  1.6069868995633188E-02
   1.3391557496360989E-03  1.5371179039301311E-02
   1.0480349344978166E-03  1.4759825327510917E-02
   6.8413391557496357E-04  1.4075691411935952E-02
   4.8034934497816597E-04  1.3711790393013099E-02
   2.4745269286754004E-04  1.3362445414847162E-02
  -2.9112081513828238E-05  1.2969432314410480E-02
  -2.4745269286754004E-04  1.2882096069868995E-02
  -8.2969432314410475E-04  1.3158660844250363E-02
  -1.1062590975254730E-03  1.2852983988355167E-02
  -1.1644832605531294E-03  1.2256186317321687E-02
  -9.3158660844250361E-04  1.1921397379912662E-02
  -8.1513828238719064E-04  1.1659388646288210E-02
  -6.5502183406113536E-04  1.0713245997088791E-02
  -7.1324599708879190E-04  1.0349344978165939E-02
  -7.8602620087336243E-04  1.0189228529839882E-02
  -1.0334788937409023E-03  9.8981077147016015E-03
  -1.3973799126637554E-03  9.6215429403202334E-03
  -1.7176128093158659E-03  9.1266375545851521E-03
  -1.9650655021834062E-03  8.6026200873362442E-03
  -2.1979621542940319E-03  8.1513828238719069E-03
  -2.2998544395924306E-03  7.8165938864628824E-03
  -2.2852983988355165E-03  6.5065502183406110E-03
  -2.2416302765647742E-03  6.0116448326055305E-03
  -1.9213973799126639E-03  5.2692867540029111E-03
  -1.4847161572052400E-03  4.2940320232896650E-03
  -1.3391557496360989E-03  3.9155749636098983E-03
  -1.1353711790393012E-03  3.1877729257641920E-03
  -1.1790393013100438E-03  2.5764192139737987E-03
  -1.2372634643377002E-03  2.3435225618631730E-03
  -1.5720524017467249E-03  1.8195050946142649E-03
  -1.9941775836972344E-03  1.5429403202328966E-03
  -2.5327510917030564E-03  1.0771470160116448E-03
  -3.1732168850072779E-03  5.0946142649199418E-04
  -3.3042212518195049E-03  1.7467248908296942E-04
  -3.4352256186317319E-03 -3.4934497816593884E-04
  -3.1004366812227074E-03 -9.6069868995633193E-04
  -2.8384279475982530E-03 -1.4119359534206695E-03
  -1.6885007278020379E-03 -2.0378457059679767E-03
  -1.4119359534206695E-03 -2.0960698689956331E-03
  -5.8224163027656472E-04 -2.9839883551673941E-03
  -5.2401746724890829E-04 -3.5516739446870447E-03
  -2.3289665211062590E-04 -4.1339155749636090E-03
   4.9490538573508007E-04 -5.0800582241630268E-03
   1.4701601164483261E-03 -6.1280931586608434E-03
   1.8340611353711790E-03 -6.7540029112081517E-03
   1.9068413391557495E-03 -7.3799126637554583E-03
   2.2852983988355165E-03 -7.9184861717612812E-03
   2.5764192139737987E-03 -8.8064046579330417E-03
   3.1441048034934497E-03 -9.5342066957787488E-03
   3.9883551673944688E-03 -1.0262008733624452E-02
   4.8471615720524020E-03 -1.0786026200873362E-02
   5.3566229985443957E-03 -1.1324599708879184E-02
   5.9388646288209600E-03 -1.2008733624454147E-02
   6.5793304221251816E-03 -1.2925764192139737E-02
   7.2489082969432314E-03 -1.3609898107714702E-02
   7.4526928675400289E-03 -1.3842794759825326E-02
   7.9475982532751094E-03 -1.4221251819505093E-02
   8.6462882096069865E-03 -1.4643377001455604E-02
   9.3886462882096077E-03 -1.5269286754002910E-02
   1.0116448326055311E-02 -1.5807860262008734E-02
   1.0669577874818049E-02 -1.6229985443959243E-02
   1.1120815138282386E-02 -1.6564774381368264E-02
   1.1572052401746726E-02 -1.7001455604075691E-02
   1.2023289665211061E-02 -1.7379912663755458E-02
   1.2692867540029112E-02 -1.7889374090247455E-02
   1.3333333333333332E-02 -1.8311499272197961E-02
   1.4075691411935952E-02 -1.8631732168850071E-02
   1.4687045123726344E-02 -1.8951965065502185E-02
   1.5254730713245996E-02 -1.9403202328966519E-02
   1.5793304221251820E-02 -1.9650655021834062E-02
   1.6550218340611354E-02 -2.0029112081513825E-02
   1.7481804949053856E-02 -2.0407569141193595E-02
   1.7860262008733627E-02 -2.0596797671033479E-02
   1.8195050946142648E-02 -2.0713245997088792E-02
   1.8864628820960700E-02 -2.1237263464337700E-02
   1.9315866084425034E-02 -2.1528384279475982E-02
   1.9839883551673945E-02 -2.1848617176128092E-02
   2.0640465793304218E-02 -2.2270742358078601E-02
   2.1033478893740902E-02 -2.2430858806404656E-02
   2.1673944687045123E-02 -2.2925764192139736E-02
   2.2285298398835519E-02 -2.3216885007278018E-02
   2.3013100436681221E-02 -2.3231441048034936E-02
   2.3231441048034936E-02 -2.3275109170305674E-02
   2.3740902474526929E-02 -2.3435225618631730E-02
   2.4439592430858807E-02 -2.3639010189228531E-02
   2.4876273653566230E-02 -2.3799126637554586E-02
   2.5312954876273649E-02 -2.4017467248908294E-02
   2.5793304221251818E-02 -2.4687045123726346E-02
   2.5909752547307131E-02 -2.4788937409024742E-02
   2.6433770014556036E-02 -2.5094614264919941E-02
   2.7365356622998542E-02 -2.5647743813682677E-02
   2.8005822416302763E-02 -2.6069868995633187E-02
   2.8107714701601165E-02 -2.6084425036390101E-02
   2.8617176128093159E-02 -2.6229985443959242E-02
   2.9141193595342063E-02 -2.6433770014556036E-02
   2.9898107714701597E-02 -2.6710334788937407E-02
   3.0393013100436680E-02 -2.6885007278020377E-02
   3.0960698689956326E-02 -2.7147016011644830E-02
   3.1848617176128094E-02 -2.7147016011644830E-02
   3.2940320232896649E-02 -2.7598253275109168E-02
   3.4002911208151382E-02 -2.7933042212518196E-02
   3.5458515283842792E-02 -2.8704512372634643E-02
   3.6593886462882100E-02 -2.8966521106259097E-02
   3.7147016011644829E-02 -2.9053857350800582E-02
   3.7947598253275108E-02 -2.9330422125181950E-02
   3.8660844250363903E-02 -2.9577874818049490E-02
   3.9403202328966519E-02 -2.9854439592430861E-02
   4.0407569141193589E-02 -2.9694323144104803E-02
   4.0989810771470153E-02 -2.9854439592430861E-02
   4.2037845705967976E-02 -3.0160116448326054E-02
   4.3202328966521104E-02 -3.0960698689956326E-02
   4.4133915574963607E-02 -3.1222707423580784E-02
   4.5691411935953420E-02 -3.1615720524017468E-02
   4.7219796215429398E-02 -3.1528384279475984E-02
   4.8486171761280929E-02 -3.1819505094614266E-02
   4.9694323144104803E-02 -3.2052401746724891E-02
   5.0262008733624450E-02 -3.2387190684133912E-02
   5.0698689956331880E-02 -3.2532751091703054E-02
   5.1266375545851527E-02 -3.2576419213973799E-02
   5.1935953420669576E-02 -3.2576419213973799E-02
   5.2751091703056766E-02 -3.2590975254730710E-02
   5.3944687045123722E-02 -3.2867540029112081E-02
   5.4570596797671032E-02 -3.3056768558951961E-02
   5.5531295487627363E-02 -3.3216885007278020E-02
   5.6506550218340612E-02 -3.3377001455604079E-02
   5.7903930131004359E-02 -3.4206695778748179E-02
   5.9374090247452688E-02 -3.4468704512372633E-02
   6.0931586608442501E-02 -3.4337700145560403E-02
   6.2125181950509457E-02 -3.4687045123726348E-02
   6.3114992721979624E-02 -3.5007278020378459E-02
   6.4148471615720529E-02 -3.5414847161572047E-02
   6.5167394468704509E-02 -3.5633187772925762E-02
   6.7088791848617171E-02 -3.6462882096069869E-02
   6.8544395924308582E-02 -3.6812227074235808E-02
   7.0116448326055306E-02 -3.6681222707423577E-02
   7.1761280931586596E-02 -3.7030567685589516E-02
   7.2852983988355158E-02 -3.7219796215429403E-02
   7.3726346433770018E-02 -3.7365356622998544E-02
   7.5327510917030563E-02 -3.8005822416302758E-02
   7.6637554585152826E-02 -3.8296943231441047E-02
   7.7219796215429390E-02 -3.8427947598253277E-02
   7.7831149927219789E-02 -3.8224163027656473E-02
   7.9286754002911200E-02 -3.8500727802037844E-02
   8.1266375545851532E-02 -3.8995633187772931E-02
   8.1877729257641918E-02 -3.9126637554585147E-02
   8.2503639010189228E-02 -3.9199417758369721E-02
   8.3784570596797669E-02 -3.9868995633187770E-02
   8.5735080058224153E-02 -4.0203784570596798E-02
   8.7117903930131010E-02 -4.0000000000000001E-02
   8.8981077147016016E-02 -4.0247452692867537E-02
   9.0160116448326055E-02 -4.0436681222707424E-02
   9.1644832605531301E-02 -4.0713245997088796E-02
   9.3129548762736533E-02 -4.0946142649199414E-02
   9.4861717612809315E-02 -4.1368267831149927E-02
   9.5953420669577863E-02 -4.1950509461426491E-02
   9.7700145560407556E-02 -4.2212518195050945E-02
   9.9199417758369712E-02 -4.2459970887918481E-02
   0.1008296943231441     -4.2707423580786025E-02
   0.1028384279475983     -4.2983988355167389E-02
   0.1049053857350801     -4.3187772925764194E-02
   0.1058224163027656     -4.3231441048034926E-02
   0.1067976710334789     -4.3449781659388641E-02
   0.1075400291120815     -4.3595342066957789E-02
   0.1087045123726346     -4.3682678311499266E-02
   0.1093449781659389     -4.3857350800582236E-02
   0.1110334788937409     -4.4599708879184859E-02
   0.1123435225618632     -4.4788937409024746E-02
   0.1141048034934498     -4.4701601164483261E-02
   0.1160407569141193     -4.5080058224163028E-02
   0.1169577874818050     -4.5211062590975251E-02
   0.1180931586608442     -4.5327510917030564E-02
   0.1186026200873362     -4.5458515283842794E-02
   0.1183406113537118     -4.5604075691411936E-02
   0.1180494905385735     -4.6040756914119352E-02
   0.1176564774381368     -4.6564774381368267E-02
   0.1175254730713246     -4.6914119359534205E-02
   0.1174818049490538     -4.7161572052401748E-02
   0.1175109170305677     -4.7379912663755457E-02
   0.1178748180494905     -4.7554585152838426E-02
   0.1186899563318777     -4.7278020378457061E-02
   0.1193013100436681     -4.7234352256186315E-02
   0.1200727802037846     -4.7030567685589518E-02
   0.1204949053857351     -4.6870451237263466E-02
   0.1210480349344978     -4.6768558951965064E-02
   0.1220524017467249     -4.7001455604075690E-02
   0.1222852983988355     -4.7059679767103346E-02
   0.1222852983988355     -4.7452692867540024E-02
   0.1222852983988355     -4.7671033478893739E-02
   0.1228529839883552     -4.7802037845705962E-02
   0.1237700145560408     -4.7743813682678313E-02
   0.1240465793304221     -4.7569141193595336E-02
   0.1251382823871907     -4.7671033478893739E-02
   0.1266666666666666     -4.7831149927219797E-02
   0.1287336244541485     -4.8165938864628818E-02
   0.1300291120815138     -4.8369723435225616E-02
   0.1310043668122271     -4.8558951965065496E-02
   0.1317321688500728     -4.8704512372634644E-02
   0.1332896652110626     -4.8922852983988352E-02
   0.1348326055312955     -4.9155749636098978E-02
   0.1351819505094614     -4.9170305676855895E-02
   0.1359825327510917     -4.9155749636098978E-02
   0.1367831149927220     -4.9170305676855895E-02
   0.1380349344978166     -4.9344978165938864E-02
   0.1392576419213974     -4.9068413391557493E-02
   0.1408151382823872     -4.9170305676855895E-02
   0.1422270742358079     -4.9796215429403198E-02
   0.1433333333333333     -4.9941775836972339E-02
   0.1444832605531295     -5.0101892285298398E-02
   0.1461717612809316     -5.0334788937409024E-02
   0.1474672489082969     -5.0567685589519649E-02
   0.1484425036390102     -5.0422125181950508E-02
   0.1499563318777292     -5.0800582241630275E-02
   0.1508296943231441     -5.0975254730713238E-02
   0.1521834061135371     -5.1135371179039296E-02
   0.1525036390101892     -5.0946142649199416E-02
   0.1527656477438137     -5.0363901018922852E-02
   0.1531732168850073     -4.9999999999999996E-02
   0.1545705967976710     -4.9825327510917027E-02
   0.1567976710334789     -5.0072780203784570E-02
   0.1590101892285298     -5.0029112081513824E-02
   0.1596652110625910     -5.0975254730713238E-02
   0.1600727802037846     -5.0989810771470162E-02
   0.1606259097525473     -5.1135371179039296E-02
   0.1613828238719068     -5.1295487627365355E-02
   0.1619359534206696     -5.1397379912663757E-02
   0.1629257641921397     -5.1499272197962159E-02
   0.1641775836972343     -5.1775836972343517E-02
   0.1649781659388646     -5.1921397379912665E-02
   0.1658369723435226     -5.2110625909752545E-02
   0.1665647743813683     -5.2183406113537112E-02
   0.1670160116448326     -5.2299854439592432E-02
   0.1684570596797671     -5.2605531295487624E-02
   0.1691411935953420     -5.2765647743813683E-02
   0.1699708879184862     -5.2911208151382817E-02
   0.1710625909752547     -5.3144104803493443E-02
   0.1722852983988355     -5.3391557496360993E-02
   0.1732896652110626     -5.3478893740902471E-02
   0.1741484716157205     -5.3522561863173217E-02
   0.1756914119359534     -5.3813682678311499E-02
   0.1768995633187773     -5.3959243085880633E-02
   0.1780931586608442     -5.4075691411935946E-02
   0.1794468704512373     -5.4250363901018922E-02
   0.1806550218340611     -5.4366812227074235E-02
   0.1816302765647744     -5.4483260553129548E-02
   0.1825036390101892     -5.4526928675400287E-02
   0.1840611353711790     -5.4657933042212517E-02
   0.1850072780203785     -5.4861717612809315E-02
   0.1860407569141194     -5.4978165938864627E-02
   0.1872052401746725     -5.5109170305676851E-02
   0.1880203784570597     -5.5196506550218336E-02
   0.1892721979621543     -5.5283842794759827E-02
   0.1901018922852984     -5.5400291120815140E-02
   0.1923435225618632     -5.5793304221251817E-02
   0.1937700145560407     -5.5997088791848615E-02
   0.1948471615720524     -5.5836972343522556E-02
   0.1959679767103348     -5.5938864628820958E-02
   0.1971761280931587     -5.6448326055312956E-02
   0.1986317321688501     -5.6637554585152836E-02
   0.1997816593886463     -5.6797671033478894E-02
   0.2010917030567685     -5.6899563318777290E-02
   0.2023144104803493     -5.7059679767103341E-02
   0.2032168850072780     -5.7205240174672489E-02
   0.2045123726346434     -5.7394468704512369E-02
   0.2056914119359534     -5.7525473071324600E-02
   0.2069141193595342     -5.7743813682678308E-02
   0.2080058224163027     -5.7933042212518195E-02
   0.2088791848617176     -5.8064046579330418E-02
   0.2100145560407569     -5.8180494905385731E-02
   0.2112081513828239     -5.8311499272197961E-02
   0.2122707423580786     -5.8413391557496357E-02
   0.2134497816593886     -5.8529839883551669E-02
   0.2150072780203785     -5.8762736535662295E-02
   0.2162299854439592     -5.8937409024745271E-02
   0.2173508005822416     -5.9097525473071316E-02
   0.2185589519650655     -5.9243085880640464E-02
   0.2198689956331878     -5.9388646288209605E-02
   0.2211499272197962     -5.9490538573508001E-02
   0.2224599708879185     -5.9563318777292568E-02
   0.2242794759825327     -5.9534206695778746E-02
   0.2249344978165939     -5.9519650655021836E-02
   0.2256914119359534     -5.9519650655021836E-02
   0.2262882096069869     -5.9519650655021836E-02
   0.2276419213973799     -5.9126637554585151E-02
   0.2290975254730713     -5.9446870451237255E-02
   0.2305240174672489     -5.9621542940320231E-02
   0.2317758369723435     -5.9665211062590977E-02
   0.2335225618631732     -5.9446870451237255E-02
   0.2353129548762737     -5.9577874818049485E-02
   0.2369723435225619     -5.9752547307132461E-02
   0.2383260553129549     -6.0131004366812228E-02
   0.2402474526928675     -6.0262008733624445E-02
   0.2421106259097525     -6.0247452692867541E-02
   0.2438864628820960     -6.0378457059679758E-02
   0.2454439592430858     -6.0524017467248913E-02
   0.2466812227074236     -6.0611353711790383E-02
   0.2482969432314410     -6.0684133915574957E-02
