   7.6419213973799124E-02  6.2751091703056761E-02
   7.6259097525473066E-02  6.2896652110625909E-02
   7.6186317321688499E-02  6.3056768558951967E-02
   7.6084425036390096E-02  6.3362445414847160E-02
   7.5997088791848619E-02  6.3726346433770009E-02
   7.5851528384279471E-02  6.4104803493449783E-02
   7.5735080058224158E-02  6.4454148471615721E-02
   7.5851528384279471E-02  6.4876273653566227E-02
   7.5662299854439591E-02  6.5356622998544403E-02
   7.5385735080058219E-02  6.5749636098981074E-02
   7.5007278020378446E-02  6.6200873362445414E-02
   7.4701601164483253E-02  6.6681222707423576E-02
   7.4395924308588060E-02  6.7059679767103350E-02
   7.4002911208151376E-02  6.7292576419213976E-02
   7.3653566229985437E-02  6.7234352256186306E-02
   7.3333333333333334E-02  6.7059679767103350E-02
   7.3100436681222708E-02  6.6783114992721979E-02
   7.3013100436681216E-02  6.6288209606986906E-02
   7.2925764192139739E-02  6.5764192139737984E-02
   7.2896652110625904E-02  6.5283842794759822E-02
   7.2940320232896649E-02  6.4788937409024736E-02
   7.3173216885007275E-02  6.4061135371179037E-02
   7.3245997088791842E-02  6.3420669577874816E-02
   7.3304221251819499E-02  6.2634643377001448E-02
   7.3362445414847155E-02  6.2139737991266375E-02
   7.3420669577874811E-02  6.1892285298398832E-02
   7.2125181950509459E-02  6.1761280931586608E-02
   6.9679767103347889E-02  6.0771470160116442E-02
   6.7379912663755454E-02  5.9941775836972348E-02
   6.4963609898107719E-02  5.8966521106259100E-02
   6.2052401746724883E-02  5.7874818049490538E-02
   5.9941775836972348E-02  5.6797671033478894E-02
   5.9184861717612808E-02  5.6462882096069866E-02
   5.9112081513828234E-02  5.6754002911208148E-02
   5.9082969432314413E-02  5.7030567685589520E-02
   5.9010189228529839E-02  5.7583697234352256E-02
   5.8879184861717608E-02  5.8034934497816590E-02
   5.8777292576419213E-02  5.8660844250363900E-02
   5.8631732168850065E-02  5.9155749636098980E-02
   5.8253275109170298E-02  5.9577874818049485E-02
   5.7962154294032023E-02  6.0058224163027661E-02
   5.7598253275109167E-02  6.0320232896652108E-02
   5.7263464337700146E-02  6.0771470160116442E-02
   5.6986899563318774E-02  6.1179039301310044E-02
   5.6681222707423581E-02  6.1673944687045124E-02
   5.6477438136826777E-02  6.2081513828238712E-02
   5.6521106259097523E-02  6.2489082969432314E-02
   5.6375545851528389E-02  6.2969432314410476E-02
   5.6273653566229986E-02  6.3318777292576414E-02
   5.6244541484716151E-02  6.3784570596797666E-02
   5.6259097525473069E-02  6.4235807860262006E-02
   5.6142649199417756E-02  6.4643377001455601E-02
   5.5705967976710333E-02  6.5240174672489090E-02
   5.5676855895196505E-02  6.5720524017467238E-02
   5.5662299854439587E-02  6.5997088791848610E-02
   5.5560407569141192E-02  6.6622998544395920E-02
   5.5589519650655020E-02  6.7147016011644828E-02
   5.5589519650655020E-02  6.7569141193595347E-02
   5.5531295487627363E-02  6.7903930131004361E-02
   5.5720524017467243E-02  6.8427947598253269E-02
   5.5880640465793302E-02  6.8791848617176118E-02
   5.5880640465793302E-02  6.9126637554585146E-02
   5.5851528384279467E-02  6.9708879184861711E-02
   5.5764192139737989E-02  7.0262008733624454E-02
   5.5662299854439587E-02  7.0800582241630272E-02
   5.5589519650655020E-02  7.1237263464337702E-02
   5.5545851528384274E-02  7.1775836972343521E-02
   5.5458515283842796E-02  7.2212518195050951E-02
   5.5327510917030566E-02  7.2911208151382828E-02
   5.5123726346433768E-02  7.3362445414847155E-02
   5.4963609898107710E-02  7.3842794759825331E-02
   5.4701601164483256E-02  7.4264919941775837E-02
   5.4410480349344974E-02  7.4250363901018926E-02
   5.4046579330422125E-02  7.4017467248908300E-02
   5.3711790393013097E-02  7.3828238719068406E-02
   5.3449781659388650E-02  7.3580786026200870E-02
   5.3173216885007278E-02  7.3085880640465783E-02
   5.2867540029112078E-02  7.2547307132459965E-02
   5.2794759825327504E-02  7.1965065502183401E-02
   5.2736535662299855E-02  7.1339155749636091E-02
   5.2692867540029109E-02  7.0800582241630272E-02
   5.2605531295487624E-02  7.0320232896652096E-02
   5.2445414847161566E-02  7.0043668122270739E-02
   5.2096069868995627E-02  6.9636098981077144E-02
   5.1717612809315860E-02  6.9155749636098982E-02
   5.1324599708879183E-02  6.8675400291120806E-02
   5.1048034934497818E-02  6.8253275109170300E-02
   5.0800582241630275E-02  6.7962154294032032E-02
   5.0422125181950508E-02  6.7758369723435227E-02
   5.0145560407569137E-02  6.7641921397379914E-02
   4.9752547307132459E-02  6.7496360989810780E-02
   4.9461426491994177E-02  6.7336244541484722E-02
   4.9199417758369716E-02  6.7074235807860261E-02
   4.9068413391557493E-02  6.6491994177583683E-02
   4.8995633187772926E-02  6.6157205240174669E-02
   4.8864628820960702E-02  6.5909752547307132E-02
   4.8922852983988352E-02  6.5298398835516733E-02
   4.8981077147016015E-02  6.4468704512372632E-02
   4.9112081513828239E-02  6.3871906841339157E-02
   4.9141193595342060E-02  6.3595342066957786E-02
   4.9053857350800582E-02  6.3187772925764191E-02
   4.8675400291120809E-02  6.2969432314410476E-02
   4.8500727802037839E-02  6.2678311499272193E-02
   4.8326055312954870E-02  6.2474526928675396E-02
   4.7802037845705962E-02  6.2459970887918492E-02
   4.7336244541484711E-02  6.2168850072780203E-02
   4.7161572052401748E-02  6.1863173216885003E-02
   4.6914119359534205E-02  6.1572052401746728E-02
   4.6637554585152841E-02  6.1106259097525477E-02
   4.6608442503639005E-02  6.0858806404657934E-02
   4.6477438136826782E-02  6.0334788937409019E-02
   4.6244541484716156E-02  5.9839883551673939E-02
   4.5487627365356623E-02  5.9082969432314413E-02
   4.5327510917030564E-02  5.8733624454148474E-02
   4.5007278020378454E-02  5.8209606986899559E-02
   4.4788937409024746E-02  5.7641921397379912E-02
   4.4745269286754000E-02  5.7278020378457056E-02
   4.4628820960698687E-02  5.6928675400291118E-02
   4.4308588064046577E-02  5.6768558951965059E-02
   4.4046579330422123E-02  5.6477438136826777E-02
   4.3711790393013102E-02  5.6011644832605526E-02
   4.3216885007278015E-02  5.5458515283842796E-02
   4.2998544395924300E-02  5.5283842794759827E-02
   4.2634643377001458E-02  5.5065502183406112E-02
   4.2372634643376997E-02  5.4890829694323143E-02
   4.2401746724890832E-02  5.5211062590975253E-02
   4.2459970887918481E-02  5.5647743813682676E-02
   4.2474526928675399E-02  5.6215429403202330E-02
   4.2416302765647743E-02  5.6870451237263461E-02
   4.2241630276564773E-02  5.7379912663755459E-02
   4.1994177583697230E-02  5.7933042212518195E-02
   4.1673944687045120E-02  5.8355167394468707E-02
   4.1310043668122270E-02  5.8631732168850065E-02
   4.0902474526928675E-02  5.8806404657933041E-02
   4.0727802037845706E-02  5.8893740902474526E-02
   4.0698689956331878E-02  5.9097525473071316E-02
   4.0640465793304215E-02  5.9606986899563313E-02
   4.0218340611353709E-02  6.0043668122270737E-02
   4.0232896652110627E-02  6.0582241630276562E-02
   4.0072780203784568E-02  6.0989810771470164E-02
   3.9868995633187770E-02  6.1455604075691415E-02
   3.9548762736535660E-02  6.2183406113537121E-02
   3.9446870451237265E-02  6.2489082969432314E-02
   3.9636098981077145E-02  6.2707423580786015E-02
   3.9708879184861712E-02  6.3158660844250369E-02
   3.9723435225618629E-02  6.3377001455604071E-02
   3.9737991266375547E-02  6.3828238719068411E-02
   3.9796215429403203E-02  6.4235807860262006E-02
   3.9810771470160114E-02  6.4774381368267825E-02
   3.9796215429403203E-02  6.5327510917030554E-02
   3.9315866084425034E-02  6.5822416302765654E-02
   3.9082969432314409E-02  6.6069868995633177E-02
   3.8879184861717618E-02  6.6404657933042219E-02
   3.8704512372634642E-02  6.6666666666666666E-02
   3.8573508005822411E-02  6.7045123726346426E-02
   3.8500727802037844E-02  6.7481804949053856E-02
   3.8369723435225621E-02  6.7758369723435227E-02
   3.8282387190684129E-02  6.8034934497816599E-02
   3.8209606986899562E-02  6.8384279475982537E-02
   3.8064046579330421E-02  6.9024745269286744E-02
   3.7933042212518191E-02  6.9621542940320233E-02
   3.7947598253275108E-02  6.9854439592430859E-02
   3.8005822416302758E-02  7.0174672489082962E-02
   3.8034934497816593E-02  7.0640465793304213E-02
   3.7860262008733624E-02  7.1135371179039300E-02
   3.7598253275109170E-02  7.1732168850072775E-02
   3.7263464337700142E-02  7.2285298398835518E-02
   3.6986899563318777E-02  7.2605531295487621E-02
   3.6535662299854436E-02  7.2765647743813680E-02
   3.5880640465793298E-02  7.2751091703056769E-02
   3.5618631732168851E-02  7.2503639010189219E-02
   3.5385735080058225E-02  7.2416302765647741E-02
   3.4788937409024744E-02  7.2197962154294026E-02
   3.4250363901018918E-02  7.2008733624454146E-02
   3.3784570596797674E-02  7.1848617176128088E-02
   3.3362445414847154E-02  7.1324599708879194E-02
   3.3085880640465797E-02  7.0960698689956331E-02
   3.2925764192139738E-02  7.0698689956331884E-02
   3.2503639010189225E-02  7.0232896652110632E-02
   3.2125181950509459E-02  6.9563318777292577E-02
   3.1819505094614266E-02  6.9170305676855892E-02
   3.1557496360989812E-02  6.8748180494905387E-02
   3.1339155749636097E-02  6.8457059679767104E-02
   3.1149927219796217E-02  6.8122270742358076E-02
   3.0858806404657935E-02  6.7787481804949049E-02
   3.0582241630276563E-02  6.7540029112081512E-02
   3.0174672489082968E-02  6.7161572052401738E-02
   2.9708879184861717E-02  6.6710334788937412E-02
   2.9403202328966521E-02  6.6433770014556040E-02
   2.9024745269286754E-02  6.6346433770014548E-02
   2.8209606986899560E-02  6.6535662299854428E-02
   2.7350800582241628E-02  6.6608442503638995E-02
   2.6928675400291122E-02  6.6622998544395920E-02
   2.6448326055312953E-02  6.6622998544395920E-02
   2.5662299854439592E-02  6.6244541484716160E-02
   2.5283842794759825E-02  6.5866084425036386E-02
   2.4861717612809316E-02  6.5254730713245987E-02
   2.4526928675400291E-02  6.4905385735080048E-02
   2.4090247452692868E-02  6.4701601164483258E-02
   2.3478893740902472E-02  6.4381368267831154E-02
   2.2969432314410478E-02  6.4206695778748171E-02
   2.2634643377001457E-02  6.4017467248908291E-02
   2.2154294032023288E-02  6.3668122270742353E-02
   2.1892285298398834E-02  6.3420669577874816E-02
   2.1688500727802037E-02  6.3216885007278012E-02
   2.1732168850072779E-02  6.3042212518195057E-02
   2.1441048034934494E-02  6.2678311499272193E-02
   2.1280931586608442E-02  6.2445414847161568E-02
   2.1237263464337700E-02  6.2110625909752547E-02
   2.1411935953420669E-02  6.1703056768558945E-02
   2.1484716157205239E-02  6.1295487627365357E-02
   2.1470160116448325E-02  6.1062590975254731E-02
   2.1397379912663755E-02  6.0553129548762734E-02
   2.1120815138282387E-02  6.0262008733624445E-02
   2.1266375545851528E-02  5.9956331877729252E-02
   2.1572052401746724E-02  5.9563318777292568E-02
   2.1790393013100436E-02  5.9155749636098980E-02
   2.2096069868995632E-02  5.8704512372634646E-02
   2.2561863173216883E-02  5.8107714701601164E-02
   2.2809315866084423E-02  5.7540029112081510E-02
   2.3275109170305674E-02  5.7045123726346431E-02
   2.3813682678311500E-02  5.6885007278020372E-02
   2.4163027656477438E-02  5.6783114992721977E-02
   2.4410480349344978E-02  5.6521106259097523E-02
   2.4570596797671030E-02  5.6259097525473069E-02
   2.4978165938864628E-02  5.5851528384279467E-02
   2.5327510917030567E-02  5.5502183406113528E-02
   2.5618631732168849E-02  5.5094614264919940E-02
   2.5938864628820960E-02  5.4687045123726345E-02
   2.6186317321688499E-02  5.4323144104803496E-02
   2.6259097525473070E-02  5.3886462882096066E-02
   2.6375545851528383E-02  5.3551673944687045E-02
   2.6550218340611352E-02  5.3071324599708876E-02
   2.7452692867540030E-02  5.2241630276564768E-02
   2.8020378457059680E-02  5.2066957787481799E-02
   2.8369723435225615E-02  5.1804949053857352E-02
   2.8675400291120815E-02  5.1557496360989809E-02
   2.8558951965065499E-02  5.1295487627365355E-02
   2.8442503639010186E-02  5.0989810771470162E-02
   2.8165938864628821E-02  5.0713245997088791E-02
   2.7845705967976711E-02  5.0131004366812226E-02
   2.7612809315866082E-02  4.9636098981077147E-02
   2.7292576419213972E-02  4.9068413391557493E-02
   2.6812227074235809E-02  4.8689956331877726E-02
   2.6375545851528383E-02  4.8398835516739444E-02
   2.6055312954876272E-02  4.8165938864628818E-02
   2.5720524017467248E-02  4.7933042212518193E-02
   2.5021834061135367E-02  4.7845705967976708E-02
   2.4395924308588064E-02  4.7729257641921395E-02
   2.3871906841339156E-02  4.7685589519650649E-02
   2.3056768558951966E-02  4.7874818049490536E-02
   2.2532751091703055E-02  4.8049490538573505E-02
   2.2168850072780206E-02  4.8296943231441049E-02
   2.1921397379912663E-02  4.8515283842794764E-02
   2.1819505094614267E-02  4.8820960698689957E-02
   2.1688500727802037E-02  4.9388646288209603E-02
   2.1542940320232896E-02  5.0029112081513824E-02
   2.1557496360989806E-02  5.0480349344978165E-02
   2.1586608442503638E-02  5.0786026200873358E-02
   2.1149927219796215E-02  5.0727802037845701E-02
   2.0582241630276561E-02  5.0596797671033478E-02
   2.0247452692867540E-02  5.0363901018922852E-02
   1.9767103347889375E-02  4.9912663755458511E-02
   1.9228529839883549E-02  4.9577874818049490E-02
   1.8835516739446872E-02  4.9141193595342060E-02
   1.8675400291120813E-02  4.8602620087336242E-02
   1.8427947598253273E-02  4.7991266375545849E-02
   1.8107714701601163E-02  4.7627365356623000E-02
   1.7743813682678310E-02  4.7176128093158659E-02
   1.7656477438136826E-02  4.6739446870451236E-02
   1.7569141193595341E-02  4.6535662299854438E-02
   1.7438136826783114E-02  4.6521106259097528E-02
   1.7292576419213973E-02  4.6579330422125184E-02
   1.6870451237263464E-02  4.6142649199417754E-02
   1.6681222707423577E-02  4.5924308588064039E-02
   1.6288209606986900E-02  4.5851528384279472E-02
   1.5283842794759825E-02  4.5443959243085877E-02
   1.4745269286754001E-02  4.5138282387190684E-02
   1.4381368267831150E-02  4.4759825327510917E-02
   1.4075691411935952E-02  4.4323144104803487E-02
   1.3522561863173218E-02  4.3551673944687043E-02
   1.2794759825327510E-02  4.2867540029112076E-02
   1.2634643377001455E-02  4.2227074235807856E-02
   1.2620087336244541E-02  4.1746724890829694E-02
   1.2299854439592429E-02  4.1848617176128089E-02
   1.2081513828238718E-02  4.1994177583697230E-02
   1.1528384279475983E-02  4.2023289665211058E-02
   1.1033478893740902E-02  4.2183406113537117E-02
   1.0596797671033479E-02  4.2445414847161571E-02
   1.0349344978165939E-02  4.2809315866084420E-02
   1.0407569141193595E-02  4.3347889374090245E-02
   1.0305676855895195E-02  4.3886462882096071E-02
   1.0116448326055311E-02  4.4163027656477435E-02
   9.7962154294032027E-03  4.4454148471615718E-02
   9.5050946142649206E-03  4.4497816593886463E-02
   9.0829694323144097E-03  4.4264919941775831E-02
   8.5589519650655019E-03  4.4002911208151384E-02
   7.9184861717612812E-03  4.3653566229985445E-02
   7.5836972343522558E-03  4.3129548762736537E-02
   6.9577874818049484E-03  4.2576419213973794E-02
   6.8995633187772919E-03  4.2052401746724893E-02
   6.9723435225618625E-03  4.1484716157205240E-02
   7.0160116448326048E-03  4.0596797671033483E-02
   7.1179039301310035E-03  3.9825327510917025E-02
   7.1033478893740894E-03  3.9053857350800580E-02
   6.8704512372634637E-03  3.8748180494905381E-02
   6.2590975254730712E-03  3.8238719068413383E-02
   5.7641921397379916E-03  3.7714701601164483E-02
   5.5312954876273650E-03  3.7103347889374090E-02
   5.5167394468704509E-03  3.6433770014556041E-02
   5.3711790393013098E-03  3.5735080058224164E-02
   5.1673944687045115E-03  3.5327510917030569E-02
   5.0363901018922845E-03  3.5123726346433765E-02
   4.6433770014556036E-03  3.4963609898107713E-02
   4.2649199417758368E-03  3.4919941775836974E-02
   3.9155749636098983E-03  3.4788937409024744E-02
   3.1732168850072779E-03  3.4614264919941774E-02
   2.6200873362445414E-03  3.4497816593886461E-02
   2.3580786026200875E-03  3.4556040756914118E-02
   2.5036390101892281E-03  3.4832605531295482E-02
   2.2270742358078601E-03  3.4890829694323146E-02
   1.7758369723435224E-03  3.5240174672489077E-02
   1.6011644832605531E-03  3.5429403202328964E-02
   1.3828238719068413E-03  3.5705967976710329E-02
   1.2372634643377002E-03  3.5938864628820955E-02
   1.0043668122270743E-03  3.5997088791848611E-02
   4.2212518195050948E-04  3.5720524017467253E-02
  -4.5123726346433770E-04  3.5123726346433765E-02
  -1.6885007278020379E-03  3.4570596797671035E-02
  -2.2852983988355165E-03  3.4061135371179038E-02
  -2.5181950509461423E-03  3.3682678311499271E-02
  -2.7074235807860261E-03  3.3216885007278020E-02
  -3.1441048034934497E-03  3.2663755458515277E-02
  -3.4061135371179041E-03  3.2299854439592428E-02
  -3.5662299854439588E-03  3.1775836972343520E-02
  -3.7845705967976709E-03  3.1120815138282385E-02
  -3.7117903930131003E-03  3.0524017467248907E-02
  -3.6972343522561862E-03  3.0247452692867535E-02
  -3.8719068413391559E-03  2.9781659388646284E-02
  -3.9010189228529842E-03  2.9112081513828238E-02
  -3.8427947598253277E-03  2.8296943231441045E-02
  -3.5662299854439588E-03  2.7627365356622999E-02
  -3.3333333333333331E-03  2.7117903930131002E-02
  -3.0422125181950505E-03  2.6521106259097524E-02
  -2.8238719068413389E-03  2.6288209606986898E-02
  -2.1834061135371178E-03  2.5997088791848616E-02
  -1.6157205240174672E-03  2.5735080058224162E-02
  -1.0334788937409023E-03  2.5502183406113536E-02
  -4.9490538573508007E-04  2.5473071324599708E-02
  -5.8224163027656476E-05  2.5414847161572052E-02
   1.4556040756914119E-05  2.5123726346433770E-02
   7.2780203784570589E-05  2.4657933042212518E-02
   2.3289665211062590E-04  2.4075691411935950E-02
   4.6579330422125181E-04  2.3580786026200874E-02
   7.8602620087336243E-04  2.3289665211062592E-02
   1.0189228529839884E-03  2.2969432314410478E-02
   1.3828238719068413E-03  2.2576419213973801E-02
   1.8486171761280931E-03  2.2474526928675399E-02
   2.2561863173216883E-03  2.2459970887918488E-02
   2.8675400291120817E-03  2.2532751091703055E-02
   3.4788937409024742E-03  2.2634643377001457E-02
   3.3915574963609900E-03  2.2256186317321687E-02
   3.2168850072780203E-03  2.1935953420669580E-02
   2.9985443959243082E-03  2.1630276564774380E-02
   2.1834061135371178E-03  2.1310043668122270E-02
   1.5138282387190682E-03  2.1106259097525473E-02
   1.3100436681222707E-03  2.0989810771470160E-02
   1.1208151382823871E-03  2.0567685589519651E-02
   8.2969432314410475E-04  2.0160116448326056E-02
   5.2401746724890829E-04  1.9548762736535660E-02
   1.4556040756914118E-04  1.8922852983988356E-02
  -1.7467248908296942E-04  1.8588064046579332E-02
  -4.8034934497816597E-04  1.8369723435225617E-02
  -1.1208151382823871E-03  1.8355167394468706E-02
  -1.6011644832605531E-03  1.8340611353711789E-02
  -1.9941775836972344E-03  1.8064046579330424E-02
  -2.2125181950509460E-03  1.7540029112081513E-02
  -1.9796215429403203E-03  1.7132459970887918E-02
  -1.9796215429403203E-03  1.6666666666666666E-02
  -1.9796215429403203E-03  1.6229985443959243E-02
  -2.1834061135371178E-03  1.5691411935953421E-02
  -2.3726346433770016E-03  1.5283842794759825E-02
  -2.5181950509461423E-03  1.4657933042212516E-02
  -2.4017467248908298E-03  1.4221251819505093E-02
  -2.4454148471615722E-03  1.3959243085880639E-02
  -2.5036390101892281E-03  1.3202328966521105E-02
  -2.5181950509461423E-03  1.2459970887918486E-02
  -2.4163027656477439E-03  1.1717612809315867E-02
  -2.4599708879184863E-03  1.1091703056768558E-02
  -2.1542940320232896E-03  1.0436681222707423E-02
  -1.8777292576419213E-03  1.0407569141193595E-02
  -1.5283842794759823E-03  1.0101892285298397E-02
  -1.2809315866084423E-03  9.9708879184861720E-03
  -1.2372634643377002E-03  9.7962154294032027E-03
  -1.0771470160116448E-03  9.1411935953420662E-03
  -8.1513828238719064E-04  8.6754002911208147E-03
  -7.7147016011644832E-04  8.4716157205240172E-03
  -5.0946142649199418E-04  7.9039301310043671E-03
  -5.2401746724890829E-04  7.7583697234352260E-03
  -6.5502183406113536E-04  7.4526928675400289E-03
  -5.5312954876273650E-04  7.0305676855895189E-03
  -2.1834061135371177E-04  6.6084425036390098E-03
  -7.2780203784570589E-05  6.2008733624454148E-03
  -1.6011644832605529E-04  5.7496360989810775E-03
  -1.6011644832605529E-04  5.0072780203784563E-03
   7.2780203784570589E-05  4.5705967976710331E-03
   3.9301310043668122E-04  4.1484716157205231E-03
   5.3857350800582239E-04  3.8136826783114991E-03
   6.5502183406113536E-04  3.2605531295487626E-03
   9.6069868995633193E-04  2.6928675400291120E-03
   8.7336244541484707E-04  2.1542940320232896E-03
   9.7525473071324604E-04  1.6593886462882095E-03
   9.6069868995633193E-04  9.7525473071324604E-04
   8.0058224163027654E-04  2.1834061135371177E-04
   7.5691411935953411E-04 -5.6768558951965061E-04
   4.0756914119359532E-04 -1.0625909752547307E-03
  -2.9112081513828238E-05 -1.4847161572052400E-03
  -1.4556040756914118E-04 -2.0378457059679767E-03
  -2.1834061135371177E-04 -2.5327510917030564E-03
  -3.3478893740902473E-04 -3.0131004366812223E-03
  -2.7656477438136825E-04 -3.6390101892285298E-03
  -1.1644832605531295E-04 -4.1339155749636090E-03
   2.4745269286754004E-04 -4.8034934497816597E-03
   4.3668122270742354E-04 -5.0800582241630268E-03
   4.8034934497816597E-04 -5.2256186317321688E-03
   4.0756914119359532E-04 -5.6186317321688497E-03
  -3.9301310043668122E-04 -6.8267831149927214E-03
  -8.1513828238719064E-04 -7.7438136826783119E-03
  -1.0480349344978166E-03 -8.1804949053857351E-03
  -1.2663755458515282E-03 -8.7627365356622994E-03
  -1.3100436681222707E-03 -9.4759825327510924E-03
  -1.3828238719068413E-03 -9.9417758369723438E-03
  -1.4410480349344979E-03 -1.0378457059679767E-02
  -1.1790393013100438E-03 -1.0902474526928675E-02
  -1.1644832605531294E-03 -1.1164483260553129E-02
  -1.0043668122270743E-03 -1.1688500727802038E-02
  -7.1324599708879190E-04 -1.2576419213973799E-02
  -6.4046579330422114E-04 -1.3609898107714702E-02
  -3.9301310043668122E-04 -1.4148471615720522E-02
  -1.7467248908296942E-04 -1.4585152838427947E-02
   1.8922852983988353E-04 -1.4657933042212516E-02
   4.8034934497816597E-04 -1.4919941775836970E-02
   6.8413391557496357E-04 -1.5181950509461424E-02
   1.1353711790393012E-03 -1.5589519650655021E-02
   1.3537117903930130E-03 -1.5953420669577875E-02
   1.7467248908296941E-03 -1.6433770014556041E-02
   2.1397379912663755E-03 -1.6564774381368264E-02
   2.5181950509461423E-03 -1.6477438136826783E-02
   2.7365356622998543E-03 -1.6346433770014556E-02
   3.0422125181950505E-03 -1.6346433770014556E-02
   3.1732168850072779E-03 -1.6375545851528384E-02
   3.4788937409024742E-03 -1.6681222707423577E-02
   3.9446870451237265E-03 -1.7088791848617176E-02
   4.4250363901018920E-03 -1.7176128093158660E-02
   4.9490538573508007E-03 -1.7379912663755458E-02
   5.4730713245997086E-03 -1.7656477438136826E-02
   6.2882096069868994E-03 -1.7787481804949053E-02
   6.8704512372634637E-03 -1.8267831149927218E-02
   7.5400291120815135E-03 -1.8544395924308586E-02
   8.0058224163027658E-03 -1.8631732168850071E-02
   8.3114992721979603E-03 -1.8762736535662298E-02
   8.3988355167394467E-03 -1.8937409024745267E-02
   8.3842794759825326E-03 -1.9243085880640467E-02
   8.6317321688500724E-03 -1.9650655021834062E-02
   8.9810771470160110E-03 -2.0014556040756915E-02
   9.4032023289665218E-03 -2.0160116448326056E-02
   1.0058224163027655E-02 -2.0393013100436681E-02
   1.0451237263464338E-02 -2.0538573508005822E-02
   1.0625909752547307E-02 -2.0873362445414847E-02
   1.0393013100436681E-02 -2.1179039301310043E-02
   1.0000000000000000E-02 -2.1601164483260552E-02
   9.5633187772925770E-03 -2.1994177583697237E-02
   8.9810771470160110E-03 -2.2328966521106258E-02
   8.2823871906841321E-03 -2.2532751091703055E-02
   7.7874818049490542E-03 -2.2867540029112080E-02
   7.3799126637554583E-03 -2.3144104803493448E-02
   7.0596797671033471E-03 -2.3260553129548760E-02
   6.6957787481804953E-03 -2.3202328966521104E-02
   6.2736535662299853E-03 -2.3158660844250362E-02
   5.7496360989810775E-03 -2.3260553129548760E-02
   5.4439592430858804E-03 -2.3478893740902472E-02
   4.9636098981077148E-03 -2.3566229985443957E-02
   4.5705967976710331E-03 -2.3770014556040758E-02
   4.1193595342066949E-03 -2.3973799126637555E-02
   3.6681222707423580E-03 -2.4410480349344978E-02
   3.3333333333333331E-03 -2.4832605531295487E-02
   3.0422125181950505E-03 -2.5298398835516739E-02
   2.8238719068413389E-03 -2.5589519650655021E-02
   2.6346433770014555E-03 -2.5705967976710334E-02
   2.3144104803493448E-03 -2.6011644832605530E-02
   1.7467248908296941E-03 -2.6302765647743812E-02
   1.5720524017467249E-03 -2.6652110625909751E-02
   1.4992721979621541E-03 -2.7219796215429404E-02
   1.5574963609898108E-03 -2.7845705967976711E-02
   1.8340611353711790E-03 -2.8326055312954873E-02
   2.1979621542940319E-03 -2.8471615720524014E-02
   2.5764192139737987E-03 -2.8850072780203784E-02
   2.9694323144104800E-03 -2.9039301310043668E-02
   3.5225618631732165E-03 -2.9068413391557493E-02
   3.9883551673944688E-03 -2.9126637554585149E-02
   3.9737991266375547E-03 -2.9505094614264919E-02
   3.8719068413391559E-03 -2.9883551673944686E-02
   4.0756914119359534E-03 -3.0305676855895192E-02
   4.5851528384279472E-03 -3.0713245997088790E-02
   4.6724890829694318E-03 -3.1077147016011639E-02
   4.9927219796215431E-03 -3.1077147016011639E-02
   5.4294032023289663E-03 -3.0698689956331876E-02
   5.9243085880640459E-03 -3.0276564774381367E-02
   6.4337700145560405E-03 -2.9854439592430861E-02
   6.5938864628820957E-03 -2.9999999999999999E-02
   6.9723435225618625E-03 -3.0145560407569143E-02
   7.4526928675400289E-03 -3.0174672489082968E-02
   7.9184861717612812E-03 -2.9810771470160115E-02
   8.0349344978165940E-03 -2.9315866084425032E-02
   8.1222707423580787E-03 -2.8951965065502180E-02
   8.2678311499272180E-03 -2.8558951965065499E-02
   8.4425036390101890E-03 -2.8471615720524014E-02
   8.9665211062590969E-03 -2.8326055312954873E-02
   9.3886462882096077E-03 -2.8136826783114993E-02
   9.9126637554585156E-03 -2.8195050946142650E-02
   1.0451237263464338E-02 -2.8224163027656478E-02
   1.1266375545851528E-02 -2.8064046579330419E-02
   1.2168850072780202E-02 -2.7772925764192137E-02
   1.2620087336244541E-02 -2.7525473071324597E-02
   1.3114992721979621E-02 -2.7132459970887916E-02
   1.3406113537117905E-02 -2.6855895196506548E-02
   1.3886462882096069E-02 -2.6491994177583692E-02
   1.4294032023289665E-02 -2.6171761280931585E-02
   1.4934497816593886E-02 -2.5764192139737990E-02
   1.5240174672489080E-02 -2.5720524017467248E-02
   1.5560407569141193E-02 -2.6011644832605530E-02
   1.5676855895196504E-02 -2.6229985443959242E-02
   1.5822416302765648E-02 -2.6695778748180497E-02
   1.6113537117903930E-02 -2.7263464337700143E-02
   1.6360989810771470E-02 -2.7510917030567687E-02
   1.6783114992721979E-02 -2.7540029112081511E-02
   1.7307132459970887E-02 -2.7656477438136824E-02
   1.8049490538573507E-02 -2.7685589519650656E-02
   1.8777292576419215E-02 -2.7641921397379914E-02
   1.9199417758369721E-02 -2.7452692867540030E-02
   2.0072780203784571E-02 -2.7147016011644830E-02
   2.0625909752547307E-02 -2.6914119359534205E-02
   2.1455604075691411E-02 -2.6564774381368266E-02
   2.1790393013100436E-02 -2.6302765647743812E-02
   2.2401746724890832E-02 -2.5851528384279475E-02
   2.2969432314410478E-02 -2.5400291120815138E-02
   2.3842794759825325E-02 -2.4497816593886463E-02
   2.4221251819505095E-02 -2.4046579330422126E-02
   2.4774381368267831E-02 -2.3973799126637555E-02
   2.5371179039301306E-02 -2.3828238719068414E-02
   2.5938864628820960E-02 -2.3653566229985441E-02
   2.6215429403202331E-02 -2.3347889374090249E-02
   2.6404657933042211E-02 -2.2751091703056767E-02
   2.6535662299854438E-02 -2.2183406113537116E-02
   2.6550218340611352E-02 -2.1659388646288209E-02
   2.6608442503639008E-02 -2.1819505094614267E-02
   2.6972343522561861E-02 -2.2285298398835519E-02
   2.7656477438136824E-02 -2.2678311499272196E-02
   2.8064046579330419E-02 -2.3085880640465791E-02
   2.8457059679767104E-02 -2.3842794759825325E-02
   2.8762736535662300E-02 -2.4221251819505095E-02
   2.9112081513828238E-02 -2.4890829694323144E-02
   2.8995633187772926E-02 -2.5749636098981080E-02
   2.9053857350800582E-02 -2.6564774381368266E-02
   2.9577874818049490E-02 -2.7278020378457061E-02
   2.9432314410480345E-02 -2.7743813682678312E-02
   2.9505094614264919E-02 -2.7947598253275106E-02
   3.0174672489082968E-02 -2.8107714701601165E-02
   3.0844250363901014E-02 -2.8369723435225615E-02
   3.0742358078602622E-02 -2.8820960698689956E-02
   3.0786026200873364E-02 -2.9432314410480345E-02
   3.1004366812227072E-02 -2.9665211062590971E-02
   3.1397379912663753E-02 -2.9854439592430861E-02
   3.1965065502183407E-02 -3.0378457059679769E-02
   3.2532751091703054E-02 -3.0655021834061134E-02
   3.3158660844250364E-02 -3.1018922852983990E-02
   3.3711790393013100E-02 -3.1426491994177581E-02
   3.4192139737991269E-02 -3.1906841339155750E-02
   3.4716157205240170E-02 -3.2343522561863174E-02
   3.5342066957787480E-02 -3.2605531295487628E-02
   3.5749636098981075E-02 -3.2867540029112081E-02
   3.6244541484716161E-02 -3.3333333333333333E-02
   3.6666666666666667E-02 -3.3871906841339151E-02
   3.7219796215429403E-02 -3.4468704512372633E-02
   3.8034934497816593E-02 -3.4963609898107713E-02
   3.8529839883551673E-02 -3.5443959243085882E-02
   3.9112081513828244E-02 -3.5924308588064044E-02
   4.0145560407569142E-02 -3.6390101892285295E-02
   4.0858806404657930E-02 -3.6885007278020375E-02
   4.1542940320232896E-02 -3.7350800582241626E-02
   4.2096069868995632E-02 -3.7743813682678311E-02
   4.2590975254730712E-02 -3.8165938864628816E-02
   4.3129548762736537E-02 -3.8253275109170308E-02
   4.3726346433770012E-02 -3.8486171761280934E-02
   4.3930131004366810E-02 -3.8704512372634642E-02
   4.4526928675400292E-02 -3.9184861717612811E-02
   4.5225618631732169E-02 -3.9417758369723437E-02
   4.5997088791848620E-02 -3.9563318777292578E-02
   4.6535662299854438E-02 -3.9941775836972337E-02
   4.6812227074235810E-02 -4.0247452692867537E-02
   4.7161572052401748E-02 -4.0393013100436678E-02
   4.7641921397379910E-02 -4.0756914119359527E-02
   4.7976710334788931E-02 -4.1048034934497810E-02
   4.8471615720524018E-02 -4.1295487627365353E-02
   4.8806404657933039E-02 -4.1426491994177583E-02
   4.9621542940320229E-02 -4.1688500727802037E-02
   5.0305676855895196E-02 -4.1761280931586604E-02
   5.1266375545851527E-02 -4.1906841339155745E-02
   5.1746724890829696E-02 -4.2023289665211058E-02
   5.2081513828238717E-02 -4.2416302765647743E-02
   5.2489082969432312E-02 -4.2503639010189227E-02
   5.2998544395924309E-02 -4.2634643377001458E-02
   5.3580786026200873E-02 -4.2954876273653568E-02
   5.4061135371179035E-02 -4.3114992721979613E-02
   5.4716157205240173E-02 -4.3391557496360984E-02
   5.5298398835516738E-02 -4.3333333333333328E-02
   5.5997088791848615E-02 -4.3478893740902476E-02
   5.6550218340611351E-02 -4.3711790393013102E-02
   5.7030567685589520E-02 -4.3799126637554579E-02
   5.7569141193595338E-02 -4.3944687045123727E-02
   5.8034934497816590E-02 -4.4294032023289666E-02
   5.8457059679767102E-02 -4.4366812227074233E-02
   5.9068413391557488E-02 -4.4570596797671030E-02
   5.9941775836972348E-02 -4.4803493449781656E-02
   6.0465793304221249E-02 -4.4949053857350797E-02
   6.1106259097525477E-02 -4.4905385735080058E-02
   6.2110625909752547E-02 -4.5152838427947595E-02
   6.2678311499272193E-02 -4.5269286754002908E-02
   6.3042212518195057E-02 -4.5312954876273653E-02
   6.3566229985443951E-02 -4.5633187772925757E-02
   6.3799126637554576E-02 -4.5866084425036382E-02
   6.4192139737991261E-02 -4.6084425036390098E-02
   6.4556040756914110E-02 -4.6142649199417754E-02
   6.4687045123726347E-02 -4.6360989810771469E-02
   6.5007278020378451E-02 -4.6462882096069871E-02
   6.5312954876273657E-02 -4.6506550218340610E-02
   6.5662299854439596E-02 -4.6855895196506549E-02
   6.5967976710334789E-02 -4.7117903930131003E-02
   6.6331877729257652E-02 -4.7263464337700144E-02
   6.6768558951965054E-02 -4.7336244541484711E-02
   6.6943231441048037E-02 -4.7467248908296941E-02
   6.7248908296943230E-02 -4.7758369723435223E-02
   6.7569141193595347E-02 -4.8064046579330423E-02
   6.7802037845705973E-02 -4.8238719068413392E-02
   6.8020378457059674E-02 -4.8253275109170303E-02
   6.8311499272197956E-02 -4.8064046579330423E-02
   6.8689956331877730E-02 -4.8165938864628818E-02
   6.9403202328966518E-02 -4.8660844250363898E-02
   6.9708879184861711E-02 -4.8951965065502180E-02
   7.0014556040756917E-02 -4.9228529839883552E-02
   7.0363901018922842E-02 -4.9490538573508006E-02
   7.0800582241630272E-02 -4.9796215429403198E-02
   7.1135371179039300E-02 -4.9970887918486168E-02
   7.1557496360989820E-02 -5.0218340611353711E-02
   7.2256186317321697E-02 -5.0393013100436680E-02
   7.2809315866084412E-02 -5.0524017467248911E-02
   7.3406113537117901E-02 -5.0902474526928670E-02
   7.3799126637554585E-02 -5.1106259097525475E-02
   7.4250363901018926E-02 -5.1193595342066953E-02
   7.4759825327510909E-02 -5.1222707423580788E-02
   7.5298398835516742E-02 -5.1135371179039296E-02
   7.5633187772925756E-02 -5.0946142649199416E-02
   7.5924308588064052E-02 -5.0698689956331880E-02
   7.6186317321688499E-02 -5.0727802037845701E-02
   7.6506550218340616E-02 -5.0887918486171760E-02
   7.7147016011644823E-02 -5.1193595342066953E-02
   7.7743813682678312E-02 -5.1572052401746726E-02
   7.8107714701601161E-02 -5.1906841339155747E-02
   7.8515283842794756E-02 -5.2139737991266373E-02
   7.9359534206695781E-02 -5.2445414847161566E-02
   7.9985443959243091E-02 -5.2561863173216879E-02
   8.0844250363901013E-02 -5.2620087336244542E-02
   8.1397379912663742E-02 -5.2445414847161566E-02
   8.1732168850072784E-02 -5.2197962154294029E-02
   8.1863173216884993E-02 -5.1659388646288204E-02
   8.1950509461426485E-02 -5.1251819505094609E-02
   8.1950509461426485E-02 -5.0611353711790388E-02
   8.1892285298398843E-02 -5.0072780203784570E-02
   8.1892285298398843E-02 -4.9519650655021834E-02
   8.2358078602620094E-02 -4.8689956331877726E-02
   8.2576419213973795E-02 -4.7714701601164485E-02
   8.2692867540029108E-02 -4.6986899563318779E-02
   8.2707423580786033E-02 -4.6521106259097528E-02
   8.2721979621542929E-02 -4.6273653566229984E-02
   8.2736535662299854E-02 -4.5836972343522561E-02
   8.2707423580786033E-02 -4.5312954876273653E-02
   8.2721979621542929E-02 -4.4759825327510917E-02
   8.2823871906841331E-02 -4.4163027656477435E-02
   8.2925764192139734E-02 -4.3828238719068414E-02
   8.2998544395924301E-02 -4.3362445414847163E-02
   8.2809315866084421E-02 -4.2823871906841338E-02
   8.2838427947598242E-02 -4.2139737991266371E-02
   8.2911208151382823E-02 -4.1339155749636092E-02
   8.2925764192139734E-02 -4.0669577874818050E-02
   8.2969432314410480E-02 -4.0000000000000001E-02
   8.3027656477438136E-02 -3.9490538573508004E-02
   8.3187772925764181E-02 -3.9199417758369721E-02
   8.3449781659388642E-02 -3.8588064046579329E-02
   8.3609898107714700E-02 -3.7889374090247445E-02
   8.4017467248908295E-02 -3.7278020378457059E-02
   8.4264919941775832E-02 -3.6622998544395921E-02
   8.4497816593886457E-02 -3.5924308588064044E-02
   8.4992721979621544E-02 -3.5938864628820955E-02
   8.5545851528384273E-02 -3.6113537117903924E-02
   8.6229985443959239E-02 -3.6244541484716161E-02
   8.6229985443959239E-02 -3.6579330422125182E-02
   8.6244541484716150E-02 -3.7103347889374090E-02
   8.6506550218340597E-02 -3.7787481804949057E-02
   8.6491994177583700E-02 -3.8340611353711786E-02
   8.6419213973799133E-02 -3.9112081513828244E-02
   8.6331877729257642E-02 -3.9912663755458516E-02
   8.6273653566229971E-02 -4.0669577874818050E-02
   8.6229985443959239E-02 -4.1237263464337703E-02
   8.6215429403202329E-02 -4.2139737991266371E-02
   8.5997088791848614E-02 -4.3129548762736537E-02
   8.5836972343522555E-02 -4.3973799126637549E-02
   8.5560407569141197E-02 -4.4599708879184859E-02
   8.5385735080058214E-02 -4.4963609898107715E-02
   8.5138282387190678E-02 -4.5589519650655025E-02
   8.5050946142649200E-02 -4.6346433770014558E-02
   8.5196506550218334E-02 -4.7132459970887913E-02
   8.5342066957787469E-02 -4.7802037845705962E-02
   8.5487627365356617E-02 -4.7569141193595336E-02
   8.5836972343522555E-02 -4.7394468704512374E-02
   8.6273653566229971E-02 -4.7292576419213972E-02
   8.6841339155749639E-02 -4.7016011644832600E-02
   8.7248908296943220E-02 -4.6797671033478892E-02
   8.7671033478893740E-02 -4.6375545851528380E-02
   8.7860262008733619E-02 -4.5836972343522561E-02
   8.8267831149927214E-02 -4.4890829694323141E-02
   8.8573508005822407E-02 -4.3973799126637549E-02
   8.8719068413391555E-02 -4.3158660844250359E-02
   8.8806404657933033E-02 -4.2620087336244540E-02
   8.8966521106259092E-02 -4.2023289665211058E-02
   8.9286754002911209E-02 -4.1717612809315865E-02
   8.9155749636098972E-02 -4.2066957787481804E-02
   8.9097525473071329E-02 -4.2547307132459973E-02
   8.9068413391557494E-02 -4.3042212518195046E-02
   8.9170305676855896E-02 -4.3711790393013102E-02
   8.9155749636098972E-02 -4.4366812227074233E-02
   8.9039301310043659E-02 -4.4992721979621543E-02
   8.8806404657933033E-02 -4.5487627365356623E-02
   8.8719068413391555E-02 -4.6098981077147008E-02
   8.8719068413391555E-02 -4.7059679767103346E-02
   8.8777292576419212E-02 -4.7787481804949052E-02
   8.8791848617176122E-02 -4.8951965065502180E-02
   8.8748180494905390E-02 -4.9679767103347885E-02
   8.8864628820960703E-02 -5.0276564774381367E-02
   8.9053857350800583E-02 -5.0684133915574962E-02
   8.9228529839883552E-02 -5.0975254730713238E-02
   8.9374090247452687E-02 -5.1542940320232891E-02
   8.9985443959243086E-02 -5.2052401746724888E-02
   9.0145560407569131E-02 -5.2649199417758370E-02
   9.0349344978165935E-02 -5.3144104803493443E-02
   9.0524017467248905E-02 -5.3493449781659382E-02
   9.0800582241630262E-02 -5.3755458515283842E-02
   9.1251819505094617E-02 -5.4032023289665207E-02
   9.1804949053857346E-02 -5.4497816593886458E-02
   9.2372634643377000E-02 -5.4832605531295486E-02
   9.3289665211062578E-02 -5.5167394468704507E-02
   9.3828238719068410E-02 -5.5414847161572051E-02
   9.4410480349344975E-02 -5.5633187772925766E-02
   9.4468704512372631E-02 -5.5400291120815140E-02
   9.4556040756914123E-02 -5.4818049490538569E-02
   9.4410480349344975E-02 -5.3973799126637557E-02
   9.4192139737991259E-02 -5.2838427947598250E-02
   9.4308588064046572E-02 -5.2052401746724888E-02
   9.4337700145560408E-02 -5.1513828238719070E-02
   9.4337700145560408E-02 -5.0858806404657925E-02
   9.4410480349344975E-02 -5.0320232896652106E-02
   9.4614264919941765E-02 -4.9505094614264916E-02
   9.4541484716157198E-02 -4.9024745269286747E-02
   9.4643377001455600E-02 -4.8238719068413392E-02
   9.4818049490538570E-02 -4.7379912663755457E-02
   9.4847161572052405E-02 -4.6462882096069871E-02
   9.5065502183406106E-02 -4.5822416302765651E-02
   9.5371179039301299E-02 -4.5094614264919938E-02
   9.5705967976710327E-02 -4.4221251819505092E-02
   9.5967976710334787E-02 -4.3464337700145558E-02
   9.6448326055312950E-02 -4.2649199417758368E-02
   9.6681222707423575E-02 -4.1848617176128089E-02
   9.6783114992721977E-02 -4.0989810771470153E-02
   9.6928675400291112E-02 -4.0407569141193589E-02
   9.7132459970887916E-02 -3.9374090247452691E-02
   9.7205240174672483E-02 -3.8981077147016006E-02
   9.7379912663755452E-02 -3.8238719068413383E-02
   0.1008005822416303     -3.8369723435225621E-02
   0.1054585152838428     -3.9315866084425034E-02
   0.1090538573508006     -3.9941775836972337E-02
   0.1091411935953421     -4.0291120815138276E-02
   0.1091557496360990     -4.0756914119359527E-02
   0.1091557496360990     -4.0989810771470153E-02
   0.1092285298398835     -4.1266375545851525E-02
   0.1093304221251819     -4.1673944687045120E-02
   0.1093449781659389     -4.1994177583697230E-02
   0.1098253275109170     -4.2328966521106258E-02
   0.1101455604075691     -4.2663755458515286E-02
   0.1102911208151383     -4.2940320232896650E-02
   0.1105967976710335     -4.3173216885007276E-02
   0.1108879184861718     -4.3449781659388641E-02
   0.1111208151382824     -4.3668122270742356E-02
   0.1113828238719068     -4.3857350800582236E-02
   0.1116885007278020     -4.3857350800582236E-02
   0.1118631732168850     -4.3624454148471610E-02
   0.1119359534206696     -4.3478893740902476E-02
   0.1119796215429403     -4.3304221251819507E-02
   0.1119796215429403     -4.2998544395924300E-02
   0.1118049490538573     -4.2780203784570599E-02
   0.1116302765647744     -4.2518195050946145E-02
   0.1114847161572052     -4.2197962154294028E-02
   0.1113537117903930     -4.1950509461426491E-02
   0.1112227074235808     -4.1572052401746724E-02
   0.1114410480349345     -4.1746724890829694E-02
   0.1118340611353712     -4.2066957787481804E-02
   0.1121397379912664     -4.2314410480349340E-02
   0.1123289665211062     -4.2707423580786025E-02
   0.1124599708879185     -4.3085880640465792E-02
   0.1126055312954876     -4.3333333333333328E-02
   0.1128675400291121     -4.3711790393013102E-02
   0.1131732168850073     -4.4512372634643374E-02
   0.1133187772925764     -4.5050946142649199E-02
   0.1135662299854440     -4.5836972343522561E-02
   0.1136535662299854     -4.6331877729257641E-02
   0.1137117903930131     -4.7045123726346436E-02
   0.1138136826783115     -4.7933042212518193E-02
   0.1138719068413392     -4.8515283842794764E-02
   0.1139883551673945     -4.9344978165938864E-02
   0.1140029112081514     -5.0174672489082965E-02
   0.1139446870451237     -5.0960698689956327E-02
   0.1139010189228530     -5.1353711790393011E-02
   0.1140029112081514     -5.1368267831149922E-02
   0.1144832605531295     -5.1018922852983983E-02
   0.1147889374090247     -5.0727802037845701E-02
   0.1149490538573508     -5.0524017467248911E-02
   0.1152838427947598     -5.0203784570596793E-02
   0.1151819505094614     -4.9723435225618631E-02
   0.1148762736535662     -4.9155749636098978E-02
   0.1147452692867540     -4.8748180494905390E-02
   0.1147452692867540     -4.8340611353711788E-02
   0.1150509461426492     -4.7889374090247454E-02
   0.1153129548762736     -4.7554585152838426E-02
   0.1156477438136827     -4.7234352256186315E-02
   0.1157933042212518     -4.7045123726346436E-02
   0.1160989810771470     -4.6390101892285297E-02
   0.1161717612809316     -4.5662299854439592E-02
   0.1161863173216885     -4.4963609898107715E-02
   0.1163755458515284     -4.4425036390101889E-02
   0.1164774381368268     -4.3886462882096071E-02
   0.1169723435225618     -4.3377001455604074E-02
   0.1171179039301310     -4.2794759825327509E-02
   0.1172197962154294     -4.2256186317321684E-02
   0.1173362445414847     -4.1819505094614268E-02
   0.1204803493449781     -4.1790393013100433E-02
   0.1213682678311499     -4.2489082969432317E-02
   0.1213100436681223     -4.2867540029112076E-02
   0.1212809315866085     -4.3260553129548761E-02
   0.1212518195050946     -4.3726346433770012E-02
   0.1213537117903930     -4.4090247452692861E-02
   0.1213391557496361     -4.4585152838427948E-02
   0.1212663755458515     -4.5021834061135371E-02
   0.1212518195050946     -4.5778748180494905E-02
   0.1214410480349345     -4.6259097525473067E-02
   0.1215720524017467     -4.6783114992721975E-02
   0.1217903930131004     -4.7525473071324598E-02
   0.1220087336244541     -4.8005822416302767E-02
   0.1221979621542940     -4.8282387190684131E-02
   0.1222998544395924     -4.8558951965065496E-02
   0.1224017467248908     -4.8937409024745269E-02
   0.1226200873362445     -4.9606986899563318E-02
   0.1227947598253275     -5.0232896652110622E-02
   0.1229694323144105     -5.0393013100436680E-02
   0.1231732168850073     -5.0640465793304223E-02
   0.1232168850072780     -5.1179039301310042E-02
   0.1231586608442504     -5.1775836972343517E-02
   0.1231295487627365     -5.2401746724890827E-02
   0.1231149927219796     -5.3056768558951965E-02
   0.1232314410480349     -5.3813682678311499E-02
   0.1234061135371179     -5.4075691411935946E-02
   0.1236681222707424     -5.4206695778748183E-02
   0.1236972343522562     -5.4643377001455599E-02
   0.1237700145560408     -5.5240174672489081E-02
   0.1240465793304221     -5.5720524017467243E-02
   0.1241921397379913     -5.5895196506550213E-02
   0.1243377001455604     -5.6186317321688495E-02
   0.1245269286754003     -5.6622998544395925E-02
   0.1248617176128093     -5.6870451237263461E-02
   0.1252401746724891     -5.7117903930130998E-02
   0.1253420669577875     -5.7481804949053854E-02
   0.1254439592430859     -5.7933042212518195E-02
   0.1259097525473071     -5.8850072780203787E-02
   0.1261280931586608     -5.9563318777292568E-02
   0.1264483260553129     -6.0131004366812228E-02
   0.1267103347889374     -6.0363901018922854E-02
   0.1272052401746725     -6.0669577874818047E-02
   0.1277729257641921     -6.0975254730713246E-02
   0.1282969432314411     -6.1222707423580790E-02
   0.1286171761280931     -6.1411935953420670E-02
   0.1290684133915575     -6.1397379912663752E-02
   0.1293886462882096     -6.1237263464337693E-02
   0.1297671033478894     -6.0713245997088792E-02
   0.1298398835516739     -5.9781659388646290E-02
   0.1298835516739447     -5.8893740902474526E-02
   0.1302474526928675     -5.8355167394468707E-02
   0.1304512372634643     -5.7671033478893734E-02
   0.1306841339155750     -5.7205240174672489E-02
   0.1309315866084425     -5.6885007278020372E-02
   0.1310480349344978     -5.6288209606986897E-02
   0.1310334788937409     -5.5720524017467243E-02
   0.1310043668122271     -5.4759825327510912E-02
   0.1310917030567686     -5.3435225618631732E-02
   0.1309315866084425     -5.2925764192139735E-02
   0.1309024745269287     -5.2081513828238717E-02
   0.1308588064046579     -5.1193595342066953E-02
   0.1310043668122271     -5.0655021834061134E-02
   0.1313973799126637     -5.0669577874818045E-02
   0.1316448326055313     -5.0684133915574962E-02
   0.1318486171761281     -5.0334788937409024E-02
   0.1323144104803493     -4.9767103347889370E-02
   0.1322852983988355     -4.8719068413391554E-02
   0.1323435225618632     -4.8151382823871901E-02
   0.1326055312954876     -4.7889374090247454E-02
   0.1328966521106259     -4.6899563318777288E-02
   0.1331732168850073     -4.6637554585152841E-02
   0.1334206695778748     -4.6069868995633187E-02
   0.1335953420669578     -4.5633187772925757E-02
   0.1337700145560407     -4.5050946142649199E-02
   0.1338427947598253     -4.4643377001455604E-02
   0.1336390101892285     -4.4148471615720518E-02
   0.1340611353711791     -4.4483260553129546E-02
   0.1343085880640466     -4.5036390101892282E-02
   0.1347016011644832     -4.5662299854439592E-02
   0.1348326055312955     -4.6229985443959246E-02
   0.1352401746724891     -4.7088791848617174E-02
   0.1352838427947598     -4.7714701601164485E-02
   0.1355458515283843     -4.8529839883551674E-02
   0.1358369723435226     -4.9272197962154290E-02
   0.1359679767103348     -5.0087336244541480E-02
   0.1360698689956332     -5.0509461426491986E-02
   0.1360844250363901     -5.1237263464337698E-02
   0.1361135371179039     -5.2081513828238717E-02
   0.1360698689956332     -5.2707423580786027E-02
   0.1364337700145560     -5.3639010189228530E-02
   0.1364774381368268     -5.4366812227074235E-02
   0.1365356622998544     -5.5007278020378456E-02
   0.1365938864628821     -5.5589519650655020E-02
   0.1367394468704512     -5.5997088791848615E-02
   0.1371179039301310     -5.6491994177583701E-02
   0.1374235807860262     -5.6899563318777290E-02
   0.1378748180494905     -5.7481804949053854E-02
   0.1381950509461427     -5.7743813682678308E-02
   0.1381659388646288     -5.8165938864628820E-02
   0.1376564774381368     -5.8689956331877728E-02
   0.1375109170305677     -5.9053857350800584E-02
   0.1374818049490538     -5.9330422125181942E-02
   0.1375254730713246     -5.9592430858806410E-02
   0.1378311499272198     -5.9417758369723433E-02
   0.1380931586608442     -5.9184861717612808E-02
   0.1384861717612809     -5.8748180494905378E-02
   0.1388500727802038     -5.8442503639010185E-02
   0.1389956331877729     -5.8005822416302762E-02
   0.1390975254730713     -5.7321688500727795E-02
   0.1391557496360990     -5.6622998544395925E-02
   0.1391994177583697     -5.6055312954876271E-02
   0.1391557496360990     -5.5356622998544394E-02
   0.1390393013100437     -5.4759825327510912E-02
   0.1389082969432314     -5.4104803493449781E-02
   0.1387045123726346     -5.3755458515283842E-02
   0.1387045123726346     -5.3508005822416306E-02
   0.1385007278020378     -5.2969432314410481E-02
   0.1384861717612809     -5.2387190684133916E-02
   0.1383842794759825     -5.1804949053857352E-02
   0.1383260553129549     -5.1484716157205235E-02
   0.1381368267831150     -5.1149927219796214E-02
   0.1384133915574964     -5.1135371179039296E-02
   0.1387918486171761     -5.1077147016011640E-02
   0.1393449781659389     -5.0698689956331880E-02
   0.1398253275109170     -5.0363901018922852E-02
   0.1404075691411936     -5.0029112081513824E-02
   0.1406550218340611     -4.9752547307132459E-02
   0.1410189228529840     -4.9592430858806401E-02
   0.1414701601164483     -4.9199417758369716E-02
   0.1418049490538573     -4.8660844250363898E-02
   0.1419941775836972     -4.8064046579330423E-02
   0.1420524017467249     -4.7510917030567687E-02
   0.1421106259097525     -4.7045123726346436E-02
   0.1422416302765648     -4.6535662299854438E-02
   0.1424017467248908     -4.6084425036390098E-02
   0.1424890829694323     -4.5604075691411936E-02
   0.1435371179039301     -4.4963609898107715E-02
   0.1477874818049491     -4.5487627365356623E-02
   0.1491848617176128     -4.6550218340611349E-02
   0.1492430858806405     -4.6826783114992721E-02
   0.1495342066957787     -4.7234352256186315E-02
   0.1497671033478894     -4.7452692867540024E-02
   0.1500000000000000     -4.7772925764192141E-02
   0.1502620087336244     -4.8151382823871901E-02
   0.1504512372634643     -4.8413391557496362E-02
   0.1508442503639010     -4.8981077147016015E-02
   0.1510334788937409     -4.9330422125181954E-02
   0.1512663755458515     -4.9825327510917027E-02
   0.1515283842794760     -5.0262008733624450E-02
   0.1514410480349345     -5.0684133915574962E-02
   0.1516302765647744     -5.1135371179039296E-02
   0.1518049490538574     -5.1455604075691413E-02
   0.1521106259097525     -5.1819505094614263E-02
   0.1522416302765648     -5.1921397379912665E-02
   0.1524454148471616     -5.1775836972343517E-02
   0.1526491994177584     -5.1441048034934496E-02
   0.1528384279475982     -5.0989810771470162E-02
   0.1533187772925764     -5.0363901018922852E-02
   0.1533770014556041     -4.9679767103347885E-02
   0.1534934497816594     -4.9097525473071328E-02
   0.1535953420669578     -4.8704512372634644E-02
   0.1537700145560408     -4.8165938864628818E-02
   0.1539010189228530     -4.7816593886462880E-02
   0.1539592430858806     -4.7394468704512374E-02
   0.1542503639010189     -4.6986899563318779E-02
