   8.1164483260553116E-02  6.7234352256186306E-02
   8.1135371179039295E-02  6.7379912663755454E-02
   8.1135371179039295E-02  6.7656477438136825E-02
   8.1048034934497803E-02  6.7976710334788928E-02
   8.0829694323144102E-02  6.8544395924308582E-02
   8.0931586608442505E-02  6.9184861717612803E-02
   8.0917030567685594E-02  6.9563318777292577E-02
   8.0756914119359535E-02  6.9956331877729261E-02
   8.0509461426491985E-02  7.0669577874818049E-02
   8.0494905385735074E-02  7.1062590975254719E-02
   8.0262008733624449E-02  7.1717612809315850E-02
   8.0203784570596792E-02  7.2066957787481803E-02
   8.0145560407569136E-02  7.2518195050946144E-02
   8.0014556040756912E-02  7.3100436681222708E-02
   7.9941775836972345E-02  7.3318777292576409E-02
   7.9868995633187764E-02  7.3682678311499272E-02
   7.9723435225618630E-02  7.4017467248908300E-02
   7.9636098981077139E-02  7.4352256186317314E-02
   7.9417758369723437E-02  7.4934497816593879E-02
   7.9184861717612812E-02  7.5574963609898113E-02
   7.9126637554585155E-02  7.5982532751091694E-02
   7.9024745269286753E-02  7.6273653566229990E-02
   7.8835516739446873E-02  7.6579330422125183E-02
   7.8748180494905382E-02  7.6739446870451242E-02
   7.8544395924308577E-02  7.7016011644832613E-02
   7.8282387190684130E-02  7.7423580786026194E-02
   7.8049490538573504E-02  7.7743813682678312E-02
   7.7525473071324597E-02  7.7933042212518192E-02
   7.6797671033478884E-02  7.8457059679767099E-02
   7.6331877729257633E-02  7.8660844250363890E-02
   7.5967976710334784E-02  7.8806404657933038E-02
   7.5400291120815130E-02  7.9184861717612812E-02
   7.4905385735080057E-02  7.9461426491994169E-02
   7.4701601164483253E-02  7.9621542940320228E-02
   7.4264919941775837E-02  7.9898107714701599E-02
   7.4133915574963613E-02  8.0043668122270734E-02
   7.3959243085880644E-02  8.0363901018922851E-02
   7.4002911208151376E-02  8.0014556040756912E-02
   7.4133915574963613E-02  7.9577874818049482E-02
   7.4294032023289658E-02  7.9053857350800574E-02
   7.4483260553129552E-02  7.8602620087336247E-02
   7.4628820960698686E-02  7.8165938864628817E-02
   7.4745269286753999E-02  7.7831149927219789E-02
   7.4730713245997088E-02  7.7540029112081507E-02
   7.4861717612809311E-02  7.7278020378457060E-02
   7.5050946142649191E-02  7.6943231441048032E-02
   7.4788937409024744E-02  7.6972343522561867E-02
   7.4585152838427940E-02  7.7147016011644823E-02
   7.4381368267831149E-02  7.7423580786026194E-02
   7.4192139737991269E-02  7.7947598253275116E-02
   7.3799126637554585E-02  7.8384279475982532E-02
   7.3609898107714705E-02  7.8660844250363890E-02
   7.3391557496360990E-02  7.8908296943231440E-02
   7.2954876273653560E-02  7.9053857350800574E-02
   7.2401746724890831E-02  7.9403202328966513E-02
   7.1790393013100445E-02  7.9694323144104795E-02
   7.1193595342066956E-02  8.0160116448326046E-02
   7.1091703056768554E-02  8.0087336244541479E-02
   7.1077147016011644E-02  7.9577874818049482E-02
   7.1091703056768554E-02  7.9024745269286753E-02
   7.1237263464337702E-02  7.8602620087336247E-02
   7.1572052401746716E-02  7.7947598253275116E-02
   7.1572052401746716E-02  7.7569141193595328E-02
   7.1251819505094599E-02  7.7278020378457060E-02
   7.1208151382823867E-02  7.7001455604075689E-02
   7.1179039301310032E-02  7.6695778748180496E-02
   7.1120815138282389E-02  7.6346433770014557E-02
   7.1091703056768554E-02  7.6069868995633186E-02
   7.1077147016011644E-02  7.5807860262008739E-02
   7.1077147016011644E-02  7.5545851528384278E-02
   7.1033478893740898E-02  7.5065502183406116E-02
   7.1208151382823867E-02  7.4250363901018926E-02
   7.1499272197962149E-02  7.3944687045123719E-02
   7.1877729257641909E-02  7.3697234352256183E-02
   7.2358078602620085E-02  7.3449781659388647E-02
   7.2445414847161577E-02  7.2911208151382828E-02
   7.2518195050946144E-02  7.2489082969432322E-02
   7.2692867540029099E-02  7.2139737991266370E-02
   7.2780203784570591E-02  7.1848617176128088E-02
   7.2998544395924306E-02  7.1280931586608448E-02
   7.3144104803493454E-02  7.0975254730713241E-02
   7.3464337700145557E-02  7.0625909752547303E-02
   7.3551673944687035E-02  7.0262008733624454E-02
   7.3682678311499272E-02  6.9781659388646292E-02
   7.3813682678311496E-02  6.9374090247452697E-02
   7.4046579330422121E-02  6.8777292576419208E-02
   7.4192139737991269E-02  6.8136826783114987E-02
   7.4410480349344971E-02  6.7467248908296931E-02
   7.4526928675400284E-02  6.6695778748180487E-02
   7.4599708879184864E-02  6.5924308588064043E-02
   7.4614264919941775E-02  6.5545851528384283E-02
   7.4585152838427940E-02  6.5007278020378451E-02
   7.4221251819505091E-02  6.4847161572052406E-02
   7.3740902474526929E-02  6.4614264919941780E-02
   7.3420669577874811E-02  6.4483260553129543E-02
   7.2503639010189219E-02  6.4133915574963604E-02
   7.1950509461426490E-02  6.3915574963609889E-02
   7.1965065502183401E-02  6.4308588064046573E-02
   7.1965065502183401E-02  6.4818049490538571E-02
   7.1906841339155744E-02  6.5312954876273657E-02
   7.1834061135371177E-02  6.5647743813682671E-02
   7.1688500727802029E-02  6.5909752547307132E-02
   7.1615720524017462E-02  6.6579330422125174E-02
   7.1615720524017462E-02  6.7147016011644828E-02
   7.1528384279475971E-02  6.7671033478893736E-02
   7.1499272197962149E-02  6.8224163027656479E-02
   7.1062590975254719E-02  6.8544395924308582E-02
   7.0742358078602616E-02  6.8762736535662297E-02
   7.0218340611353708E-02  6.9213973799126638E-02
   6.9927219796215426E-02  6.9534206695778741E-02
   6.9781659388646292E-02  6.9898107714701591E-02
   6.9650655021834054E-02  7.0422125181950512E-02
   6.9548762736535666E-02  7.0946142649199406E-02
   6.9403202328966518E-02  7.1382823871906836E-02
   6.9228529839883549E-02  7.2081513828238714E-02
   6.9024745269286744E-02  7.2547307132459965E-02
   6.8820960698689954E-02  7.2925764192139739E-02
   6.8515283842794761E-02  7.3245997088791842E-02
   6.8282387190684135E-02  7.3566229985443959E-02
   6.8005822416302764E-02  7.4090247452692867E-02
   6.7758369723435227E-02  7.4614264919941775E-02
   6.7540029112081512E-02  7.4949053857350803E-02
   6.7205240174672484E-02  7.5531295487627367E-02
   6.6899563318777291E-02  7.6069868995633186E-02
   6.6491994177583683E-02  7.6462882096069870E-02
   6.6506550218340607E-02  7.6564774381368259E-02
   6.6506550218340607E-02  7.6812227074235809E-02
   6.6477438136826786E-02  7.7263464337700136E-02
   6.6259097525473057E-02  7.7074235807860256E-02
   6.5953420669577864E-02  7.7016011644832613E-02
   6.5589519650655029E-02  7.6797671033478884E-02
   6.5007278020378451E-02  7.6550218340611362E-02
   6.4497816593886467E-02  7.6244541484716141E-02
   6.4046579330422126E-02  7.5647743813682680E-02
   6.3740902474526920E-02  7.5327510917030563E-02
   6.3435225618631727E-02  7.5021834061135370E-02
   6.2983988355167386E-02  7.4847161572052401E-02
   6.2256186317321688E-02  7.4978165938864624E-02
   6.2023289665211062E-02  7.4992721979621535E-02
   6.1586608442503632E-02  7.4890829694323133E-02
   6.1237263464337693E-02  7.4774381368267834E-02
   6.0582241630276562E-02  7.4352256186317314E-02
   6.0422125181950503E-02  7.4264919941775837E-02
   6.0029112081513819E-02  7.3871906841339152E-02
   5.9825327510917035E-02  7.3566229985443959E-02
   5.9621542940320231E-02  7.2721979621542948E-02
   5.9534206695778746E-02  7.2561863173216889E-02
   5.9184861717612808E-02  7.2532751091703054E-02
   5.8282387190684126E-02  7.2343522561863161E-02
   5.7831149927219792E-02  7.2096069868995638E-02
   5.7656477438136823E-02  7.1848617176128088E-02
   5.7278020378457056E-02  7.1528384279475971E-02
   5.7045123726346431E-02  7.1193595342066956E-02
   5.7001455604075685E-02  7.1077147016011644E-02
   5.6768558951965059E-02  7.0742358078602616E-02
   5.6346433770014553E-02  7.0480349344978155E-02
   5.6084425036390100E-02  7.0232896652110632E-02
   5.5793304221251817E-02  6.9898107714701591E-02
   5.5604075691411931E-02  6.9505094614264920E-02
   5.5443959243085879E-02  6.9243085880640459E-02
   5.5327510917030566E-02  6.9213973799126638E-02
   5.5123726346433768E-02  6.9446870451237264E-02
   5.4788937409024747E-02  6.9970887918486172E-02
   5.4526928675400287E-02  7.0436681222707423E-02
   5.4221251819505094E-02  7.0887918486171764E-02
   5.3973799126637557E-02  7.1237263464337702E-02
   5.3901018922852977E-02  7.1455604075691403E-02
   5.3697234352256186E-02  7.1513828238719074E-02
   5.3362445414847158E-02  7.1411935953420658E-02
   5.3085880640465793E-02  7.1251819505094599E-02
   5.2852983988355168E-02  7.0917030567685585E-02
   5.2678311499272192E-02  7.0480349344978155E-02
   5.2605531295487624E-02  7.0451237263464334E-02
   5.2139737991266373E-02  7.0305676855895199E-02
   5.1804949053857352E-02  7.0203784570596797E-02
   5.1411935953420668E-02  6.9898107714701591E-02
   5.1310043668122265E-02  6.9912663755458515E-02
   5.1149927219796214E-02  7.0087336244541470E-02
   5.0334788937409024E-02  7.0436681222707423E-02
   4.9679767103347885E-02  7.0218340611353708E-02
   4.9475982532751088E-02  7.0116448326055306E-02
   4.9141193595342060E-02  6.9796215429403202E-02
   4.8733624454148465E-02  6.9403202328966518E-02
   4.8704512372634644E-02  6.8893740902474521E-02
   4.8719068413391554E-02  6.8326055312954867E-02
   4.8864628820960702E-02  6.7656477438136825E-02
   4.9097525473071328E-02  6.6943231441048037E-02
   4.9286754002911208E-02  6.6433770014556040E-02
   4.9228529839883552E-02  6.5851528384279476E-02
   4.9068413391557493E-02  6.5400291120815135E-02
   4.8951965065502180E-02  6.4978165938864629E-02
   4.8922852983988352E-02  6.4643377001455601E-02
   4.8777292576419211E-02  6.4643377001455601E-02
   4.8311499272197959E-02  6.4643377001455601E-02
   4.7758369723435223E-02  6.4526928675400289E-02
   4.7423580786026202E-02  6.4395924308588065E-02
   4.6972343522561862E-02  6.4221251819505096E-02
   4.6724890829694318E-02  6.4017467248908291E-02
   4.6491994177583693E-02  6.3784570596797666E-02
   4.6331877729257641E-02  6.3449781659388638E-02
   4.6244541484716156E-02  6.3173216885007280E-02
   4.6200873362445410E-02  6.2692867540029118E-02
   4.6200873362445410E-02  6.2663755458515283E-02
   4.5895196506550218E-02  6.2590975254730702E-02
   4.5705967976710338E-02  6.2474526928675396E-02
   4.5429403202328966E-02  6.2343522561863172E-02
   4.5109170305676856E-02  6.2358078602620083E-02
   4.4585152838427948E-02  6.2183406113537121E-02
   4.4294032023289666E-02  6.2066957787481808E-02
   4.3842794759825325E-02  6.1601164483260556E-02
   4.3682678311499266E-02  6.1470160116448319E-02
   4.3377001455604074E-02  6.0931586608442501E-02
   4.3260553129548761E-02  6.0509461426491995E-02
   4.3114992721979613E-02  6.0189228529839878E-02
   4.2721979621542942E-02  5.9854439592430857E-02
   4.2489082969432317E-02  5.9665211062590977E-02
   4.2620087336244540E-02  5.8995633187772921E-02
   4.2721979621542942E-02  5.8413391557496357E-02
   4.2925764192139733E-02  5.7612809315866084E-02
   4.2998544395924300E-02  5.7263464337700146E-02
   4.3202328966521104E-02  5.6404657933042210E-02
   4.3333333333333328E-02  5.5676855895196505E-02
   4.3377001455604074E-02  5.5094614264919940E-02
   4.3100436681222702E-02  5.4497816593886458E-02
   4.2954876273653568E-02  5.4002911208151379E-02
   4.2940320232896650E-02  5.3522561863173217E-02
   4.2911208151382822E-02  5.3231441048034935E-02
   4.2576419213973794E-02  5.2823871906841340E-02
   4.2256186317321684E-02  5.2532751091703057E-02
   4.1673944687045120E-02  5.2430858806404655E-02
   4.1033478893740899E-02  5.2066957787481799E-02
   4.0946142649199414E-02  5.1513828238719070E-02
   4.0917030567685586E-02  5.1106259097525475E-02
   4.0829694323144108E-02  5.1135371179039296E-02
   4.0800582241630273E-02  5.1673944687045122E-02
   4.0800582241630273E-02  5.1994177583697232E-02
   4.0465793304221252E-02  5.2358078602620088E-02
   4.0116448326055314E-02  5.2678311499272192E-02
   3.9432314410480347E-02  5.3275109170305673E-02
   3.9068413391557498E-02  5.3609898107714694E-02
   3.8617176128093157E-02  5.3711790393013097E-02
   3.8238719068413383E-02  5.3770014556040753E-02
   3.7641921397379909E-02  5.3973799126637557E-02
   3.6899563318777293E-02  5.4235807860262004E-02
   3.6579330422125182E-02  5.4439592430858809E-02
   3.6259097525473072E-02  5.4919941775836971E-02
   3.6040756914119357E-02  5.5356622998544394E-02
   3.6200873362445415E-02  5.5676855895196505E-02
   3.6331877729257639E-02  5.6229985443959241E-02
   3.5749636098981075E-02  5.6390101892285299E-02
   3.5050946142649198E-02  5.7117903930130998E-02
   3.4599708879184857E-02  5.7350800582241630E-02
   3.3842794759825330E-02  5.7569141193595338E-02
   3.3173216885007274E-02  5.7540029112081510E-02
   3.2576419213973799E-02  5.7161572052401743E-02
   3.2008733624454146E-02  5.7161572052401743E-02
   3.1746724890829692E-02  5.7248908296943228E-02
   3.1179039301310042E-02  5.7671033478893734E-02
   3.0742358078602622E-02  5.8093158660844246E-02
   3.0349344978165937E-02  5.8617176128093161E-02
   3.0058224163027655E-02  5.8660844250363900E-02
   2.9519650655021833E-02  5.8660844250363900E-02
   2.9301310043668118E-02  5.8689956331877728E-02
   2.8835516739446867E-02  5.9097525473071316E-02
   2.8573508005822416E-02  5.9286754002911210E-02
   2.8078602620087337E-02  5.9868995633187774E-02
   2.7889374090247450E-02  6.0043668122270737E-02
   2.7467248908296941E-02  6.0655021834061129E-02
   2.7117903930131002E-02  6.1441048034934498E-02
   2.6710334788937407E-02  6.0669577874818047E-02
   2.6360989810771469E-02  6.0116448326055311E-02
   2.5967976710334788E-02  5.9184861717612808E-02
   2.5735080058224162E-02  5.8675400291120811E-02
   2.5385735080058223E-02  5.7962154294032023E-02
   2.5109170305676855E-02  5.7307132459970891E-02
   2.4818049490538573E-02  5.6695778748180492E-02
   2.4526928675400291E-02  5.6171761280931584E-02
   2.4381368267831150E-02  5.5604075691411931E-02
   2.4337700145560408E-02  5.5109170305676851E-02
   2.4526928675400291E-02  5.4264919941775833E-02
   2.4745269286754003E-02  5.3886462882096066E-02
   2.5138282387190680E-02  5.3377001455604069E-02
   2.5953420669577874E-02  5.2678311499272192E-02
   2.6477438136826782E-02  5.2125181950509455E-02
   2.7074235807860260E-02  5.1266375545851527E-02
   2.7117903930131002E-02  5.0902474526928670E-02
   2.6957787481804947E-02  5.0873362445414849E-02
   2.6491994177583692E-02  5.1397379912663757E-02
   2.6040756914119362E-02  5.1790393013100434E-02
   2.5866084425036392E-02  5.1804949053857352E-02
   2.5516739446870450E-02  5.1499272197962159E-02
   2.5414847161572052E-02  5.0960698689956327E-02
   2.5312954876273649E-02  5.0567685589519649E-02
   2.5225618631732168E-02  5.0232896652110622E-02
   2.4992721979621543E-02  4.9621542940320229E-02
   2.4919941775836972E-02  4.8995633187772926E-02
   2.5021834061135367E-02  4.7889374090247454E-02
   2.5225618631732168E-02  4.7321688500727800E-02
   2.5705967976710334E-02  4.6957787481804944E-02
   2.5662299854439592E-02  4.6215429403202321E-02
   2.5604075691411935E-02  4.5545851528384279E-02
   2.5735080058224162E-02  4.5269286754002908E-02
   2.5502183406113536E-02  4.5676855895196503E-02
   2.5181950509461426E-02  4.6084425036390098E-02
   2.4716157205240175E-02  4.6171761280931589E-02
   2.4061135371179040E-02  4.6433770014556036E-02
   2.3144104803493448E-02  4.6550218340611349E-02
   2.2532751091703055E-02  4.6797671033478892E-02
   2.2096069868995632E-02  4.6943231441048033E-02
   2.1615720524017463E-02  4.7088791848617174E-02
   2.1106259097525473E-02  4.7117903930131003E-02
   2.0858806404657933E-02  4.7161572052401748E-02
   2.0524017467248905E-02  4.7336244541484711E-02
   2.0218340611353712E-02  4.7656477438136828E-02
   1.9839883551673945E-02  4.8049490538573505E-02
   1.9708879184861718E-02  4.8180494905385736E-02
   1.9184861717612810E-02  4.8253275109170303E-02
   1.8442503639010187E-02  4.8267831149927214E-02
   1.7976710334788936E-02  4.8267831149927214E-02
   1.7496360989810771E-02  4.8617176128093152E-02
   1.6739446870451237E-02  4.8631732168850077E-02
   1.5836972343522562E-02  4.8486171761280929E-02
   1.5050946142649199E-02  4.7933042212518193E-02
   1.4672489082969432E-02  4.7758369723435223E-02
   1.4032023289665210E-02  4.7641921397379910E-02
   1.3260553129548762E-02  4.7409024745269285E-02
   1.3114992721979621E-02  4.7132459970887913E-02
   1.2852983988355167E-02  4.7088791848617174E-02
   1.2416302765647744E-02  4.6972343522561862E-02
   1.1965065502183405E-02  4.6797671033478892E-02
   1.1775836972343523E-02  4.7103347889374085E-02
   1.1499272197962155E-02  4.7394468704512374E-02
   1.0713245997088791E-02  4.7510917030567687E-02
   9.8689956331877732E-03  4.7729257641921395E-02
   9.7379912663755463E-03  4.8064046579330423E-02
   9.4032023289665218E-03  4.8500727802037839E-02
   8.9810771470160110E-03  4.8398835516739444E-02
   8.6754002911208147E-03  4.8209606986899557E-02
   8.3260553129548744E-03  4.7933042212518193E-02
   7.8893740902474530E-03  4.7510917030567687E-02
   7.7292576419213978E-03  4.7117903930131003E-02
   7.6128093158660841E-03  4.6375545851528380E-02
   7.7438136826783119E-03  4.5473071324599712E-02
   8.0349344978165940E-03  4.4759825327510917E-02
   8.2532751091703039E-03  4.4090247452692861E-02
   8.5735080058224160E-03  4.3537117903930132E-02
   8.3114992721979603E-03  4.3114992721979613E-02
   7.7729257641921401E-03  4.2678311499272197E-02
   7.2489082969432314E-03  4.2532751091703055E-02
   6.2299854439592430E-03  4.2489082969432317E-02
   5.6477438136826779E-03  4.2299854439592430E-02
   5.1673944687045115E-03  4.1921397379912663E-02
   4.2649199417758368E-03  4.1528384279475979E-02
   3.8282387190684132E-03  4.1149927219796212E-02
   3.4497816593886460E-03  4.0407569141193589E-02
   3.1877729257641920E-03  3.9912663755458516E-02
   2.9694323144104800E-03  3.9519650655021832E-02
   3.2314410480349344E-03  3.9344978165938863E-02
   3.4934497816593883E-03  3.8937409024745268E-02
   3.7554585152838427E-03  3.8646288209606992E-02
   3.3624454148471618E-03  3.8398835516739442E-02
   3.0276564774381364E-03  3.8296943231441047E-02
   2.3435225618631730E-03  3.8311499272197964E-02
   1.3828238719068413E-03  3.8078602620087339E-02
   8.2969432314410475E-04  3.7787481804949057E-02
   4.5123726346433770E-04  3.7758369723435221E-02
  -4.2212518195050948E-04  3.7598253275109170E-02
  -1.1790393013100438E-03  3.7496360989810767E-02
  -1.7030567685589520E-03  3.7205240174672485E-02
  -2.0378457059679767E-03  3.7001455604075688E-02
  -2.3435225618631730E-03  3.6593886462882100E-02
  -2.5181950509461423E-03  3.6506550218340608E-02
  -3.1441048034934497E-03  3.5997088791848611E-02
  -3.4061135371179041E-03  3.5531295487627360E-02
  -3.3042212518195049E-03  3.4730713245997087E-02
  -3.2459970887918485E-03  3.3886462882096069E-02
  -2.9985443959243082E-03  3.3129548762736528E-02
  -2.5327510917030564E-03  3.2780203784570590E-02
  -2.1542940320232896E-03  3.2314410480349345E-02
  -2.1106259097525473E-03  3.1950509461426489E-02
  -2.5618631732168846E-03  3.1673944687045125E-02
  -3.1295487627365356E-03  3.1455604075691410E-02
  -3.9592430858806406E-03  3.1091703056768560E-02
  -4.5414847161572049E-03  3.0815138282387189E-02
  -5.2110625909752547E-03  3.0291120815138281E-02
  -5.4585152838427945E-03  2.9767103347889373E-02
  -5.6186317321688497E-03  2.9577874818049490E-02
  -5.9097525473071327E-03  2.9141193595342063E-02
  -6.3755458515283841E-03  2.8326055312954873E-02
  -6.4192139737991264E-03  2.7976710334788938E-02
  -6.2154294032023289E-03  2.7714701601164481E-02
  -5.8224163027656480E-03  2.7671033478893742E-02
  -5.6914119359534211E-03  2.7234352256186315E-02
  -5.3857350800582239E-03  2.6521106259097524E-02
  -5.0509461426491986E-03  2.6186317321688499E-02
  -4.7307132459970891E-03  2.6084425036390101E-02
  -4.1775836972343513E-03  2.5545851528384275E-02
  -4.1630276564774372E-03  2.5327510917030567E-02
  -3.7700145560407568E-03  2.4861717612809316E-02
  -3.7845705967976709E-03  2.4148471615720524E-02
  -3.7409024745269285E-03  2.3915574963609899E-02
  -3.7845705967976709E-03  2.3478893740902472E-02
  -4.0320232896652111E-03  2.3100436681222705E-02
  -4.2649199417758368E-03  2.2561863173216883E-02
  -4.7598253275109173E-03  2.1615720524017463E-02
  -5.1965065502183405E-03  2.0844250363901019E-02
  -5.3857350800582239E-03  2.0407569141193595E-02
  -5.7787481804949057E-03  1.9752547307132461E-02
  -6.0844250363901011E-03  1.9039301310043669E-02
  -6.0844250363901011E-03  1.8282387190684132E-02
  -5.8951965065502186E-03  1.7554585152838427E-02
  -5.6768558951965061E-03  1.6899563318777292E-02
  -5.2547307132459970E-03  1.6724890829694323E-02
  -4.8471615720524020E-03  1.6375545851528384E-02
  -4.8034934497816597E-03  1.5822416302765648E-02
  -4.8180494905385738E-03  1.5269286754002910E-02
  -4.8908296943231443E-03  1.4206695778748179E-02
  -4.8617176128093161E-03  1.3886462882096069E-02
  -5.0363901018922845E-03  1.3318777292576418E-02
  -5.3129548762736534E-03  1.2721979621542940E-02
  -5.4876273653566227E-03  1.1819505094614265E-02
  -5.5021834061135368E-03  1.0902474526928675E-02
  -5.3711790393013098E-03  9.8544395924308591E-03
  -4.8762736535662302E-03  9.1703056768558944E-03
  -4.2940320232896650E-03  8.6608442503639006E-03
  -4.2066957787481804E-03  8.2241630276564757E-03
  -4.1484716157205231E-03  7.9475982532751094E-03
  -3.7845705967976709E-03  7.4963609898107712E-03
  -3.7845705967976709E-03  7.0596797671033471E-03
  -3.9883551673944688E-03  6.7248908296943235E-03
  -3.7554585152838427E-03  5.8660844250363903E-03
  -3.7554585152838427E-03  5.7496360989810775E-03
  -4.2066957787481804E-03  5.0946142649199409E-03
  -4.3231441048034933E-03  4.5123726346433767E-03
  -4.3377001455604074E-03  4.0174672489082970E-03
  -4.4832605531295484E-03  3.5225618631732165E-03
  -4.7307132459970891E-03  3.3042212518195049E-03
  -5.1528384279475974E-03  2.8820960698689958E-03
  -5.3129548762736534E-03  2.6783114992721979E-03
  -5.5167394468704509E-03  2.3435225618631730E-03
  -5.7205240174672493E-03  1.7903930131004367E-03
  -5.9097525473071327E-03  1.2663755458515282E-03
  -6.0989810771470152E-03  6.9868995633187768E-04
  -6.1717612809315866E-03  5.8224163027656476E-05
  -6.2445414847161571E-03 -2.7656477438136825E-04
  -6.4628820960698687E-03 -7.8602620087336243E-04
  -6.6084425036390098E-03 -1.6448326055312954E-03
  -6.8413391557496355E-03 -1.9796215429403203E-03
  -7.1470160116448326E-03 -2.4599708879184863E-03
  -7.4526928675400289E-03 -2.8529839883551676E-03
  -7.6419213973799123E-03 -3.1586608442503638E-03
  -7.7874818049490542E-03 -3.6098981077147016E-03
  -7.8311499272197965E-03 -4.0902474526928675E-03
  -7.7729257641921401E-03 -4.4978165938864625E-03
  -7.6419213973799123E-03 -4.9927219796215431E-03
  -7.5545851528384276E-03 -5.4439592430858804E-03
  -7.4090247452692866E-03 -5.7641921397379916E-03
  -7.3216885007278019E-03 -6.0116448326055305E-03
  -7.3362445414847160E-03 -6.4483260553129546E-03
  -7.2634643377001455E-03 -6.9141193595342060E-03
  -6.7976710334788941E-03 -7.3071324599708878E-03
  -6.3609898107714700E-03 -7.5109170305676853E-03
  -5.6040756914119355E-03 -7.9039301310043671E-03
  -5.2110625909752547E-03 -8.1950509461426475E-03
  -4.6724890829694318E-03 -8.5443959243085878E-03
  -4.3959243085880638E-03 -9.1266375545851521E-03
  -4.1193595342066949E-03 -9.7525473071324604E-03
  -4.2649199417758368E-03 -1.0101892285298397E-02
  -4.6433770014556036E-03 -9.9854439592430861E-03
  -4.8326055312954879E-03 -9.7962154294032027E-03
  -5.2692867540029111E-03 -9.9708879184861720E-03
  -5.9097525473071327E-03 -1.0276564774381367E-02
  -6.4337700145560405E-03 -1.0640465793304221E-02
  -6.8850072780203778E-03 -1.0844250363901018E-02
  -7.0596797671033471E-03 -1.1120815138282386E-02
  -7.4672489082969430E-03 -1.1746724890829695E-02
  -7.7292576419213978E-03 -1.2081513828238718E-02
  -7.8893740902474530E-03 -1.2328966521106259E-02
  -8.2241630276564757E-03 -1.2794759825327510E-02
  -8.4425036390101890E-03 -1.3114992721979621E-02
  -8.8064046579330417E-03 -1.3784570596797670E-02
  -8.9810771470160110E-03 -1.4177583697234351E-02
  -9.0393013100436674E-03 -1.4861717612809314E-02
  -9.0975254730713238E-03 -1.5254730713245996E-02
  -9.3013100436681213E-03 -1.5764192139737992E-02
  -9.4177583697234359E-03 -1.6229985443959243E-02
  -9.4905385735080065E-03 -1.6826783114992722E-02
  -9.4032023289665218E-03 -1.7438136826783114E-02
  -9.2139737991266367E-03 -1.8180494905385737E-02
  -9.0684133915574956E-03 -1.8762736535662298E-02
  -8.6608442503639006E-03 -1.9272197962154295E-02
  -8.5152838427947596E-03 -1.9359534206695780E-02
  -8.4279475982532749E-03 -1.9839883551673945E-02
  -8.1804949053857351E-03 -2.0451237263464338E-02
  -7.8311499272197965E-03 -2.1077147016011644E-02
  -7.2489082969432314E-03 -2.1790393013100436E-02
  -7.0305676855895189E-03 -2.1819505094614267E-02
  -6.5938864628820957E-03 -2.1848617176128092E-02
  -6.4192139737991264E-03 -2.1921397379912663E-02
  -6.2590975254730712E-03 -2.2096069868995632E-02
  -5.7350800582241634E-03 -2.2387190684133914E-02
  -5.3711790393013098E-03 -2.2489082969432313E-02
  -5.5604075691411932E-03 -2.2867540029112080E-02
  -5.7059679767103352E-03 -2.3289665211062592E-02
  -5.6768558951965061E-03 -2.3959243085880638E-02
  -5.6622998544395920E-03 -2.4497816593886463E-02
  -5.5604075691411932E-03 -2.5167394468704512E-02
  -5.5458515283842791E-03 -2.5633187772925763E-02
  -5.2983988355167393E-03 -2.6244541484716156E-02
  -5.0509461426491986E-03 -2.6564774381368266E-02
  -4.8471615720524020E-03 -2.6797671033478892E-02
  -4.4978165938864625E-03 -2.6957787481804947E-02
  -3.8864628820960700E-03 -2.7248908296943229E-02
  -3.1295487627365356E-03 -2.7336244541484717E-02
  -2.7802037845705966E-03 -2.7088791848617174E-02
  -2.3435225618631730E-03 -2.7336244541484717E-02
  -1.9359534206695780E-03 -2.7627365356622999E-02
  -1.4992721979621541E-03 -2.7845705967976711E-02
  -8.5880640465793297E-04 -2.8005822416302763E-02
  -1.1644832605531295E-04 -2.8005822416302763E-02
   3.9301310043668122E-04 -2.7918486171761282E-02
   5.2401746724890829E-04 -2.7933042212518196E-02
   8.5880640465793297E-04 -2.8093158660844251E-02
   1.2809315866084423E-03 -2.8209606986899560E-02
   1.4556040756914120E-03 -2.8355167394468701E-02
   1.8340611353711790E-03 -2.8864628820960699E-02
   2.1397379912663755E-03 -2.9330422125181950E-02
   2.4454148471615722E-03 -2.9752547307132459E-02
   2.6346433770014555E-03 -2.9898107714701597E-02
   3.0131004366812223E-03 -3.0029112081513831E-02
   3.6098981077147016E-03 -3.0174672489082968E-02
   4.3959243085880638E-03 -3.0189228529839879E-02
   4.6870451237263459E-03 -3.0072780203784566E-02
   4.9344978165938866E-03 -2.9956331877729253E-02
   5.4876273653566227E-03 -3.0072780203784566E-02
   5.7787481804949057E-03 -3.0349344978165937E-02
   6.2154294032023289E-03 -3.0451237263464336E-02
   6.6521106259097521E-03 -3.0480349344978161E-02
   7.1906841339155749E-03 -3.0422125181950505E-02
   7.9475982532751094E-03 -3.0349344978165937E-02
   8.1804949053857351E-03 -3.0538573508005821E-02
   8.5152838427947596E-03 -3.0844250363901014E-02
   8.7772925764192135E-03 -3.1120815138282385E-02
   9.0975254730713238E-03 -3.1310043668122269E-02
   9.8253275109170309E-03 -3.1513828238719066E-02
   1.0131004366812225E-02 -3.1790393013100438E-02
   1.0305676855895195E-02 -3.2096069868995630E-02
   1.0524017467248908E-02 -3.2328966521106256E-02
   1.0858806404657933E-02 -3.2430858806404658E-02
   1.1237263464337699E-02 -3.2474526928675397E-02
   1.1673944687045124E-02 -3.2430858806404658E-02
   1.2066957787481803E-02 -3.2328966521106256E-02
   1.2489082969432314E-02 -3.2183406113537115E-02
   1.2503639010189228E-02 -3.1979621542940317E-02
   1.2241630276564773E-02 -3.1499272197962155E-02
   1.1717612809315867E-02 -3.1077147016011639E-02
   1.1470160116448327E-02 -3.0844250363901014E-02
   1.1266375545851528E-02 -3.0655021834061134E-02
   1.1688500727802038E-02 -3.0407569141193594E-02
   1.1834061135371178E-02 -3.0189228529839879E-02
   1.2154294032023288E-02 -2.9839883551673940E-02
   1.2270742358078601E-02 -2.9723435225618627E-02
   1.2445414847161572E-02 -2.9839883551673940E-02
   1.2867540029112081E-02 -2.9825327510917030E-02
   1.3318777292576418E-02 -2.9868995633187772E-02
   1.3886462882096069E-02 -3.0087336244541487E-02
   1.3988355167394467E-02 -3.0174672489082968E-02
   1.4308588064046579E-02 -3.0422125181950505E-02
   1.4774381368267829E-02 -3.0756914119359532E-02
   1.5487627365356624E-02 -3.1295487627365351E-02
   1.6390101892285295E-02 -3.2183406113537115E-02
   1.6855895196506550E-02 -3.2547307132459964E-02
   1.7467248908296942E-02 -3.3056768558951961E-02
   1.8020378457059678E-02 -3.3711790393013100E-02
   1.8413391557496363E-02 -3.4206695778748179E-02
   1.8806404657933044E-02 -3.4512372634643372E-02
   1.9272197962154295E-02 -3.4992721979621541E-02
   1.9606986899563316E-02 -3.5298398835516734E-02
   1.9956331877729258E-02 -3.5924308588064044E-02
   2.0203784570596794E-02 -3.6273653566229982E-02
   2.0698689956331878E-02 -3.6986899563318777E-02
   2.1033478893740902E-02 -3.7467248908296939E-02
   2.1848617176128092E-02 -3.7758369723435221E-02
   2.2401746724890832E-02 -3.8122270742358071E-02
   2.3042212518195049E-02 -3.8486171761280934E-02
   2.3784570596797668E-02 -3.8791848617176126E-02
   2.4483260553129545E-02 -3.9432314410480347E-02
   2.4847161572052398E-02 -3.9810771470160114E-02
   2.5181950509461426E-02 -4.0043668122270740E-02
   2.5676855895196506E-02 -4.0262008733624455E-02
   2.6200873362445413E-02 -4.0058224163027650E-02
   2.6550218340611352E-02 -3.9723435225618629E-02
   2.6579330422125180E-02 -3.9694323144104801E-02
   2.6972343522561861E-02 -3.9781659388646286E-02
   2.7176128093158659E-02 -3.9956331877729255E-02
   2.7569141193595343E-02 -4.0218340611353709E-02
   2.8093158660844251E-02 -4.0640465793304215E-02
   2.8471615720524014E-02 -4.0917030567685586E-02
   2.9010189228529836E-02 -4.1266375545851525E-02
   2.9446870451237263E-02 -4.1382823871906838E-02
   3.0101892285298398E-02 -4.1164483260553122E-02
   3.0625909752547305E-02 -4.1295487627365353E-02
   3.1222707423580784E-02 -4.1222707423580779E-02
   3.1775836972343520E-02 -4.1077147016011645E-02
   3.2372634643377002E-02 -4.0960698689956332E-02
   3.3056768558951961E-02 -4.1077147016011645E-02
   3.3216885007278020E-02 -4.0625909752547304E-02
   3.2983988355167394E-02 -4.0160116448326053E-02
   3.2765647743813679E-02 -3.9534206695778749E-02
   3.2459970887918486E-02 -3.9301310043668124E-02
   3.2066957787481802E-02 -3.9053857350800580E-02
   3.1994177583697235E-02 -3.8879184861717618E-02
   3.1950509461426489E-02 -3.8398835516739442E-02
   3.1965065502183407E-02 -3.7976710334788936E-02
   3.2154294032023287E-02 -3.7365356622998544E-02
   3.2445414847161569E-02 -3.6899563318777293E-02
   3.2925764192139738E-02 -3.7321688500727798E-02
   3.3144104803493453E-02 -3.7409024745269283E-02
   3.3085880640465797E-02 -3.7947598253275108E-02
   3.3187772925764192E-02 -3.8253275109170308E-02
   3.3406113537117900E-02 -3.8617176128093157E-02
   3.3842794759825330E-02 -3.9184861717612811E-02
   3.4308588064046582E-02 -3.9388646288209601E-02
   3.5007278020378459E-02 -3.9606986899563316E-02
   3.5589519650655016E-02 -3.9839883551673942E-02
   3.6186317321688498E-02 -3.9868995633187770E-02
   3.6506550218340608E-02 -4.0363901018922850E-02
   3.6812227074235808E-02 -4.0771470160116452E-02
   3.7583697234352252E-02 -4.1179039301310040E-02
   3.8209606986899562E-02 -4.1397379912663755E-02
   3.9024745269286752E-02 -4.1717612809315865E-02
   3.9737991266375547E-02 -4.2139737991266371E-02
   4.0422125181950506E-02 -4.2634643377001458E-02
   4.0902474526928675E-02 -4.2969432314410479E-02
   4.1455604075691412E-02 -4.3347889374090245E-02
   4.2154294032023289E-02 -4.3842794759825325E-02
   4.2852983988355166E-02 -4.4250363901018920E-02
   4.3988355167394466E-02 -4.5167394468704512E-02
   4.4483260553129546E-02 -4.5516739446870444E-02
   4.4759825327510917E-02 -4.5720524017467248E-02
   4.5312954876273653E-02 -4.5662299854439592E-02
   4.5633187772925757E-02 -4.5574963609898107E-02
   4.5938864628820963E-02 -4.5720524017467248E-02
   4.6652110625909751E-02 -4.5895196506550218E-02
   4.7001455604075690E-02 -4.5691411935953420E-02
   4.6914119359534205E-02 -4.5152838427947595E-02
   4.6652110625909751E-02 -4.4294032023289666E-02
   4.6477438136826782E-02 -4.3813682678311497E-02
   4.6288209606986902E-02 -4.3056768558951963E-02
   4.6462882096069871E-02 -4.2707423580786025E-02
   4.6608442503639005E-02 -4.2343522561863169E-02
   4.6754002911208153E-02 -4.1688500727802037E-02
   4.6593886462882095E-02 -4.1193595342066958E-02
   4.6593886462882095E-02 -4.1106259097525466E-02
   4.6724890829694318E-02 -4.0727802037845706E-02
   4.6855895196506549E-02 -4.0553129548762737E-02
   4.6972343522561862E-02 -4.0393013100436678E-02
   4.6972343522561862E-02 -4.0145560407569142E-02
   4.7467248908296941E-02 -4.0101892285298396E-02
   4.7860262008733619E-02 -4.0451237263464335E-02
   4.8442503639010183E-02 -4.0815138282387191E-02
   4.8937409024745269E-02 -4.1310043668122270E-02
   4.9344978165938864E-02 -4.1717612809315865E-02
   4.9927219796215429E-02 -4.2358078602620086E-02
   5.0553129548762732E-02 -4.2590975254730712E-02
   5.0975254730713238E-02 -4.3173216885007276E-02
   5.1615720524017472E-02 -4.3944687045123727E-02
   5.2052401746724888E-02 -4.4439592430858807E-02
   5.2358078602620088E-02 -4.5109170305676856E-02
   5.2590975254730714E-02 -4.5676855895196503E-02
   5.2649199417758370E-02 -4.6069868995633187E-02
   5.2838427947598250E-02 -4.6288209606986902E-02
   5.3260553129548756E-02 -4.6637554585152841E-02
   5.3842794759825320E-02 -4.7001455604075690E-02
   5.4192139737991266E-02 -4.7365356622998546E-02
   5.4614264919941771E-02 -4.7743813682678313E-02
   5.5138282387190686E-02 -4.8078602620087334E-02
   5.5953420669577869E-02 -4.8486171761280929E-02
   5.6768558951965059E-02 -4.8820960698689957E-02
   5.7438136826783108E-02 -4.9213973799126641E-02
   5.8020378457059672E-02 -4.9417758369723432E-02
   5.8384279475982535E-02 -4.9563318777292580E-02
   5.8908296943231436E-02 -4.9781659388646288E-02
   5.9374090247452688E-02 -4.9883551673944683E-02
   5.9956331877729252E-02 -4.9970887918486168E-02
   6.0305676855895191E-02 -4.9927219796215429E-02
   6.0116448326055311E-02 -4.9825327510917027E-02
   6.0276564774381369E-02 -4.9563318777292580E-02
   6.0349344978165936E-02 -4.9374090247452693E-02
   6.0349344978165936E-02 -4.9126637554585149E-02
   6.0349344978165936E-02 -4.8835516739446867E-02
   6.0363901018922854E-02 -4.8529839883551674E-02
   6.0349344978165936E-02 -4.8282387190684131E-02
   6.0436681222707421E-02 -4.7933042212518193E-02
   6.0611353711790383E-02 -4.7379912663755457E-02
   6.0844250363901009E-02 -4.6885007278020377E-02
   6.0946142649199418E-02 -4.6229985443959246E-02
   6.0989810771470164E-02 -4.5764192139737994E-02
   6.0989810771470164E-02 -4.5138282387190684E-02
   6.1004366812227068E-02 -4.4337700145560405E-02
   6.0960698689956322E-02 -4.3842794759825325E-02
   6.1062590975254731E-02 -4.3595342066957789E-02
   6.1353711790393006E-02 -4.3231441048034926E-02
   6.1732168850072773E-02 -4.2998544395924300E-02
   6.1877729257641921E-02 -4.2445414847161571E-02
   6.1935953420669571E-02 -4.1804949053857350E-02
   6.1950509461426495E-02 -4.1048034934497810E-02
   6.2023289665211062E-02 -4.0640465793304215E-02
   6.2110625909752547E-02 -3.9796215429403203E-02
   6.2110625909752547E-02 -3.8835516739446872E-02
   6.1979621542940316E-02 -3.8224163027656473E-02
   6.1877729257641921E-02 -3.7554585152838431E-02
   6.1688500727802027E-02 -3.6622998544395921E-02
   6.1688500727802027E-02 -3.5924308588064044E-02
   6.1586608442503632E-02 -3.5327510917030569E-02
   6.1601164483260556E-02 -3.4774381368267833E-02
   6.1761280931586608E-02 -3.4221251819505090E-02
   6.1863173216885003E-02 -3.4672489082969431E-02
   6.2037845705967980E-02 -3.5356622998544390E-02
   6.2008733624454145E-02 -3.5749636098981075E-02
   6.2343522561863172E-02 -3.5997088791848611E-02
   6.2532751091703059E-02 -3.6812227074235808E-02
   6.2794759825327506E-02 -3.7525473071324596E-02
   6.3173216885007280E-02 -3.8588064046579329E-02
   6.3478893740902473E-02 -3.9359534206695773E-02
   6.4017467248908291E-02 -4.0349344978165939E-02
   6.4512372634643378E-02 -4.1193595342066958E-02
   6.4759825327510914E-02 -4.1659388646288209E-02
   6.5196506550218344E-02 -4.2809315866084420E-02
   6.5560407569141180E-02 -4.3347889374090245E-02
   6.5953420669577864E-02 -4.3726346433770012E-02
   6.6506550218340607E-02 -4.4323144104803487E-02
   6.6739446870451233E-02 -4.4730713245997089E-02
   6.7030567685589529E-02 -4.5400291120815131E-02
   6.7103347889374096E-02 -4.5938864628820963E-02
   6.7205240174672484E-02 -4.6448326055312954E-02
   6.7525473071324602E-02 -4.7001455604075690E-02
   6.7947598253275107E-02 -4.7714701601164485E-02
   6.8471615720524015E-02 -4.8064046579330423E-02
   6.9039301310043669E-02 -4.8529839883551674E-02
   6.9417758369723429E-02 -4.8864628820960702E-02
   6.9723435225618635E-02 -4.9344978165938864E-02
   6.9956331877729261E-02 -4.9825327510917027E-02
   7.0582241630276571E-02 -5.0276564774381367E-02
   7.0858806404657929E-02 -5.0422125181950508E-02
   7.1179039301310032E-02 -5.0582241630276567E-02
   7.1382823871906836E-02 -5.1004366812227073E-02
   7.1572052401746716E-02 -5.1470160116448324E-02
   7.1761280931586596E-02 -5.2285298398835514E-02
   7.1950509461426490E-02 -5.2896652110625907E-02
   7.2314410480349339E-02 -5.3362445414847158E-02
   7.2969432314410471E-02 -5.3770014556040753E-02
   7.3740902474526929E-02 -5.4308588064046578E-02
   7.4425036390101895E-02 -5.4497816593886458E-02
   7.4526928675400284E-02 -5.4395924308588063E-02
   7.4497816593886462E-02 -5.4119359534206692E-02
   7.4250363901018926E-02 -5.3959243085880633E-02
   7.3799126637554585E-02 -5.3668122270742358E-02
   7.3304221251819499E-02 -5.2911208151382817E-02
   7.2969432314410471E-02 -5.2576419213973796E-02
   7.2765647743813680E-02 -5.2256186317321686E-02
   7.2459970887918473E-02 -5.1761280931586606E-02
   7.2241630276564772E-02 -5.1251819505094609E-02
   7.2168850072780205E-02 -5.0771470160116447E-02
   7.2066957787481803E-02 -5.0276564774381367E-02
   7.2008733624454146E-02 -4.9956331877729257E-02
   7.2008733624454146E-02 -4.9679767103347885E-02
   7.2081513828238714E-02 -4.9388646288209603E-02
   7.2299854439592429E-02 -4.9141193595342060E-02
   7.2445414847161577E-02 -4.8951965065502180E-02
   7.2663755458515278E-02 -4.8660844250363898E-02
   7.2489082969432322E-02 -4.8151382823871901E-02
   7.2372634643376996E-02 -4.7889374090247454E-02
   7.2241630276564772E-02 -4.7612809315866082E-02
   7.1834061135371177E-02 -4.7598253275109172E-02
   7.1586608442503641E-02 -4.7365356622998546E-02
   7.1441048034934507E-02 -4.7205240174672487E-02
   7.1208151382823867E-02 -4.6914119359534205E-02
   7.0975254730713241E-02 -4.6521106259097528E-02
   7.0917030567685585E-02 -4.6229985443959246E-02
   7.0989810771470152E-02 -4.5938864628820963E-02
   7.1324599708879194E-02 -4.5443959243085877E-02
   7.1615720524017462E-02 -4.5080058224163028E-02
   7.2037845705967968E-02 -4.4788937409024746E-02
   7.2430858806404652E-02 -4.4425036390101889E-02
   7.2780203784570591E-02 -4.4119359534206697E-02
   7.3114992721979619E-02 -4.3784570596797669E-02
   7.3537117903930124E-02 -4.3478893740902476E-02
   7.3959243085880644E-02 -4.3537117903930132E-02
   7.4468704512372627E-02 -4.3435225618631730E-02
   7.5021834061135370E-02 -4.3260553129548761E-02
   7.5414847161572054E-02 -4.3056768558951963E-02
   7.5676855895196501E-02 -4.2867540029112076E-02
   7.5909752547307127E-02 -4.2620087336244540E-02
   7.5967976710334784E-02 -4.2023289665211058E-02
   7.5764192139737993E-02 -4.1411935953420666E-02
   7.5633187772925756E-02 -4.0989810771470153E-02
   7.5443959243085876E-02 -4.0567685589519648E-02
   7.5123726346433758E-02 -4.0043668122270740E-02
   7.4978165938864624E-02 -3.9665211062590973E-02
   7.4876273653566222E-02 -3.9374090247452691E-02
   7.4759825327510909E-02 -3.8937409024745268E-02
   7.4978165938864624E-02 -3.8937409024745268E-02
   7.5429403202328965E-02 -3.9068413391557498E-02
   7.5691411935953426E-02 -3.9170305676855893E-02
   7.6142649199417753E-02 -3.9475982532751086E-02
   7.6477438136826767E-02 -3.9854439592430860E-02
   7.7001455604075689E-02 -4.0014556040756911E-02
   7.7510917030567686E-02 -4.0291120815138276E-02
   7.7976710334788937E-02 -4.0625909752547304E-02
   7.8515283842794756E-02 -4.0727802037845706E-02
   7.9155749636098977E-02 -4.0829694323144108E-02
   7.9330422125181946E-02 -4.0771470160116452E-02
   7.9563318777292572E-02 -4.0320232896652111E-02
   7.9854439592430854E-02 -3.9665211062590973E-02
   7.9927219796215421E-02 -3.9184861717612811E-02
   8.0232896652110627E-02 -3.9024745269286752E-02
   8.0713245997088789E-02 -3.8864628820960694E-02
   8.1048034934497803E-02 -3.8689956331877724E-02
   8.1703056768558949E-02 -3.8588064046579329E-02
   8.2227074235807857E-02 -3.8588064046579329E-02
   8.2896652110625912E-02 -3.8689956331877724E-02
   8.3071324599708868E-02 -3.9315866084425034E-02
   8.3231441048034926E-02 -4.0029112081513829E-02
   8.3347889374090239E-02 -4.0771470160116452E-02
   8.3362445414847164E-02 -4.1455604075691412E-02
   8.3377001455604074E-02 -4.2110625909752543E-02
   8.3420669577874806E-02 -4.2852983988355166E-02
   8.3522561863173209E-02 -4.3449781659388641E-02
   8.3537117903930119E-02 -4.4337700145560405E-02
   8.3522561863173209E-02 -4.4818049490538574E-02
   8.3508005822416298E-02 -4.5618631732168846E-02
   8.3537117903930119E-02 -4.6084425036390098E-02
   8.3522561863173209E-02 -4.7030567685589518E-02
   8.3595342066957790E-02 -4.7816593886462880E-02
   8.3624454148471611E-02 -4.8107714701601162E-02
   8.3609898107714700E-02 -4.8689956331877726E-02
   8.3595342066957790E-02 -4.9330422125181954E-02
   8.3624454148471611E-02 -4.9956331877729257E-02
   8.3726346433770013E-02 -5.0393013100436680E-02
   8.4017467248908295E-02 -5.0771470160116447E-02
   8.3988355167394460E-02 -5.1426491994177578E-02
   8.3959243085880639E-02 -5.2081513828238717E-02
   8.3915574963609893E-02 -5.2852983988355168E-02
   8.3668122270742357E-02 -5.3740902474526932E-02
   8.3595342066957790E-02 -5.4425036390101891E-02
   8.3682678311499267E-02 -5.4774381368267830E-02
   8.3930131004366804E-02 -5.5138282387190686E-02
   8.4395924308588055E-02 -5.5385735080058222E-02
   8.4934497816593887E-02 -5.5429403202328961E-02
   8.5487627365356617E-02 -5.5327510917030566E-02
   8.5851528384279466E-02 -5.5021834061135373E-02
   8.5997088791848614E-02 -5.4497816593886458E-02
   8.6026200873362449E-02 -5.4177583697234348E-02
   8.6128093158660837E-02 -5.3609898107714694E-02
   8.6302765647743820E-02 -5.3624454148471619E-02
   8.6491994177583700E-02 -5.3624454148471619E-02
   8.6652110625909759E-02 -5.3260553129548756E-02
   8.6812227074235804E-02 -5.2794759825327504E-02
   8.7074235807860265E-02 -5.2066957787481799E-02
   8.7176128093158653E-02 -5.1542940320232891E-02
   8.7350800582241636E-02 -5.1120815138282386E-02
   8.7350800582241636E-02 -5.0203784570596793E-02
   8.7423580786026203E-02 -4.9388646288209603E-02
   8.7452692867540024E-02 -4.8253275109170303E-02
   8.7496360989810770E-02 -4.7365356622998546E-02
   8.7510917030567681E-02 -4.6724890829694318E-02
   8.7510917030567681E-02 -4.6128093158660843E-02
   8.7409024745269279E-02 -4.5604075691411936E-02
   8.7423580786026203E-02 -4.5254730713245997E-02
   8.7496360989810770E-02 -4.4628820960698687E-02
   8.7598253275109159E-02 -4.4017467248908294E-02
   8.7627365356622994E-02 -4.3566229985443954E-02
   8.7918486171761276E-02 -4.2882096069868987E-02
   8.7962154294032022E-02 -4.2489082969432317E-02
   8.8020378457059678E-02 -4.2066957787481804E-02
   8.8049490538573513E-02 -4.1688500727802037E-02
   8.8224163027656469E-02 -4.1368267831149927E-02
   8.8384279475982527E-02 -4.0989810771470153E-02
   8.8675400291120809E-02 -4.0494905385735080E-02
   8.8850072780203779E-02 -4.0174672489082963E-02
   9.4410480349344975E-02 -4.0509461426491991E-02
   0.1006113537117904     -4.1572052401746724E-02
   0.1057933042212518     -4.2445414847161571E-02
   0.1095342066957787     -4.3056768558951963E-02
   0.1118340611353712     -4.3406113537117902E-02
   0.1139155749636099     -4.4148471615720518E-02
   0.1137991266375546     -4.4468704512372635E-02
   0.1136535662299854     -4.4759825327510917E-02
   0.1135516739446870     -4.5473071324599712E-02
   0.1135080058224163     -4.5967976710334785E-02
   0.1134206695778748     -4.6564774381368267E-02
   0.1132314410480349     -4.6928675400291123E-02
   0.1129839883551674     -4.7540029112081515E-02
   0.1128966521106259     -4.8122270742358079E-02
   0.1128384279475982     -4.8806404657933039E-02
   0.1129112081513828     -4.9126637554585149E-02
   0.1132023289665211     -4.9403202328966521E-02
   0.1136390101892285     -4.9665211062590975E-02
   0.1141339155749636     -5.0014556040756913E-02
   0.1144978165938865     -5.0320232896652106E-02
   0.1148034934497817     -5.0509461426491986E-02
   0.1152838427947598     -5.0684133915574962E-02
   0.1157059679767103     -5.0727802037845701E-02
   0.1160989810771470     -5.0538573508005821E-02
   0.1164774381368268     -5.0101892285298398E-02
   0.1165502183406113     -4.9825327510917027E-02
   0.1161135371179039     -4.9577874818049490E-02
   0.1154294032023290     -4.9228529839883552E-02
   0.1148034934497817     -4.8573508005822420E-02
   0.1146724890829694     -4.7903930131004364E-02
   0.1146579330422125     -4.7059679767103346E-02
   0.1145997088791849     -4.6564774381368267E-02
   0.1146142649199418     -4.6229985443959246E-02
   0.1148180494905386     -4.5982532751091695E-02
   0.1148617176128093     -4.5443959243085877E-02
   0.1149344978165939     -4.4919941775836969E-02
   0.1151091703056769     -4.4643377001455604E-02
   0.1152547307132460     -4.4497816593886463E-02
