   7.3944687045123719E-02  6.9883551673944680E-02
   7.3697234352256183E-02  7.0174672489082962E-02
   7.3449781659388647E-02  7.0494905385735079E-02
   7.3158660844250364E-02  7.0815138282387197E-02
   7.2852983988355158E-02  7.1135371179039300E-02
   7.2532751091703054E-02  7.1455604075691403E-02
   7.2168850072780205E-02  7.1761280931586596E-02
   7.1615720524017462E-02  7.2328966521106264E-02
   7.1295487627365345E-02  7.2663755458515278E-02
   7.1018922852983973E-02  7.2998544395924306E-02
   7.0727802037845705E-02  7.3464337700145557E-02
   7.0640465793304213E-02  7.3813682678311496E-02
   7.0611353711790392E-02  7.4090247452692867E-02
   7.0582241630276571E-02  7.4759825327510909E-02
   7.0393013100436677E-02  7.5487627365356622E-02
   7.0378457059679767E-02  7.6098981077147007E-02
   7.0174672489082962E-02  7.6841339155749630E-02
   6.9912663755458515E-02  7.7248908296943239E-02
   6.9519650655021831E-02  7.7612809315866074E-02
   6.8908296943231431E-02  7.8005822416302759E-02
   6.8544395924308582E-02  7.8457059679767099E-02
   6.8122270742358076E-02  7.8850072780203784E-02
   6.7700145560407557E-02  7.9330422125181946E-02
   6.7161572052401738E-02  7.9883551673944675E-02
   6.6419213973799116E-02  8.0422125181950507E-02
   6.6055312954876280E-02  8.0655021834061133E-02
   6.5502183406113537E-02  8.1135371179039295E-02
   6.4832605531295481E-02  8.1775836972343530E-02
   6.4410480349344976E-02  8.2052401746724887E-02
   6.3828238719068411E-02  8.2459970887918482E-02
   6.3377001455604071E-02  8.2721979621542929E-02
   6.3362445414847160E-02  8.2314410480349348E-02
   6.3333333333333325E-02  8.1834061135371172E-02
   6.3202328966521101E-02  8.1557496360989801E-02
   6.3071324599708878E-02  8.1062590975254728E-02
   6.3013100436681221E-02  8.0494905385735074E-02
   6.2867540029112073E-02  8.0189228529839882E-02
   6.2794759825327506E-02  7.9723435225618630E-02
   6.2809315866084431E-02  7.9374090247452692E-02
   6.2590975254730702E-02  7.8602620087336247E-02
   6.2707423580786015E-02  7.8238719068413384E-02
   6.3085880640465788E-02  7.7641921397379909E-02
   6.3304221251819504E-02  7.7219796215429390E-02
   6.3537117903930129E-02  7.6695778748180496E-02
   6.3857350800582247E-02  7.6098981077147007E-02
   6.3988355167394470E-02  7.5400291120815130E-02
   6.4148471615720529E-02  7.4905385735080057E-02
   6.4308588064046573E-02  7.4439592430858806E-02
   6.4439592430858797E-02  7.3857350800582242E-02
   6.4541484716157199E-02  7.3333333333333334E-02
   6.4730713245997093E-02  7.2663755458515278E-02
   6.5036390101892286E-02  7.2008733624454146E-02
   6.5385735080058224E-02  7.1266375545851524E-02
   6.5691411935953417E-02  7.0684133915574959E-02
   6.5967976710334789E-02  7.0189228529839887E-02
   6.6331877729257652E-02  6.9505094614264920E-02
   6.6768558951965054E-02  6.8791848617176118E-02
   6.7117903930130993E-02  6.8238719068413389E-02
   6.7307132459970886E-02  6.8165938864628822E-02
   6.6928675400291113E-02  6.8078602620087331E-02
   6.6244541484716160E-02  6.8253275109170300E-02
   6.5807860262008730E-02  6.8558951965065493E-02
   6.5487627365356613E-02  6.9112081513828236E-02
   6.5123726346433763E-02  6.9592430858806398E-02
   6.4847161572052406E-02  7.0072780203784574E-02
   6.4818049490538571E-02  7.0422125181950512E-02
   6.4614264919941780E-02  7.1004366812227077E-02
   6.4250363901018917E-02  7.1426491994177582E-02
   6.3813682678311501E-02  7.1659388646288208E-02
   6.3173216885007280E-02  7.1892285298398834E-02
   6.2794759825327506E-02  7.2227074235807848E-02
   6.2328966521106255E-02  7.2998544395924306E-02
   6.1906841339155749E-02  7.3682678311499272E-02
   6.1499272197962147E-02  7.3871906841339152E-02
   6.0975254730713246E-02  7.4221251819505091E-02
   6.0669577874818047E-02  7.4599708879184864E-02
   6.0465793304221249E-02  7.5167394468704504E-02
   6.0320232896652108E-02  7.5705967976710323E-02
   5.9912663755458506E-02  7.6069868995633186E-02
   5.9199417758369725E-02  7.6360989810771468E-02
   5.8573508005822415E-02  7.6521106259097513E-02
   5.7962154294032023E-02  7.6491994177583691E-02
   5.7860262008733621E-02  7.6754002911208138E-02
   5.7554585152838421E-02  7.7248908296943239E-02
   5.7278020378457056E-02  7.7656477438136820E-02
   5.7219796215429400E-02  7.8034934497816594E-02
   5.7263464337700146E-02  7.8602620087336247E-02
   5.7365356622998541E-02  7.8922852983988351E-02
   5.7117903930130998E-02  7.9053857350800574E-02
   5.6797671033478894E-02  7.9053857350800574E-02
   5.6579330422125179E-02  7.9228529839883544E-02
   5.6477438136826777E-02  7.9505094614264915E-02
   5.6069868995633182E-02  7.9519650655021826E-02
   5.5574963609898109E-02  7.9272197962154289E-02
   5.5342066957787484E-02  7.9126637554585155E-02
   5.5167394468704507E-02  7.9039301310043664E-02
   5.5269286754002910E-02  7.9228529839883544E-02
   5.5298398835516738E-02  7.9621542940320228E-02
   5.5269286754002910E-02  8.0029112081513823E-02
   5.4905385735080060E-02  8.0058224163027658E-02
   5.4716157205240173E-02  8.0131004366812225E-02
   5.4206695778748183E-02  8.0465793304221253E-02
   5.3726346433770007E-02  8.1018922852983982E-02
   5.3551673944687045E-02  8.1397379912663742E-02
   5.3333333333333330E-02  8.1572052401746725E-02
   5.2954876273653563E-02  8.1673944687045114E-02
   5.2197962154294029E-02  8.1688500727802038E-02
   5.1863173216885002E-02  8.1804949053857351E-02
   5.1499272197962159E-02  8.1557496360989801E-02
   5.1179039301310042E-02  8.1077147016011653E-02
   5.0902474526928670E-02  8.0407569141193597E-02
   5.0786026200873358E-02  7.9985443959243091E-02
   5.0611353711790388E-02  7.9577874818049482E-02
   5.0480349344978165E-02  7.9141193595342066E-02
   5.0451237263464337E-02  7.8515283842794756E-02
   5.0422125181950508E-02  7.7991266375545848E-02
   5.0611353711790388E-02  7.7350800582241627E-02
   5.0684133915574962E-02  7.6899563318777300E-02
   5.0786026200873358E-02  7.6448326055312946E-02
   5.0524017467248911E-02  7.6448326055312946E-02
   5.0378457059679763E-02  7.6754002911208138E-02
   4.9927219796215429E-02  7.6754002911208138E-02
   4.9082969432314404E-02  7.6637554585152826E-02
   4.8471615720524018E-02  7.6346433770014557E-02
   4.8165938864628818E-02  7.5997088791848619E-02
   4.7860262008733619E-02  7.6098981077147007E-02
   4.7685589519650649E-02  7.6491994177583691E-02
   4.7365356622998546E-02  7.6870451237263451E-02
   4.6710334788937408E-02  7.7059679767103345E-02
   4.6200873362445410E-02  7.7132459970887926E-02
   4.5531295487627368E-02  7.6914119359534197E-02
   4.4963609898107715E-02  7.6448326055312946E-02
   4.4614264919941776E-02  7.5895196506550217E-02
   4.4352256186317322E-02  7.5225618631732175E-02
   4.4294032023289666E-02  7.4716157205240177E-02
   4.4206695778748174E-02  7.4526928675400284E-02
   4.3537117903930132E-02  7.4526928675400284E-02
   4.3100436681222702E-02  7.4425036390101895E-02
   4.2620087336244540E-02  7.4279475982532747E-02
   4.2241630276564773E-02  7.4177583697234345E-02
   4.1877729257641917E-02  7.4032023289665211E-02
   4.1411935953420666E-02  7.3813682678311496E-02
   4.1091703056768555E-02  7.3609898107714705E-02
   4.0713245997088796E-02  7.3347889374090244E-02
   4.0276564774381365E-02  7.3071324599708873E-02
   4.0087336244541485E-02  7.2518195050946144E-02
   4.0087336244541485E-02  7.2183406113537116E-02
   3.9956331877729255E-02  7.2023289665211071E-02
   3.9592430858806399E-02  7.2066957787481803E-02
   3.8777292576419216E-02  7.2066957787481803E-02
   3.8136826783114995E-02  7.1892285298398834E-02
   3.8093158660844249E-02  7.1921397379912655E-02
   3.8034934497816593E-02  7.2299854439592429E-02
   3.7933042212518191E-02  7.2794759825327515E-02
   3.7685589519650654E-02  7.2809315866084412E-02
   3.7423580786026193E-02  7.2372634643376996E-02
   3.7350800582241626E-02  7.1921397379912655E-02
   3.7540029112081506E-02  7.1484716157205225E-02
   3.7554585152838431E-02  7.1106259097525465E-02
   3.7452692867540029E-02  7.0698689956331884E-02
   3.7278020378457059E-02  7.0334788937409021E-02
   3.7161572052401746E-02  6.9665211062590965E-02
   3.7394468704512372E-02  6.9024745269286744E-02
   3.7758369723435221E-02  6.8646288209606984E-02
   3.7933042212518191E-02  6.8486171761280926E-02
   3.8122270742358071E-02  6.8020378457059674E-02
   3.8558951965065501E-02  6.7394468704512364E-02
   3.8398835516739442E-02  6.6972343522561859E-02
   3.7918486171761280E-02  6.7321688500727797E-02
   3.7438136826783111E-02  6.7583697234352244E-02
   3.7088791848617172E-02  6.7700145560407557E-02
   3.6739446870451234E-02  6.7671033478893736E-02
   3.6550218340611354E-02  6.7831149927219794E-02
   3.6128093158660848E-02  6.7685589519650660E-02
   3.5676855895196508E-02  6.7263464337700155E-02
   3.5458515283842792E-02  6.6957787481804948E-02
   3.4992721979621541E-02  6.6404657933042219E-02
   3.4425036390101894E-02  6.5400291120815135E-02
   3.4002911208151382E-02  6.4818049490538571E-02
   3.3566229985443959E-02  6.4308588064046573E-02
   3.3056768558951961E-02  6.3770014556040755E-02
   3.2678311499272202E-02  6.3114992721979624E-02
   3.2241630276564771E-02  6.2547307132459970E-02
   3.1804949053857348E-02  6.1688500727802027E-02
   3.1615720524017468E-02  6.1106259097525477E-02
   3.1455604075691410E-02  6.0451237263464332E-02
   3.1091703056768560E-02  6.0203784570596795E-02
   3.1106259097525471E-02  6.0422125181950503E-02
   3.0960698689956326E-02  6.1193595342066955E-02
   3.1062590975254729E-02  6.2037845705967980E-02
   3.1164483260553127E-02  6.2780203784570596E-02
   3.1222707423580784E-02  6.2940320232896640E-02
   3.1470160116448320E-02  6.3653566229985442E-02
   3.1630276564774379E-02  6.4192139737991261E-02
   3.1732168850072781E-02  6.4934497816593884E-02
   3.1848617176128094E-02  6.5647743813682671E-02
   3.2081513828238720E-02  6.5967976710334789E-02
   3.2445414847161569E-02  6.6098981077147012E-02
   3.2707423580786023E-02  6.6317321688500727E-02
   3.2911208151382827E-02  6.6812227074235800E-02
   3.2911208151382827E-02  6.7394468704512364E-02
   3.2678311499272202E-02  6.8078602620087331E-02
   3.2358078602620084E-02  6.8471615720524015E-02
   3.1979621542940317E-02  6.8631732168850074E-02
   3.1397379912663753E-02  6.8442503639010180E-02
   3.0829694323144103E-02  6.8136826783114987E-02
   3.0480349344978161E-02  6.7874818049490540E-02
   3.0131004366812222E-02  6.7467248908296931E-02
   2.9781659388646284E-02  6.6914119359534202E-02
   2.9301310043668118E-02  6.6448326055312951E-02
   2.9024745269286754E-02  6.6200873362445414E-02
   2.8806404657933042E-02  6.5662299854439596E-02
   2.8515283842794760E-02  6.5181950509461420E-02
   2.8340611353711791E-02  6.4890829694323138E-02
   2.8136826783114993E-02  6.4308588064046573E-02
   2.7933042212518196E-02  6.3740902474526920E-02
   2.7729257641921398E-02  6.3173216885007280E-02
   2.7641921397379914E-02  6.2852983988355163E-02
   2.7365356622998542E-02  6.2561863173216881E-02
   2.6957787481804947E-02  6.2023289665211062E-02
   2.6681222707423579E-02  6.1572052401746728E-02
   2.6550218340611352E-02  6.1062590975254731E-02
   2.6273653566229987E-02  6.1455604075691415E-02
   2.5880640465793303E-02  6.1542940320232893E-02
   2.5283842794759825E-02  6.1630276564774378E-02
   2.4730713245997085E-02  6.1819505094614258E-02
   2.4235807860262009E-02  6.2110625909752547E-02
   2.3784570596797668E-02  6.2328966521106255E-02
   2.3187772925764190E-02  6.2605531295487626E-02
   2.2576419213973801E-02  6.2838427947598252E-02
   2.1804949053857350E-02  6.2925764192139744E-02
   2.1222707423580785E-02  6.2852983988355163E-02
   2.0742358078602620E-02  6.2649199417758372E-02
   2.0509461426491994E-02  6.2969432314410476E-02
   2.0145560407569138E-02  6.3216885007278012E-02
   1.9519650655021831E-02  6.3304221251819504E-02
   1.9010189228529841E-02  6.3420669577874816E-02
   1.8515283842794758E-02  6.3624454148471621E-02
   1.8093158660844249E-02  6.3871906841339157E-02
   1.7554585152838427E-02  6.4235807860262006E-02
   1.7205240174672488E-02  6.4133915574963604E-02
   1.6841339155749636E-02  6.3770014556040755E-02
   1.6622998544395921E-02  6.3333333333333325E-02
   1.6593886462882096E-02  6.2983988355167386E-02
   1.6506550218340608E-02  6.2649199417758372E-02
   1.6448326055312951E-02  6.2416302765647746E-02
   1.6462882096069869E-02  6.2154294032023279E-02
   1.6477438136826783E-02  6.1732168850072773E-02
   1.6622998544395921E-02  6.1266375545851522E-02
   1.6768558951965065E-02  6.1048034934497813E-02
   1.6841339155749636E-02  6.0582241630276562E-02
   1.6841339155749636E-02  6.0131004366812228E-02
   1.6986899563318777E-02  5.9767103347889372E-02
   1.7365356622998544E-02  5.9359534206695777E-02
   1.7845705967976709E-02  5.8442503639010185E-02
   1.8238719068413393E-02  5.7933042212518195E-02
   1.8267831149927218E-02  5.7641921397379912E-02
   1.8340611353711789E-02  5.7394468704512369E-02
   1.8719068413391556E-02  5.6870451237263461E-02
   1.8995633187772924E-02  5.6506550218340612E-02
   1.9461426491994175E-02  5.6229985443959241E-02
   1.9505094614264921E-02  5.5938864628820958E-02
   1.9606986899563316E-02  5.5473071324599707E-02
   1.9767103347889375E-02  5.4905385735080060E-02
   1.9941775836972344E-02  5.4410480349344974E-02
   2.0087336244541482E-02  5.4017467248908289E-02
   1.9839883551673945E-02  5.3770014556040753E-02
   1.9359534206695780E-02  5.3653566229985440E-02
   1.8951965065502185E-02  5.3493449781659382E-02
   1.8529839883551676E-02  5.3245997088791845E-02
   1.8107714701601163E-02  5.3013100436681219E-02
   1.7743813682678310E-02  5.2983988355167391E-02
   1.7117903930131004E-02  5.3144104803493443E-02
   1.6710334788937405E-02  5.2838427947598250E-02
   1.6360989810771470E-02  5.2547307132459968E-02
   1.5895196506550219E-02  5.2066957787481799E-02
   1.5647743813682675E-02  5.1572052401746726E-02
   1.5342066957787483E-02  5.1004366812227073E-02
   1.4861717612809314E-02  5.0189228529839883E-02
   1.4672489082969432E-02  4.9985443959243085E-02
   1.4250363901018921E-02  4.9985443959243085E-02
   1.3682678311499271E-02  5.0276564774381367E-02
   1.2983988355167394E-02  5.0451237263464337E-02
   1.2270742358078601E-02  5.0494905385735075E-02
   1.1906841339155748E-02  5.0596797671033478E-02
   1.1732168850072781E-02  5.0713245997088791E-02
   1.1208151382823871E-02  5.0596797671033478E-02
   1.0742358078602620E-02  5.0509461426491986E-02
   1.0189228529839882E-02  5.0320232896652106E-02
   1.0014556040756913E-02  4.9854439592430855E-02
   9.7525473071324604E-03  4.9315866084425036E-02
   9.3740902474526919E-03  4.8879184861717613E-02
   9.3304221251819495E-03  4.8413391557496362E-02
   9.3595342066957778E-03  4.8224163027656475E-02
   9.0975254730713238E-03  4.8064046579330423E-02
   8.6608442503639006E-03  4.7685589519650649E-02
   8.2823871906841321E-03  4.7190684133915570E-02
   8.0058224163027658E-03  4.6433770014556036E-02
   7.9184861717612812E-03  4.5953420669577874E-02
   7.6564774381368264E-03  4.5866084425036382E-02
   7.4090247452692866E-03  4.5953420669577874E-02
   6.8267831149927214E-03  4.6171761280931589E-02
   6.2154294032023289E-03  4.6419213973799126E-02
   5.8369723435225621E-03  4.6622998544395923E-02
   5.4730713245997086E-03  4.6885007278020377E-02
   5.2547307132459970E-03  4.7205240174672487E-02
   5.0218340611353704E-03  4.7219796215429398E-02
   4.2649199417758368E-03  4.7248908296943226E-02
   3.4934497816593883E-03  4.7481804949053859E-02
   2.9839883551673941E-03  4.7641921397379910E-02
   2.5327510917030564E-03  4.7874818049490536E-02
   2.3289665211062589E-03  4.8209606986899557E-02
   2.0815138282387186E-03  4.7976710334788931E-02
   1.7030567685589520E-03  4.7510917030567687E-02
   1.2809315866084423E-03  4.7234352256186315E-02
   1.0625909752547307E-03  4.6695778748180497E-02
   9.7525473071324604E-04  4.6098981077147008E-02
   1.1644832605531294E-03  4.5822416302765651E-02
   1.6448326055312954E-03  4.5793304221251815E-02
   1.5720524017467249E-03  4.5647743813682681E-02
   1.2809315866084423E-03  4.5123726346433767E-02
   1.2809315866084423E-03  4.4556040756914120E-02
   1.3391557496360989E-03  4.3988355167394466E-02
   1.2663755458515282E-03  4.3449781659388641E-02
   1.1499272197962153E-03  4.3435225618631730E-02
   7.5691411935953411E-04  4.3464337700145558E-02
   5.8224163027656472E-04  4.3260553129548761E-02
   2.6200873362445414E-04  4.2838427947598255E-02
   1.6011644832605529E-04  4.2343522561863169E-02
   2.6200873362445414E-04  4.1906841339155745E-02
   5.2401746724890829E-04  4.1441048034934494E-02
   8.2969432314410475E-04  4.0858806404657930E-02
   9.0247452692867540E-04  4.0407569141193589E-02
   6.4046579330422114E-04  4.0014556040756911E-02
   4.9490538573508007E-04  3.9810771470160114E-02
   1.3100436681222707E-04  3.9315866084425034E-02
  -7.2780203784570589E-05  3.9024745269286752E-02
  -3.3478893740902473E-04  3.8660844250363903E-02
  -6.2590975254730704E-04  3.8791848617176126E-02
  -1.3537117903930130E-03  3.8864628820960694E-02
  -2.0524017467248904E-03  3.8733624454148470E-02
  -3.0422125181950505E-03  3.8515283842794755E-02
  -3.5371179039301306E-03  3.8355167394468703E-02
  -3.9883551673944688E-03  3.8544395924308590E-02
  -4.3377001455604074E-03  3.8660844250363903E-02
  -4.7889374090247456E-03  3.8835516739446872E-02
  -5.1819505094614264E-03  3.9082969432314409E-02
  -5.5458515283842791E-03  3.9767103347889375E-02
  -5.9243085880640459E-03  4.0131004366812224E-02
  -6.5065502183406110E-03  4.0145560407569142E-02
  -7.0596797671033471E-03  4.0116448326055314E-02
  -7.8020378457059683E-03  3.9781659388646286E-02
  -8.1804949053857351E-03  3.9621542940320234E-02
  -8.4716157205240172E-03  3.9097525473071319E-02
  -8.7481804949053853E-03  3.8282387190684129E-02
  -9.0829694323144097E-03  3.7641921397379909E-02
  -9.2576419213973790E-03  3.7176128093158664E-02
  -9.4614264919941782E-03  3.7016011644832605E-02
  -9.6797671033478899E-03  3.6739446870451234E-02
  -9.9563318777292579E-03  3.6506550218340608E-02
  -1.0436681222707423E-02  3.6084425036390103E-02
  -1.0931586608442503E-02  3.5735080058224164E-02
  -1.0960698689956331E-02  3.5254730713245995E-02
  -1.0815138282387190E-02  3.4788937409024744E-02
  -1.0669577874818049E-02  3.4410480349344977E-02
  -1.0596797671033479E-02  3.4279475982532746E-02
  -1.0756914119359534E-02  3.4177583697234351E-02
  -1.1062590975254730E-02  3.3915574963609897E-02
  -1.1557496360989811E-02  3.3493449781659392E-02
  -1.2052401746724889E-02  3.2925764192139738E-02
  -1.2168850072780202E-02  3.2547307132459964E-02
  -1.2227074235807859E-02  3.1877729257641922E-02
  -1.1994177583697233E-02  3.0931586608442502E-02
  -1.1863173216885006E-02  3.0698689956331876E-02
  -1.1542940320232897E-02  2.9970887918486174E-02
  -1.1106259097525472E-02  2.9621542940320232E-02
  -1.0655021834061135E-02  2.9548762736535658E-02
  -1.0800582241630276E-02  2.9272197962154294E-02
  -1.0960698689956331E-02  2.8893740902474523E-02
  -1.1004366812227074E-02  2.8850072780203784E-02
  -1.0553129548762736E-02  2.8879184861717613E-02
  -9.9563318777292579E-03  2.8879184861717613E-02
  -9.5196506550218347E-03  2.8748180494905386E-02
  -9.0829694323144097E-03  2.8573508005822416E-02
  -8.5007278020378454E-03  2.8588064046579331E-02
  -8.1368267831149928E-03  2.9068413391557493E-02
  -8.1804949053857351E-03  2.8675400291120815E-02
  -8.3551673944687026E-03  2.8209606986899560E-02
  -8.4279475982532749E-03  2.7540029112081511E-02
  -8.4425036390101890E-03  2.7394468704512374E-02
  -8.6754002911208147E-03  2.7132459970887916E-02
  -9.1120815138282379E-03  2.6724890829694321E-02
  -9.3449781659388637E-03  2.6331877729257644E-02
  -9.5778748180494911E-03  2.5793304221251818E-02
  -9.5924308588064052E-03  2.5065502183406113E-02
  -9.6506550218340616E-03  2.4570596797671030E-02
  -9.7234352256186322E-03  2.4032023289665212E-02
  -9.8835516739446874E-03  2.3697234352256187E-02
  -1.0262008733624452E-02  2.3129548762736533E-02
  -1.0509461426491994E-02  2.2969432314410478E-02
  -1.0946142649199417E-02  2.2634643377001457E-02
  -1.1513828238719069E-02  2.1746724890829693E-02
  -1.1950509461426491E-02  2.1324599708879184E-02
  -1.2547307132459971E-02  2.0815138282387190E-02
  -1.3013100436681222E-02  2.0393013100436681E-02
  -1.3347889374090248E-02  1.9708879184861718E-02
  -1.3318777292576418E-02  1.9272197962154295E-02
  -1.3304221251819504E-02  1.8922852983988356E-02
  -1.3362445414847162E-02  1.8573508005822414E-02
  -1.3391557496360991E-02  1.8209606986899562E-02
  -1.3551673944687046E-02  1.7831149927219798E-02
  -1.3668122270742357E-02  1.7409024745269286E-02
  -1.3624454148471616E-02  1.6972343522561863E-02
  -1.3493449781659389E-02  1.6477438136826783E-02
  -1.3333333333333332E-02  1.6098981077147016E-02
  -1.2896652110625909E-02  1.5924308588064047E-02
  -1.2605531295487627E-02  1.5589519650655021E-02
  -1.2518195050946142E-02  1.5109170305676855E-02
  -1.2489082969432314E-02  1.4483260553129549E-02
  -1.2445414847161572E-02  1.4104803493449780E-02
  -1.2227074235807859E-02  1.3770014556040756E-02
  -1.2197962154294030E-02  1.3697234352256185E-02
  -1.2474526928675400E-02  1.3377001455604077E-02
  -1.2561863173216885E-02  1.3129548762736535E-02
  -1.2430858806404658E-02  1.2649199417758369E-02
  -1.2241630276564773E-02  1.2139737991266374E-02
  -1.2183406113537116E-02  1.1746724890829695E-02
  -1.2314410480349343E-02  1.1513828238719069E-02
  -1.2459970887918486E-02  1.1033478893740902E-02
  -1.2256186317321687E-02  1.0407569141193595E-02
  -1.1790393013100437E-02  9.7671033478893745E-03
  -1.1688500727802038E-02  9.7379912663755463E-03
  -1.1877729257641920E-02  9.2430858806404649E-03
  -1.1673944687045124E-02  8.7772925764192135E-03
  -1.2023289665211061E-02  8.4716157205240172E-03
  -1.2183406113537116E-02  8.2823871906841321E-03
  -1.2285298398835515E-02  7.7874818049490542E-03
  -1.1877729257641920E-02  7.1470160116448326E-03
  -1.1484716157205241E-02  6.3027656477438136E-03
  -1.1048034934497816E-02  5.6914119359534211E-03
  -1.1193595342066957E-02  5.3275109170305675E-03
  -1.1455604075691413E-02  5.0946142649199409E-03
  -1.1542940320232897E-02  4.4978165938864625E-03
  -1.1513828238719069E-02  3.9883551673944688E-03
  -1.1892285298398834E-02  3.4934497816593883E-03
  -1.2037845705967975E-02  3.0276564774381364E-03
  -1.2547307132459971E-02  2.7219796215429402E-03
  -1.2751091703056768E-02  2.3871906841339157E-03
  -1.2940320232896652E-02  2.0669577874818045E-03
  -1.2896652110625909E-02  1.4701601164483261E-03
  -1.2634643377001455E-02  1.1353711790393012E-03
  -1.2503639010189228E-02  6.9868995633187768E-04
  -1.2590975254730713E-02  1.6011644832605529E-04
  -1.2649199417758369E-02 -3.3478893740902473E-04
  -1.2634643377001455E-02 -8.7336244541484707E-04
  -1.2532751091703057E-02 -1.1644832605531294E-03
  -1.2780203784570596E-02 -1.2518195050946141E-03
  -1.3013100436681222E-02 -1.4992721979621541E-03
  -1.3216885007278020E-02 -1.9068413391557495E-03
  -1.3362445414847162E-02 -2.1834061135371178E-03
  -1.3609898107714702E-02 -2.8384279475982530E-03
  -1.3726346433770013E-02 -3.1295487627365356E-03
  -1.4046579330422124E-02 -3.4643377001455601E-03
  -1.4221251819505093E-02 -3.7554585152838427E-03
  -1.4366812227074236E-02 -4.4541484716157202E-03
  -1.4352256186317322E-02 -4.9927219796215431E-03
  -1.4308588064046579E-02 -5.4730713245997086E-03
  -1.4410480349344978E-02 -5.8515283842794762E-03
  -1.4585152838427947E-02 -6.3901018922852982E-03
  -1.4570596797671032E-02 -7.1179039301310035E-03
  -1.4556040756914119E-02 -7.6273653566229982E-03
  -1.4439592430858806E-02 -8.1804949053857351E-03
  -1.4221251819505093E-02 -8.8500727802037840E-03
  -1.4002911208151381E-02 -9.3740902474526919E-03
  -1.3871906841339154E-02 -9.7234352256186322E-03
  -1.3668122270742357E-02 -1.0160116448326054E-02
  -1.3420669577874819E-02 -1.0567685589519650E-02
  -1.3275109170305676E-02 -1.0786026200873362E-02
  -1.3406113537117905E-02 -1.1048034934497816E-02
  -1.3755458515283842E-02 -1.1222707423580785E-02
  -1.3901018922852983E-02 -1.1615720524017468E-02
  -1.4133915574963608E-02 -1.1892285298398834E-02
  -1.4439592430858806E-02 -1.2168850072780202E-02
  -1.4745269286754001E-02 -1.2561863173216885E-02
  -1.5283842794759825E-02 -1.3071324599708879E-02
  -1.5531295487627364E-02 -1.3493449781659389E-02
  -1.5618631732168849E-02 -1.4032023289665210E-02
  -1.5662299854439593E-02 -1.4425036390101892E-02
  -1.5880640465793305E-02 -1.4745269286754001E-02
  -1.6390101892285295E-02 -1.5225618631732168E-02
  -1.6608442503639010E-02 -1.5574963609898108E-02
  -1.6710334788937405E-02 -1.5851528384279476E-02
  -1.6870451237263464E-02 -1.6419213973799127E-02
  -1.6928675400291120E-02 -1.7030567685589519E-02
  -1.7030567685589519E-02 -1.7612809315866083E-02
  -1.7147016011644832E-02 -1.8238719068413393E-02
  -1.7161572052401746E-02 -1.8617176128093157E-02
  -1.6826783114992722E-02 -1.9053857350800580E-02
  -1.6244541484716157E-02 -1.8879184861717611E-02
  -1.5342066957787483E-02 -1.8879184861717611E-02
  -1.4716157205240173E-02 -1.8879184861717611E-02
  -1.3973799126637553E-02 -1.8864628820960700E-02
  -1.3973799126637553E-02 -1.9213973799126639E-02
  -1.3653566229985443E-02 -1.9403202328966519E-02
  -1.3231441048034934E-02 -1.9839883551673945E-02
  -1.3100436681222707E-02 -2.0975254730713246E-02
  -1.3042212518195050E-02 -2.1455604075691411E-02
  -1.2765647743813682E-02 -2.1979621542940319E-02
  -1.2692867540029112E-02 -2.2241630276564773E-02
  -1.2634643377001455E-02 -2.2780203784570595E-02
  -1.2401746724890830E-02 -2.3391557496360987E-02
  -1.2387190684133915E-02 -2.3784570596797668E-02
  -1.1775836972343523E-02 -2.4264919941775837E-02
  -1.1368267831149928E-02 -2.4643377001455604E-02
  -1.0960698689956331E-02 -2.4774381368267831E-02
  -1.0524017467248908E-02 -2.5269286754002911E-02
  -1.0116448326055311E-02 -2.5502183406113536E-02
  -9.6215429403202334E-03 -2.5502183406113536E-02
  -9.2576419213973790E-03 -2.5778748180494904E-02
  -8.8791848617176122E-03 -2.6098981077147018E-02
  -8.3988355167394467E-03 -2.6462882096069867E-02
  -7.8020378457059683E-03 -2.6506550218340610E-02
  -7.5982532751091699E-03 -2.6506550218340610E-02
  -7.3508005822416301E-03 -2.6637554585152837E-02
  -6.9432314410480343E-03 -2.6797671033478892E-02
  -6.6375545851528380E-03 -2.6768558951965064E-02
  -6.6812227074235812E-03 -2.6215429403202331E-02
  -6.7248908296943235E-03 -2.5764192139737990E-02
  -6.8704512372634637E-03 -2.5211062590975254E-02
  -6.8267831149927214E-03 -2.4657933042212518E-02
  -6.5647743813682675E-03 -2.4250363901018920E-02
  -6.3755458515283841E-03 -2.3435225618631730E-02
  -6.1280931586608434E-03 -2.2794759825327509E-02
  -5.8369723435225621E-03 -2.2241630276564773E-02
  -5.3857350800582239E-03 -2.1863173216885006E-02
  -5.6331877729257638E-03 -2.2532751091703055E-02
  -5.7933042212518198E-03 -2.3406113537117905E-02
  -5.5167394468704509E-03 -2.4192139737991263E-02
  -5.2983988355167393E-03 -2.4701601164483260E-02
  -5.0946142649199409E-03 -2.5036390101892285E-02
  -4.8180494905385738E-03 -2.5254730713245993E-02
  -4.4687045123726343E-03 -2.5676855895196506E-02
  -4.2794759825327509E-03 -2.6084425036390101E-02
  -3.7409024745269285E-03 -2.6346433770014555E-02
  -3.3478893740902477E-03 -2.6622998544395923E-02
  -2.6928675400291120E-03 -2.6812227074235809E-02
  -2.7365356622998543E-03 -2.7088791848617174E-02
  -2.4890829694323145E-03 -2.7656477438136824E-02
  -2.2125181950509460E-03 -2.8020378457059680E-02
  -1.5574963609898108E-03 -2.8267831149927217E-02
  -1.3100436681222707E-03 -2.8122270742358076E-02
  -1.1353711790393012E-03 -2.7598253275109168E-02
  -1.0917030567685589E-03 -2.7307132459970886E-02
  -7.2780203784570600E-04 -2.7583697234352254E-02
  -2.9112081513828236E-04 -2.8165938864628821E-02
  -2.9112081513828238E-05 -2.8544395924308585E-02
   4.9490538573508007E-04 -2.8879184861717613E-02
   1.1353711790393012E-03 -2.8951965065502180E-02
   1.7903930131004367E-03 -2.8951965065502180E-02
   2.4454148471615722E-03 -2.8981077147016011E-02
   2.7510917030567684E-03 -2.9490538573508002E-02
   2.7656477438136825E-03 -2.9999999999999999E-02
   2.7656477438136825E-03 -3.0946142649199416E-02
   2.7802037845705966E-03 -3.1499272197962155E-02
   2.8529839883551676E-03 -3.2096069868995630E-02
   3.0858806404657933E-03 -3.2547307132459964E-02
   3.4934497816593883E-03 -3.2911208151382827E-02
   3.8719068413391559E-03 -3.3318777292576422E-02
   4.2358078602620086E-03 -3.3726346433770017E-02
   4.5705967976710331E-03 -3.3886462882096069E-02
   5.0363901018922845E-03 -3.3915574963609897E-02
   5.2547307132459970E-03 -3.3915574963609897E-02
   5.4876273653566227E-03 -3.4323144104803492E-02
   5.9243085880640459E-03 -3.5007278020378459E-02
   6.2882096069868994E-03 -3.5196506550218339E-02
   6.5211062590975252E-03 -3.5531295487627360E-02
   7.0305676855895189E-03 -3.5705967976710329E-02
   7.5109170305676853E-03 -3.6055312954876267E-02
   8.0640465793304222E-03 -3.6128093158660848E-02
   8.4570596797671031E-03 -3.6011644832605536E-02
   8.6026200873362442E-03 -3.5385735080058225E-02
   8.8355167394468699E-03 -3.4701601164483259E-02
   8.9228529839883546E-03 -3.4017467248908299E-02
   8.9956331877729251E-03 -3.3682678311499271E-02
   9.1848617176128085E-03 -3.4017467248908299E-02
   9.5342066957787488E-03 -3.4308588064046582E-02
   9.9126637554585156E-03 -3.4585152838427946E-02
   1.0029112081513827E-02 -3.5050946142649198E-02
   1.0334788937409023E-02 -3.5705967976710329E-02
   1.0596797671033479E-02 -3.5997088791848611E-02
   1.0917030567685589E-02 -3.5822416302765642E-02
   1.1004366812227074E-02 -3.5109170305676854E-02
   1.1120815138282386E-02 -3.4570596797671035E-02
   1.1557496360989811E-02 -3.3988355167394464E-02
   1.1775836972343523E-02 -3.3551673944687048E-02
   1.1921397379912662E-02 -3.2954876273653566E-02
   1.2008733624454147E-02 -3.2634643377001456E-02
   1.2343522561863173E-02 -3.1994177583697235E-02
   1.2547307132459971E-02 -3.1630276564774379E-02
   1.2852983988355167E-02 -3.1368267831149925E-02
   1.3231441048034934E-02 -3.1542940320232894E-02
   1.3639010189228530E-02 -3.1703056768558953E-02
   1.4352256186317322E-02 -3.1732168850072781E-02
   1.4716157205240173E-02 -3.1877729257641922E-02
   1.4992721979621542E-02 -3.2328966521106256E-02
   1.5458515283842796E-02 -3.2649199417758366E-02
   1.5967976710334789E-02 -3.2867540029112081E-02
   1.6331877729257639E-02 -3.3056768558951961E-02
   1.6754002911208151E-02 -3.3449781659388646E-02
   1.7103347889374090E-02 -3.3842794759825330E-02
   1.7350800582241629E-02 -3.4366812227074231E-02
   1.7772925764192139E-02 -3.4963609898107713E-02
   1.7991266375545850E-02 -3.5487627365356621E-02
   1.8398835516739445E-02 -3.5938864628820955E-02
   1.9301310043668123E-02 -3.6593886462882100E-02
   1.9577874818049488E-02 -3.6885007278020375E-02
   1.9868995633187773E-02 -3.7248908296943231E-02
   2.0451237263464338E-02 -3.7802037845705967E-02
   2.0582241630276561E-02 -3.8296943231441047E-02
   2.0727802037845706E-02 -3.8981077147016006E-02
   2.0771470160116448E-02 -3.9548762736535660E-02
   2.0931586608442503E-02 -4.0131004366812224E-02
   2.1382823871906837E-02 -4.0465793304221252E-02
   2.1790393013100436E-02 -4.0698689956331878E-02
   2.2343522561863175E-02 -4.0727802037845706E-02
   2.2809315866084423E-02 -4.0698689956331878E-02
   2.3333333333333331E-02 -4.0538573508005826E-02
   2.3740902474526929E-02 -4.0451237263464335E-02
   2.4512372634643377E-02 -4.0160116448326053E-02
   2.5007278020378457E-02 -3.9388646288209601E-02
   2.5269286754002911E-02 -3.9505094614264921E-02
   2.5502183406113536E-02 -3.9912663755458516E-02
   2.5938864628820960E-02 -4.0189228529839881E-02
   2.6550218340611352E-02 -4.0538573508005826E-02
   2.7045123726346435E-02 -4.0887918486171765E-02
   2.7714701601164481E-02 -4.1572052401746724E-02
   2.8093158660844251E-02 -4.1630276564774381E-02
   2.8384279475982530E-02 -4.1251819505094614E-02
   2.8646288209606987E-02 -4.0771470160116452E-02
   2.9112081513828238E-02 -4.0640465793304215E-02
   2.9388646288209606E-02 -4.0451237263464335E-02
   2.9737991266375548E-02 -4.0087336244541485E-02
   3.0058224163027655E-02 -3.9534206695778749E-02
   3.0131004366812222E-02 -3.8951965065502185E-02
   2.9985443959243085E-02 -3.8238719068413383E-02
   2.9883551673944686E-02 -3.7671033478893744E-02
   2.9970887918486174E-02 -3.7190684133915575E-02
   3.0174672489082968E-02 -3.6593886462882100E-02
   3.0291120815138281E-02 -3.5982532751091700E-02
   3.0524017467248907E-02 -3.5181950509461421E-02
   3.0727802037845708E-02 -3.5254730713245995E-02
   3.0756914119359532E-02 -3.5647743813682672E-02
   3.0698689956331876E-02 -3.6157205240174670E-02
   3.0931586608442502E-02 -3.5836972343522566E-02
   3.1091703056768560E-02 -3.5269286754002913E-02
   3.1717612809315864E-02 -3.4541484716157207E-02
   3.2008733624454146E-02 -3.4308588064046582E-02
   3.2241630276564771E-02 -3.4803493449781661E-02
   3.2474526928675397E-02 -3.5240174672489077E-02
   3.3435225618631735E-02 -3.5676855895196508E-02
   3.3784570596797674E-02 -3.5967976710334790E-02
   3.3973799126637554E-02 -3.6462882096069869E-02
   3.4133915574963605E-02 -3.7205240174672485E-02
   3.4454148471615716E-02 -3.8034934497816593E-02
   3.4425036390101894E-02 -3.8529839883551673E-02
   3.4410480349344977E-02 -3.9024745269286752E-02
   3.4570596797671035E-02 -3.9592430858806399E-02
   3.4759825327510915E-02 -4.0116448326055314E-02
   3.4905385735080056E-02 -4.0742358078602617E-02
   3.4992721979621541E-02 -4.1324599708879181E-02
   3.5298398835516734E-02 -4.1732168850072776E-02
   3.6040756914119357E-02 -4.2052401746724893E-02
   3.6579330422125182E-02 -4.2867540029112076E-02
   3.6841339155749636E-02 -4.3245997088791850E-02
   3.7030567685589516E-02 -4.3639010189228535E-02
   3.7656477438136819E-02 -4.3566229985443954E-02
   3.8107714701601160E-02 -4.2751091703056771E-02
   3.8253275109170308E-02 -4.2125181950509460E-02
   3.8355167394468703E-02 -4.1426491994177583E-02
   3.8937409024745268E-02 -4.0917030567685586E-02
   3.9199417758369721E-02 -3.9868995633187770E-02
   3.9636098981077145E-02 -3.8544395924308590E-02
   4.0029112081513829E-02 -3.7379912663755455E-02
   4.0174672489082963E-02 -3.6637554585152839E-02
   4.0451237263464335E-02 -3.5589519650655016E-02
   4.0684133915574960E-02 -3.4803493449781661E-02
   4.0917030567685586E-02 -3.4061135371179038E-02
   4.1179039301310040E-02 -3.2823871906841336E-02
   4.1382823871906838E-02 -3.2212518195050943E-02
   4.1601164483260553E-02 -3.1397379912663753E-02
   4.1775836972343522E-02 -3.0727802037845708E-02
   4.2052401746724893E-02 -3.0276564774381367E-02
   4.2401746724890832E-02 -2.9825327510917030E-02
   4.2605531295487629E-02 -3.0276564774381367E-02
   4.5764192139737994E-02 -3.1149927219796217E-02
   4.9068413391557493E-02 -3.1746724890829692E-02
   4.8879184861717613E-02 -3.1979621542940317E-02
   4.8617176128093152E-02 -3.2314410480349345E-02
   4.8471615720524018E-02 -3.2809315866084425E-02
   4.8340611353711788E-02 -3.3158660844250364E-02
   4.8296943231441049E-02 -3.3566229985443959E-02
   4.8136826783114990E-02 -3.4104803493449777E-02
   4.8078602620087334E-02 -3.4468704512372633E-02
   4.7933042212518193E-02 -3.4992721979621541E-02
   4.7874818049490536E-02 -3.5356622998544390E-02
   4.7554585152838426E-02 -3.5851528384279477E-02
   4.7176128093158659E-02 -3.6404657933042206E-02
   4.6957787481804944E-02 -3.6870451237263464E-02
   4.6754002911208153E-02 -3.7248908296943231E-02
   4.6564774381368267E-02 -3.7671033478893744E-02
   4.6273653566229984E-02 -3.8224163027656473E-02
   4.6026200873362441E-02 -3.8864628820960694E-02
   4.5909752547307128E-02 -3.9330422125181945E-02
   4.5720524017467248E-02 -3.9985443959243083E-02
   4.5705967976710338E-02 -4.0713245997088796E-02
   4.5662299854439592E-02 -4.1208151382823868E-02
   4.5574963609898107E-02 -4.1921397379912663E-02
   4.5429403202328966E-02 -4.2430858806404653E-02
   4.5269286754002908E-02 -4.2882096069868987E-02
   4.5240174672489079E-02 -4.3187772925764194E-02
   4.5327510917030564E-02 -4.3770014556040758E-02
   4.5604075691411936E-02 -4.4017467248908294E-02
   4.5895196506550218E-02 -4.4425036390101889E-02
   4.6375545851528380E-02 -4.5414847161572049E-02
   4.6506550218340610E-02 -4.5807860262008726E-02
   4.6797671033478892E-02 -4.6186317321688500E-02
   4.7263464337700144E-02 -4.6622998544395923E-02
   4.7860262008733619E-02 -4.6957787481804944E-02
   4.8253275109170303E-02 -4.7205240174672487E-02
   4.8413391557496362E-02 -4.7627365356623000E-02
   4.8777292576419211E-02 -4.7933042212518193E-02
   4.8981077147016015E-02 -4.8355167394468705E-02
   4.9286754002911208E-02 -4.8908296943231434E-02
   4.9548762736535662E-02 -4.9344978165938864E-02
   4.9825327510917027E-02 -4.9767103347889370E-02
   5.0116448326055309E-02 -4.9999999999999996E-02
   5.0669577874818045E-02 -4.9898107714701601E-02
   5.1251819505094609E-02 -4.9970887918486168E-02
   5.1324599708879183E-02 -4.9606986899563318E-02
   5.1441048034934496E-02 -4.9068413391557493E-02
   5.1732168850072785E-02 -4.8427947598253272E-02
   5.1892285298398830E-02 -4.7612809315866082E-02
   5.1950509461426486E-02 -4.6521106259097528E-02
   5.2197962154294029E-02 -4.6040756914119352E-02
   5.2649199417758370E-02 -4.5385735080058220E-02
   5.2940320232896652E-02 -4.4949053857350797E-02
   5.3042212518195048E-02 -4.4745269286754000E-02
   5.3144104803493443E-02 -4.3973799126637549E-02
   5.3231441048034935E-02 -4.3333333333333328E-02
   5.3406113537117904E-02 -4.2489082969432317E-02
   5.3595342066957784E-02 -4.1761280931586604E-02
   5.3740902474526932E-02 -4.0713245997088796E-02
   5.3915574963609894E-02 -4.0232896652110627E-02
   5.4090247452692870E-02 -3.9679767103347890E-02
   5.4425036390101891E-02 -3.8864628820960694E-02
   5.4657933042212517E-02 -3.8253275109170308E-02
   5.4745269286754002E-02 -3.7700145560407565E-02
   5.4934497816593882E-02 -3.6797671033478890E-02
   5.5414847161572051E-02 -3.6157205240174670E-02
   5.5749636098981079E-02 -3.5691411935953418E-02
   5.5836972343522556E-02 -3.5065502183406108E-02
   5.5895196506550213E-02 -3.4585152838427946E-02
   5.5967976710334780E-02 -3.4133915574963605E-02
   5.6128093158660838E-02 -3.3784570596797674E-02
   5.6229985443959241E-02 -3.3449781659388646E-02
   5.6928675400291118E-02 -3.3828238719068413E-02
   6.1048034934497813E-02 -3.4628820960698692E-02
   6.4308588064046573E-02 -3.5371179039301308E-02
   6.5735080058224163E-02 -3.5371179039301308E-02
   6.5676855895196506E-02 -3.5633187772925762E-02
   6.5560407569141180E-02 -3.6215429403202326E-02
   6.5502183406113537E-02 -3.6855895196506547E-02
   6.5356622998544403E-02 -3.7409024745269283E-02
   6.5254730713245987E-02 -3.7860262008733624E-02
   6.5138282387190674E-02 -3.8427947598253277E-02
   6.5065502183406107E-02 -3.8748180494905381E-02
   6.4745269286754004E-02 -3.8748180494905381E-02
   6.4192139737991261E-02 -3.8748180494905381E-02
   6.3493449781659383E-02 -3.8791848617176126E-02
   6.3129548762736534E-02 -3.8922852983988350E-02
   6.2751091703056761E-02 -3.9010189228529842E-02
   6.2241630276564770E-02 -3.9475982532751086E-02
   6.1979621542940316E-02 -3.9694323144104801E-02
   6.1848617176128086E-02 -4.0218340611353709E-02
   6.1834061135371182E-02 -4.0727802037845706E-02
   6.1892285298398832E-02 -4.1441048034934494E-02
   6.2081513828238712E-02 -4.1819505094614268E-02
   6.2256186317321688E-02 -4.2037845705967976E-02
   6.2285298398835516E-02 -4.2299854439592430E-02
   6.2227074235807860E-02 -4.2678311499272197E-02
   6.2197962154294024E-02 -4.3289665211062589E-02
   6.2328966521106255E-02 -4.3740902474526923E-02
   6.2459970887918492E-02 -4.4192139737991264E-02
   6.2678311499272193E-02 -4.4483260553129546E-02
   6.3056768558951967E-02 -4.4890829694323141E-02
   6.3508005822416294E-02 -4.5240174672489079E-02
   6.3799126637554576E-02 -4.5691411935953420E-02
   6.3988355167394470E-02 -4.6244541484716156E-02
   6.4366812227074230E-02 -4.6462882096069871E-02
   6.4832605531295481E-02 -4.6695778748180497E-02
   6.5152838427947599E-02 -4.7001455604075690E-02
   6.5400291120815135E-02 -4.7292576419213972E-02
   6.5691411935953417E-02 -4.7656477438136828E-02
   6.5909752547307132E-02 -4.7423580786026202E-02
   6.6259097525473057E-02 -4.7132459970887913E-02
   6.6535662299854428E-02 -4.6681222707423579E-02
   6.6797671033478903E-02 -4.6011644832605531E-02
   6.6972343522561859E-02 -4.5283842794759825E-02
   6.7045123726346426E-02 -4.4803493449781656E-02
   6.7292576419213976E-02 -4.3901018922852982E-02
   6.7569141193595347E-02 -4.3333333333333328E-02
   6.7860262008733616E-02 -4.2925764192139733E-02
   6.8195050946142657E-02 -4.2590975254730712E-02
   6.8660844250363895E-02 -4.2459970887918481E-02
   6.8908296943231431E-02 -4.2154294032023289E-02
   6.9010189228529834E-02 -4.1644832605531291E-02
   6.9112081513828236E-02 -4.1120815138282391E-02
   6.9228529839883549E-02 -4.0407569141193589E-02
   6.9243085880640459E-02 -3.9796215429403203E-02
   6.9490538573508009E-02 -3.9082969432314409E-02
   6.9563318777292577E-02 -3.8384279475982531E-02
   6.9606986899563322E-02 -3.7845705967976713E-02
   6.9781659388646292E-02 -3.7307132459970881E-02
   6.9912663755458515E-02 -3.6622998544395921E-02
   7.2663755458515278E-02 -3.6943231441048038E-02
   7.7103347889374077E-02 -3.7685589519650654E-02
   7.7452692867540016E-02 -3.8136826783114995E-02
   7.7641921397379909E-02 -3.8471615720524016E-02
   7.7802037845705968E-02 -3.8791848617176126E-02
   7.7991266375545848E-02 -3.9141193595342065E-02
   7.8267831149927219E-02 -3.9475982532751086E-02
   7.8529839883551666E-02 -3.9927219796215427E-02
   7.8864628820960694E-02 -4.0553129548762737E-02
   7.9228529839883544E-02 -4.0917030567685586E-02
   7.9548762736535661E-02 -4.1179039301310040E-02
   7.9636098981077139E-02 -4.1761280931586604E-02
   7.9767103347889376E-02 -4.2256186317321684E-02
   7.9883551673944675E-02 -4.2649199417758368E-02
   8.0101892285298404E-02 -4.3245997088791850E-02
   8.0203784570596792E-02 -4.3682678311499266E-02
   8.0291120815138284E-02 -4.4133915574963607E-02
   8.0480349344978164E-02 -4.4570596797671030E-02
   8.0756914119359535E-02 -4.4847161572052402E-02
   8.1033478893740907E-02 -4.5443959243085877E-02
   8.1193595342066965E-02 -4.6055312954876276E-02
   8.1644832605531292E-02 -4.7001455604075690E-02
   8.1775836972343530E-02 -4.7438136826783113E-02
   8.2139737991266365E-02 -4.7772925764192141E-02
   8.2620087336244541E-02 -4.7874818049490536E-02
   8.2852983988355167E-02 -4.7816593886462880E-02
   8.3013100436681225E-02 -4.7583697234352254E-02
   8.2823871906841331E-02 -4.7263464337700144E-02
   8.2605531295487616E-02 -4.6957787481804944E-02
   8.2212518195050932E-02 -4.6390101892285297E-02
   8.2008733624454155E-02 -4.6113537117903933E-02
   8.1819505094614262E-02 -4.5662299854439592E-02
   8.2096069868995619E-02 -4.5167394468704512E-02
   8.2299854439592424E-02 -4.4759825327510917E-02
   8.2649199417758362E-02 -4.4206695778748174E-02
   8.2882096069868988E-02 -4.3755458515283840E-02
   8.3129548762736538E-02 -4.3362445414847163E-02
   8.3144104803493449E-02 -4.2794759825327509E-02
   8.2969432314410480E-02 -4.1965065502183402E-02
   8.2721979621542929E-02 -4.1062590975254727E-02
   8.2489082969432304E-02 -4.0393013100436678E-02
   8.2459970887918482E-02 -3.9767103347889375E-02
   8.2765647743813675E-02 -3.9213973799126632E-02
   8.3085880640465792E-02 -3.8748180494905381E-02
   8.3944687045123728E-02 -3.9053857350800580E-02
   8.4759825327510918E-02 -3.9228529839883550E-02
   8.6768558951965072E-02 -3.9505094614264921E-02
   8.6652110625909759E-02 -3.9883551673944688E-02
   8.6448326055312955E-02 -4.0451237263464335E-02
   8.6273653566229971E-02 -4.1048034934497810E-02
   8.6229985443959239E-02 -4.1615720524017463E-02
   8.6098981077147016E-02 -4.2110625909752543E-02
   8.6244541484716150E-02 -4.2809315866084420E-02
   8.6346433770014552E-02 -4.3347889374090245E-02
   8.6521106259097522E-02 -4.3944687045123727E-02
   8.6681222707423580E-02 -4.4483260553129546E-02
   8.6885007278020385E-02 -4.4963609898107715E-02
   8.7016011644832594E-02 -4.5531295487627368E-02
   8.6855895196506536E-02 -4.6084425036390098E-02
   8.6768558951965072E-02 -4.6579330422125184E-02
   8.6768558951965072E-02 -4.7307132459970883E-02
   8.6783114992721969E-02 -4.7889374090247454E-02
   8.6826783114992714E-02 -4.8500727802037839E-02
   8.6972343522561849E-02 -4.9228529839883552E-02
   8.7030567685589519E-02 -4.9606986899563318E-02
   8.7045123726346429E-02 -5.0116448326055309E-02
   8.7176128093158653E-02 -5.0494905385735075E-02
   8.7438136826783100E-02 -5.0917030567685588E-02
   8.7525473071324592E-02 -5.1222707423580788E-02
   8.7583697234352262E-02 -5.1775836972343517E-02
   8.7612809315866083E-02 -5.2343522561863171E-02
   8.7671033478893740E-02 -5.2852983988355168E-02
   8.8122270742358080E-02 -5.3144104803493443E-02
   8.8457059679767094E-02 -5.3085880640465793E-02
   8.8806404657933033E-02 -5.2692867540029109E-02
   8.9068413391557494E-02 -5.2270742358078603E-02
   8.9257641921397374E-02 -5.2052401746724888E-02
   8.9301310043668120E-02 -5.1484716157205235E-02
   8.9374090247452687E-02 -5.0655021834061134E-02
   8.9403202328966522E-02 -5.0131004366812226E-02
   8.9344978165938865E-02 -4.9534206695778744E-02
   8.9330422125181955E-02 -4.8791848617176121E-02
   8.9359534206695776E-02 -4.8195050946142647E-02
   8.9388646288209597E-02 -4.7772925764192141E-02
   8.9432314410480343E-02 -4.6943231441048033E-02
   8.9563318777292567E-02 -4.6011644832605531E-02
   8.9665211062590969E-02 -4.5385735080058220E-02
   8.9737991266375536E-02 -4.4832605531295484E-02
   8.9985443959243086E-02 -4.4294032023289666E-02
   9.0101892285298399E-02 -4.3770014556040758E-02
   9.0218340611353712E-02 -4.3231441048034926E-02
   8.9970887918486175E-02 -4.2925764192139733E-02
   8.9708879184861715E-02 -4.2445414847161571E-02
   8.9475982532751089E-02 -4.1979621542940319E-02
   8.9417758369723432E-02 -4.1397379912663755E-02
   8.9417758369723432E-02 -4.0786026200873363E-02
   8.9417758369723432E-02 -4.0553129548762737E-02
   8.9519650655021835E-02 -4.0189228529839881E-02
   8.9825327510917027E-02 -3.9825327510917025E-02
   9.4788937409024748E-02 -4.0713245997088796E-02
   9.9257641921397369E-02 -4.1470160116448329E-02
   0.1044978165938865     -4.2343522561863169E-02
   0.1069868995633188     -4.2896652110625912E-02
   0.1069723435225619     -4.3289665211062589E-02
   0.1069723435225619     -4.3508005822416297E-02
   0.1070742358078603     -4.3886462882096071E-02
   0.1071906841339156     -4.4221251819505092E-02
   0.1073216885007278     -4.4599708879184859E-02
   0.1075400291120815     -4.4876273653566230E-02
   0.1076564774381368     -4.5225618631732169E-02
   0.1077001455604076     -4.5676855895196503E-02
   0.1077438136826783     -4.6084425036390098E-02
   0.1079184861717613     -4.6768558951965064E-02
   0.1080349344978166     -4.7205240174672487E-02
   0.1081804949053857     -4.7772925764192141E-02
   0.1084425036390102     -4.8253275109170303E-02
   0.1087336244541485     -4.8573508005822420E-02
   0.1091557496360990     -4.8835516739446867E-02
   0.1094177583697234     -4.9141193595342060E-02
   0.1094759825327511     -4.9854439592430855E-02
   0.1094905385735080     -5.0407569141193598E-02
   0.1095924308588064     -5.0669577874818045E-02
   0.1098544395924309     -5.0800582241630275E-02
   0.1102620087336244     -5.0858806404657925E-02
   0.1102911208151383     -5.0567685589519649E-02
   0.1102183406113537     -5.0160116448326054E-02
   0.1101164483260553     -4.9519650655021834E-02
   0.1101018922852984     -4.9068413391557493E-02
   0.1101601164483260     -4.8442503639010183E-02
   0.1103347889374090     -4.8093158660844244E-02
   0.1103930131004367     -4.7467248908296941E-02
   0.1104075691411936     -4.7001455604075690E-02
   0.1103347889374090     -4.6113537117903933E-02
   0.1102620087336244     -4.5560407569141190E-02
   0.1102183406113537     -4.5021834061135371E-02
   0.1103202328966521     -4.4410480349344979E-02
   0.1105240174672489     -4.4206695778748174E-02
   0.1109170305676856     -4.3901018922852982E-02
   0.1111499272197962     -4.3580786026200871E-02
