   9.2299854439592433E-02  6.8602620087336239E-02
   9.2299854439592433E-02  6.8835516739446864E-02
   9.2256186317321687E-02  6.9199417758369713E-02
   9.2299854439592433E-02  6.9446870451237264E-02
   9.2430858806404642E-02  6.9737991266375546E-02
   9.2430858806404642E-02  7.0043668122270739E-02
   9.2634643377001447E-02  7.0713245997088781E-02
   9.2663755458515282E-02  7.1033478893740898E-02
   9.2678311499272192E-02  7.1513828238719074E-02
   9.2474526928675388E-02  7.2023289665211071E-02
   9.2459970887918491E-02  7.2489082969432322E-02
   9.2401746724890821E-02  7.3173216885007275E-02
   9.2343522561863178E-02  7.3668122270742348E-02
   9.2241630276564762E-02  7.4192139737991269E-02
   9.2212518195050941E-02  7.4687045123726342E-02
   9.2066957787481807E-02  7.5254730713245996E-02
   9.1979621542940315E-02  7.5647743813682680E-02
   9.1630276564774377E-02  7.6040756914119365E-02
   9.1411935953420675E-02  7.6302765647743812E-02
   9.1091703056768558E-02  7.6666666666666675E-02
   9.1004366812227067E-02  7.6972343522561867E-02
   9.0960698689956321E-02  7.7263464337700136E-02
   9.0917030567685589E-02  7.7583697234352253E-02
   9.1062590975254737E-02  7.7816593886462879E-02
   9.1280931586608438E-02  7.8064046579330415E-02
   9.1441048034934497E-02  7.8209606986899563E-02
   9.1848617176128078E-02  7.8238719068413384E-02
   9.2256186317321687E-02  7.8267831149927219E-02
   9.2911208151382818E-02  7.8442503639010189E-02
   9.3216885007278011E-02  7.8486171761280935E-02
   9.3406113537117891E-02  7.8922852983988351E-02
   9.3231441048034935E-02  7.9053857350800574E-02
   9.2838427947598251E-02  7.9286754002911200E-02
   9.2518195050946134E-02  7.9344978165938856E-02
   9.2154294032023298E-02  7.9330422125181946E-02
   9.1484716157205243E-02  7.9752547307132451E-02
   9.1062590975254737E-02  8.0116448326055301E-02
   9.0509461426491994E-02  8.0582241630276552E-02
   9.0291120815138279E-02  8.1018922852983982E-02
   8.9999999999999997E-02  8.0887918486171759E-02
   8.9534206695778745E-02  8.0669577874818044E-02
   8.9097525473071329E-02  8.0538573508005820E-02
   8.8631732168850078E-02  8.0363901018922851E-02
   8.8136826783114991E-02  8.0000000000000002E-02
   8.7918486171761276E-02  7.9767103347889376E-02
   8.7685589519650650E-02  7.9315866084425035E-02
   8.7496360989810770E-02  7.8675400291120814E-02
   8.7394468704512368E-02  7.8267831149927219E-02
   8.7161572052401742E-02  7.7947598253275116E-02
   8.6855895196506536E-02  7.7540029112081507E-02
   8.6622998544395910E-02  7.7074235807860256E-02
   8.6506550218340597E-02  7.6841339155749630E-02
   8.6288209606986896E-02  7.6404657933042200E-02
   8.6011644832605524E-02  7.5880640465793306E-02
   8.5807860262008720E-02  7.5356622998544384E-02
   8.5662299854439586E-02  7.5021834061135370E-02
   8.5443959243085885E-02  7.4745269286753999E-02
   8.5196506550218334E-02  7.4512372634643373E-02
   8.5065502183406111E-02  7.4279475982532747E-02
   8.5007278020378454E-02  7.4002911208151376E-02
   8.4963609898107709E-02  7.3697234352256183E-02
   8.4832605531295485E-02  7.3304221251819499E-02
   8.4687045123726337E-02  7.2998544395924306E-02
   8.4570596797671038E-02  7.2882096069868993E-02
   8.4483260553129547E-02  7.2692867540029099E-02
   8.4410480349344980E-02  7.2343522561863161E-02
   8.4366812227074234E-02  7.1979621542940325E-02
   8.4250363901018921E-02  7.1484716157205225E-02
   8.4163027656477429E-02  7.1018922852983973E-02
   8.3988355167394460E-02  7.0596797671033468E-02
   8.3959243085880639E-02  7.0160116448326051E-02
   8.3828238719068415E-02  6.9519650655021831E-02
   8.3770014556040745E-02  6.9112081513828236E-02
   8.3639010189228535E-02  6.8398835516739448E-02
   8.3624454148471611E-02  6.7933042212518183E-02
   8.3653566229985432E-02  6.7001455604075680E-02
   8.3740902474526924E-02  6.6608442503638995E-02
   8.3959243085880639E-02  6.6200873362445414E-02
   8.4250363901018921E-02  6.5953420669577864E-02
   8.3799126637554580E-02  6.5924308588064043E-02
   8.0975254730713236E-02  6.4919941775836973E-02
   7.8733624454148471E-02  6.4264919941775842E-02
   7.6841339155749630E-02  6.3522561863173219E-02
   7.6404657933042200E-02  6.2765647743813685E-02
   7.6419213973799124E-02  6.2998544395924311E-02
   7.6186317321688499E-02  6.3391557496360995E-02
   7.5909752547307127E-02  6.3726346433770009E-02
   7.5676855895196501E-02  6.4104803493449783E-02
   7.5458515283842800E-02  6.4468704512372632E-02
   7.5240174672489071E-02  6.4847161572052406E-02
   7.5050946142649191E-02  6.5327510917030554E-02
   7.5021834061135370E-02  6.5705967976710342E-02
   7.5021834061135370E-02  6.6098981077147012E-02
   7.4963609898107714E-02  6.6637554585152844E-02
   7.4949053857350803E-02  6.7219796215429409E-02
   7.4672489082969432E-02  6.7758369723435227E-02
   7.4206695778748180E-02  6.8136826783114987E-02
   7.3988355167394465E-02  6.8267831149927211E-02
   7.3478893740902468E-02  6.8253275109170300E-02
   7.3056768558951962E-02  6.8107714701601166E-02
   7.2882096069868993E-02  6.7933042212518183E-02
   7.2882096069868993E-02  6.7452692867540034E-02
   7.2983988355167395E-02  6.6826783114992724E-02
   7.2940320232896649E-02  6.6477438136826786E-02
   7.2721979621542948E-02  6.5997088791848610E-02
   7.2503639010189219E-02  6.5312954876273657E-02
   7.2445414847161577E-02  6.4454148471615721E-02
   7.2430858806404652E-02  6.3755458515283844E-02
   7.2430858806404652E-02  6.3027656477438132E-02
   7.2183406113537116E-02  6.2765647743813685E-02
   7.1834061135371177E-02  6.2547307132459970E-02
   7.1630276564774387E-02  6.2197962154294024E-02
   7.1499272197962149E-02  6.1732168850072773E-02
   7.1484716157205225E-02  6.1455604075691415E-02
   7.2125181950509459E-02  6.1761280931586608E-02
   6.9679767103347889E-02  6.0771470160116442E-02
   6.7379912663755454E-02  5.9941775836972348E-02
   6.4963609898107719E-02  5.8966521106259100E-02
   6.2052401746724883E-02  5.7874818049490538E-02
   6.0625909752547308E-02  5.7074235807860266E-02
   6.0451237263464332E-02  5.7423580786026197E-02
   6.0363901018922854E-02  5.7947598253275105E-02
   6.0393013100436682E-02  5.8471615720524020E-02
   6.0320232896652108E-02  5.8951965065502175E-02
   6.0247452692867541E-02  5.9417758369723433E-02
   6.0072780203784565E-02  6.0072780203784565E-02
   5.9883551673944685E-02  6.0553129548762734E-02
   5.9694323144104798E-02  6.0960698689956322E-02
   5.9403202328966523E-02  6.1455604075691415E-02
   5.9155749636098980E-02  6.2125181950509457E-02
   5.9024745269286749E-02  6.2474526928675396E-02
   5.8908296943231436E-02  6.2838427947598252E-02
   5.8762736535662295E-02  6.3173216885007280E-02
   5.8558951965065498E-02  6.3580786026200875E-02
   5.8384279475982535E-02  6.3842794759825322E-02
   5.8151382823871903E-02  6.4366812227074230E-02
   5.7903930131004359E-02  6.4861717612809316E-02
   5.7612809315866084E-02  6.5429403202328970E-02
   5.7278020378457056E-02  6.5967976710334789E-02
   5.7016011644832602E-02  6.6521106259097532E-02
   5.6768558951965059E-02  6.6724890829694308E-02
   5.6593886462882090E-02  6.6914119359534202E-02
   5.6535662299854433E-02  6.7307132459970886E-02
   5.6491994177583701E-02  6.7612809315866079E-02
   5.6317321688500725E-02  6.7802037845705973E-02
   5.6055312954876271E-02  6.8049490538573509E-02
   5.5895196506550213E-02  6.8253275109170300E-02
   5.5676855895196505E-02  6.8937409024745266E-02
   5.5414847161572051E-02  6.9344978165938861E-02
   5.5138282387190686E-02  6.9708879184861711E-02
   5.5094614264919940E-02  6.9912663755458515E-02
   5.4818049490538569E-02  7.0393013100436677E-02
   5.4657933042212517E-02  7.0713245997088781E-02
   5.4556040756914122E-02  7.1077147016011644E-02
   5.4410480349344974E-02  7.1528384279475971E-02
   5.4323144104803496E-02  7.1863173216885012E-02
   5.4090247452692870E-02  7.2285298398835518E-02
   5.3813682678311499E-02  7.2692867540029099E-02
   5.3537117903930127E-02  7.3042212518195052E-02
   5.3129548762736532E-02  7.3464337700145557E-02
   5.2838427947598250E-02  7.3711790393013094E-02
   5.2503639010189229E-02  7.4119359534206689E-02
   5.2299854439592432E-02  7.4294032023289658E-02
   5.1965065502183404E-02  7.4221251819505091E-02
   5.1804949053857352E-02  7.4323144104803493E-02
   5.1644832605531293E-02  7.4148471615720524E-02
   5.1470160116448324E-02  7.3915574963609898E-02
   5.1062590975254729E-02  7.3770014556040750E-02
   5.0494905385735075E-02  7.3653566229985437E-02
   5.0101892285298398E-02  7.3493449781659392E-02
   4.9825327510917027E-02  7.3173216885007275E-02
   4.9679767103347885E-02  7.2721979621542948E-02
   4.9563318777292580E-02  7.2430858806404652E-02
   4.9184861717612806E-02  7.2096069868995638E-02
   4.8966521106259091E-02  7.1935953420669579E-02
   4.8675400291120809E-02  7.1572052401746716E-02
   4.8413391557496362E-02  7.1120815138282389E-02
   4.8224163027656475E-02  7.0756914119359526E-02
   4.8093158660844244E-02  7.0291120815138275E-02
   4.8093158660844244E-02  6.9898107714701591E-02
   4.8311499272197959E-02  6.9475982532751085E-02
   4.8122270742358079E-02  6.8806404657933043E-02
   4.8093158660844244E-02  6.8238719068413389E-02
   4.8195050946142647E-02  6.7743813682678303E-02
   4.8151382823871901E-02  6.6855895196506546E-02
   4.7976710334788931E-02  6.6724890829694308E-02
   4.7569141193595336E-02  6.6331877729257652E-02
   4.7467248908296941E-02  6.5938864628820967E-02
   4.7365356622998546E-02  6.4905385735080048E-02
   4.7321688500727800E-02  6.4308588064046573E-02
   4.7263464337700144E-02  6.3566229985443951E-02
   4.7147016011644831E-02  6.3129548762736534E-02
   4.7001455604075690E-02  6.2896652110625909E-02
   4.6652110625909751E-02  6.2809315866084431E-02
   4.6157205240174665E-02  6.2794759825327506E-02
   4.5560407569141190E-02  6.2823871906841328E-02
   4.5036390101892282E-02  6.2823871906841328E-02
   4.4701601164483261E-02  6.2721979621542939E-02
   4.4177583697234353E-02  6.2445414847161568E-02
   4.3639010189228535E-02  6.2256186317321688E-02
   4.3260553129548761E-02  6.1979621542940316E-02
   4.2474526928675399E-02  6.1251819505094611E-02
   4.2096069868995632E-02  6.0887918486171755E-02
   4.1339155749636092E-02  5.9723435225618626E-02
   4.1018922852983988E-02  5.9432314410480351E-02
   4.0349344978165939E-02  5.9417758369723433E-02
   3.9286754002911206E-02  5.9577874818049485E-02
   3.8471615720524016E-02  5.9446870451237255E-02
   3.8020378457059682E-02  5.9359534206695777E-02
   3.7496360989810767E-02  5.9112081513828234E-02
   3.6666666666666667E-02  5.8471615720524020E-02
   3.6375545851528385E-02  5.8165938864628820E-02
   3.6288209606986893E-02  5.7772925764192136E-02
   3.6142649199417759E-02  5.7278020378457056E-02
   3.5749636098981075E-02  5.7117903930130998E-02
   3.5240174672489077E-02  5.7190684133915579E-02
   3.4919941775836974E-02  5.7729257641921397E-02
   3.4745269286754005E-02  5.8675400291120811E-02
   3.4687045123726348E-02  5.8995633187772921E-02
   3.4526928675400290E-02  5.9374090247452688E-02
   3.4628820960698692E-02  5.9606986899563313E-02
   3.4803493449781661E-02  5.9839883551673939E-02
   3.4803493449781661E-02  6.0232896652110623E-02
   3.4803493449781661E-02  6.0553129548762734E-02
   3.4366812227074231E-02  6.0829694323144105E-02
   3.4017467248908299E-02  6.1237263464337693E-02
   3.3828238719068413E-02  6.1673944687045124E-02
   3.3740902474526928E-02  6.1979621542940316E-02
   3.3333333333333333E-02  6.2008733624454145E-02
   3.2518195050946143E-02  6.1834061135371182E-02
   3.1979621542940317E-02  6.1688500727802027E-02
   3.1819505094614266E-02  6.1397379912663752E-02
   3.1499272197962155E-02  6.1120815138282381E-02
   3.1135371179039303E-02  6.1295487627365357E-02
   3.0786026200873364E-02  6.1164483260553126E-02
   3.0524017467248907E-02  6.0902474526928672E-02
   3.0203784570596800E-02  6.0509461426491995E-02
   3.0087336244541487E-02  6.0218340611353713E-02
   2.9839883551673940E-02  5.9781659388646290E-02
   2.9650655021834060E-02  5.9417758369723433E-02
   2.9359534206695775E-02  5.8981077147016003E-02
   2.9170305676855895E-02  5.8588064046579333E-02
   2.8951965065502180E-02  5.8224163027656477E-02
   2.8777292576419210E-02  5.7918486171761277E-02
   2.8675400291120815E-02  5.7336244541484713E-02
   2.8660844250363898E-02  5.6885007278020372E-02
   2.8777292576419210E-02  5.6433770014556038E-02
   2.8835516739446867E-02  5.5924308588064048E-02
   2.8820960698689956E-02  5.5691411935953422E-02
   2.8835516739446867E-02  5.5298398835516738E-02
   2.9112081513828238E-02  5.5036390101892284E-02
   2.9184861717612805E-02  5.4701601164483256E-02
   2.9068413391557493E-02  5.4264919941775833E-02
   2.9068413391557493E-02  5.3799126637554581E-02
   2.9170305676855895E-02  5.3377001455604069E-02
   2.9315866084425032E-02  5.3129548762736532E-02
   2.9446870451237263E-02  5.2707423580786027E-02
   2.9505094614264919E-02  5.2387190684133916E-02
   2.9548762736535658E-02  5.2139737991266373E-02
   2.9548762736535658E-02  5.1703056768558950E-02
   2.9636098981077146E-02  5.1106259097525475E-02
   2.9854439592430861E-02  5.0494905385735075E-02
   3.0029112081513831E-02  5.0101892285298398E-02
   3.0043668122270741E-02  4.9475982532751088E-02
   3.0043668122270741E-02  4.8995633187772926E-02
   2.9708879184861717E-02  4.8995633187772926E-02
   2.9097525473071324E-02  4.8908296943231434E-02
   2.8398835516739447E-02  4.8515283842794764E-02
   2.7831149927219793E-02  4.8398835516739444E-02
   2.7248908296943229E-02  4.8296943231441049E-02
   2.6812227074235809E-02  4.8224163027656475E-02
   2.6375545851528383E-02  4.8165938864628818E-02
   2.5953420669577874E-02  4.8020378457059677E-02
   2.5458515283842794E-02  4.7845705967976708E-02
   2.4890829694323144E-02  4.7743813682678313E-02
   2.4264919941775837E-02  4.7583697234352254E-02
   2.3901018922852981E-02  4.7307132459970883E-02
   2.3624454148471613E-02  4.6943231441048033E-02
   2.3435225618631730E-02  4.6477438136826782E-02
   2.3304221251819503E-02  4.5938864628820963E-02
   2.3187772925764190E-02  4.5152838427947595E-02
   2.3173216885007279E-02  4.4818049490538574E-02
   2.2809315866084423E-02  4.4919941775836969E-02
   2.2532751091703055E-02  4.5050946142649199E-02
   2.2503639010189227E-02  4.5458515283842794E-02
   2.2503639010189227E-02  4.5938864628820963E-02
   2.2445414847161570E-02  4.6448326055312954E-02
   2.2008733624454147E-02  4.6477438136826782E-02
   2.1528384279475982E-02  4.6491994177583693E-02
   2.1135371179039301E-02  4.6462882096069871E-02
   2.0611353711790389E-02  4.6521106259097528E-02
   2.0320232896652107E-02  4.6637554585152841E-02
   1.9548762736535660E-02  4.6637554585152841E-02
   1.8544395924308586E-02  4.6550218340611349E-02
   1.8093158660844249E-02  4.6506550218340610E-02
   1.7671033478893740E-02  4.6608442503639005E-02
   1.7263464337700145E-02  4.6870451237263466E-02
   1.6899563318777292E-02  4.7161572052401748E-02
   1.6331877729257639E-02  4.7438136826783113E-02
   1.5662299854439593E-02  4.7365356622998546E-02
   1.5050946142649199E-02  4.7088791848617174E-02
   1.4716157205240173E-02  4.6666666666666662E-02
   1.4570596797671032E-02  4.6448326055312954E-02
   1.4308588064046579E-02  4.6419213973799126E-02
   1.3973799126637553E-02  4.6608442503639005E-02
   1.3711790393013099E-02  4.6724890829694318E-02
   1.3508005822416303E-02  4.7030567685589518E-02
   1.3187772925764191E-02  4.7016011644832600E-02
   1.3085880640465793E-02  4.6885007278020377E-02
   1.2983988355167394E-02  4.6666666666666662E-02
   1.2692867540029112E-02  4.6535662299854438E-02
   1.2445414847161572E-02  4.6550218340611349E-02
   1.2052401746724889E-02  4.6200873362445410E-02
   1.1775836972343523E-02  4.5924308588064039E-02
   1.1630276564774382E-02  4.5342066957787482E-02
   1.1834061135371178E-02  4.4759825327510917E-02
   1.2139737991266374E-02  4.4192139737991264E-02
   1.2299854439592429E-02  4.3682678311499266E-02
   1.2066957787481803E-02  4.3333333333333328E-02
   1.1732168850072781E-02  4.3056768558951963E-02
   1.1441048034934499E-02  4.2561863173216884E-02
   1.1208151382823871E-02  4.2008733624454148E-02
   1.1091703056768558E-02  4.1615720524017463E-02
   1.0931586608442503E-02  4.1353711790393016E-02
   1.0509461426491994E-02  4.1004366812227078E-02
   9.7962154294032027E-03  4.0669577874818050E-02
   9.2721979621542931E-03  4.0378457059679768E-02
   9.0393013100436674E-03  4.0014556040756911E-02
   9.0393013100436674E-03  3.9694323144104801E-02
   8.9082969432314404E-03  3.9810771470160114E-02
   8.4133915574963608E-03  4.0000000000000001E-02
   8.3551673944687026E-03  3.9956331877729255E-02
   8.1804949053857351E-03  3.9490538573508004E-02
   8.0640465793304222E-03  3.9213973799126632E-02
   7.8602620087336247E-03  3.8777292576419216E-02
   7.5109170305676853E-03  3.8165938864628816E-02
   7.5545851528384276E-03  3.7598253275109170E-02
   7.8457059679767106E-03  3.7117903930131001E-02
   7.8748180494905388E-03  3.6637554585152839E-02
   7.8165938864628824E-03  3.5924308588064044E-02
   8.0203784570596799E-03  3.5473071324599703E-02
   8.0349344978165940E-03  3.4832605531295482E-02
   8.1804949053857351E-03  3.4526928675400290E-02
   8.3988355167394467E-03  3.4468704512372633E-02
   8.6899563318777288E-03  3.4046579330422121E-02
   8.5298398835516737E-03  3.3391557496360989E-02
   8.2678311499272180E-03  3.3085880640465797E-02
   7.7874818049490542E-03  3.2721979621542940E-02
   7.6128093158660841E-03  3.2197962154294033E-02
   7.4672489082969430E-03  3.1557496360989812E-02
   6.9723435225618625E-03  3.1120815138282385E-02
   6.5647743813682675E-03  3.0902474526928677E-02
   6.1280931586608434E-03  3.0553129548762738E-02
   5.3857350800582239E-03  3.0218340611353710E-02
   4.9781659388646289E-03  2.9752547307132459E-02
   4.5123726346433767E-03  2.9490538573508002E-02
   3.9737991266375547E-03  2.9141193595342063E-02
   3.4788937409024742E-03  2.8719068413391554E-02
   2.9112081513828240E-03  2.8340611353711791E-02
   2.5181950509461423E-03  2.8093158660844251E-02
   2.1251819505094614E-03  2.7802037845705969E-02
   1.4556040756914120E-03  2.7831149927219793E-02
   1.1499272197962153E-03  2.7831149927219793E-02
   6.2590975254730704E-04  2.7743813682678312E-02
   2.9112081513828236E-04  2.7583697234352254E-02
  -4.3668122270742355E-05  2.7336244541484717E-02
  -3.7845705967976705E-04  2.6826783114992720E-02
  -5.8224163027656472E-04  2.6331877729257644E-02
  -5.5312954876273650E-04  2.5953420669577874E-02
  -6.5502183406113536E-04  2.5429403202328962E-02
  -7.5691411935953411E-04  2.5167394468704512E-02
  -9.1703056768558950E-04  2.4847161572052398E-02
  -8.5880640465793297E-04  2.4585152838427948E-02
  -7.7147016011644832E-04  2.4279475982532751E-02
  -8.1513828238719064E-04  2.4046579330422126E-02
  -7.4235807860262000E-04  2.3318777292576417E-02
  -7.4235807860262000E-04  2.2954876273653564E-02
  -7.1324599708879190E-04  2.2547307132459969E-02
  -5.9679767103347893E-04  2.2256186317321687E-02
  -2.1834061135371177E-04  2.2212518195050945E-02
   5.8224163027656476E-05  2.2197962154294031E-02
   4.9490538573508007E-04  2.1979621542940319E-02
   8.2969432314410475E-04  2.1979621542940319E-02
   9.6069868995633193E-04  2.1790393013100436E-02
   1.1208151382823871E-03  2.1426491994177583E-02
   1.3973799126637554E-03  2.0960698689956331E-02
   1.4847161572052400E-03  2.0465793304221252E-02
   1.7176128093158659E-03  1.9898107714701602E-02
   1.8922852983988354E-03  1.9519650655021831E-02
   1.6157205240174672E-03  1.9243085880640467E-02
   1.4556040756914120E-03  1.8748180494905384E-02
   1.3391557496360989E-03  1.7816593886462881E-02
   1.4119359534206695E-03  1.7190684133915574E-02
   1.3245997088791848E-03  1.6550218340611354E-02
   1.0625909752547307E-03  1.5764192139737992E-02
   1.0189228529839884E-03  1.4963609898107714E-02
   1.2227074235807861E-03  1.4454148471615720E-02
   1.4119359534206695E-03  1.3901018922852983E-02
   2.0087336244541485E-03  1.3493449781659389E-02
   2.0669577874818045E-03  1.3187772925764191E-02
   2.0378457059679767E-03  1.2620087336244541E-02
   1.8777292576419213E-03  1.2110625909752546E-02
   1.5283842794759823E-03  1.1819505094614265E-02
   1.3100436681222707E-03  1.1222707423580785E-02
   1.2227074235807861E-03  1.0975254730713245E-02
   1.1790393013100438E-03  1.0349344978165939E-02
   1.4264919941775838E-03  9.9417758369723438E-03
   1.8049490538573508E-03  9.7379912663755463E-03
   2.3289665211062589E-03  9.2721979621542931E-03
   2.4454148471615722E-03  8.9519650655021828E-03
   2.4745269286754004E-03  8.7627365356622994E-03
   2.2125181950509460E-03  8.4861717612809313E-03
   2.0378457059679767E-03  7.9912663755458517E-03
   2.2270742358078601E-03  7.0887918486171753E-03
   2.2561863173216883E-03  7.0451237263464330E-03
   1.9505094614264921E-03  5.9679767103347882E-03
   1.7467248908296941E-03  5.2692867540029111E-03
   1.5429403202328966E-03  4.6288209606986895E-03
   1.1790393013100438E-03  3.9737991266375547E-03
   1.1062590975254730E-03  3.6098981077147016E-03
   7.8602620087336243E-04  3.0131004366812223E-03
   6.4046579330422114E-04  2.5036390101892281E-03
   4.5123726346433770E-04  2.0378457059679767E-03
   2.3289665211062590E-04  1.5720524017467249E-03
   2.6200873362445414E-04  9.1703056768558950E-04
   3.0567685589519652E-04  5.8224163027656472E-04
   7.2780203784570589E-05  1.4556040756914118E-04
   1.8922852983988353E-04 -2.6200873362445414E-04
   4.0756914119359532E-04 -6.6957787481804947E-04
   3.7845705967976705E-04 -1.1062590975254730E-03
   1.6011644832605529E-04 -1.8777292576419213E-03
   4.3668122270742355E-05 -2.2416302765647742E-03
  -1.4556040756914119E-05 -3.0422125181950505E-03
   5.8224163027656476E-05 -3.9737991266375547E-03
   1.8922852983988353E-04 -4.5123726346433767E-03
   2.6200873362445414E-04 -4.9344978165938866E-03
  -1.3100436681222707E-04 -5.2547307132459970E-03
  -7.4235807860262000E-04 -6.1135371179039293E-03
  -1.2663755458515282E-03 -6.4483260553129546E-03
  -1.5429403202328966E-03 -6.6957787481804953E-03
  -1.7612809315866083E-03 -6.8558951965065496E-03
  -2.1251819505094614E-03 -7.3071324599708878E-03
  -2.2561863173216883E-03 -7.9475982532751094E-03
  -2.4308588064046580E-03 -8.6608442503639006E-03
  -2.5327510917030564E-03 -9.2430858806404649E-03
  -2.4599708879184863E-03 -9.7671033478893745E-03
  -2.3144104803493448E-03 -1.0116448326055311E-02
  -2.1251819505094614E-03 -1.0567685589519650E-02
  -2.0087336244541485E-03 -1.1222707423580785E-02
  -2.0378457059679767E-03 -1.1586608442503640E-02
  -2.2270742358078601E-03 -1.2183406113537116E-02
  -2.3580786026200875E-03 -1.2751091703056768E-02
  -2.4017467248908298E-03 -1.3435225618631733E-02
  -2.4017467248908298E-03 -1.4017467248908295E-02
  -2.2707423580786024E-03 -1.4177583697234351E-02
  -1.9505094614264921E-03 -1.4526928675400291E-02
  -1.8049490538573508E-03 -1.4730713245997088E-02
  -1.8631732168850072E-03 -1.5240174672489080E-02
  -2.0232896652110626E-03 -1.5647743813682675E-02
  -2.1979621542940319E-03 -1.6011644832605532E-02
  -2.2416302765647742E-03 -1.6477438136826783E-02
  -2.0378457059679767E-03 -1.6710334788937405E-02
  -1.2809315866084423E-03 -1.6724890829694323E-02
  -5.5312954876273650E-04 -1.6710334788937405E-02
  -2.1834061135371177E-04 -1.6783114992721979E-02
   3.2023289665211057E-04 -1.7205240174672488E-02
   7.5691411935953411E-04 -1.7263464337700145E-02
   1.3391557496360989E-03 -1.6986899563318777E-02
   1.8486171761280931E-03 -1.6783114992721979E-02
   2.2125181950509460E-03 -1.6768558951965065E-02
   2.6637554585152838E-03 -1.7409024745269286E-02
   2.9403202328966522E-03 -1.7554585152838427E-02
   3.1149927219796215E-03 -1.7612809315866083E-02
   3.2751091703056767E-03 -1.7962154294032022E-02
   3.2751091703056767E-03 -1.8588064046579332E-02
   3.4206695778748178E-03 -1.8908296943231439E-02
   3.6390101892285298E-03 -1.9650655021834062E-02
   3.8719068413391559E-03 -2.0058224163027657E-02
   3.9010189228529842E-03 -2.0363901018922853E-02
   3.8136826783114991E-03 -2.0902474526928675E-02
   3.7117903930131003E-03 -2.1528384279475982E-02
   3.6826783114992721E-03 -2.1863173216885006E-02
   3.6244541484716157E-03 -2.2314410480349343E-02
   3.6826783114992721E-03 -2.2911208151382822E-02
   4.0320232896652111E-03 -2.3609898107714699E-02
   4.2503639010189227E-03 -2.4017467248908294E-02
   4.4395924308588061E-03 -2.4890829694323144E-02
   4.5851528384279472E-03 -2.5458515283842794E-02
   4.7161572052401750E-03 -2.6244541484716156E-02
   4.7452692867540032E-03 -2.6681222707423579E-02
   5.0800582241630268E-03 -2.7030567685589518E-02
   5.6768558951965061E-03 -2.6608442503639008E-02
   6.2882096069868994E-03 -2.6812227074235809E-02
   6.7976710334788941E-03 -2.7088791848617174E-02
   7.3508005822416301E-03 -2.7117903930131002E-02
   7.8020378457059683E-03 -2.6943231441048033E-02
   8.1659388646288210E-03 -2.7045123726346435E-02
   8.8209606986899558E-03 -2.7496360989810769E-02
   9.1120815138282379E-03 -2.7612809315866082E-02
   9.5196506550218347E-03 -2.7991266375545852E-02
   9.8544395924308591E-03 -2.8457059679767104E-02
   1.0087336244541483E-02 -2.8981077147016011E-02
   1.0334788937409023E-02 -2.9359534206695775E-02
   1.0625909752547307E-02 -2.9665211062590971E-02
   1.1251819505094613E-02 -2.9868995633187772E-02
   1.1615720524017468E-02 -2.9999999999999999E-02
   1.2270742358078601E-02 -3.0029112081513831E-02
   1.2590975254730713E-02 -3.0101892285298398E-02
   1.2852983988355167E-02 -3.0087336244541487E-02
   1.3056768558951964E-02 -2.9679767103347889E-02
   1.3173216885007277E-02 -2.9213973799126637E-02
   1.3100436681222707E-02 -2.8602620087336241E-02
   1.3013100436681222E-02 -2.8020378457059680E-02
   1.2911208151382823E-02 -2.7685589519650656E-02
   1.2896652110625909E-02 -2.7481804949053855E-02
   1.2911208151382823E-02 -2.7248908296943229E-02
   1.3144104803493449E-02 -2.7147016011644830E-02
   1.3566229985443960E-02 -2.7001455604075689E-02
   1.3871906841339154E-02 -2.7161572052401748E-02
   1.4323144104803493E-02 -2.7278020378457061E-02
   1.4832605531295485E-02 -2.7336244541484717E-02
   1.5400291120815139E-02 -2.7278020378457061E-02
   1.5880640465793305E-02 -2.6914119359534205E-02
   1.6360989810771470E-02 -2.6564774381368266E-02
   1.6506550218340608E-02 -2.6448326055312953E-02
   1.6622998544395921E-02 -2.6885007278020377E-02
   1.6783114992721979E-02 -2.7423580786026198E-02
   1.6885007278020378E-02 -2.7903930131004367E-02
   1.7219796215429403E-02 -2.7234352256186315E-02
   1.7379912663755458E-02 -2.7103347889374092E-02
   1.7641921397379912E-02 -2.6885007278020377E-02
   1.7816593886462881E-02 -2.6637554585152837E-02
   1.8136826783114991E-02 -2.6084425036390101E-02
   1.8049490538573507E-02 -2.6506550218340610E-02
   1.8005822416302768E-02 -2.6841339155749634E-02
   1.8034934497816592E-02 -2.7147016011644830E-02
   1.8093158660844249E-02 -2.7423580786026198E-02
   1.8224163027656476E-02 -2.7933042212518196E-02
   1.8311499272197961E-02 -2.8296943231441045E-02
   1.8544395924308586E-02 -2.8835516739446867E-02
   1.8602620087336243E-02 -2.9184861717612805E-02
   1.8675400291120813E-02 -2.9490538573508002E-02
   1.8733624454148470E-02 -2.9737991266375548E-02
   1.8835516739446872E-02 -3.0131004366812222E-02
   1.9068413391557498E-02 -3.0538573508005821E-02
   1.9301310043668123E-02 -3.1018922852983990E-02
   1.9446870451237264E-02 -3.1601164483260551E-02
   1.9374090247452690E-02 -3.1892285298398833E-02
   1.9330422125181951E-02 -3.2372634643377002E-02
   1.9548762736535660E-02 -3.2882096069868992E-02
   1.9650655021834062E-02 -3.3173216885007274E-02
   1.9796215429403199E-02 -3.3624454148471615E-02
   1.9985443959243086E-02 -3.3988355167394464E-02
   2.0247452692867540E-02 -3.4075691411935956E-02
   2.0698689956331878E-02 -3.3901018922852987E-02
   2.0989810771470160E-02 -3.3639010189228526E-02
   2.1062590975254730E-02 -3.3362445414847154E-02
   2.1077147016011644E-02 -3.3129548762736528E-02
   2.1586608442503638E-02 -3.3231441048034931E-02
   2.2081513828238718E-02 -3.3231441048034931E-02
   2.2605531295487626E-02 -3.3085880640465797E-02
   2.3013100436681221E-02 -3.2765647743813679E-02
   2.3245997088791846E-02 -3.2430858806404658E-02
   2.3347889374090249E-02 -3.2154294032023287E-02
   2.3595342066957785E-02 -3.2299854439592428E-02
   2.3988355167394469E-02 -3.2620087336244545E-02
   2.4701601164483260E-02 -3.3013100436681216E-02
   2.5181950509461426E-02 -3.3085880640465797E-02
   2.5866084425036392E-02 -3.3158660844250364E-02
   2.6390101892285297E-02 -3.3260553129548766E-02
   2.6622998544395923E-02 -3.3697234352256182E-02
   2.6841339155749634E-02 -3.3901018922852987E-02
   2.7088791848617174E-02 -3.4192139737991269E-02
   2.7452692867540030E-02 -3.4526928675400290E-02
   2.8064046579330419E-02 -3.4876273653566228E-02
   2.8558951965065499E-02 -3.5167394468704510E-02
   2.8981077147016011E-02 -3.5050946142649198E-02
   2.9228529839883551E-02 -3.5414847161572047E-02
   2.9563318777292576E-02 -3.5866084425036387E-02
   2.9825327510917030E-02 -3.6142649199417759E-02
   3.0174672489082968E-02 -3.6535662299854436E-02
   3.0320232896652113E-02 -3.6229985443959237E-02
   3.0407569141193594E-02 -3.5764192139737985E-02
   3.0567685589519649E-02 -3.5458515283842792E-02
   3.0800582241630278E-02 -3.4992721979621541E-02
   3.1004366812227072E-02 -3.4745269286754005E-02
   3.1048034934497815E-02 -3.4221251819505090E-02
   3.1018922852983990E-02 -3.3857350800582241E-02
   3.0989810771470158E-02 -3.3566229985443959E-02
   3.1295487627365351E-02 -3.3537117903930130E-02
   3.1644832605531296E-02 -3.3813682678311495E-02
   3.2343522561863174E-02 -3.3842794759825330E-02
   3.2474526928675397E-02 -3.4061135371179038E-02
   3.2751091703056769E-02 -3.4279475982532746E-02
   3.2940320232896649E-02 -3.4425036390101894E-02
   3.3377001455604079E-02 -3.4774381368267833E-02
   3.3784570596797674E-02 -3.5050946142649198E-02
   3.4090247452692866E-02 -3.5298398835516734E-02
   3.4657933042212520E-02 -3.5633187772925762E-02
   3.4963609898107713E-02 -3.5778748180494910E-02
   3.5269286754002913E-02 -3.5866084425036387E-02
   3.5982532751091700E-02 -3.6040756914119357E-02
   3.6390101892285295E-02 -3.6128093158660848E-02
   3.7103347889374090E-02 -3.6360989810771474E-02
   3.7656477438136819E-02 -3.6142649199417759E-02
   3.8122270742358071E-02 -3.6375545851528385E-02
   3.8413391557496360E-02 -3.6622998544395921E-02
   3.8820960698689955E-02 -3.6914119359534203E-02
   3.9155749636098976E-02 -3.7234352256186314E-02
   3.9301310043668124E-02 -3.7496360989810767E-02
   3.9723435225618629E-02 -3.7918486171761280E-02
   3.9912663755458516E-02 -3.8165938864628816E-02
   4.0407569141193589E-02 -3.8879184861717618E-02
   4.0946142649199414E-02 -3.9257641921397378E-02
   4.1251819505094614E-02 -3.9505094614264921E-02
   4.1630276564774381E-02 -3.9767103347889375E-02
   4.2096069868995632E-02 -4.0072780203784568E-02
   4.2445414847161571E-02 -4.0276564774381365E-02
   4.2838427947598255E-02 -4.0451237263464335E-02
   4.3668122270742356E-02 -4.0596797671033483E-02
   4.4075691411935951E-02 -4.0509461426491991E-02
   4.4104803493449779E-02 -4.0131004366812224E-02
   4.4381368267831151E-02 -4.0160116448326053E-02
   4.4556040756914120E-02 -4.0145560407569142E-02
   4.4788937409024746E-02 -3.9985443959243083E-02
   4.4978165938864625E-02 -3.9505094614264921E-02
   4.5050946142649199E-02 -3.9097525473071319E-02
   4.5181950509461423E-02 -3.8529839883551673E-02
   4.5458515283842794E-02 -3.8195050946142652E-02
   4.5720524017467248E-02 -3.7874818049490534E-02
   4.5807860262008726E-02 -3.7423580786026193E-02
   4.5938864628820963E-02 -3.6579330422125182E-02
   4.6026200873362441E-02 -3.5982532751091700E-02
   4.6157205240174665E-02 -3.5400291120815136E-02
   4.6229985443959246E-02 -3.4963609898107713E-02
   4.6229985443959246E-02 -3.4512372634643372E-02
   4.6229985443959246E-02 -3.3624454148471615E-02
   4.6302765647743813E-02 -3.3406113537117900E-02
   4.6506550218340610E-02 -3.3071324599708879E-02
   4.6521106259097528E-02 -3.2081513828238720E-02
   4.6841339155749631E-02 -3.1804949053857348E-02
   4.6972343522561862E-02 -3.1382823871906843E-02
   4.7117903930131003E-02 -3.0756914119359532E-02
   4.7176128093158659E-02 -3.0232896652110625E-02
   4.7292576419213972E-02 -2.9868995633187772E-02
   4.7496360989810769E-02 -2.9636098981077146E-02
   4.7671033478893739E-02 -2.9272197962154294E-02
   4.7816593886462880E-02 -2.8937409024745269E-02
   4.7918486171761275E-02 -2.8471615720524014E-02
   4.8093158660844244E-02 -2.8049490538573509E-02
   4.8267831149927214E-02 -2.7787481804949055E-02
   4.8573508005822420E-02 -2.7700145560407570E-02
   4.9097525473071328E-02 -2.8049490538573509E-02
   4.9112081513828239E-02 -2.8355167394468701E-02
   4.9039301310043665E-02 -2.8893740902474523E-02
   4.9010189228529837E-02 -2.9461426491994177E-02
   4.8966521106259091E-02 -3.0072780203784566E-02
   4.8777292576419211E-02 -3.0611353711790395E-02
   4.8704512372634644E-02 -3.0756914119359532E-02
   4.8689956331877726E-02 -3.1208151382823873E-02
   4.8675400291120809E-02 -3.1906841339155750E-02
   4.8733624454148465E-02 -3.2649199417758366E-02
   4.8544395924308585E-02 -3.3056768558951961E-02
   4.8369723435225616E-02 -3.3449781659388646E-02
   4.8355167394468705E-02 -3.4133915574963605E-02
   4.8267831149927214E-02 -3.4818049490538572E-02
   4.8282387190684131E-02 -3.5240174672489077E-02
   4.7831149927219797E-02 -3.5982532751091700E-02
   4.7627365356623000E-02 -3.6491994177583698E-02
   4.7292576419213972E-02 -3.7176128093158664E-02
   4.7219796215429398E-02 -3.7802037845705967E-02
   4.7219796215429398E-02 -3.8631732168850068E-02
   4.7161572052401748E-02 -3.9097525473071319E-02
   4.6914119359534205E-02 -3.9563318777292578E-02
   4.6826783114992721E-02 -4.0014556040756911E-02
   4.6885007278020377E-02 -4.0567685589519648E-02
   4.7074235807860257E-02 -4.0756914119359527E-02
   4.7438136826783113E-02 -4.1018922852983988E-02
   4.7976710334788931E-02 -4.1324599708879181E-02
   4.8267831149927214E-02 -4.1426491994177583E-02
   4.8253275109170303E-02 -4.1935953420669581E-02
   4.8296943231441049E-02 -4.2401746724890832E-02
   4.8413391557496362E-02 -4.2736535662299853E-02
   4.8762736535662300E-02 -4.3013100436681224E-02
   4.9330422125181954E-02 -4.3260553129548761E-02
   4.9985443959243085E-02 -4.3275109170305671E-02
   5.0363901018922852E-02 -4.2823871906841338E-02
   5.0465793304221254E-02 -4.2445414847161571E-02
   5.0553129548762732E-02 -4.2576419213973794E-02
   5.0902474526928670E-02 -4.3114992721979613E-02
   5.1033478893740901E-02 -4.3537117903930132E-02
   5.1179039301310042E-02 -4.3653566229985445E-02
   5.1732168850072785E-02 -4.3886462882096071E-02
   5.2256186317321686E-02 -4.3668122270742356E-02
   5.2445414847161566E-02 -4.3537117903930132E-02
   5.2634643377001453E-02 -4.3071324599708881E-02
   5.2634643377001453E-02 -4.2576419213973794E-02
   5.2547307132459968E-02 -4.2197962154294028E-02
   5.2372634643376999E-02 -4.1717612809315865E-02
   5.2183406113537112E-02 -4.1077147016011645E-02
   5.2227074235807858E-02 -4.0407569141193589E-02
   5.2299854439592432E-02 -3.9650655021834062E-02
   5.2343522561863171E-02 -3.9228529839883550E-02
   5.2343522561863171E-02 -3.8326055312954875E-02
   5.2401746724890827E-02 -3.7409024745269283E-02
   5.2765647743813683E-02 -3.6826783114992725E-02
   5.3114992721979622E-02 -3.6200873362445415E-02
   5.3333333333333330E-02 -3.5385735080058225E-02
   5.3930131004366812E-02 -3.4541484716157207E-02
   5.4366812227074235E-02 -3.4017467248908299E-02
   5.4745269286754002E-02 -3.3653566229985443E-02
   5.4919941775836971E-02 -3.3144104803493453E-02
   5.5298398835516738E-02 -3.2401746724890830E-02
   5.5312954876273648E-02 -3.1877729257641922E-02
   5.5473071324599707E-02 -3.1455604075691410E-02
   5.5749636098981079E-02 -3.0727802037845708E-02
   5.6084425036390100E-02 -2.9999999999999999E-02
   5.6200873362445412E-02 -2.9417758369723431E-02
   5.8093158660844246E-02 -3.0218340611353710E-02
   6.1834061135371182E-02 -3.1018922852983990E-02
   6.3202328966521101E-02 -3.1368267831149925E-02
   6.3027656477438132E-02 -3.1601164483260551E-02
   6.2954876273653565E-02 -3.1994177583697235E-02
   6.3085880640465788E-02 -3.2489082969432315E-02
   6.3129548762736534E-02 -3.3071324599708879E-02
   6.3362445414847160E-02 -3.3464337700145556E-02
   6.3537117903930129E-02 -3.3915574963609897E-02
   6.3202328966521101E-02 -3.4366812227074231E-02
   6.3231441048034936E-02 -3.4730713245997087E-02
   6.3275109170305668E-02 -3.5094614264919943E-02
   6.3449781659388638E-02 -3.5473071324599703E-02
   6.3551673944687040E-02 -3.5880640465793298E-02
   6.3522561863173219E-02 -3.6098981077147013E-02
   6.3551673944687040E-02 -3.6579330422125182E-02
   6.3799126637554576E-02 -3.7365356622998544E-02
   6.4090247452692872E-02 -3.7947598253275108E-02
   6.4323144104803484E-02 -3.8486171761280934E-02
   6.4395924308588065E-02 -3.8937409024745268E-02
   6.4395924308588065E-02 -3.9344978165938863E-02
   6.4323144104803484E-02 -3.9796215429403203E-02
   6.4323144104803484E-02 -4.0145560407569142E-02
   6.4381368267831154E-02 -4.0655021834061139E-02
   6.4614264919941780E-02 -4.1499272197962150E-02
   6.4847161572052406E-02 -4.2256186317321684E-02
   6.4905385735080048E-02 -4.2780203784570599E-02
   6.5123726346433763E-02 -4.3391557496360984E-02
   6.5443959243085881E-02 -4.4032023289665205E-02
   6.5866084425036386E-02 -4.4410480349344979E-02
   6.6128093158660847E-02 -4.4599708879184859E-02
   6.6739446870451233E-02 -4.4716157205240172E-02
   6.7307132459970886E-02 -4.4803493449781656E-02
   6.7918486171761286E-02 -4.4716157205240172E-02
   6.8326055312954867E-02 -4.4308588064046577E-02
   6.8704512372634641E-02 -4.3842794759825325E-02
   6.8893740902474521E-02 -4.3493449781659387E-02
   6.8631732168850074E-02 -4.3478893740902476E-02
   6.8165938864628822E-02 -4.3653566229985445E-02
   6.7860262008733616E-02 -4.3799126637554579E-02
   6.7700145560407557E-02 -4.3930131004366810E-02
   6.7729257641921406E-02 -4.3726346433770012E-02
   6.7845705967976705E-02 -4.3275109170305671E-02
   6.7976710334788928E-02 -4.2925764192139733E-02
   6.8224163027656479E-02 -4.2736535662299853E-02
   6.8238719068413389E-02 -4.2358078602620086E-02
   6.8209606986899554E-02 -4.1921397379912663E-02
   6.8311499272197956E-02 -4.1222707423580779E-02
   6.8515283842794761E-02 -4.0611353711790393E-02
   6.8631732168850074E-02 -3.9912663755458516E-02
   6.8588064046579328E-02 -3.9213973799126632E-02
   6.8748180494905387E-02 -3.8719068413391559E-02
   6.8864628820960699E-02 -3.8180494905385734E-02
   6.9184861717612803E-02 -3.7816593886462878E-02
   6.9272197962154294E-02 -3.7234352256186314E-02
   6.9330422125181951E-02 -3.6637554585152839E-02
   6.9446870451237264E-02 -3.6259097525473072E-02
   6.9519650655021831E-02 -3.5866084425036387E-02
   6.9694323144104800E-02 -3.5429403202328964E-02
