   0.1387500000000000      5.9972222222222218E-02
   0.1386111111111111      6.0027777777777777E-02
   0.1384444444444445      6.0277777777777777E-02
   0.1384444444444445      6.0333333333333336E-02
   0.1380000000000000      6.0416666666666660E-02
   0.1371388888888889      6.0388888888888888E-02
   0.1362222222222222      6.0361111111111115E-02
   0.1352500000000000      6.0277777777777777E-02
   0.1344166666666667      6.0194444444444439E-02
   0.1335277777777778      6.0138888888888888E-02
   0.1326944444444444      6.0055555555555556E-02
   0.1319444444444444      5.9888888888888894E-02
   0.1303333333333333      5.9638888888888880E-02
   0.1291388888888889      5.9388888888888887E-02
   0.1279722222222222      5.9111111111111114E-02
   0.1264444444444444      5.8388888888888886E-02
   0.1256388888888889      5.8194444444444451E-02
   0.1240555555555556      5.8000000000000003E-02
   0.1227500000000000      5.7805555555555554E-02
   0.1222222222222222      5.7750000000000003E-02
   0.1211388888888889      5.7638888888888892E-02
   0.1202222222222222      5.7499999999999996E-02
   0.1190277777777778      5.7361111111111113E-02
   0.1181666666666667      5.7194444444444451E-02
   0.1168888888888889      5.6944444444444436E-02
   0.1158333333333333      5.6833333333333326E-02
   0.1152500000000000      5.6777777777777781E-02
   0.1144722222222222      5.6777777777777781E-02
   0.1139166666666667      5.6750000000000002E-02
   0.1135833333333333      5.6638888888888891E-02
   0.1130555555555556      5.6388888888888884E-02
   0.1127500000000000      5.6444444444444443E-02
   0.1123055555555556      5.6527777777777781E-02
   0.1118055555555556      5.6388888888888884E-02
   0.1115000000000000      5.6222222222222222E-02
   0.1111666666666667      5.6111111111111112E-02
   0.1099722222222222      5.5361111111111111E-02
   0.1095833333333333      5.5222222222222221E-02
   0.1086388888888889      5.4916666666666662E-02
   0.1073055555555556      5.4500000000000000E-02
   0.1056111111111111      5.4166666666666669E-02
   0.1048055555555556      5.3916666666666661E-02
   0.1041388888888889      5.3722222222222227E-02
   0.1024722222222222      5.3388888888888895E-02
   0.1018611111111111      5.3138888888888888E-02
   0.1010833333333333      5.2999999999999999E-02
   9.9833333333333329E-02  5.2666666666666667E-02
   9.8750000000000004E-02  5.2805555555555557E-02
   9.7944444444444445E-02  5.2861111111111109E-02
   9.7277777777777769E-02  5.3027777777777778E-02
   9.6333333333333326E-02  5.3083333333333337E-02
   9.5305555555555560E-02  5.3027777777777778E-02
   9.4666666666666663E-02  5.2916666666666667E-02
   9.4111111111111104E-02  5.2611111111111115E-02
   9.3916666666666676E-02  5.2500000000000005E-02
   9.3277777777777779E-02  5.2416666666666667E-02
   9.2749999999999999E-02  5.2555555555555550E-02
   9.2277777777777778E-02  5.2611111111111115E-02
   9.1749999999999998E-02  5.2583333333333336E-02
   9.1166666666666674E-02  5.2444444444444439E-02
   9.0861111111111115E-02  5.2083333333333336E-02
   9.0472222222222232E-02  5.1638888888888887E-02
   8.9805555555555555E-02  5.1194444444444445E-02
   8.8722222222222216E-02  5.0861111111111107E-02
   8.7777777777777788E-02  4.9916666666666672E-02
   8.7222222222222229E-02  4.9777777777777782E-02
   8.6611111111111111E-02  4.9777777777777782E-02
   8.5916666666666669E-02  4.9749999999999996E-02
   8.5083333333333344E-02  4.9694444444444451E-02
   8.4472222222222226E-02  4.9611111111111113E-02
   8.4166666666666667E-02  4.9555555555555554E-02
   8.3361111111111108E-02  4.9527777777777775E-02
   8.3027777777777770E-02  4.9527777777777775E-02
   8.1944444444444445E-02  4.9472222222222223E-02
   8.1055555555555561E-02  4.9444444444444444E-02
   8.0305555555555561E-02  4.9305555555555554E-02
   7.9750000000000001E-02  4.9027777777777781E-02
   7.8888888888888883E-02  4.8805555555555560E-02
   7.7916666666666676E-02  4.8416666666666663E-02
   7.7416666666666661E-02  4.8194444444444443E-02
   7.6666666666666661E-02  4.8000000000000001E-02
   7.5833333333333336E-02  4.7611111111111111E-02
   7.5388888888888894E-02  4.7527777777777773E-02
   7.4916666666666673E-02  4.7500000000000001E-02
   7.4444444444444452E-02  4.7583333333333339E-02
   7.3499999999999996E-02  4.7527777777777773E-02
   7.2833333333333333E-02  4.7166666666666662E-02
   7.2638888888888892E-02  4.6972222222222221E-02
   7.2333333333333333E-02  4.6638888888888889E-02
   7.1750000000000008E-02  4.6416666666666669E-02
   7.1027777777777773E-02  4.6361111111111110E-02
   7.0694444444444449E-02  4.6333333333333337E-02
   7.0083333333333331E-02  4.6277777777777779E-02
   6.9249999999999992E-02  4.6194444444444448E-02
   6.8222222222222226E-02  4.6166666666666661E-02
   6.7305555555555563E-02  4.6111111111111117E-02
   6.6444444444444445E-02  4.6055555555555551E-02
   6.5777777777777768E-02  4.5972222222222220E-02
   6.5250000000000002E-02  4.5888888888888896E-02
   6.4694444444444443E-02  4.5583333333333337E-02
   6.4166666666666664E-02  4.5249999999999999E-02
   6.3750000000000001E-02  4.5000000000000005E-02
   6.3222222222222221E-02  4.4638888888888888E-02
   6.2722222222222221E-02  4.4499999999999998E-02
   6.1972222222222220E-02  4.4222222222222225E-02
   6.1277777777777778E-02  4.4194444444444446E-02
   6.0166666666666667E-02  4.4249999999999998E-02
   5.8888888888888893E-02  4.4055555555555549E-02
   5.7833333333333327E-02  4.3694444444444445E-02
   5.7249999999999995E-02  4.3416666666666666E-02
   5.6416666666666671E-02  4.3000000000000003E-02
   5.5361111111111111E-02  4.2777777777777776E-02
   5.4694444444444441E-02  4.2638888888888893E-02
   5.4194444444444448E-02  4.2416666666666672E-02
   5.3527777777777778E-02  4.2305555555555562E-02
   5.2277777777777784E-02  4.2277777777777775E-02
   5.1194444444444445E-02  4.2249999999999996E-02
   5.0166666666666665E-02  4.1694444444444444E-02
   4.9638888888888885E-02  4.0972222222222222E-02
   4.9194444444444443E-02  4.0611111111111112E-02
   4.8972222222222223E-02  4.0555555555555553E-02
   4.8722222222222222E-02  4.0694444444444450E-02
   4.8638888888888884E-02  4.1472222222222216E-02
   4.8583333333333339E-02  4.2166666666666665E-02
   4.8416666666666663E-02  4.2694444444444445E-02
   4.8000000000000001E-02  4.2916666666666665E-02
   4.7361111111111111E-02  4.2833333333333334E-02
   4.6555555555555558E-02  4.2388888888888893E-02
   4.5833333333333330E-02  4.1833333333333333E-02
   4.5638888888888889E-02  4.1638888888888892E-02
   4.5055555555555550E-02  4.1083333333333333E-02
   4.4722222222222219E-02  4.0888888888888891E-02
   4.4611111111111108E-02  4.1027777777777774E-02
   4.4527777777777777E-02  4.1333333333333333E-02
   4.4194444444444446E-02  4.0972222222222222E-02
   4.3555555555555556E-02  4.0527777777777781E-02
   4.3083333333333335E-02  4.0277777777777773E-02
   4.2527777777777782E-02  3.9888888888888890E-02
   4.1416666666666671E-02  3.9333333333333331E-02
   4.0638888888888891E-02  3.9333333333333331E-02
   3.9638888888888890E-02  3.9333333333333331E-02
   3.9027777777777779E-02  3.9750000000000001E-02
   3.8194444444444448E-02  3.9833333333333332E-02
   3.7555555555555550E-02  3.9972222222222221E-02
   3.6583333333333329E-02  4.0055555555555553E-02
   3.5500000000000004E-02  4.0027777777777780E-02
   3.4000000000000002E-02  3.9611111111111111E-02
   3.2666666666666663E-02  3.8416666666666668E-02
   3.1750000000000000E-02  3.7500000000000006E-02
   3.1250000000000000E-02  3.6777777777777777E-02
   3.0750000000000000E-02  3.6472222222222218E-02
   3.0361111111111110E-02  3.6249999999999998E-02
   3.0055555555555558E-02  3.6194444444444446E-02
   2.9333333333333336E-02  3.6111111111111115E-02
   2.8722222222222222E-02  3.5944444444444446E-02
   2.8111111111111111E-02  3.5805555555555556E-02
   2.7694444444444445E-02  3.5388888888888886E-02
   2.7194444444444445E-02  3.5083333333333327E-02
   2.6888888888888889E-02  3.4861111111111107E-02
   2.6222222222222220E-02  3.4666666666666665E-02
   2.5666666666666667E-02  3.4694444444444444E-02
   2.5222222222222222E-02  3.4638888888888886E-02
   2.4861111111111112E-02  3.4444444444444444E-02
   2.4416666666666666E-02  3.4166666666666665E-02
   2.3944444444444445E-02  3.3777777777777775E-02
   2.3722222222222221E-02  3.3388888888888885E-02
   2.3250000000000000E-02  3.2888888888888884E-02
   2.2666666666666665E-02  3.3222222222222222E-02
   2.2416666666666668E-02  3.3083333333333333E-02
   2.2138888888888889E-02  3.2944444444444443E-02
   2.1527777777777778E-02  3.2611111111111112E-02
   2.0944444444444446E-02  3.2305555555555560E-02
   2.0277777777777777E-02  3.1833333333333332E-02
   1.9861111111111111E-02  3.1527777777777780E-02
   1.9250000000000000E-02  3.1000000000000003E-02
   1.8777777777777779E-02  3.0611111111111113E-02
   1.8194444444444444E-02  3.0166666666666668E-02
   1.8055555555555557E-02  3.0083333333333333E-02
   1.7138888888888888E-02  2.9805555555555554E-02
   1.6083333333333331E-02  2.9249999999999998E-02
   1.5361111111111112E-02  2.8861111111111108E-02
   1.4888888888888889E-02  2.8500000000000001E-02
   1.4277777777777778E-02  2.7944444444444445E-02
   1.3944444444444445E-02  2.7333333333333334E-02
   1.3583333333333333E-02  2.6944444444444444E-02
   1.3222222222222222E-02  2.7111111111111110E-02
   1.2888888888888889E-02  2.7361111111111110E-02
   1.2333333333333333E-02  2.7611111111111111E-02
   1.2055555555555555E-02  2.7694444444444445E-02
   1.1861111111111110E-02  2.7694444444444445E-02
   1.1361111111111110E-02  2.7666666666666666E-02
   1.0694444444444444E-02  2.7472222222222221E-02
   1.0027777777777778E-02  2.7111111111111110E-02
   9.6111111111111102E-03  2.6638888888888889E-02
   9.1666666666666667E-03  2.6111111111111109E-02
   9.1388888888888891E-03  2.5694444444444447E-02
   8.8888888888888889E-03  2.5194444444444446E-02
   8.6111111111111110E-03  2.5666666666666667E-02
   8.0000000000000002E-03  2.6222222222222220E-02
   7.6666666666666671E-03  2.6555555555555554E-02
   7.3055555555555556E-03  2.6666666666666665E-02
   6.8611111111111112E-03  2.6638888888888889E-02
   6.3333333333333332E-03  2.5500000000000002E-02
   5.9722222222222225E-03  2.5388888888888891E-02
   5.3055555555555555E-03  2.5361111111111112E-02
   4.5833333333333334E-03  2.5138888888888891E-02
   3.9166666666666664E-03  2.4888888888888891E-02
   2.9722222222222220E-03  2.4305555555555556E-02
   2.3888888888888887E-03  2.3750000000000000E-02
   2.2222222222222222E-03  2.3555555555555555E-02
   1.5555555555555557E-03  2.2916666666666665E-02
   1.1666666666666668E-03  2.2944444444444444E-02
   7.2222222222222219E-04  2.3138888888888889E-02
  -3.0555555555555555E-04  2.3111111111111110E-02
  -1.0000000000000000E-03  2.2638888888888889E-02
  -1.4166666666666666E-03  2.2194444444444447E-02
  -1.8055555555555557E-03  2.1638888888888888E-02
  -2.1944444444444446E-03  2.0777777777777777E-02
  -2.4444444444444444E-03  2.0055555555555556E-02
  -2.6111111111111109E-03  1.9388888888888886E-02
  -2.7222222222222222E-03  1.8916666666666668E-02
  -2.8055555555555559E-03  1.8166666666666668E-02
  -2.7500000000000003E-03  1.6972222222222222E-02
  -2.7222222222222222E-03  1.5972222222222221E-02
  -2.5555555555555557E-03  1.5055555555555556E-02
  -2.0833333333333333E-03  1.4055555555555556E-02
  -1.8611111111111111E-03  1.3166666666666667E-02
  -1.5833333333333333E-03  1.2750000000000001E-02
  -1.3888888888888889E-03  1.2194444444444445E-02
  -1.1944444444444444E-03  1.1222222222222224E-02
  -1.3333333333333333E-03  1.1055555555555556E-02
  -1.8333333333333335E-03  1.0361111111111111E-02
  -1.9444444444444446E-03  9.6944444444444430E-03
  -1.9722222222222220E-03  9.1111111111111115E-03
  -1.9722222222222220E-03  8.7222222222222215E-03
  -2.0277777777777777E-03  8.5833333333333334E-03
  -2.4166666666666664E-03  7.9444444444444432E-03
  -2.6666666666666666E-03  7.3611111111111117E-03
  -2.6944444444444446E-03  6.6111111111111110E-03
  -2.5833333333333333E-03  5.8611111111111112E-03
  -2.4444444444444444E-03  5.2500000000000003E-03
  -2.2777777777777779E-03  4.5000000000000005E-03
  -2.2222222222222222E-03  4.1666666666666666E-03
  -2.3333333333333335E-03  3.6388888888888890E-03
  -2.3055555555555555E-03  3.0555555555555557E-03
  -2.3055555555555555E-03  2.8055555555555559E-03
  -2.4166666666666664E-03  2.3888888888888887E-03
  -2.6111111111111109E-03  1.8611111111111111E-03
  -2.6111111111111109E-03  1.0277777777777776E-03
  -2.6388888888888890E-03  4.4444444444444447E-04
  -2.8055555555555559E-03  8.3333333333333331E-05
  -3.3611111111111112E-03 -6.1111111111111110E-04
  -3.8333333333333336E-03 -1.3333333333333333E-03
  -4.3333333333333331E-03 -2.1111111111111109E-03
  -4.7222222222222223E-03 -2.9166666666666664E-03
  -4.5833333333333334E-03 -3.6944444444444446E-03
  -4.4166666666666668E-03 -4.3055555555555555E-03
  -4.2500000000000003E-03 -5.1388888888888890E-03
  -4.0555555555555553E-03 -5.8055555555555551E-03
  -4.1388888888888890E-03 -5.9722222222222225E-03
  -4.3333333333333331E-03 -6.1944444444444443E-03
  -4.5277777777777781E-03 -6.4722222222222230E-03
  -4.8055555555555551E-03 -7.3055555555555556E-03
  -4.8333333333333327E-03 -7.9166666666666656E-03
  -5.0555555555555553E-03 -8.2500000000000004E-03
  -5.2500000000000003E-03 -8.8611111111111113E-03
  -5.3611111111111116E-03 -9.5000000000000015E-03
  -5.1111111111111114E-03 -1.0305555555555556E-02
  -4.9444444444444440E-03 -1.0861111111111111E-02
  -4.5555555555555557E-03 -1.1583333333333333E-02
  -4.3888888888888892E-03 -1.2388888888888889E-02
  -4.0000000000000001E-03 -1.3250000000000000E-02
  -3.6388888888888890E-03 -1.3861111111111111E-02
  -3.2500000000000003E-03 -1.4388888888888889E-02
  -2.9722222222222220E-03 -1.4750000000000001E-02
  -2.5833333333333333E-03 -1.4944444444444446E-02
  -2.0555555555555553E-03 -1.4972222222222224E-02
  -1.5000000000000000E-03 -1.4944444444444446E-02
  -8.3333333333333328E-04 -1.4916666666666668E-02
   2.2222222222222223E-04 -1.4861111111111111E-02
   1.3333333333333333E-03 -1.4805555555555556E-02
   1.8888888888888890E-03 -1.4638888888888889E-02
   3.1666666666666666E-03 -1.4166666666666668E-02
   3.8611111111111116E-03 -1.4055555555555556E-02
   4.6666666666666671E-03 -1.4000000000000000E-02
   5.3055555555555555E-03 -1.3972222222222223E-02
   5.9444444444444440E-03 -1.3972222222222223E-02
   6.6388888888888886E-03 -1.4111111111111111E-02
   7.1388888888888891E-03 -1.4333333333333333E-02
   7.5555555555555558E-03 -1.5194444444444446E-02
   8.0555555555555554E-03 -1.5611111111111112E-02
   9.1111111111111115E-03 -1.5611111111111112E-02
   9.7500000000000000E-03 -1.5833333333333331E-02
   1.0916666666666667E-02 -1.6583333333333332E-02
   1.1666666666666665E-02 -1.6944444444444443E-02
   1.2444444444444445E-02 -1.7444444444444443E-02
   1.3194444444444444E-02 -1.7833333333333333E-02
   1.4388888888888889E-02 -1.8305555555555558E-02
   1.5222222222222224E-02 -1.8666666666666668E-02
   1.6222222222222221E-02 -1.8916666666666668E-02
   1.7277777777777777E-02 -1.9333333333333331E-02
   1.8611111111111113E-02 -1.9777777777777776E-02
   1.9916666666666666E-02 -2.0388888888888887E-02
   2.1027777777777777E-02 -2.0694444444444446E-02
   2.1805555555555557E-02 -2.0888888888888887E-02
   2.2000000000000002E-02 -2.0944444444444446E-02
   2.2583333333333330E-02 -2.0916666666666667E-02
   2.3555555555555555E-02 -2.0861111111111112E-02
   2.4111111111111111E-02 -2.0777777777777777E-02
   2.5027777777777777E-02 -2.0555555555555556E-02
   2.5333333333333333E-02 -2.0277777777777777E-02
   2.5805555555555557E-02 -2.0166666666666666E-02
   2.6944444444444444E-02 -2.0277777777777777E-02
   2.7777777777777776E-02 -2.0388888888888887E-02
   2.8805555555555553E-02 -2.0472222222222222E-02
   3.0222222222222223E-02 -2.0638888888888887E-02
   3.0916666666666665E-02 -2.0694444444444446E-02
   3.1888888888888883E-02 -2.0833333333333332E-02
   3.3055555555555553E-02 -2.0972222222222222E-02
   3.3750000000000002E-02 -2.1166666666666667E-02
   3.4777777777777776E-02 -2.1583333333333333E-02
   3.5444444444444445E-02 -2.1750000000000002E-02
   3.6305555555555556E-02 -2.1805555555555557E-02
   3.7611111111111116E-02 -2.2138888888888889E-02
   3.8472222222222220E-02 -2.2194444444444447E-02
   3.9555555555555552E-02 -2.2194444444444447E-02
   4.0500000000000001E-02 -2.2361111111111113E-02
   4.1305555555555561E-02 -2.3111111111111110E-02
   4.2333333333333334E-02 -2.3305555555555555E-02
   4.3527777777777776E-02 -2.3666666666666666E-02
   4.4499999999999998E-02 -2.4000000000000000E-02
   4.5472222222222219E-02 -2.4305555555555556E-02
   4.6305555555555558E-02 -2.4472222222222222E-02
   4.7111111111111111E-02 -2.4694444444444446E-02
   4.8166666666666663E-02 -2.4972222222222222E-02
   4.9361111111111113E-02 -2.5222222222222222E-02
   5.0277777777777782E-02 -2.5416666666666667E-02
   5.1555555555555549E-02 -2.5694444444444447E-02
   5.2611111111111115E-02 -2.5944444444444447E-02
   5.3555555555555551E-02 -2.6083333333333333E-02
   5.4666666666666669E-02 -2.6277777777777775E-02
   5.5888888888888891E-02 -2.6527777777777775E-02
   5.7055555555555554E-02 -2.6833333333333334E-02
   5.8249999999999996E-02 -2.7055555555555555E-02
   5.9416666666666673E-02 -2.7222222222222221E-02
   6.0583333333333336E-02 -2.7527777777777776E-02
   6.1555555555555558E-02 -2.7750000000000000E-02
   6.2722222222222221E-02 -2.7916666666666663E-02
   6.3666666666666663E-02 -2.8000000000000001E-02
   6.4500000000000002E-02 -2.8083333333333332E-02
   6.5555555555555547E-02 -2.8138888888888887E-02
   6.6638888888888886E-02 -2.8305555555555553E-02
   6.8000000000000005E-02 -2.8444444444444446E-02
   6.9166666666666668E-02 -2.8611111111111111E-02
   7.0583333333333331E-02 -2.8749999999999998E-02
   7.1638888888888877E-02 -2.8805555555555553E-02
   7.2527777777777774E-02 -2.8916666666666663E-02
   7.3611111111111113E-02 -2.9166666666666667E-02
   7.4361111111111114E-02 -2.9416666666666664E-02
   7.5166666666666659E-02 -2.9444444444444447E-02
   7.5972222222222219E-02 -2.9472222222222219E-02
   7.6833333333333337E-02 -2.9472222222222219E-02
   7.7194444444444441E-02 -2.9444444444444447E-02
   7.7888888888888896E-02 -2.9944444444444447E-02
   7.8472222222222221E-02 -3.0361111111111110E-02
   7.9083333333333339E-02 -3.0777777777777779E-02
   8.0138888888888885E-02 -3.0972222222222220E-02
   8.0888888888888885E-02 -3.0944444444444448E-02
   8.1750000000000003E-02 -3.0750000000000000E-02
   8.2777777777777783E-02 -3.0777777777777779E-02
   8.3888888888888888E-02 -3.1000000000000003E-02
   8.5805555555555552E-02 -3.1166666666666662E-02
   8.7138888888888891E-02 -3.1250000000000000E-02
   8.7805555555555553E-02 -3.1305555555555559E-02
   9.0027777777777776E-02 -3.1666666666666669E-02
   9.1277777777777777E-02 -3.1861111111111111E-02
   9.3138888888888882E-02 -3.2944444444444443E-02
   9.4138888888888897E-02 -3.3027777777777781E-02
   9.5277777777777781E-02 -3.3305555555555560E-02
   9.6361111111111106E-02 -3.3666666666666664E-02
   9.7194444444444444E-02 -3.3944444444444444E-02
   9.7944444444444445E-02 -3.4222222222222223E-02
   9.8611111111111108E-02 -3.4222222222222223E-02
   9.9222222222222226E-02 -3.3944444444444444E-02
   0.1000555555555556     -3.3722222222222223E-02
   0.1011666666666667     -3.3888888888888885E-02
   0.1023055555555556     -3.4083333333333334E-02
   0.1038055555555556     -3.4111111111111113E-02
   0.1052500000000000     -3.4472222222222224E-02
   0.1067500000000000     -3.4749999999999996E-02
   0.1081944444444444     -3.4916666666666672E-02
   0.1094722222222222     -3.5055555555555555E-02
   0.1110277777777778     -3.5305555555555555E-02
   0.1119166666666667     -3.6027777777777777E-02
   0.1128055555555555     -3.6166666666666666E-02
   0.1138888888888889     -3.6361111111111108E-02
   0.1153611111111111     -3.6472222222222218E-02
   0.1165277777777778     -3.6583333333333329E-02
   0.1175000000000000     -3.6638888888888888E-02
   0.1189722222222222     -3.6833333333333336E-02
   0.1201944444444444     -3.6888888888888888E-02
   0.1215833333333333     -3.7000000000000005E-02
   0.1233333333333334     -3.7111111111111116E-02
   0.1244722222222222     -3.7083333333333329E-02
   0.1255833333333333     -3.7083333333333329E-02
