   7.5138888888888894E-02  4.6972222222222221E-02
   7.4277777777777776E-02  4.6833333333333331E-02
   7.3111111111111113E-02  4.6611111111111110E-02
   7.1944444444444436E-02  4.6277777777777779E-02
   7.1166666666666670E-02  4.6055555555555551E-02
   7.0305555555555566E-02  4.5888888888888896E-02
   6.9416666666666668E-02  4.5666666666666668E-02
   6.8638888888888888E-02  4.5416666666666668E-02
   6.8027777777777770E-02  4.5305555555555557E-02
   6.7361111111111108E-02  4.5611111111111109E-02
   6.6805555555555562E-02  4.5499999999999999E-02
   6.6333333333333327E-02  4.5361111111111109E-02
   6.5472222222222223E-02  4.5138888888888888E-02
   6.4833333333333340E-02  4.5083333333333336E-02
   6.3916666666666677E-02  4.4972222222222219E-02
   6.3416666666666663E-02  4.4861111111111109E-02
   6.2833333333333338E-02  4.4722222222222219E-02
   6.2500000000000000E-02  4.4361111111111108E-02
   6.1611111111111110E-02  4.3583333333333335E-02
   6.0527777777777771E-02  4.3249999999999997E-02
   5.9694444444444446E-02  4.3111111111111114E-02
   5.8833333333333328E-02  4.2916666666666665E-02
   5.7861111111111113E-02  4.2638888888888893E-02
   5.7277777777777775E-02  4.2444444444444444E-02
   5.6333333333333332E-02  4.2277777777777775E-02
   5.5777777777777780E-02  4.2222222222222223E-02
   5.5194444444444449E-02  4.2194444444444451E-02
   5.4055555555555551E-02  4.1972222222222223E-02
   5.2805555555555557E-02  4.1722222222222223E-02
   5.2277777777777784E-02  4.1611111111111113E-02
   5.2194444444444446E-02  4.1611111111111113E-02
   5.1666666666666666E-02  4.1194444444444450E-02
   5.1027777777777776E-02  4.0916666666666664E-02
   5.0444444444444438E-02  4.0750000000000001E-02
   4.9527777777777775E-02  4.0527777777777781E-02
   4.8722222222222222E-02  4.0333333333333332E-02
   4.7805555555555559E-02  4.0083333333333332E-02
   4.7000000000000000E-02  3.9861111111111111E-02
   4.5444444444444447E-02  3.9611111111111111E-02
   4.4722222222222219E-02  3.9472222222222221E-02
   4.4499999999999998E-02  3.9361111111111111E-02
   4.3583333333333335E-02  3.9166666666666662E-02
   4.2777777777777776E-02  3.8916666666666669E-02
   4.1944444444444444E-02  3.8777777777777772E-02
   4.1277777777777774E-02  3.8722222222222227E-02
   4.0638888888888891E-02  3.8805555555555558E-02
   3.9916666666666670E-02  3.8777777777777772E-02
   3.9305555555555559E-02  3.8722222222222227E-02
   3.8500000000000006E-02  3.8583333333333331E-02
   3.7694444444444447E-02  3.8416666666666668E-02
   3.6944444444444446E-02  3.8083333333333330E-02
   3.6277777777777777E-02  3.7694444444444447E-02
   3.5833333333333335E-02  3.7361111111111109E-02
   3.5333333333333335E-02  3.6888888888888888E-02
   3.5083333333333327E-02  3.6638888888888888E-02
   3.5000000000000003E-02  3.6611111111111115E-02
   3.4277777777777775E-02  3.6111111111111115E-02
   3.3416666666666671E-02  3.5611111111111114E-02
   3.2722222222222222E-02  3.5194444444444445E-02
   3.2361111111111111E-02  3.5027777777777783E-02
   3.1611111111111111E-02  3.4777777777777776E-02
   3.1055555555555552E-02  3.4805555555555562E-02
   3.0194444444444444E-02  3.4944444444444445E-02
   2.9583333333333333E-02  3.4972222222222217E-02
   2.8722222222222222E-02  3.4888888888888886E-02
   2.7972222222222218E-02  3.4666666666666665E-02
   2.7361111111111110E-02  3.4222222222222223E-02
   2.7111111111111110E-02  3.4000000000000002E-02
   2.6388888888888889E-02  3.3611111111111112E-02
   2.5916666666666668E-02  3.3250000000000002E-02
   2.5083333333333332E-02  3.2972222222222222E-02
   2.4444444444444446E-02  3.2527777777777780E-02
   2.3722222222222221E-02  3.2305555555555560E-02
   2.2972222222222220E-02  3.2111111111111111E-02
   2.2361111111111113E-02  3.1861111111111111E-02
   2.1944444444444447E-02  3.1333333333333338E-02
   2.1472222222222222E-02  3.0861111111111110E-02
   2.1277777777777777E-02  3.0611111111111113E-02
   2.0638888888888887E-02  3.0527777777777779E-02
   1.9944444444444445E-02  3.0500000000000003E-02
   1.9083333333333334E-02  3.0472222222222220E-02
   1.8388888888888889E-02  3.0361111111111110E-02
   1.7583333333333333E-02  3.0249999999999999E-02
   1.7194444444444443E-02  3.0083333333333333E-02
   1.6750000000000001E-02  2.9638888888888888E-02
   1.6388888888888887E-02  2.9277777777777778E-02
   1.5722222222222221E-02  2.9055555555555557E-02
   1.5055555555555556E-02  2.8805555555555553E-02
   1.4611111111111111E-02  2.8611111111111111E-02
   1.4027777777777778E-02  2.8472222222222218E-02
   1.3527777777777777E-02  2.9083333333333333E-02
   1.3083333333333332E-02  2.9000000000000001E-02
   1.2416666666666666E-02  2.8583333333333332E-02
   1.1722222222222222E-02  2.8472222222222218E-02
   1.1111111111111112E-02  2.8055555555555556E-02
   1.0583333333333333E-02  2.7666666666666666E-02
   1.0305555555555556E-02  2.7361111111111110E-02
   9.8888888888888880E-03  2.7361111111111110E-02
   9.5277777777777791E-03  2.7305555555555555E-02
   9.3611111111111117E-03  2.7222222222222221E-02
   8.9722222222222217E-03  2.6833333333333334E-02
   8.8333333333333337E-03  2.6638888888888889E-02
   8.4722222222222213E-03  2.6277777777777775E-02
   8.2500000000000004E-03  2.6277777777777775E-02
   7.3888888888888893E-03  2.5333333333333333E-02
   6.6666666666666662E-03  2.4916666666666667E-02
   6.3611111111111117E-03  2.4694444444444446E-02
   6.2222222222222227E-03  2.4666666666666667E-02
   5.5277777777777782E-03  2.4500000000000001E-02
   5.0000000000000001E-03  2.4361111111111111E-02
   4.4722222222222221E-03  2.4138888888888890E-02
   4.1944444444444442E-03  2.3944444444444445E-02
   3.7222222222222223E-03  2.3638888888888890E-02
   3.4444444444444444E-03  2.3388888888888890E-02
   2.9166666666666664E-03  2.3111111111111110E-02
   2.7500000000000003E-03  2.2666666666666665E-02
   2.5000000000000001E-03  2.2472222222222223E-02
   1.8055555555555557E-03  2.2250000000000002E-02
   1.4444444444444444E-03  2.2083333333333333E-02
   1.0833333333333333E-03  2.1722222222222223E-02
   7.7777777777777784E-04  2.1388888888888888E-02
   4.1666666666666664E-04  2.1250000000000002E-02
   2.7777777777777779E-05  2.1111111111111112E-02
  -3.8888888888888892E-04  1.9777777777777776E-02
  -8.6111111111111110E-04  1.9305555555555555E-02
  -1.3611111111111111E-03  1.9000000000000003E-02
  -1.4444444444444444E-03  1.8888888888888889E-02
  -1.8611111111111111E-03  1.8055555555555557E-02
  -2.2222222222222222E-03  1.7333333333333333E-02
  -2.6666666666666666E-03  1.6166666666666666E-02
  -3.1944444444444446E-03  1.5722222222222221E-02
  -3.4722222222222220E-03  1.5444444444444446E-02
  -3.8333333333333336E-03  1.5111111111111112E-02
  -4.3333333333333331E-03  1.4583333333333334E-02
  -4.5833333333333334E-03  1.4333333333333333E-02
  -5.1388888888888890E-03  1.4194444444444445E-02
  -5.5000000000000005E-03  1.4000000000000000E-02
  -5.8055555555555551E-03  1.3805555555555555E-02
  -6.3055555555555556E-03  1.3361111111111110E-02
  -6.7222222222222223E-03  1.2861111111111111E-02
  -6.9166666666666664E-03  1.2555555555555556E-02
  -7.0000000000000001E-03  1.2166666666666666E-02
  -7.0000000000000001E-03  1.1361111111111110E-02
  -7.0277777777777778E-03  1.0722222222222223E-02
  -7.0000000000000001E-03  1.0083333333333333E-02
  -6.9722222222222225E-03  9.5555555555555550E-03
  -6.9166666666666664E-03  9.3611111111111117E-03
  -7.1388888888888891E-03  8.5833333333333334E-03
  -7.3333333333333341E-03  7.8888888888888880E-03
  -7.4722222222222230E-03  7.3055555555555556E-03
  -7.6388888888888895E-03  6.6666666666666662E-03
  -7.7500000000000008E-03  5.4722222222222221E-03
  -7.7222222222222232E-03  4.7222222222222223E-03
  -7.5277777777777782E-03  3.8611111111111116E-03
  -7.3611111111111117E-03  3.5000000000000001E-03
  -7.2777777777777780E-03  3.1666666666666666E-03
  -7.3611111111111117E-03  2.8055555555555559E-03
  -8.1111111111111106E-03  1.0000000000000000E-03
  -8.1388888888888882E-03  3.8888888888888892E-04
  -8.1944444444444434E-03 -4.4444444444444447E-04
  -8.1666666666666658E-03 -1.2222222222222222E-03
  -8.0277777777777778E-03 -2.2500000000000003E-03
  -8.0000000000000002E-03 -2.7500000000000003E-03
  -8.1111111111111106E-03 -3.6111111111111114E-03
  -8.2500000000000004E-03 -4.2222222222222218E-03
  -8.4444444444444437E-03 -5.0833333333333329E-03
  -8.6111111111111110E-03 -5.4444444444444445E-03
  -8.9166666666666665E-03 -6.2500000000000003E-03
  -8.7222222222222215E-03 -7.3333333333333341E-03
  -8.6111111111111110E-03 -8.0833333333333330E-03
  -8.2222222222222210E-03 -8.8611111111111113E-03
  -7.8055555555555560E-03 -9.1666666666666667E-03
  -6.9444444444444441E-03 -8.5000000000000006E-03
  -5.9166666666666664E-03 -8.4166666666666660E-03
  -4.9444444444444440E-03 -8.4166666666666660E-03
  -4.4166666666666668E-03 -8.4444444444444437E-03
  -3.7777777777777779E-03 -8.6388888888888887E-03
  -3.2777777777777775E-03 -9.5833333333333326E-03
  -2.9444444444444444E-03 -1.0277777777777778E-02
  -2.5555555555555557E-03 -1.1222222222222224E-02
  -2.1944444444444446E-03 -1.2000000000000000E-02
  -1.7777777777777779E-03 -1.2583333333333334E-02
  -1.1666666666666668E-03 -1.3972222222222223E-02
  -5.2777777777777773E-04 -1.4500000000000001E-02
   2.7777777777777779E-05 -1.4916666666666668E-02
   1.0000000000000000E-03 -1.5194444444444446E-02
   1.8055555555555557E-03 -1.5527777777777779E-02
   2.3611111111111111E-03 -1.5555555555555557E-02
   2.9722222222222220E-03 -1.5694444444444441E-02
   3.7222222222222223E-03 -1.5888888888888886E-02
   4.6666666666666671E-03 -1.5944444444444442E-02
   5.5000000000000005E-03 -1.5972222222222221E-02
   6.3611111111111117E-03 -1.6055555555555556E-02
   7.1111111111111115E-03 -1.6027777777777776E-02
   7.7222222222222232E-03 -1.6027777777777776E-02
   8.5555555555555558E-03 -1.5916666666666666E-02
   9.5277777777777791E-03 -1.5583333333333334E-02
   1.0694444444444444E-02 -1.4388888888888889E-02
   1.0944444444444444E-02 -1.4361111111111111E-02
   1.1472222222222222E-02 -1.4388888888888889E-02
   1.1777777777777778E-02 -1.4611111111111111E-02
   1.2388888888888889E-02 -1.5222222222222224E-02
   1.3222222222222222E-02 -1.5722222222222221E-02
   1.4138888888888888E-02 -1.5972222222222221E-02
   1.5277777777777779E-02 -1.6305555555555556E-02
   1.6305555555555556E-02 -1.7333333333333333E-02
   1.7583333333333333E-02 -1.7472222222222222E-02
   1.8638888888888889E-02 -1.7527777777777778E-02
   1.9694444444444445E-02 -1.7694444444444443E-02
   2.0111111111111111E-02 -1.7861111111111112E-02
   2.0777777777777777E-02 -1.8194444444444444E-02
   2.1416666666666667E-02 -1.8444444444444444E-02
   2.2055555555555557E-02 -1.8861111111111113E-02
   2.3055555555555555E-02 -1.9222222222222220E-02
   2.4055555555555556E-02 -1.9527777777777776E-02
   2.5277777777777777E-02 -1.9722222222222221E-02
   2.6638888888888889E-02 -1.9694444444444445E-02
   2.8138888888888887E-02 -1.9472222222222221E-02
   2.9527777777777778E-02 -1.9777777777777776E-02
   3.0722222222222224E-02 -2.0222222222222221E-02
   3.1388888888888883E-02 -2.0472222222222222E-02
   3.2305555555555560E-02 -2.1138888888888888E-02
   3.3472222222222223E-02 -2.1277777777777777E-02
   3.4722222222222224E-02 -2.1583333333333333E-02
   3.5944444444444446E-02 -2.1805555555555557E-02
   3.6638888888888888E-02 -2.1916666666666668E-02
   3.8249999999999999E-02 -2.2194444444444447E-02
   3.9416666666666669E-02 -2.2388888888888889E-02
   4.0361111111111111E-02 -2.2638888888888889E-02
   4.2027777777777775E-02 -2.2972222222222220E-02
   4.3194444444444452E-02 -2.3166666666666665E-02
   4.3944444444444439E-02 -2.3277777777777776E-02
   4.5499999999999999E-02 -2.3722222222222221E-02
   4.7000000000000000E-02 -2.3916666666666666E-02
   4.8111111111111111E-02 -2.4111111111111111E-02
   5.0166666666666665E-02 -2.4805555555555556E-02
   5.0833333333333335E-02 -2.4972222222222222E-02
   5.1500000000000004E-02 -2.5138888888888891E-02
   5.3166666666666668E-02 -2.5777777777777778E-02
   5.4500000000000000E-02 -2.6055555555555554E-02
   5.6027777777777774E-02 -2.6555555555555554E-02
   5.6972222222222230E-02 -2.6805555555555555E-02
   5.8722222222222217E-02 -2.7250000000000000E-02
   6.0361111111111115E-02 -2.7583333333333335E-02
   6.1666666666666675E-02 -2.7777777777777776E-02
   6.3055555555555559E-02 -2.8000000000000001E-02
   6.4388888888888884E-02 -2.8361111111111108E-02
   6.5388888888888885E-02 -2.8638888888888887E-02
   6.6555555555555548E-02 -2.8138888888888887E-02
   6.7777777777777770E-02 -2.8277777777777777E-02
   6.8861111111111109E-02 -2.8361111111111108E-02
   7.0111111111111110E-02 -2.8583333333333332E-02
   7.1055555555555552E-02 -2.8777777777777777E-02
   7.1916666666666670E-02 -2.9722222222222223E-02
