   3.6138888888888887E-02  3.4361111111111113E-02
   3.5694444444444445E-02  3.4222222222222223E-02
   3.5166666666666666E-02  3.3916666666666671E-02
   3.4638888888888886E-02  3.3638888888888892E-02
   3.4166666666666665E-02  3.3305555555555560E-02
   3.3416666666666671E-02  3.2916666666666670E-02
   3.2694444444444443E-02  3.2555555555555553E-02
   3.1916666666666670E-02  3.2250000000000001E-02
   3.1361111111111110E-02  3.2000000000000001E-02
   3.0916666666666665E-02  3.1833333333333332E-02
   3.0555555555555558E-02  3.1611111111111111E-02
   3.0055555555555558E-02  3.1305555555555559E-02
   2.9555555555555557E-02  3.0972222222222220E-02
   2.8944444444444446E-02  3.0722222222222224E-02
   2.8583333333333332E-02  3.0555555555555558E-02
   2.8222222222222221E-02  3.0444444444444448E-02
   2.7666666666666666E-02  3.0361111111111110E-02
   2.6972222222222220E-02  3.0194444444444444E-02
   2.6472222222222220E-02  2.9916666666666664E-02
   2.5805555555555557E-02  2.9666666666666668E-02
   2.5000000000000001E-02  2.9361111111111109E-02
   2.4472222222222222E-02  2.9166666666666667E-02
   2.4000000000000000E-02  2.8888888888888891E-02
   2.3333333333333331E-02  2.8638888888888887E-02
   2.3138888888888889E-02  2.8361111111111108E-02
   2.2666666666666665E-02  2.8083333333333332E-02
   2.2250000000000002E-02  2.7833333333333335E-02
   2.1527777777777778E-02  2.7416666666666666E-02
   2.0972222222222222E-02  2.7194444444444445E-02
   2.0472222222222222E-02  2.7055555555555555E-02
   2.0111111111111111E-02  2.6777777777777775E-02
   1.9694444444444445E-02  2.6555555555555554E-02
   1.9138888888888886E-02  2.6194444444444444E-02
   1.8944444444444444E-02  2.6083333333333333E-02
   1.8194444444444444E-02  2.5611111111111112E-02
   1.7083333333333332E-02  2.5027777777777777E-02
   1.6611111111111111E-02  2.4722222222222222E-02
   1.6083333333333331E-02  2.4444444444444446E-02
   1.5444444444444446E-02  2.4638888888888891E-02
   1.5000000000000001E-02  2.4833333333333332E-02
   1.4194444444444445E-02  2.4638888888888891E-02
   1.3722222222222222E-02  2.4361111111111111E-02
   1.3111111111111110E-02  2.4111111111111111E-02
   1.2611111111111111E-02  2.3861111111111111E-02
   1.1694444444444445E-02  2.3222222222222220E-02
   1.1277777777777779E-02  2.2861111111111110E-02
   1.0777777777777778E-02  2.2527777777777779E-02
   1.0305555555555556E-02  2.2222222222222223E-02
   1.0027777777777778E-02  2.1666666666666667E-02
   9.3333333333333341E-03  2.1000000000000001E-02
   8.7500000000000008E-03  2.0777777777777777E-02
   8.0555555555555554E-03  2.0500000000000001E-02
   7.4722222222222230E-03  2.0250000000000001E-02
   6.6944444444444438E-03  1.9694444444444445E-02
   6.2777777777777780E-03  1.9444444444444445E-02
   5.7499999999999999E-03  1.8833333333333334E-02
   5.4722222222222221E-03  1.8527777777777778E-02
   5.2500000000000003E-03  1.8416666666666668E-02
   4.7500000000000007E-03  1.8083333333333333E-02
   4.4166666666666668E-03  1.7722222222222223E-02
   3.6388888888888890E-03  1.6500000000000001E-02
   2.7222222222222222E-03  1.5277777777777779E-02
   2.3888888888888887E-03  1.4638888888888889E-02
   1.9166666666666668E-03  1.3638888888888888E-02
   1.5277777777777779E-03  1.3083333333333332E-02
   1.5000000000000000E-03  1.2444444444444445E-02
   1.5000000000000000E-03  1.2138888888888888E-02
   1.3333333333333333E-03  1.1527777777777777E-02
   1.0000000000000000E-03  1.1027777777777779E-02
   5.5555555555555556E-04  1.0277777777777778E-02
   2.5000000000000001E-04  9.3888888888888893E-03
  -2.2222222222222223E-04  8.7500000000000008E-03
  -5.2777777777777773E-04  8.1111111111111106E-03
  -8.6111111111111110E-04  7.3888888888888893E-03
  -1.2222222222222222E-03  7.5277777777777782E-03
  -1.5555555555555557E-03  6.8333333333333336E-03
  -1.6944444444444444E-03  6.0555555555555553E-03
  -1.5833333333333333E-03  5.4166666666666669E-03
  -1.4166666666666666E-03  4.9444444444444440E-03
  -1.3055555555555555E-03  4.6666666666666671E-03
  -1.4166666666666666E-03  4.1111111111111105E-03
  -1.6111111111111111E-03  3.6111111111111114E-03
  -1.7500000000000000E-03  3.0833333333333333E-03
  -1.7777777777777779E-03  2.2500000000000003E-03
  -1.7500000000000000E-03  1.4444444444444444E-03
  -1.5277777777777779E-03  6.9444444444444447E-04
  -1.5000000000000000E-03  3.3333333333333332E-04
  -1.6111111111111111E-03 -8.3333333333333331E-05
  -1.5000000000000000E-03 -6.6666666666666664E-04
  -1.3055555555555555E-03 -9.4444444444444448E-04
  -1.0555555555555555E-03 -2.3333333333333335E-03
  -7.2222222222222219E-04 -3.1944444444444446E-03
  -6.6666666666666664E-04 -3.5833333333333333E-03
  -5.0000000000000001E-04 -4.3611111111111107E-03
  -2.7777777777777778E-04 -4.8888888888888888E-03
   1.6666666666666666E-04 -6.1388888888888890E-03
   6.6666666666666664E-04 -7.0000000000000001E-03
   1.1111111111111111E-03 -7.6111111111111119E-03
   1.8888888888888890E-03 -8.5277777777777782E-03
   2.4444444444444444E-03 -9.1666666666666667E-03
   3.1944444444444446E-03 -1.0361111111111111E-02
   3.9444444444444440E-03 -1.0861111111111111E-02
   4.6111111111111110E-03 -1.1361111111111110E-02
   5.5000000000000005E-03 -1.2027777777777778E-02
   6.1111111111111114E-03 -1.2194444444444445E-02
   6.5833333333333334E-03 -1.2583333333333334E-02
   7.3055555555555556E-03 -1.3000000000000001E-02
   8.1944444444444434E-03 -1.3722222222222222E-02
   8.8611111111111113E-03 -1.4083333333333333E-02
   9.6111111111111102E-03 -1.4472222222222223E-02
   1.0333333333333333E-02 -1.4000000000000000E-02
   1.1138888888888889E-02 -1.4083333333333333E-02
   1.1972222222222223E-02 -1.4277777777777778E-02
   1.2777777777777779E-02 -1.4888888888888889E-02
   1.3277777777777777E-02 -1.5083333333333334E-02
   1.4166666666666668E-02 -1.5222222222222224E-02
   1.4916666666666668E-02 -1.5472222222222224E-02
   1.5305555555555557E-02 -1.5777777777777776E-02
   1.6194444444444442E-02 -1.7166666666666667E-02
   1.6777777777777777E-02 -1.7416666666666667E-02
   1.7611111111111112E-02 -1.7500000000000002E-02
   1.8055555555555557E-02 -1.7527777777777778E-02
   1.8833333333333334E-02 -1.7750000000000002E-02
   1.9583333333333331E-02 -1.7944444444444443E-02
   2.0388888888888887E-02 -1.8111111111111113E-02
   2.1388888888888888E-02 -1.8277777777777778E-02
   2.2444444444444447E-02 -1.8694444444444444E-02
   2.3722222222222221E-02 -1.9138888888888886E-02
   2.4138888888888890E-02 -1.9222222222222220E-02
   2.5666666666666667E-02 -1.9361111111111110E-02
   2.6416666666666665E-02 -1.9500000000000000E-02
   2.8277777777777777E-02 -2.0027777777777776E-02
   2.8749999999999998E-02 -2.0111111111111111E-02
   2.9555555555555557E-02 -2.0194444444444445E-02
   3.0527777777777779E-02 -2.0388888888888887E-02
   3.0750000000000000E-02 -2.0416666666666666E-02
   3.1527777777777780E-02 -2.0750000000000001E-02
   3.2250000000000001E-02 -2.0944444444444446E-02
   3.2972222222222222E-02 -2.1000000000000001E-02
   3.3666666666666664E-02 -2.1027777777777777E-02
   3.4305555555555554E-02 -2.1194444444444446E-02
   3.4777777777777776E-02 -2.1333333333333333E-02
   3.5416666666666666E-02 -2.1416666666666667E-02
   3.6055555555555556E-02 -2.1583333333333333E-02
   3.6888888888888888E-02 -2.1833333333333333E-02
   3.8055555555555558E-02 -2.1944444444444447E-02
   3.8583333333333331E-02 -2.2055555555555557E-02
   3.9277777777777773E-02 -2.2222222222222223E-02
   3.9888888888888890E-02 -2.2361111111111113E-02
   4.0638888888888891E-02 -2.2444444444444447E-02
   4.1249999999999995E-02 -2.2638888888888889E-02
   4.2000000000000003E-02 -2.2805555555555555E-02
   4.3277777777777776E-02 -2.3055555555555555E-02
   4.4305555555555556E-02 -2.3166666666666665E-02
   4.5333333333333337E-02 -2.3333333333333331E-02
   4.6444444444444448E-02 -2.3583333333333331E-02
   4.7444444444444442E-02 -2.3777777777777776E-02
   4.8694444444444450E-02 -2.4055555555555556E-02
   4.9611111111111113E-02 -2.4722222222222222E-02
   5.0611111111111114E-02 -2.5333333333333333E-02
   5.1861111111111108E-02 -2.5638888888888892E-02
   5.2416666666666667E-02 -2.5750000000000002E-02
   5.3833333333333330E-02 -2.6111111111111109E-02
   5.4805555555555552E-02 -2.6166666666666664E-02
   5.5805555555555553E-02 -2.6194444444444444E-02
   5.6611111111111105E-02 -2.6361111111111109E-02
   5.7361111111111113E-02 -2.6499999999999999E-02
   5.8611111111111107E-02 -2.6749999999999999E-02
   5.9555555555555556E-02 -2.6972222222222220E-02
   6.0694444444444447E-02 -2.7222222222222221E-02
   6.1638888888888882E-02 -2.7416666666666666E-02
   6.3111111111111118E-02 -2.7638888888888890E-02
   6.3972222222222222E-02 -2.7777777777777776E-02
   6.4583333333333340E-02 -2.7916666666666663E-02
   6.5694444444444444E-02 -2.8305555555555553E-02
   6.6416666666666666E-02 -2.8249999999999997E-02
   6.7527777777777784E-02 -2.8388888888888891E-02
   6.8194444444444446E-02 -2.8472222222222218E-02
   6.8944444444444447E-02 -2.8666666666666667E-02
   6.9833333333333344E-02 -2.8805555555555553E-02
   7.0583333333333331E-02 -2.8888888888888891E-02
   7.2083333333333333E-02 -2.9111111111111112E-02
   7.3166666666666658E-02 -2.9222222222222222E-02
   7.3944444444444438E-02 -2.9388888888888891E-02
   7.5333333333333322E-02 -2.9722222222222223E-02
   7.6194444444444440E-02 -3.0055555555555558E-02
   7.6833333333333337E-02 -3.0222222222222223E-02
   7.7499999999999999E-02 -3.1138888888888890E-02
   7.8916666666666677E-02 -3.1305555555555559E-02
   7.9777777777777781E-02 -3.1416666666666669E-02
   8.0888888888888885E-02 -3.1611111111111111E-02
   8.2249999999999990E-02 -3.1833333333333332E-02
   8.2916666666666666E-02 -3.1833333333333332E-02
   8.4249999999999992E-02 -3.1527777777777780E-02
   8.4805555555555551E-02 -3.1694444444444442E-02
   8.5944444444444434E-02 -3.1888888888888883E-02
   8.7138888888888891E-02 -3.1916666666666670E-02
   8.8361111111111112E-02 -3.2166666666666663E-02
   8.9194444444444437E-02 -3.2333333333333332E-02
   8.9805555555555555E-02 -3.2472222222222222E-02
   9.0833333333333335E-02 -3.2694444444444443E-02
   9.2194444444444440E-02 -3.2861111111111112E-02
   9.2833333333333337E-02 -3.2888888888888884E-02
   9.3722222222222221E-02 -3.3000000000000002E-02
   9.5194444444444443E-02 -3.3083333333333333E-02
   9.6638888888888885E-02 -3.3361111111111112E-02
   9.8000000000000004E-02 -3.3500000000000002E-02
   9.8916666666666667E-02 -3.3694444444444444E-02
   0.1000833333333333     -3.3944444444444444E-02
   0.1016388888888889     -3.4166666666666665E-02
   0.1030000000000000     -3.4333333333333334E-02
   0.1043055555555556     -3.4500000000000003E-02
   0.1049722222222222     -3.4527777777777775E-02
