   4.7305555555555552E-02  3.7666666666666661E-02
   4.7194444444444442E-02  3.7916666666666668E-02
   4.6972222222222221E-02  3.8194444444444448E-02
   4.6666666666666669E-02  3.8500000000000006E-02
   4.6249999999999999E-02  3.8583333333333331E-02
   4.5916666666666668E-02  3.8527777777777779E-02
   4.5527777777777778E-02  3.8111111111111109E-02
   4.5249999999999999E-02  3.7861111111111109E-02
   4.4833333333333329E-02  3.7555555555555550E-02
   4.4472222222222219E-02  3.7388888888888888E-02
   4.3805555555555556E-02  3.7249999999999998E-02
   4.3166666666666666E-02  3.7138888888888888E-02
   4.2527777777777782E-02  3.7111111111111116E-02
   4.1916666666666665E-02  3.6972222222222219E-02
   4.1305555555555561E-02  3.6722222222222226E-02
   4.0861111111111112E-02  3.6500000000000005E-02
   4.0361111111111111E-02  3.6361111111111108E-02
   3.9666666666666663E-02  3.6472222222222218E-02
   3.8750000000000000E-02  3.6500000000000005E-02
   3.8055555555555558E-02  3.6500000000000005E-02
   3.7388888888888888E-02  3.6305555555555556E-02
   3.6388888888888887E-02  3.5777777777777776E-02
   3.6222222222222225E-02  3.5583333333333335E-02
   3.5888888888888887E-02  3.5277777777777776E-02
   3.5055555555555555E-02  3.4805555555555562E-02
   3.4638888888888886E-02  3.4694444444444444E-02
   3.3722222222222223E-02  3.4611111111111113E-02
   3.2916666666666670E-02  3.4333333333333334E-02
   3.2277777777777773E-02  3.3861111111111113E-02
   3.1750000000000000E-02  3.3500000000000002E-02
   3.1277777777777772E-02  3.3138888888888891E-02
   3.0722222222222224E-02  3.2888888888888884E-02
   3.0111111111111113E-02  3.2777777777777774E-02
   2.9388888888888891E-02  3.2638888888888891E-02
   2.9000000000000001E-02  3.2472222222222222E-02
   2.8500000000000001E-02  3.2333333333333332E-02
   2.8055555555555556E-02  3.2055555555555552E-02
   2.7138888888888889E-02  3.1361111111111110E-02
   2.6833333333333334E-02  3.1277777777777772E-02
   2.6083333333333333E-02  3.1083333333333334E-02
   2.5472222222222222E-02  3.0750000000000000E-02
   2.4638888888888891E-02  3.0388888888888892E-02
   2.4027777777777776E-02  2.9944444444444447E-02
   2.3388888888888890E-02  2.9749999999999999E-02
   2.2805555555555555E-02  2.9749999999999999E-02
   2.2055555555555557E-02  2.9555555555555557E-02
   2.1277777777777777E-02  2.9388888888888891E-02
   2.0805555555555556E-02  2.9138888888888888E-02
   2.0250000000000001E-02  2.8861111111111108E-02
   1.9194444444444445E-02  2.8527777777777777E-02
   1.8833333333333334E-02  2.8361111111111108E-02
   1.8138888888888888E-02  2.7555555555555555E-02
   1.7833333333333333E-02  2.6916666666666665E-02
   1.7027777777777777E-02  2.6388888888888889E-02
   1.6444444444444442E-02  2.6055555555555554E-02
   1.5972222222222221E-02  2.5833333333333333E-02
   1.5138888888888889E-02  2.5694444444444447E-02
   1.3972222222222223E-02  2.5444444444444447E-02
   1.3500000000000000E-02  2.5277777777777777E-02
   1.3166666666666667E-02  2.5138888888888891E-02
   1.2666666666666666E-02  2.4888888888888891E-02
   1.2305555555555556E-02  2.4583333333333332E-02
   1.1472222222222222E-02  2.3888888888888890E-02
   1.1166666666666667E-02  2.3416666666666665E-02
   1.0888888888888889E-02  2.3055555555555555E-02
   1.0472222222222223E-02  2.2416666666666668E-02
   9.8888888888888880E-03  2.2277777777777778E-02
   9.3611111111111117E-03  2.2305555555555558E-02
   8.4444444444444437E-03  2.2138888888888889E-02
   7.2500000000000004E-03  2.1861111111111112E-02
   6.7222222222222223E-03  2.2166666666666668E-02
   5.8333333333333327E-03  2.2027777777777778E-02
   5.1111111111111114E-03  2.1972222222222223E-02
   4.8055555555555551E-03  2.2000000000000002E-02
   4.4444444444444444E-03  2.2000000000000002E-02
   3.3055555555555555E-03  2.1916666666666668E-02
   3.0833333333333333E-03  2.1611111111111112E-02
   2.7500000000000003E-03  2.1027777777777777E-02
   2.0277777777777777E-03  2.0277777777777777E-02
   1.5555555555555557E-03  1.9944444444444445E-02
   1.3611111111111111E-03  1.9805555555555555E-02
   7.7777777777777784E-04  1.8611111111111113E-02
   4.4444444444444447E-04  1.8472222222222223E-02
  -2.5000000000000001E-04  1.6805555555555556E-02
  -3.8888888888888892E-04  1.6666666666666666E-02
  -1.1388888888888889E-03  1.5861111111111111E-02
  -1.3055555555555555E-03  1.5166666666666669E-02
  -1.1944444444444444E-03  1.4500000000000001E-02
  -1.0000000000000000E-03  1.3555555555555555E-02
  -8.6111111111111110E-04  1.3250000000000000E-02
  -8.6111111111111110E-04  1.3138888888888887E-02
  -1.1944444444444444E-03  1.2722222222222223E-02
  -1.5833333333333333E-03  1.2250000000000000E-02
  -1.8055555555555557E-03  1.1888888888888888E-02
  -2.1666666666666666E-03  1.1138888888888889E-02
  -2.5000000000000001E-03  1.0472222222222223E-02
  -2.6944444444444446E-03  9.9444444444444433E-03
  -2.7777777777777779E-03  9.8055555555555552E-03
  -2.9444444444444444E-03  9.5555555555555550E-03
  -3.1388888888888890E-03  9.0555555555555563E-03
  -3.2500000000000003E-03  8.5000000000000006E-03
  -3.3888888888888888E-03  8.0555555555555554E-03
  -3.7222222222222223E-03  7.4166666666666669E-03
  -3.8611111111111116E-03  7.0277777777777778E-03
  -4.0277777777777777E-03  6.2777777777777780E-03
  -4.3055555555555555E-03  5.5277777777777782E-03
  -4.4722222222222221E-03  5.1388888888888890E-03
  -4.7777777777777775E-03  4.7222222222222223E-03
  -5.0277777777777777E-03  4.3333333333333331E-03
  -5.2777777777777779E-03  3.9444444444444440E-03
  -5.0277777777777777E-03  3.3333333333333331E-03
  -4.7500000000000007E-03  2.5555555555555557E-03
  -4.6666666666666671E-03  1.7222222222222222E-03
  -4.7500000000000007E-03  9.4444444444444448E-04
  -5.0277777777777777E-03  4.4444444444444447E-04
  -5.1388888888888890E-03 -1.9444444444444446E-04
  -5.0277777777777777E-03 -6.9444444444444447E-04
  -4.7777777777777775E-03 -1.3333333333333333E-03
  -4.5833333333333334E-03 -1.9166666666666668E-03
  -4.3055555555555555E-03 -3.0555555555555557E-03
  -4.1666666666666666E-03 -3.7777777777777779E-03
  -4.0277777777777777E-03 -4.7222222222222223E-03
  -3.7222222222222223E-03 -5.5833333333333334E-03
  -3.6944444444444446E-03 -5.7222222222222223E-03
  -3.5833333333333333E-03 -6.2777777777777780E-03
  -3.3055555555555555E-03 -7.3888888888888893E-03
  -3.3055555555555555E-03 -8.1388888888888882E-03
  -3.2222222222222222E-03 -8.6666666666666663E-03
  -3.2222222222222222E-03 -9.1666666666666667E-03
  -3.0000000000000001E-03 -9.6388888888888878E-03
  -2.7500000000000003E-03 -9.9722222222222226E-03
  -2.2500000000000003E-03 -1.0166666666666666E-02
  -1.5277777777777779E-03 -1.0472222222222223E-02
  -8.0555555555555556E-04 -1.0694444444444444E-02
  -2.2222222222222223E-04 -1.0916666666666667E-02
   3.6111111111111109E-04 -1.1472222222222222E-02
   7.2222222222222219E-04 -1.2138888888888888E-02
   1.1111111111111111E-03 -1.2722222222222223E-02
   1.7500000000000000E-03 -1.3361111111111110E-02
   2.3333333333333335E-03 -1.3694444444444445E-02
   2.8333333333333331E-03 -1.3972222222222223E-02
   3.3888888888888888E-03 -1.4250000000000001E-02
   3.5833333333333333E-03 -1.4472222222222223E-02
   4.0000000000000001E-03 -1.4861111111111111E-02
   4.6111111111111110E-03 -1.5333333333333334E-02
   5.2222222222222218E-03 -1.5500000000000002E-02
   6.2222222222222227E-03 -1.5555555555555557E-02
   6.6666666666666662E-03 -1.5555555555555557E-02
   7.3333333333333341E-03 -1.6305555555555556E-02
   8.0555555555555554E-03 -1.6805555555555556E-02
   8.7500000000000008E-03 -1.7222222222222222E-02
   9.4722222222222222E-03 -1.7416666666666667E-02
   1.0000000000000000E-02 -1.7777777777777778E-02
   1.0444444444444444E-02 -1.8222222222222223E-02
   1.1083333333333334E-02 -1.8277777777777778E-02
   1.1833333333333333E-02 -1.8500000000000003E-02
   1.2722222222222223E-02 -1.8611111111111113E-02
   1.3333333333333332E-02 -1.8611111111111113E-02
   1.3888888888888888E-02 -1.8500000000000003E-02
   1.4388888888888889E-02 -1.8416666666666668E-02
   1.5083333333333334E-02 -1.8361111111111113E-02
   1.5750000000000000E-02 -1.8611111111111113E-02
   1.6305555555555556E-02 -1.8916666666666668E-02
   1.6833333333333332E-02 -1.9222222222222220E-02
   1.7472222222222222E-02 -1.9416666666666665E-02
   1.8444444444444444E-02 -1.8722222222222223E-02
   1.9277777777777776E-02 -1.8638888888888889E-02
   2.0111111111111111E-02 -1.8638888888888889E-02
   2.1055555555555557E-02 -1.8638888888888889E-02
   2.1722222222222223E-02 -1.8666666666666668E-02
   2.1916666666666668E-02 -1.8861111111111113E-02
   2.2277777777777778E-02 -1.9250000000000000E-02
   2.2749999999999999E-02 -1.9555555555555555E-02
   2.3305555555555555E-02 -1.9722222222222221E-02
   2.3666666666666666E-02 -2.0666666666666667E-02
   2.4333333333333332E-02 -2.0972222222222222E-02
   2.5305555555555557E-02 -2.0972222222222222E-02
   2.6083333333333333E-02 -2.1305555555555557E-02
   2.6888888888888889E-02 -2.1638888888888888E-02
   2.7944444444444445E-02 -2.1777777777777778E-02
   2.8972222222222219E-02 -2.1805555555555557E-02
   2.9555555555555557E-02 -2.1861111111111112E-02
   3.0194444444444444E-02 -2.1972222222222223E-02
   3.0861111111111110E-02 -2.2194444444444447E-02
   3.1972222222222221E-02 -2.2472222222222223E-02
   3.3000000000000002E-02 -2.2611111111111110E-02
   3.3861111111111113E-02 -2.2638888888888889E-02
   3.4694444444444444E-02 -2.2805555555555555E-02
   3.5638888888888887E-02 -2.3000000000000000E-02
   3.6138888888888887E-02 -2.3083333333333331E-02
   3.7111111111111116E-02 -2.3083333333333331E-02
   3.7888888888888889E-02 -2.3277777777777776E-02
   3.8388888888888889E-02 -2.3444444444444445E-02
   3.8722222222222227E-02 -2.3638888888888890E-02
   3.9166666666666662E-02 -2.3972222222222221E-02
   3.9583333333333331E-02 -2.3916666666666666E-02
   4.0333333333333332E-02 -2.3916666666666666E-02
   4.1138888888888885E-02 -2.3916666666666666E-02
   4.1972222222222223E-02 -2.4138888888888890E-02
   4.2805555555555555E-02 -2.4500000000000001E-02
   4.3305555555555562E-02 -2.4833333333333332E-02
   4.3888888888888894E-02 -2.5138888888888891E-02
   4.4666666666666667E-02 -2.5222222222222222E-02
   4.5138888888888888E-02 -2.5083333333333332E-02
   4.5416666666666668E-02 -2.4916666666666667E-02
   4.6333333333333337E-02 -2.5027777777777777E-02
   4.7222222222222221E-02 -2.5277777777777777E-02
   4.8083333333333332E-02 -2.5694444444444447E-02
   4.8416666666666663E-02 -2.5972222222222223E-02
   4.8833333333333333E-02 -2.6055555555555554E-02
   4.9500000000000002E-02 -2.5861111111111112E-02
   5.0194444444444444E-02 -2.5833333333333333E-02
   5.0777777777777776E-02 -2.5833333333333333E-02
   5.1916666666666667E-02 -2.6111111111111109E-02
   5.2749999999999998E-02 -2.6361111111111109E-02
   5.3638888888888889E-02 -2.6472222222222220E-02
   5.4416666666666669E-02 -2.6444444444444444E-02
   5.5055555555555552E-02 -2.6361111111111109E-02
   5.6222222222222222E-02 -2.6361111111111109E-02
   5.7527777777777782E-02 -2.7333333333333334E-02
   5.7861111111111113E-02 -2.8166666666666666E-02
   5.9027777777777776E-02 -2.8472222222222218E-02
   5.9944444444444439E-02 -2.8611111111111111E-02
   6.0555555555555557E-02 -2.8638888888888887E-02
   6.2111111111111103E-02 -2.8694444444444443E-02
   6.3416666666666663E-02 -2.8527777777777777E-02
   6.4638888888888885E-02 -2.8638888888888887E-02
   6.5722222222222224E-02 -2.9027777777777777E-02
   6.6416666666666666E-02 -2.9472222222222219E-02
   6.7305555555555563E-02 -2.9611111111111112E-02
   6.8638888888888888E-02 -2.9611111111111112E-02
   7.0222222222222228E-02 -2.9722222222222223E-02
   7.1027777777777773E-02 -3.0055555555555558E-02
   7.1555555555555553E-02 -3.0722222222222224E-02
   7.2555555555555554E-02 -3.1861111111111111E-02
   7.3166666666666658E-02 -3.2444444444444442E-02
   7.3888888888888893E-02 -3.2527777777777780E-02
   7.4611111111111114E-02 -3.1527777777777780E-02
   7.5277777777777777E-02 -3.1416666666666669E-02
   7.5805555555555557E-02 -3.1444444444444448E-02
   7.6555555555555557E-02 -3.1583333333333331E-02
   7.7777777777777779E-02 -3.1527777777777780E-02
   7.8666666666666663E-02 -3.1444444444444448E-02
   7.9416666666666663E-02 -3.1972222222222221E-02
   8.0583333333333326E-02 -3.2222222222222222E-02
   8.1166666666666665E-02 -3.2000000000000001E-02
   8.1555555555555548E-02 -3.1861111111111111E-02
   8.2833333333333342E-02 -3.1916666666666670E-02
   8.4222222222222226E-02 -3.2333333333333332E-02
   8.5805555555555552E-02 -3.3055555555555553E-02
   8.6499999999999994E-02 -3.3055555555555553E-02
   8.6527777777777787E-02 -3.2583333333333332E-02
   8.7111111111111111E-02 -3.2583333333333332E-02
   8.8722222222222216E-02 -3.3027777777777781E-02
   8.9833333333333334E-02 -3.3083333333333333E-02
   9.0777777777777777E-02 -3.2750000000000001E-02
   9.1083333333333336E-02 -3.2500000000000001E-02
   9.1777777777777778E-02 -3.3055555555555553E-02
   9.3083333333333337E-02 -3.3305555555555560E-02
   9.3972222222222221E-02 -3.3277777777777774E-02
   9.4277777777777780E-02 -3.3166666666666664E-02
   9.4777777777777780E-02 -3.3250000000000002E-02
   9.5138888888888884E-02 -3.3361111111111112E-02
   9.5777777777777781E-02 -3.3361111111111112E-02
   9.6416666666666664E-02 -3.3361111111111112E-02
   9.6833333333333327E-02 -3.3722222222222223E-02
   9.7805555555555548E-02 -3.3916666666666671E-02
   9.8472222222222225E-02 -3.3916666666666671E-02
   9.9138888888888888E-02 -3.4027777777777782E-02
   9.9583333333333329E-02 -3.4166666666666665E-02
   0.1003611111111111     -3.4416666666666665E-02
   0.1016388888888889     -3.4416666666666665E-02
   0.1023888888888889     -3.4388888888888886E-02
   0.1033333333333333     -3.4833333333333334E-02
   0.1043611111111111     -3.5138888888888893E-02
   0.1051666666666667     -3.5027777777777783E-02
   0.1058888888888889     -3.5000000000000003E-02
   0.1064722222222222     -3.5305555555555555E-02
   0.1076666666666667     -3.5722222222222225E-02
   0.1089722222222222     -3.5777777777777776E-02
   0.1096666666666667     -3.5722222222222225E-02
   0.1104722222222222     -3.5722222222222225E-02
   0.1110555555555556     -3.6027777777777777E-02
   0.1120833333333333     -3.6027777777777777E-02
   0.1125277777777778     -3.5972222222222218E-02
   0.1131388888888889     -3.6138888888888887E-02
   0.1141111111111111     -3.6388888888888887E-02
   0.1155833333333333     -3.6666666666666667E-02
   0.1172222222222222     -3.6638888888888888E-02
   0.1180833333333333     -3.6583333333333329E-02
