   1.0083333333333333E-02  2.0583333333333332E-02
   9.8333333333333328E-03  2.0638888888888887E-02
   9.2500000000000013E-03  2.0944444444444446E-02
   8.7500000000000008E-03  2.1166666666666667E-02
   8.1111111111111106E-03  2.1333333333333333E-02
   7.5833333333333343E-03  2.1722222222222223E-02
   6.8611111111111112E-03  2.1666666666666667E-02
   6.2500000000000003E-03  2.1361111111111112E-02
   5.7222222222222223E-03  2.1333333333333333E-02
   5.5277777777777782E-03  2.1472222222222222E-02
   5.3333333333333332E-03  2.1777777777777778E-02
   4.6388888888888894E-03  2.2138888888888889E-02
   4.2222222222222218E-03  2.2416666666666668E-02
   3.2222222222222222E-03  2.2500000000000003E-02
   2.6388888888888890E-03  2.2277777777777778E-02
   1.9722222222222220E-03  2.2083333333333333E-02
   1.6388888888888887E-03  2.1777777777777778E-02
   1.4444444444444444E-03  2.1944444444444447E-02
   1.1944444444444444E-03  2.2277777777777778E-02
   1.1666666666666668E-03  2.2666666666666665E-02
   1.1666666666666668E-03  2.3055555555555555E-02
   1.1388888888888889E-03  2.3694444444444445E-02
   1.0277777777777776E-03  2.4305555555555556E-02
   9.4444444444444448E-04  2.4722222222222222E-02
   7.7777777777777784E-04  2.5333333333333333E-02
   4.4444444444444447E-04  2.6000000000000002E-02
   2.7777777777777779E-05  2.6361111111111109E-02
  -7.7777777777777784E-04  2.6777777777777775E-02
  -8.8888888888888893E-04  2.7027777777777776E-02
  -1.5555555555555557E-03  2.7861111111111107E-02
  -1.8333333333333335E-03  2.8583333333333332E-02
  -2.1666666666666666E-03  2.9000000000000001E-02
  -2.5277777777777777E-03  2.9638888888888888E-02
  -2.8055555555555559E-03  2.9777777777777778E-02
  -3.9722222222222216E-03  3.0638888888888889E-02
  -4.1666666666666666E-03  3.0555555555555558E-02
  -4.6111111111111110E-03  3.0444444444444448E-02
  -5.1944444444444442E-03  3.0388888888888892E-02
  -5.9722222222222225E-03  3.0277777777777778E-02
  -6.1666666666666667E-03  3.0277777777777778E-02
  -6.6666666666666662E-03  3.0611111111111113E-02
  -7.5277777777777782E-03  3.0944444444444448E-02
  -8.3055555555555556E-03  3.1000000000000003E-02
  -9.5833333333333326E-03  3.1000000000000003E-02
  -1.0138888888888888E-02  3.0416666666666665E-02
  -1.0527777777777778E-02  3.0222222222222223E-02
  -1.1416666666666665E-02  2.9861111111111109E-02
  -1.1583333333333333E-02  3.0194444444444444E-02
  -1.2333333333333333E-02  3.0916666666666665E-02
  -1.2750000000000001E-02  3.1527777777777780E-02
  -1.3361111111111110E-02  3.1666666666666669E-02
  -1.4194444444444445E-02  3.1527777777777780E-02
  -1.5027777777777779E-02  3.1166666666666662E-02
  -1.5472222222222224E-02  3.0972222222222220E-02
  -1.6138888888888887E-02  3.0916666666666665E-02
  -1.7250000000000001E-02  3.1027777777777779E-02
  -1.8027777777777778E-02  3.1138888888888890E-02
  -1.8472222222222223E-02  3.0694444444444444E-02
  -1.8666666666666668E-02  3.0444444444444448E-02
  -1.8888888888888889E-02  3.0111111111111113E-02
  -1.9000000000000003E-02  2.9249999999999998E-02
  -1.9333333333333331E-02  2.8777777777777777E-02
  -1.9472222222222221E-02  2.8055555555555556E-02
  -2.0055555555555556E-02  2.7638888888888890E-02
  -2.0805555555555556E-02  2.8249999999999997E-02
  -2.1277777777777777E-02  2.7722222222222221E-02
  -2.1527777777777778E-02  2.7194444444444445E-02
  -2.1611111111111112E-02  2.6472222222222220E-02
  -2.1638888888888888E-02  2.5861111111111112E-02
  -2.1583333333333333E-02  2.5111111111111112E-02
  -2.1500000000000002E-02  2.4222222222222221E-02
  -2.1333333333333333E-02  2.3555555555555555E-02
  -2.0888888888888887E-02  2.2888888888888889E-02
  -2.0305555555555556E-02  2.1361111111111112E-02
  -1.9833333333333331E-02  2.0666666666666667E-02
  -1.9277777777777776E-02  2.0083333333333332E-02
  -1.8722222222222223E-02  1.9555555555555555E-02
  -1.8194444444444444E-02  1.9083333333333334E-02
  -1.7694444444444443E-02  1.8472222222222223E-02
  -1.7333333333333333E-02  1.7583333333333333E-02
  -1.6944444444444443E-02  1.6750000000000001E-02
  -1.6638888888888887E-02  1.5833333333333331E-02
  -1.6444444444444442E-02  1.5305555555555557E-02
  -1.6027777777777776E-02  1.4111111111111111E-02
  -1.5916666666666666E-02  1.3638888888888888E-02
  -1.5527777777777779E-02  1.2611111111111111E-02
  -1.5166666666666669E-02  1.2027777777777778E-02
  -1.4750000000000001E-02  1.1666666666666665E-02
  -1.4027777777777778E-02  1.1138888888888889E-02
  -1.3611111111111110E-02  1.0861111111111111E-02
  -1.3500000000000000E-02  1.0472222222222223E-02
  -1.3722222222222222E-02  1.0083333333333333E-02
  -1.4277777777777778E-02  9.3055555555555565E-03
  -1.4666666666666668E-02  8.9166666666666665E-03
  -1.4972222222222224E-02  7.6388888888888895E-03
  -1.5194444444444446E-02  7.1666666666666667E-03
  -1.5361111111111112E-02  6.0277777777777777E-03
  -1.5472222222222224E-02  5.3888888888888892E-03
  -1.5694444444444441E-02  5.2777777777777779E-03
  -1.6138888888888887E-02  4.4722222222222221E-03
  -1.6416666666666666E-02  3.5833333333333333E-03
  -1.6416666666666666E-02  3.0277777777777777E-03
  -1.6916666666666667E-02  2.6944444444444446E-03
  -1.7277777777777777E-02  2.0555555555555553E-03
  -1.7361111111111112E-02  1.2777777777777779E-03
  -1.7333333333333333E-02  5.8333333333333338E-04
  -1.7388888888888888E-02 -2.7777777777777779E-05
  -1.7361111111111112E-02 -1.0000000000000000E-03
  -1.7222222222222222E-02 -1.8333333333333335E-03
  -1.7027777777777777E-02 -2.1944444444444446E-03
  -1.7000000000000001E-02 -2.6111111111111109E-03
  -1.7138888888888888E-02 -3.0277777777777777E-03
  -1.7194444444444443E-02 -3.4722222222222220E-03
  -1.7166666666666667E-02 -4.0000000000000001E-03
  -1.6805555555555556E-02 -4.4722222222222221E-03
  -1.6416666666666666E-02 -4.9166666666666664E-03
  -1.6305555555555556E-02 -5.6111111111111119E-03
  -1.6388888888888887E-02 -6.3611111111111117E-03
  -1.6527777777777777E-02 -7.3333333333333341E-03
  -1.6444444444444442E-02 -8.4166666666666660E-03
  -1.6222222222222221E-02 -9.1111111111111115E-03
  -1.5611111111111112E-02 -9.9722222222222226E-03
  -1.5138888888888889E-02 -1.0583333333333333E-02
  -1.4722222222222223E-02 -1.1055555555555556E-02
  -1.4444444444444446E-02 -1.1361111111111110E-02
  -1.4166666666666668E-02 -1.1833333333333333E-02
  -1.3861111111111111E-02 -1.1972222222222223E-02
  -1.3861111111111111E-02 -1.2527777777777778E-02
  -1.3833333333333333E-02 -1.2944444444444446E-02
  -1.3833333333333333E-02 -1.3777777777777778E-02
  -1.3833333333333333E-02 -1.4555555555555556E-02
  -1.3694444444444445E-02 -1.5055555555555556E-02
  -1.3222222222222222E-02 -1.5583333333333334E-02
  -1.3027777777777777E-02 -1.6027777777777776E-02
  -1.2833333333333334E-02 -1.6583333333333332E-02
  -1.3083333333333332E-02 -1.7138888888888888E-02
  -1.3166666666666667E-02 -1.7444444444444443E-02
  -1.3277777777777777E-02 -1.8694444444444444E-02
  -1.3305555555555555E-02 -1.9666666666666666E-02
  -1.3416666666666667E-02 -2.0305555555555556E-02
  -1.3416666666666667E-02 -2.1166666666666667E-02
  -1.3333333333333332E-02 -2.2194444444444447E-02
  -1.3222222222222222E-02 -2.2861111111111110E-02
  -1.2861111111111111E-02 -2.4027777777777776E-02
  -1.2277777777777778E-02 -2.4555555555555556E-02
  -1.1722222222222222E-02 -2.5083333333333332E-02
  -1.1305555555555555E-02 -2.5444444444444447E-02
  -1.0277777777777778E-02 -2.6583333333333334E-02
  -9.0555555555555563E-03 -2.7027777777777776E-02
  -8.5555555555555558E-03 -2.7611111111111111E-02
  -8.0000000000000002E-03 -2.8249999999999997E-02
  -7.1388888888888891E-03 -2.8583333333333332E-02
  -6.5000000000000006E-03 -2.8444444444444446E-02
  -6.1666666666666667E-03 -2.8305555555555553E-02
  -5.0833333333333329E-03 -2.8611111111111111E-02
  -4.6388888888888894E-03 -2.8916666666666663E-02
  -4.0277777777777777E-03 -2.9361111111111109E-02
  -3.1666666666666666E-03 -3.0111111111111113E-02
  -2.1666666666666666E-03 -3.0388888888888892E-02
  -1.5277777777777779E-03 -3.0388888888888892E-02
  -6.9444444444444447E-04 -3.0388888888888892E-02
  -1.6666666666666666E-04 -3.0722222222222224E-02
   8.8888888888888893E-04 -3.1111111111111114E-02
   1.7777777777777779E-03 -3.1305555555555559E-02
   2.7777777777777779E-03 -3.1555555555555559E-02
   3.8333333333333336E-03 -3.1750000000000000E-02
   4.5277777777777781E-03 -3.0944444444444448E-02
   5.0555555555555553E-03 -2.9638888888888888E-02
   5.3055555555555555E-03 -2.8388888888888891E-02
   5.5555555555555558E-03 -2.7166666666666665E-02
   5.8333333333333327E-03 -2.6000000000000002E-02
   6.1944444444444443E-03 -2.4500000000000001E-02
   6.1666666666666667E-03 -2.3472222222222221E-02
   6.3333333333333332E-03 -2.2055555555555557E-02
   6.4722222222222230E-03 -2.1416666666666667E-02
   6.7499999999999999E-03 -2.0777777777777777E-02
   7.1944444444444443E-03 -2.0194444444444445E-02
   7.5555555555555558E-03 -1.9916666666666666E-02
   8.2777777777777780E-03 -1.8944444444444444E-02
   9.2500000000000013E-03 -1.8833333333333334E-02
   1.0555555555555556E-02 -1.8361111111111113E-02
   1.1055555555555556E-02 -1.8027777777777778E-02
   1.1722222222222222E-02 -1.7500000000000002E-02
   1.2583333333333334E-02 -1.6944444444444443E-02
   1.3027777777777777E-02 -1.6861111111111111E-02
   1.3500000000000000E-02 -1.7916666666666668E-02
   1.4694444444444446E-02 -1.8055555555555557E-02
   1.5472222222222224E-02 -1.8083333333333333E-02
   1.6194444444444442E-02 -1.8138888888888888E-02
   1.7194444444444443E-02 -1.8305555555555558E-02
   1.8333333333333333E-02 -1.8555555555555558E-02
   1.9277777777777776E-02 -1.9055555555555558E-02
   2.0222222222222221E-02 -1.9611111111111110E-02
   2.1361111111111112E-02 -2.0083333333333332E-02
   2.2361111111111113E-02 -2.0472222222222222E-02
   2.3666666666666666E-02 -2.0694444444444446E-02
   2.4805555555555556E-02 -2.0444444444444446E-02
   2.5611111111111112E-02 -2.1027777777777777E-02
   2.6777777777777775E-02 -2.0888888888888887E-02
   2.7333333333333334E-02 -2.0750000000000001E-02
   2.7833333333333335E-02 -2.0638888888888887E-02
   2.8333333333333335E-02 -2.0916666666666667E-02
   2.8722222222222222E-02 -2.1388888888888888E-02
   2.9277777777777778E-02 -2.1722222222222223E-02
   3.0000000000000002E-02 -2.1500000000000002E-02
   3.1222222222222224E-02 -2.1472222222222222E-02
   3.2388888888888884E-02 -2.1555555555555557E-02
   3.3027777777777781E-02 -2.1944444444444447E-02
   3.3666666666666664E-02 -2.2666666666666665E-02
   3.4222222222222223E-02 -2.3388888888888890E-02
   3.4805555555555562E-02 -2.3527777777777776E-02
   3.5611111111111114E-02 -2.3750000000000000E-02
   3.6277777777777777E-02 -2.4055555555555556E-02
   3.7000000000000005E-02 -2.4166666666666666E-02
   3.7666666666666661E-02 -2.4000000000000000E-02
   3.8416666666666668E-02 -2.3555555555555555E-02
   3.9083333333333331E-02 -2.3444444444444445E-02
   3.9972222222222221E-02 -2.3388888888888890E-02
   4.0666666666666663E-02 -2.3500000000000000E-02
   4.1361111111111105E-02 -2.3722222222222221E-02
   4.2194444444444451E-02 -2.4166666666666666E-02
   4.3249999999999997E-02 -2.4500000000000001E-02
   4.4111111111111115E-02 -2.5222222222222222E-02
   4.5027777777777778E-02 -2.6055555555555554E-02
   4.5444444444444447E-02 -2.6499999999999999E-02
   4.6166666666666661E-02 -2.6694444444444444E-02
   4.7083333333333331E-02 -2.6888888888888889E-02
   4.7833333333333332E-02 -2.6916666666666665E-02
   4.9250000000000002E-02 -2.6888888888888889E-02
   4.9444444444444444E-02 -2.6888888888888889E-02
   5.0194444444444444E-02 -2.7138888888888889E-02
   5.1194444444444445E-02 -2.7138888888888889E-02
   5.2083333333333336E-02 -2.7027777777777776E-02
   5.2638888888888888E-02 -2.6749999999999999E-02
   5.3777777777777779E-02 -2.6944444444444444E-02
   5.4138888888888882E-02 -2.6944444444444444E-02
   5.4638888888888890E-02 -2.6749999999999999E-02
   5.5083333333333338E-02 -2.6972222222222220E-02
   5.5777777777777780E-02 -2.6861111111111110E-02
   5.6833333333333326E-02 -2.6472222222222220E-02
   5.8166666666666665E-02 -2.6944444444444444E-02
   5.9166666666666666E-02 -2.7444444444444445E-02
   5.9888888888888894E-02 -2.7861111111111107E-02
   6.0277777777777777E-02 -2.8083333333333332E-02
   6.1000000000000006E-02 -2.8000000000000001E-02
   6.1555555555555558E-02 -2.7750000000000000E-02
   6.2166666666666669E-02 -2.7861111111111107E-02
   6.2694444444444442E-02 -2.8222222222222221E-02
   6.3333333333333339E-02 -2.8805555555555553E-02
   6.4388888888888884E-02 -2.8749999999999998E-02
   6.4944444444444444E-02 -2.8722222222222222E-02
   6.5444444444444444E-02 -2.8944444444444446E-02
   6.6472222222222210E-02 -2.9055555555555557E-02
   6.7638888888888887E-02 -2.9083333333333333E-02
   6.9027777777777771E-02 -3.0000000000000002E-02
   6.9555555555555551E-02 -3.1111111111111114E-02
   7.0138888888888890E-02 -3.1583333333333331E-02
   7.0777777777777773E-02 -3.1527777777777780E-02
   7.1305555555555566E-02 -3.1250000000000000E-02
   7.1694444444444450E-02 -3.1083333333333334E-02
   7.2361111111111112E-02 -3.0888888888888893E-02
   7.3027777777777775E-02 -3.0888888888888893E-02
   7.3638888888888879E-02 -3.1083333333333334E-02
   7.4749999999999997E-02 -3.1138888888888890E-02
   7.5388888888888894E-02 -3.1388888888888883E-02
   7.6277777777777778E-02 -3.1805555555555559E-02
   7.7305555555555558E-02 -3.2388888888888884E-02
   7.8166666666666662E-02 -3.2750000000000001E-02
   7.9277777777777780E-02 -3.3305555555555560E-02
   7.9944444444444443E-02 -3.3361111111111112E-02
   8.0333333333333326E-02 -3.2833333333333332E-02
   8.0611111111111119E-02 -3.2694444444444443E-02
   8.1527777777777782E-02 -3.2166666666666663E-02
   8.2555555555555549E-02 -3.2444444444444442E-02
   8.3194444444444446E-02 -3.2750000000000001E-02
   8.4194444444444447E-02 -3.2805555555555560E-02
   8.5361111111111110E-02 -3.2583333333333332E-02
   8.5888888888888890E-02 -3.2444444444444442E-02
   8.6944444444444435E-02 -3.2222222222222222E-02
   8.8555555555555554E-02 -3.2444444444444442E-02
   8.9555555555555555E-02 -3.2583333333333332E-02
   9.0638888888888880E-02 -3.2722222222222222E-02
   9.1138888888888894E-02 -3.2805555555555560E-02
   9.2583333333333337E-02 -3.3805555555555561E-02
   9.4138888888888897E-02 -3.4055555555555554E-02
   9.6000000000000002E-02 -3.4222222222222223E-02
   9.6944444444444444E-02 -3.4472222222222224E-02
   9.8138888888888887E-02 -3.3722222222222223E-02
   9.9027777777777770E-02 -3.4166666666666665E-02
   0.1002500000000000     -3.4583333333333334E-02
   0.1010833333333333     -3.5027777777777783E-02
   0.1017500000000000     -3.5138888888888893E-02
   0.1024444444444444     -3.5138888888888893E-02
   0.1028333333333333     -3.4861111111111107E-02
   0.1036111111111111     -3.5055555555555555E-02
   0.1043055555555556     -3.4944444444444445E-02
   0.1050277777777778     -3.4638888888888886E-02
   0.1057222222222222     -3.4611111111111113E-02
   0.1063333333333333     -3.4805555555555562E-02
   0.1074444444444444     -3.5250000000000004E-02
   0.1082222222222222     -3.5388888888888886E-02
   0.1095833333333333     -3.5416666666666666E-02
   0.1113333333333333     -3.5694444444444445E-02
   0.1124166666666667     -3.5916666666666666E-02
   0.1137500000000000     -3.6194444444444446E-02
   0.1156944444444444     -3.6638888888888888E-02
   0.1164444444444444     -3.6888888888888888E-02
   0.1173888888888889     -3.7500000000000006E-02
   0.1182222222222222     -3.8055555555555558E-02
   0.1186666666666667     -3.8249999999999999E-02
   0.1193333333333333     -3.7777777777777771E-02
   0.1196388888888889     -3.7555555555555550E-02
   0.1205555555555556     -3.7222222222222226E-02
   0.1215277777777778     -3.7666666666666661E-02
   0.1223611111111111     -3.7888888888888889E-02
   0.1230555555555555     -3.8166666666666668E-02
   0.1237222222222222     -3.8555555555555551E-02
   0.1249166666666667     -3.8583333333333331E-02
   0.1258333333333334     -3.8555555555555551E-02
   0.1267500000000000     -3.8138888888888889E-02
   0.1271666666666667     -3.8027777777777778E-02
   0.1277777777777778     -3.8222222222222220E-02
   0.1282500000000000     -3.8305555555555558E-02
   0.1291111111111111     -3.7916666666666668E-02
   0.1294444444444444     -3.7888888888888889E-02
   0.1301666666666667     -3.8249999999999999E-02
   0.1310833333333333     -3.9361111111111111E-02
   0.1315555555555555     -3.9944444444444442E-02
   0.1321388888888889     -4.0416666666666670E-02
   0.1330833333333333     -4.0694444444444450E-02
   0.1341666666666667     -4.0833333333333333E-02
   0.1345833333333333     -4.1277777777777774E-02
   0.1351666666666667     -4.1583333333333333E-02
   0.1363888888888889     -4.1777777777777775E-02
   0.1374444444444445     -4.1777777777777775E-02
   0.1385833333333333     -4.1750000000000002E-02
   0.1397222222222222     -4.1388888888888892E-02
   0.1406388888888889     -4.1277777777777774E-02
   0.1413055555555555     -4.1444444444444443E-02
   0.1424444444444445     -4.1972222222222223E-02
   0.1439166666666667     -4.2000000000000003E-02
   0.1450833333333333     -4.1555555555555554E-02
   0.1457222222222222     -4.1249999999999995E-02
   0.1459444444444444     -4.1083333333333333E-02
   0.1465277777777778     -4.0888888888888891E-02
   0.1480277777777778     -4.0416666666666670E-02
   0.1490555555555556     -4.0472222222222222E-02
   0.1498611111111111     -4.1027777777777774E-02
   0.1505555555555556     -4.1611111111111113E-02
   0.1515833333333333     -4.2222222222222223E-02
   0.1527777777777778     -4.2333333333333334E-02
   0.1531944444444444     -4.2361111111111106E-02
   0.1536388888888889     -4.2527777777777782E-02
   0.1541111111111111     -4.2916666666666665E-02
   0.1545555555555556     -4.3361111111111107E-02
   0.1552777777777778     -4.3749999999999997E-02
   0.1558888888888889     -4.4083333333333335E-02
   0.1574166666666666     -4.4000000000000004E-02
   0.1582500000000000     -4.3777777777777777E-02
   0.1588333333333333     -4.3361111111111107E-02
   0.1599722222222222     -4.2972222222222224E-02
   0.1609722222222222     -4.3055555555555555E-02
   0.1626666666666667     -4.2916666666666665E-02
   0.1634166666666667     -4.2805555555555555E-02
   0.1651111111111111     -4.3388888888888894E-02
   0.1663611111111111     -4.3472222222222218E-02
   0.1678333333333333     -4.3666666666666666E-02
   0.1693333333333333     -4.3361111111111107E-02
   0.1700277777777778     -4.3472222222222218E-02
   0.1712222222222222     -4.3777777777777777E-02
   0.1726666666666667     -4.3611111111111107E-02
   0.1736111111111111     -4.3444444444444445E-02
   0.1758055555555555     -4.4055555555555549E-02
   0.1762222222222222     -4.4111111111111115E-02
   0.1769444444444445     -4.4777777777777777E-02
   0.1778333333333333     -4.5000000000000005E-02
   0.1794722222222222     -4.4777777777777777E-02
   0.1800277777777778     -4.4666666666666667E-02
   0.1804722222222222     -4.4583333333333336E-02
   0.1812777777777778     -4.4444444444444446E-02
   0.1830555555555556     -4.4583333333333336E-02
   0.1840277777777778     -4.4944444444444440E-02
   0.1843611111111111     -4.5361111111111109E-02
   0.1848333333333333     -4.5805555555555558E-02
   0.1854444444444444     -4.6111111111111117E-02
   0.1863333333333334     -4.6305555555555558E-02
   0.1873611111111111     -4.6083333333333337E-02
   0.1879722222222222     -4.5777777777777778E-02
   0.1890555555555556     -4.5555555555555557E-02
   0.1898055555555556     -4.5555555555555557E-02
   0.1914444444444444     -4.5833333333333330E-02
   0.1931111111111111     -4.5861111111111109E-02
   0.1943611111111111     -4.5861111111111109E-02
   0.1958888888888889     -4.5861111111111109E-02
   0.1967777777777778     -4.5805555555555558E-02
   0.1981666666666667     -4.5861111111111109E-02
   0.2000277777777778     -4.6111111111111117E-02
   0.2011666666666667     -4.6194444444444448E-02
   0.2028888888888889     -4.6361111111111110E-02
   0.2040277777777778     -4.6611111111111110E-02
   0.2056111111111111     -4.6944444444444441E-02
   0.2063333333333333     -4.6888888888888890E-02
   0.2076944444444445     -4.6888888888888890E-02
   0.2091388888888889     -4.7055555555555552E-02
   0.2109444444444445     -4.7361111111111111E-02
   0.2121944444444445     -4.7527777777777773E-02
   0.2129722222222222     -4.7694444444444449E-02
   0.2149444444444444     -4.7861111111111104E-02
   0.2156666666666667     -4.7694444444444449E-02
   0.2167777777777778     -4.7722222222222221E-02
   0.2185555555555556     -4.8000000000000001E-02
   0.2205277777777778     -4.8222222222222222E-02
   0.2231111111111111     -4.8472222222222222E-02
   0.2257777777777778     -4.8500000000000001E-02
   0.2266666666666667     -4.8472222222222222E-02
   0.2279722222222222     -4.8611111111111112E-02
   0.2290277777777777     -4.9138888888888892E-02
   0.2302500000000000     -4.8972222222222223E-02
   0.2313888888888889     -4.9583333333333340E-02
   0.2320833333333333     -4.9472222222222223E-02
   0.2334166666666667     -4.9638888888888885E-02
   0.2346111111111111     -4.9749999999999996E-02
   0.2362222222222222     -4.9222222222222223E-02
   0.2382222222222222     -4.9166666666666664E-02
   0.2398611111111111     -4.9250000000000002E-02
   0.2410555555555556     -4.9527777777777775E-02
   0.2425277777777778     -5.0694444444444445E-02
   0.2435000000000000     -5.0611111111111114E-02
   0.2449166666666667     -5.0500000000000003E-02
   0.2462777777777778     -5.0555555555555548E-02
   0.2483055555555556     -5.0694444444444445E-02
   0.2500833333333333     -5.0749999999999997E-02
   0.2515555555555555     -5.0972222222222224E-02
   0.2528888888888889     -5.0638888888888886E-02
   0.2537500000000000     -5.0583333333333334E-02
   0.2556111111111111     -5.0694444444444445E-02
   0.2574722222222222     -5.0833333333333335E-02
   0.2596944444444444     -5.1749999999999997E-02
   0.2611111111111111     -5.1722222222222225E-02
   0.2627500000000000     -5.1972222222222225E-02
   0.2647222222222222     -5.2194444444444446E-02
   0.2666111111111111     -5.2388888888888895E-02
   0.2690277777777778     -5.2527777777777777E-02
   0.2699444444444444     -5.1972222222222225E-02
   0.2716388888888889     -5.2444444444444439E-02
   0.2721666666666667     -5.2194444444444446E-02
   0.2732777777777777     -5.2166666666666667E-02
   0.2749166666666667     -5.3027777777777778E-02
   0.2754722222222222     -5.3972222222222227E-02
   0.2769166666666666     -5.3388888888888895E-02
   0.2773888888888889     -5.3111111111111109E-02
