   4.9111111111111112E-02  3.8583333333333331E-02
   4.8472222222222222E-02  3.8472222222222220E-02
   4.8000000000000001E-02  3.8333333333333330E-02
   4.7444444444444442E-02  3.8055555555555558E-02
   4.7055555555555552E-02  3.7944444444444447E-02
   4.6249999999999999E-02  3.7749999999999999E-02
   4.5611111111111109E-02  3.7638888888888888E-02
   4.4833333333333329E-02  3.7583333333333330E-02
   4.4194444444444446E-02  3.7555555555555550E-02
   4.3666666666666666E-02  3.7416666666666668E-02
   4.3277777777777776E-02  3.7305555555555557E-02
   4.2944444444444445E-02  3.7027777777777778E-02
   4.2416666666666672E-02  3.6916666666666667E-02
   4.1916666666666665E-02  3.6722222222222226E-02
   4.1666666666666664E-02  3.6472222222222218E-02
   4.1388888888888892E-02  3.6249999999999998E-02
   4.1027777777777774E-02  3.6027777777777777E-02
   4.0527777777777781E-02  3.5805555555555556E-02
   3.9972222222222221E-02  3.5555555555555556E-02
   3.9083333333333331E-02  3.5194444444444445E-02
   3.8472222222222220E-02  3.4972222222222217E-02
   3.8055555555555558E-02  3.4861111111111107E-02
   3.6777777777777777E-02  3.4611111111111113E-02
   3.6249999999999998E-02  3.4833333333333334E-02
   3.5694444444444445E-02  3.4888888888888886E-02
   3.4861111111111107E-02  3.4527777777777775E-02
   3.4277777777777775E-02  3.4361111111111113E-02
   3.3583333333333333E-02  3.4166666666666665E-02
   3.3027777777777781E-02  3.3916666666666671E-02
   3.2722222222222222E-02  3.3805555555555561E-02
   3.1777777777777773E-02  3.3472222222222223E-02
   3.1444444444444448E-02  3.3361111111111112E-02
   3.0722222222222224E-02  3.2555555555555553E-02
   3.0444444444444448E-02  3.2500000000000001E-02
   2.9805555555555554E-02  3.2361111111111111E-02
   2.9388888888888891E-02  3.2083333333333332E-02
   2.9027777777777777E-02  3.1833333333333332E-02
   2.8333333333333335E-02  3.1416666666666669E-02
   2.7611111111111111E-02  3.1055555555555552E-02
   2.6805555555555555E-02  3.0666666666666668E-02
   2.6083333333333333E-02  3.0333333333333337E-02
   2.5277777777777777E-02  3.0222222222222223E-02
   2.4861111111111112E-02  3.0194444444444444E-02
   2.4277777777777777E-02  3.0194444444444444E-02
   2.3888888888888890E-02  3.0111111111111113E-02
   2.3527777777777776E-02  2.9805555555555554E-02
   2.3055555555555555E-02  2.9166666666666667E-02
   2.2777777777777775E-02  2.8972222222222219E-02
   2.2083333333333333E-02  2.8666666666666667E-02
   2.1333333333333333E-02  2.8416666666666663E-02
   2.0472222222222222E-02  2.8249999999999997E-02
   2.0027777777777776E-02  2.8388888888888891E-02
   1.9388888888888886E-02  2.8694444444444443E-02
   1.8833333333333334E-02  2.8361111111111108E-02
   1.8333333333333333E-02  2.7972222222222218E-02
   1.7833333333333333E-02  2.7611111111111111E-02
   1.7166666666666667E-02  2.7027777777777776E-02
   1.6555555555555556E-02  2.6555555555555554E-02
   1.5750000000000000E-02  2.6194444444444444E-02
   1.5083333333333334E-02  2.5916666666666668E-02
   1.4416666666666668E-02  2.5527777777777778E-02
   1.4111111111111111E-02  2.5305555555555557E-02
   1.2861111111111111E-02  2.4861111111111112E-02
   1.2583333333333334E-02  2.4722222222222222E-02
   1.1527777777777777E-02  2.4361111111111111E-02
   1.0750000000000001E-02  2.4194444444444446E-02
   9.4722222222222222E-03  2.4055555555555556E-02
   8.9444444444444441E-03  2.3916666666666666E-02
   8.7222222222222215E-03  2.3777777777777776E-02
   8.0555555555555554E-03  2.3416666666666665E-02
   7.3611111111111117E-03  2.2694444444444444E-02
   6.9444444444444441E-03  2.2444444444444447E-02
   6.3611111111111117E-03  2.1861111111111112E-02
   5.8611111111111112E-03  2.1305555555555557E-02
   5.6666666666666662E-03  2.1055555555555557E-02
   5.1388888888888890E-03  2.0638888888888887E-02
   4.6388888888888894E-03  2.0444444444444446E-02
   4.0277777777777777E-03  2.0194444444444445E-02
   3.4166666666666668E-03  1.9861111111111111E-02
   2.8611111111111111E-03  1.9694444444444445E-02
   2.4166666666666664E-03  1.9472222222222221E-02
   1.8333333333333335E-03  1.9305555555555555E-02
   1.5555555555555557E-03  1.9194444444444445E-02
   1.3055555555555555E-03  1.9083333333333334E-02
   6.9444444444444447E-04  1.8805555555555558E-02
   3.6111111111111109E-04  1.8250000000000002E-02
  -1.3888888888888889E-04  1.7666666666666667E-02
  -5.8333333333333338E-04  1.7166666666666667E-02
  -9.4444444444444448E-04  1.6638888888888887E-02
  -1.5000000000000000E-03  1.5861111111111111E-02
  -2.0000000000000000E-03  1.5111111111111112E-02
  -2.2777777777777779E-03  1.4027777777777778E-02
  -2.7222222222222222E-03  1.2888888888888889E-02
  -3.0000000000000001E-03  1.2444444444444445E-02
  -3.1944444444444446E-03  1.1777777777777778E-02
  -3.4166666666666668E-03  1.1250000000000001E-02
  -3.7222222222222223E-03  1.0611111111111111E-02
  -4.0277777777777777E-03  1.0027777777777778E-02
  -4.4722222222222221E-03  9.4166666666666669E-03
  -4.8333333333333327E-03  8.7777777777777784E-03
  -5.0555555555555553E-03  7.9166666666666656E-03
  -5.2777777777777779E-03  7.0277777777777778E-03
  -5.4166666666666669E-03  6.1944444444444443E-03
  -5.4444444444444445E-03  5.5000000000000005E-03
  -5.5555555555555558E-03  4.7222222222222223E-03
  -5.6944444444444438E-03  4.1111111111111105E-03
  -5.8888888888888888E-03  3.1111111111111114E-03
  -6.0000000000000001E-03  2.1666666666666666E-03
  -6.0555555555555553E-03  6.9444444444444447E-04
  -6.1666666666666667E-03 -5.2777777777777773E-04
  -6.0555555555555553E-03 -1.5555555555555557E-03
  -5.9166666666666664E-03 -2.5277777777777777E-03
  -5.8888888888888888E-03 -3.3333333333333331E-03
  -5.7222222222222223E-03 -4.7777777777777775E-03
  -5.5000000000000005E-03 -5.8611111111111112E-03
  -5.1666666666666666E-03 -6.7777777777777775E-03
  -5.0277777777777777E-03 -7.6111111111111119E-03
  -4.8055555555555551E-03 -7.6388888888888895E-03
  -4.1944444444444442E-03 -8.5833333333333334E-03
  -3.7500000000000003E-03 -9.4722222222222222E-03
  -3.0277777777777777E-03 -1.0305555555555556E-02
  -2.3055555555555555E-03 -1.0944444444444444E-02
  -1.4166666666666666E-03 -1.1611111111111110E-02
   2.2222222222222223E-04 -1.1750000000000000E-02
   1.3333333333333333E-03 -1.2305555555555556E-02
   2.2500000000000003E-03 -1.2694444444444446E-02
   2.7777777777777779E-03 -1.2972222222222224E-02
   3.5000000000000001E-03 -1.3277777777777777E-02
   4.5000000000000005E-03 -1.3805555555555555E-02
   4.9444444444444440E-03 -1.4500000000000001E-02
   5.2500000000000003E-03 -1.4638888888888889E-02
   6.0833333333333330E-03 -1.4972222222222224E-02
   6.5555555555555549E-03 -1.5416666666666669E-02
   6.8333333333333336E-03 -1.5805555555555555E-02
   7.5000000000000006E-03 -1.5944444444444442E-02
   8.1111111111111106E-03 -1.5916666666666666E-02
   8.7222222222222215E-03 -1.6166666666666666E-02
   9.2777777777777789E-03 -1.6166666666666666E-02
   1.0138888888888888E-02 -1.6333333333333332E-02
   1.0805555555555556E-02 -1.6444444444444442E-02
   1.1361111111111110E-02 -1.6666666666666666E-02
   1.1861111111111110E-02 -1.7222222222222222E-02
   1.2444444444444445E-02 -1.7500000000000002E-02
   1.3083333333333332E-02 -1.7527777777777778E-02
   1.3916666666666667E-02 -1.7500000000000002E-02
   1.4583333333333334E-02 -1.7666666666666667E-02
   1.5194444444444446E-02 -1.7777777777777778E-02
   1.5777777777777776E-02 -1.7722222222222223E-02
   1.6361111111111111E-02 -1.7777777777777778E-02
   1.6888888888888887E-02 -1.8194444444444444E-02
   1.7222222222222222E-02 -1.8750000000000003E-02
   1.7583333333333333E-02 -1.9166666666666665E-02
   1.8000000000000002E-02 -1.9500000000000000E-02
   1.8250000000000002E-02 -1.9472222222222221E-02
   1.9250000000000000E-02 -1.9444444444444445E-02
   2.0138888888888887E-02 -1.9416666666666665E-02
   2.0750000000000001E-02 -1.9416666666666665E-02
   2.1055555555555557E-02 -1.9611111111111110E-02
   2.1361111111111112E-02 -1.9555555555555555E-02
   2.1944444444444447E-02 -1.9444444444444445E-02
   2.3138888888888889E-02 -1.9694444444444445E-02
   2.4222222222222221E-02 -1.9916666666666666E-02
   2.4611111111111111E-02 -2.0083333333333332E-02
   2.5305555555555557E-02 -2.0277777777777777E-02
   2.6277777777777775E-02 -2.0333333333333332E-02
   2.6944444444444444E-02 -2.0500000000000001E-02
   2.8000000000000001E-02 -2.1194444444444446E-02
   2.8222222222222221E-02 -2.1472222222222222E-02
   2.8500000000000001E-02 -2.1611111111111112E-02
   2.9500000000000002E-02 -2.1944444444444447E-02
   3.0194444444444444E-02 -2.2250000000000002E-02
   3.0916666666666665E-02 -2.2416666666666668E-02
   3.2222222222222222E-02 -2.2416666666666668E-02
   3.2694444444444443E-02 -2.2638888888888889E-02
   3.3027777777777781E-02 -2.2888888888888889E-02
   3.3888888888888885E-02 -2.3250000000000000E-02
   3.4444444444444444E-02 -2.3361111111111110E-02
   3.4888888888888886E-02 -2.3472222222222221E-02
   3.6027777777777777E-02 -2.3638888888888890E-02
   3.6361111111111108E-02 -2.3611111111111110E-02
   3.7861111111111109E-02 -2.3583333333333331E-02
   3.8444444444444441E-02 -2.3777777777777776E-02
   3.9472222222222221E-02 -2.3722222222222221E-02
   4.0444444444444443E-02 -2.3694444444444445E-02
   4.1111111111111112E-02 -2.3805555555555555E-02
   4.1666666666666664E-02 -2.4083333333333332E-02
   4.1888888888888892E-02 -2.4305555555555556E-02
   4.2500000000000003E-02 -2.4611111111111111E-02
   4.3111111111111114E-02 -2.4888888888888891E-02
   4.3611111111111107E-02 -2.5027777777777777E-02
   4.3972222222222218E-02 -2.5027777777777777E-02
   4.4777777777777777E-02 -2.5250000000000002E-02
   4.5277777777777778E-02 -2.5250000000000002E-02
   4.6277777777777779E-02 -2.5333333333333333E-02
   4.7194444444444442E-02 -2.5638888888888892E-02
   4.7500000000000001E-02 -2.5805555555555557E-02
   4.8111111111111111E-02 -2.6249999999999999E-02
   4.8638888888888884E-02 -2.6416666666666665E-02
   4.9416666666666664E-02 -2.6583333333333334E-02
   5.0416666666666665E-02 -2.6666666666666665E-02
   5.1111111111111107E-02 -2.6861111111111110E-02
   5.1805555555555556E-02 -2.6972222222222220E-02
   5.2944444444444447E-02 -2.7027777777777776E-02
   5.3222222222222219E-02 -2.7000000000000000E-02
   5.3999999999999999E-02 -2.7027777777777776E-02
   5.4750000000000000E-02 -2.7194444444444445E-02
   5.4916666666666662E-02 -2.7388888888888890E-02
   5.5555555555555552E-02 -2.7500000000000000E-02
   5.6611111111111105E-02 -2.7833333333333335E-02
   5.7138888888888885E-02 -2.7972222222222218E-02
   5.7805555555555554E-02 -2.8111111111111111E-02
   5.8694444444444445E-02 -2.8249999999999997E-02
   5.9222222222222225E-02 -2.8361111111111108E-02
   6.0305555555555550E-02 -2.8527777777777777E-02
   6.1055555555555557E-02 -2.8583333333333332E-02
   6.2027777777777779E-02 -2.8694444444444443E-02
   6.2527777777777779E-02 -2.8777777777777777E-02
   6.2888888888888897E-02 -2.8861111111111108E-02
   6.3638888888888884E-02 -2.8861111111111108E-02
   6.4055555555555560E-02 -2.9027777777777777E-02
   6.4833333333333340E-02 -2.9277777777777778E-02
   6.5083333333333326E-02 -2.9361111111111109E-02
   6.5861111111111106E-02 -2.9500000000000002E-02
   6.7249999999999990E-02 -2.9694444444444443E-02
   6.8361111111111109E-02 -2.9805555555555554E-02
   6.9249999999999992E-02 -3.0000000000000002E-02
   7.0444444444444448E-02 -3.0055555555555558E-02
   7.0611111111111111E-02 -3.0083333333333333E-02
   7.1222222222222228E-02 -3.0166666666666668E-02
   7.1527777777777787E-02 -3.0194444444444444E-02
   7.2000000000000008E-02 -2.9722222222222223E-02
   7.2916666666666671E-02 -2.9777777777777778E-02
   7.3833333333333334E-02 -2.9944444444444447E-02
   7.4305555555555555E-02 -2.9916666666666664E-02
   7.5638888888888881E-02 -3.0166666666666668E-02
   7.6722222222222219E-02 -3.0555555555555558E-02
   7.7722222222222220E-02 -3.1194444444444445E-02
   7.8138888888888883E-02 -3.1250000000000000E-02
   7.8805555555555545E-02 -3.1305555555555559E-02
   7.9500000000000001E-02 -3.1361111111111110E-02
   7.9972222222222222E-02 -3.1444444444444448E-02
   8.0722222222222223E-02 -3.1527777777777780E-02
   8.1638888888888886E-02 -3.1611111111111111E-02
   8.3083333333333342E-02 -3.1777777777777773E-02
   8.4333333333333330E-02 -3.2000000000000001E-02
   8.4777777777777785E-02 -3.2138888888888890E-02
   8.5499999999999993E-02 -3.2305555555555560E-02
   8.6138888888888890E-02 -3.2388888888888884E-02
   8.7000000000000008E-02 -3.2333333333333332E-02
   8.7527777777777774E-02 -3.2361111111111111E-02
   8.8000000000000009E-02 -3.2472222222222222E-02
   8.9111111111111113E-02 -3.2638888888888891E-02
   9.0055555555555555E-02 -3.2694444444444443E-02
   9.0916666666666673E-02 -3.2666666666666663E-02
   9.2138888888888895E-02 -3.2666666666666663E-02
   9.2861111111111116E-02 -3.2722222222222222E-02
   9.3416666666666662E-02 -3.2916666666666670E-02
   9.4111111111111104E-02 -3.3166666666666664E-02
   9.4722222222222222E-02 -3.3361111111111112E-02
   9.5416666666666664E-02 -3.3500000000000002E-02
   9.6194444444444444E-02 -3.3583333333333333E-02
   9.7111111111111106E-02 -3.3666666666666664E-02
   9.7861111111111121E-02 -3.3777777777777775E-02
   9.8944444444444446E-02 -3.3916666666666671E-02
   9.9638888888888888E-02 -3.3722222222222223E-02
   0.1006388888888889     -3.3611111111111112E-02
   0.1014444444444444     -3.3666666666666664E-02
   0.1024444444444444     -3.3777777777777775E-02
   0.1033333333333333     -3.3944444444444444E-02
   0.1043333333333333     -3.4055555555555554E-02
   0.1050277777777778     -3.4277777777777775E-02
   0.1057222222222222     -3.5250000000000004E-02
   0.1063888888888889     -3.5388888888888886E-02
   0.1070555555555556     -3.5472222222222224E-02
   0.1078055555555556     -3.5583333333333335E-02
   0.1085555555555556     -3.5666666666666666E-02
   0.1101111111111111     -3.6000000000000004E-02
   0.1110555555555556     -3.6138888888888887E-02
   0.1124722222222222     -3.6194444444444446E-02
   0.1131388888888889     -3.6305555555555556E-02
   0.1142777777777778     -3.6500000000000005E-02
   0.1149722222222222     -3.6611111111111115E-02
   0.1159166666666667     -3.6722222222222226E-02
   0.1166666666666667     -3.6833333333333336E-02
   0.1173333333333333     -3.6944444444444446E-02
   0.1180833333333333     -3.7000000000000005E-02
   0.1190000000000000     -3.7138888888888888E-02
   0.1198888888888889     -3.7138888888888888E-02
   0.1209166666666667     -3.7166666666666667E-02
   0.1219166666666667     -3.7277777777777778E-02
   0.1230555555555555     -3.7388888888888888E-02
   0.1242777777777778     -3.7611111111111116E-02
   0.1251944444444444     -3.7694444444444447E-02
   0.1270833333333333     -3.8055555555555558E-02
   0.1277777777777778     -3.8138888888888889E-02
   0.1283333333333333     -3.8277777777777779E-02
   0.1291944444444444     -3.8361111111111110E-02
   0.1301388888888889     -3.8500000000000006E-02
   0.1310277777777778     -3.8555555555555551E-02
   0.1312500000000000     -3.8611111111111117E-02
   0.1329444444444444     -3.8916666666666669E-02
   0.1337500000000000     -3.9027777777777779E-02
   0.1348888888888889     -3.9194444444444448E-02
   0.1357777777777778     -3.9250000000000000E-02
   0.1366666666666667     -3.9277777777777773E-02
   0.1374722222222222     -3.9361111111111111E-02
   0.1382777777777778     -3.9416666666666669E-02
   0.1395555555555555     -3.9638888888888890E-02
   0.1403611111111111     -3.9777777777777773E-02
   0.1413611111111111     -4.0027777777777780E-02
   0.1417777777777778     -4.0194444444444449E-02
   0.1428055555555555     -4.0388888888888891E-02
   0.1436111111111111     -4.0500000000000001E-02
   0.1441944444444444     -4.0500000000000001E-02
   0.1452500000000000     -4.0555555555555553E-02
   0.1464166666666667     -4.0694444444444450E-02
   0.1469166666666667     -4.0833333333333333E-02
   0.1477777777777778     -4.0944444444444443E-02
   0.1486944444444444     -4.1055555555555553E-02
   0.1498333333333333     -4.1083333333333333E-02
   0.1506388888888889     -4.1166666666666664E-02
   0.1510833333333333     -4.1249999999999995E-02
   0.1516666666666667     -4.1305555555555561E-02
   0.1528888888888889     -4.1472222222222216E-02
   0.1536111111111111     -4.1611111111111113E-02
   0.1545833333333333     -4.1916666666666665E-02
   0.1553055555555556     -4.2111111111111113E-02
   0.1564722222222222     -4.2944444444444445E-02
   0.1575555555555556     -4.2972222222222224E-02
   0.1585277777777778     -4.3000000000000003E-02
   0.1597222222222222     -4.3138888888888886E-02
   0.1613055555555556     -4.2583333333333334E-02
   0.1624166666666667     -4.2805555555555555E-02
   0.1630833333333334     -4.2944444444444445E-02
   0.1640833333333333     -4.2944444444444445E-02
   0.1656666666666667     -4.3000000000000003E-02
   0.1670833333333333     -4.3027777777777776E-02
   0.1678611111111111     -4.3027777777777776E-02
   0.1684166666666667     -4.3027777777777776E-02
   0.1694444444444444     -4.3138888888888886E-02
   0.1706111111111111     -4.3444444444444445E-02
   0.1715555555555556     -4.3555555555555556E-02
   0.1727222222222222     -4.4138888888888887E-02
   0.1746666666666667     -4.4222222222222225E-02
   0.1757500000000000     -4.4249999999999998E-02
   0.1767500000000000     -4.4333333333333336E-02
   0.1776944444444445     -4.4111111111111115E-02
   0.1785555555555556     -4.4083333333333335E-02
